67116
44418
91288
89023
83653
22452
91894
29244
74322
958
20356
99644
98600
11961
98029
56326
12150
45549
67672
12057
66673
654
41480
39641
30437
64382
32225
32350
39767
58634
85773
21453
93469
56975
17521
12145
5480
94743
646
96065
46877
78188
52003
6451
64578
52199
27330
58271
98079
5810
26962
27697
867
33531
10254
19863
57841
30060
40249
10041
52921
55593
19238
90433
16609
35877
25207
78455
22016
72090
24094
94579
35913
70045
70181
76218
78998
11031
72580
51706
72294
79107
92264
52684
31722
69073
87518
64067
8167
12855
61297
68344
69037
99128
82866
78420
39880
53402
32165
81670
16326
47403
14862
31296
96519
50650
62584
647
94883
69221
63177
55623
99413
20448
46471
77346
29065
90885
82397
59373
94199
12820
33107
31613
56301
71013
39069
77172
7040
46035
61253
82139
99416
51262
68734
58207
77723
45040
38532
26155
43900
26004
77987
26723
46420
89384
123
39042
14153
80517
71360
50749
73044
46288
79343
52755
67426
8093
33155
96585
732
5569
24042
40824
35339
5918
47127
99388
52013
73656
40077
97573
52219
32791
26207
13490
32755
48929
9124
49774
14424
30250
56545
9447
1303
94105
10270
1243
12024
33185
18971
95536
17160
16836
29664
70391
40045
85692
17440
96701
69620
88269
16112
21886
25111
20806
75557
7896
76815
46326
79962
72686
62897
60936
64322
51538
17895
15150
47285
87494
72781
4340
12204
53632
16378
14304
73426
63212
54927
42536
98138
26636
57552
38639
50787
4421
40871
90798
31055
5860
8382
58522
11258
56526
11995
97612
53910
89796
76126
18176
88452
18071
37454
23660
20430
82098
35468
55880
21559
86211
78509
58980
76659
92438
59134
68299
37110
40659
99027
40541
10339
27576
24690
72245
12968
37573
87595
18544
21892
72191
80569
99452
99123
75381
20743
76912
91798
32658
53668
23326
23475
13302
11041
32362
75277
23312
80866
38342
74281
49146
28270
57745
65003
77786
50387
98847
29592
55635
61099
99749
34147
14588
56989
64621
89040
53765
15162
20819
63368
23102
23330
96605
10094
91846
85064
64266
1500
67271
94580
96294
16736
21691
48816
43740
20048
55985
65059
21734
16171
32796
76395
65948
96164
13500
74121
52840
40221
38251
11848
24053
35882
49600
96006
61313
6545
94460
71078
48101
8313
63168
31796
43492
44761
25288
18835
20183
29995
30727
30267
83449
84791
1635
66749
5278
53386
51897
86818
70609
29662
88374
78135
27955
57751
91542
86045
35818
41701
59865
54839
96194
4803
63022
4120
17717
53960
62414
86264
27006
94231
69739
13318
48001
13799
14619
15340
77602
60681
71927
73579
80068
38788
60169
48551
25176
47020
84043
58390
85665
89935
82922
24614
5469
60080
4620
637
20250
6779
15162
4844
41060
84197
42099
33284
27174
4410
8242
64407
59644
83343
25500
44987
52949
10427
46850
2381
58347
81360
62591
84944
66943
44055
21765
34402
38833
49203
64188
46372
64263
51486
53983
73805
39076
86857
76795
56052
84074
16914
6172
61926
92605
90029
54444
90841
85706
51985
65953
49586
90507
99784
62437
85304
83231
21274
46073
33605
90792
79659
31085
10317
59578
89851
98464
80685
49643
17477
6664
18293
34657
23240
98092
96707
62595
46854
83011
13731
97560
97331
571
28191
34594
26444
53951
25168
93625
53565
14829
28525
69426
36054
89664
1024
45069
89871
78033
81918
11065
45923
16730
26647
76804
58483
63111
25377
89907
78662
27233
94207
80993
2524
44251
31849
70378
7415
4660
42207
52871
40733
9190
271
38459
36737
59861
62538
37354
82691
74966
12564
83636
50060
60073
89209
78472
35312
27423
23059
32706
17996
54847
95329
31379
60822
25531
74217
70497
19125
25977
30517
4579
19327
24785
3033
89547
15567
79712
21492
5599
97709
92084
1933
3017
28944
92075
46130
1593
69490
26987
79969
44634
58823
99621
96452
54913
67948
87959
89162
55705
39800
47178
78973
168
62266
42469
532
23286
50935
48118
38835
15067
96193
2718
49605
7109
12556
16288
8624
41240
50695
48089
80765
98323
85555
12827
71894
56409
94427
16660
93729
34096
81580
7130
11508
86723
89599
98724
32320
89015
59518
68974
79151
34428
3796
84857
75303
94278
25893
35266
56865
27717
50131
24557
24686
85886
16620
57526
5707
8924
25586
79845
21387
67723
13138
8137
46281
6667
64708
68613
99326
49376
1062
24635
23033
95988
31400
1044
19698
26225
64078
39616
42394
83561
92430
65671
57900
37455
42958
1413
35962
75693
7125
85122
89214
30059
35316
96239
80682
10486
62900
49978
513
45303
47874
38342
31979
37912
2158
44538
27569
52105
48401
48456
74042
51369
54818
89400
67516
10171
87165
61301
73806
14447
70950
77613
15667
64973
50430
51341
16286
16803
91764
82786
31162
33987
89705
66624
87581
61947
40236
84652
40900
77738
67401
64025
35285
15596
47252
30986
37758
22030
54650
10859
61725
17558
4036
72583
13879
93302
78322
4464
25514
40787
48058
90347
70063
37414
22412
59423
8555
3443
68040
37654
1542
17353
46247
19968
88771
36673
80204
89494
1371
93614
95218
10937
64901
97188
37112
26639
63945
61734
89477
43795
87056
2554
9666
13277
20496
80866
34761
80317
73914
79266
53609
34513
81135
41659
11608
88949
83989
4565
89411
2108
44988
9352
93309
92366
90944
38510
441
76458
28284
92597
87340
63738
98914
19199
76550
6186
75346
90662
73313
16902
80816
52732
25166
28430
29917
85196
37618
53732
98773
31748
73095
4800
66563
14270
36568
20940
53416
53836
3906
56156
29735
20382
31018
8460
61250
37832
43980
61517
85560
42599
17308
37016
57443
82118
39934
84689
49952
36870
45095
80851
31598
63802
92933
84623
94054
82767
29171
17648
47259
10459
76614
96957
57010
10310
46451
64173
53032
9448
78398
21613
30583
37435
49986
82211
1587
35144
40339
24746
62166
52397
9888
83324
5782
34958
67217
91970
56996
4879
72156
62776
43731
64650
7131
31344
51811
43412
26323
91830
41874
72765
32728
74167
29492
13734
32136
37673
6697
80827
87537
60332
36543
75425
3822
34158
98373
15437
26557
71633
10337
46373
64356
43215
98096
86353
34607
31455
94554
67063
91614
8968
71864
79359
47381
39109
96114
21572
45805
58200
90250
2203
81041
92241
6729
41228
21908
38373
88986
31072
44551
71191
33917
13500
46593
40267
87295
5154
37658
92958
48025
36471
31858
368
83508
38755
8838
46605
47176
11281
51712
35506
46199
6779
17834
90307
99065
61660
66179
32571
2320
5278
51337
34633
78337
71389
7409
31989
82469
98852
45065
50452
62501
735
44585
43069
89751
53072
50108
747
95032
37437
18094
52543
3911
4270
51727
61080
95336
39942
6556
10352
64674
84073
86190
4117
7172
51909
26012
14276
24840
94076
53731
40547
14721
90305
55311
86313
92126
75849
59060
97871
78947
74332
11901
68183
66529
35146
21341
9048
70030
17547
34456
66863
32861
88196
26571
96436
20393
63946
3393
818
74625
84855
7136
12889
10054
1580
42086
7719
62684
57570
81280
76208
4619
24913
89915
72503
10235
7201
10027
95773
57504
4987
35663
63139
75735
78220
8538
78118
65404
62214
54652
36510
19387
60296
93228
23583
69645
91397
53341
98240
98058
33241
95830
86170
37496
28726
7775
65954
50634
45419
28484
94038
11356
23256
83717
78505
84954
99533
55164
42315
84614
70346
7493
74132
62788
23311
7311
96316
11166
47557
47955
98461
12089
68753
5896
25236
28169
96090
76025
38644
35405
33258
32949
83645
73564
70377
96784
14961
61629
29366
38445
10255
47966
82162
59587
40729
39054
67415
28666
60287
32440
12794
40498
17098
24024
67683
49977
46226
9561
88298
70857
80961
2044
13817
60922
66365
54673
12383
71117
70702
63593
30926
90152
8129
94754
43107
40880
28856
36068
38314
76643
3555
34489
62607
46788
27464
83571
3966
87338
72690
54061
65181
91139
87102
57612
55582
27613
51161
41240
32037
62177
75777
31995
59821
25945
73938
91046
90755
40533
62691
37757
97541
26887
27088
22763
44824
19415
36906
63098
57619
33445
72607
55879
34874
42738
27738
10229
11175
99589
39690
81289
49886
96690
2904
36986
56593
72041
3833
77293
70812
59103
6987
28170
61900
56074
92094
82135
76709
92687
65627
85464
36283
34271
8657
1673
19969
63132
60524
15227
15539
55050
92605
631
99417
73288
48267
42363
63560
72112
55314
79574
89280
25654
1420
77583
91527
18414
48529
45009
48766
85358
86372
33412
83574
52831
28726
52417
82652
70800
46744
43347
66208
54555
87885
77466
95831
12627
92533
63296
25807
19327
5641
53095
74479
98709
4734
85756
74507
79703
20827
36965
14978
48739
12230
18601
50898
32862
50979
96757
18868
45751
15777
92553
72325
24198
29412
20011
49289
88699
56292
97865
33321
3234
41896
3203
27895
73568
30040
55512
68290
26382
17843
34115
1115
52307
58719
27121
82643
42502
67597
83148
83262
18644
99979
8056
69150
33143
46746
49548
48796
83539
60091
63561
44662
40004
75185
35790
87888
85063
39680
40935
58228
6977
41080
79382
62492
64472
95653
34821
45632
25495
44764
69702
76915
89143
47682
93965
22344
36955
37062
7379
65002
51632
94271
4182
46845
75541
36547
45856
71321
28808
32737
52995
13764
31061
95123
38660
90497
36443
83149
13059
82746
91181
886
85801
54090
14886
56938
69251
71288
68572
46101
8604
10857
4391
51343
99033
1552
93827
76532
8422
12494
45741
67415
94575
13465
29631
75307
20505
2606
39959
34142
794
75917
16504
44483
20846
36399
52012
65768
85923
30902
66466
37316
86562
31152
67887
22853
56806
92132
73728
52688
98779
55636
60514
8323
8172
5397
2721
35081
76294
37955
57495
5681
64706
56663
69833
79388
10232
95311
10133
63746
76649
35963
63466
46998
31457
63953
70934
55617
74137
72333
30182
41489
11440
13480
58380
77817
32747
36884
43390
44381
33012
32666
431
37634
89056
99941
46798
41056
92174
88802
61735
51197
57038
60768
45662
23752
89776
60378
74609
10276
12825
31460
63556
60963
49334
92399
13933
7707
10430
34543
70600
29431
7880
4153
52527
23941
18974
64743
11754
19996
45539
51364
56857
8264
70424
6831
42824
52416
36092
11551
44828
58036
64178
84220
33706
28259
51815
54072
6822
78021
54598
34060
84423
80594
21291
9088
65702
62278
30623
72102
56924
56290
83376
87292
83555
94663
70534
23890
61250
33943
80826
22099
62329
27749
92876
85197
28636
22799
13195
40014
8149
41535
65157
22604
29890
37968
76541
61127
4752
3345
60819
93743
3362
1199
66893
26666
84911
20764
76075
78766
25544
32187
9627
90060
63202
37893
79652
76472
89789
3156
77687
48072
47323
73797
96526
44453
77993
93633
35675
31563
55616
63320
7669
54971
13195
57916
60340
5497
17098
93534
99440
20048
13463
4674
8903
50135
92399
85080
44465
59394
31057
26965
33047
3107
37367
84582
52851
47260
85688
5707
44002
9796
14514
83336
938
42310
50727
67703
85575
50976
97969
69463
9316
25203
1778
1612
40985
69887
1495
90486
77719
11389
85081
82357
61332
37795
73424
82622
45945
66091
50366
58341
25280
83991
32874
57718
70142
43349
39620
89613
37174
72414
56164
73506
15353
83822
83450
21731
88923
5168
61796
29770
70217
44374
91296
22546
15838
37836
60845
46360
57704
85293
78299
23722
59552
81564
28911
47265
25812
63752
48645
86683
67108
53964
82436
59512
92858
57856
18860
7025
84086
41430
44064
3095
59639
50261
94696
18496
21932
8294
16946
85120
13717
79446
49203
4726
44991
38450
21703
34510
4486
31384
3635
9327
19264
5036
76643
12707
76085
15987
44799
13790
8784
46523
37652
58539
71257
69526
10475
74631
57975
24219
19156
48952
16079
56494
45745
79751
93373
41967
13253
71554
27870
98134
70701
71246
3386
83837
49775
91572
86960
3942
52132
77743
48767
73657
14998
26324
48024
79579
9989
57393
69025
5917
55414
39202
94954
60380
52961
40023
68649
87565
15037
75067
61096
94194
16725
56441
1125
65529
35156
88006
85357
7645
44272
83957
83849
63797
24641
26897
23630
65761
77362
60227
92377
66307
55682
84995
49480
17039
92491
86595
25505
83360
33763
41761
28843
5980
76657
57111
31395
68539
44103
26160
85892
57190
81
93985
4368
79441
76783
18089
26547
80860
46183
92043
13217
77055
47270
82565
23350
8609
36635
9428
30209
4725
24604
47033
18977
90420
75012
78011
40006
4016
67789
64605
60189
8397
28993
34068
54444
22379
33180
55887
32636
70190
8558
35050
92315
10118
15442
14803
73382
76431
48455
77769
16965
36868
96643
92171
9504
62102
49750
75032
25331
99501
60248
53055
10242
58137
24935
19711
61145
69506
55220
80887
42784
16964
61725
65677
45740
25236
88254
96116
87658
66694
17087
25320
51449
63963
1418
17414
23071
86349
37201
16868
91930
31410
72411
75066
24037
94631
88132
29020
48369
75938
65287
31862
33691
79644
42264
93781
99413
25535
23553
76301
35366
25290
40809
30167
75506
36251
32572
26816
78355
47092
4846
52081
1095
2713
51954
68326
53815
73822
82115
98289
10175
20340
4410
40020
48253
68937
18666
31279
82646
42678
45732
73284
89365
47392
69762
26252
60784
69825
29458
75976
72246
23553
72974
16640
98027
13035
15354
67803
28569
84028
81679
90084
38194
47252
73019
50860
88966
47834
86173
91295
81664
92929
28937
93419
18787
29441
91395
49123
93460
21476
21821
43025
78956
70895
77817
89631
4666
29298
41976
21583
29778
78141
8616
3660
34964
85184
54708
74485
52680
27026
86028
54845
50602
42831
23696
98874
33968
70563
30511
67836
95748
9577
65554
7409
21277
82672
59151
41954
86972
70638
93306
36218
5670
71954
85794
42960
72253
98672
83851
12901
73483
9644
60467
33870
68268
17853
86082
6913
6024
67632
79994
93674
8257
17361
95279
16941
98581
91568
49157
33319
61783
59027
50317
29729
65712
97374
36811
78341
28017
30870
56630
24557
68410
21882
46663
65578
897
29415
17318
88579
46386
45348
31439
29940
19339
55867
76528
50377
87349
48085
69958
2632
40757
23150
35301
60200
18513
37248
3393
38160
18034
94078
40466
71340
33712
18083
31499
26790
27673
43227
26544
20346
21738
78801
20912
93592
38437
36599
18750
25250
78065
13411
53784
44721
95754
79430
79714
18523
62635
34408
11382
83511
19236
27729
21335
22367
48256
41341
35141
13730
80287
41907
9013
75932
22368
25273
33694
54997
32848
41755
70936
99688
3800
8196
20924
61466
18546
91943
72425
61638
2107
81882
94925
30102
31518
25156
5204
52869
42417
27114
61694
79475
22543
79077
82440
8662
12972
62022
55686
60599
11827
81828
35496
44169
63222
27133
98477
69080
28389
98046
27339
9186
1060
48924
50944
4970
91603
61090
53783
41601
95539
38548
52398
71926
61115
21815
22814
34531
39281
17785
24016
39946
78854
48783
63149
55594
98216
49407
49293
28285
7713
62031
70661
17814
28438
89351
46610
90460
80890
74143
66764
86029
8690
65179
17693
76390
4782
20397
15606
83075
61748
80174
22887
20777
95609
69001
33704
36451
32714
6396
18449
32224
13814
38590
3165
95606
30275
4181
60508
63923
45287
51373
67972
78314
34129
54610
90869
68492
25845
5520
59554
49533
2738
95811
46954
75626
14341
27543
34183
91393
95949
75177
76825
66198
31456
87448
19859
4714
79385
2014
28313
59757
31063
3549
77498
39176
93056
62757
7846
95472
36349
26018
87218
34493
57182
82797
12511
90711
7708
88702
9517
99523
91616
63746
34768
51965
54081
8690
70577
82377
35041
95687
47402
44563
90605
92750
16248
32643
58984
27088
9236
95371
83451
83037
40859
17427
60263
54936
21525
65105
16857
95844
30185
72470
45002
24795
72275
37720
31385
62613
56576
98321
34840
16187
59473
84906
39739
85710
67139
20623
48436
53243
32252
78108
76159
50385
59390
85136
67026
75432
83059
70084
56990
69466
44470
47669
50881
12461
298
81269
72385
48562
69058
16768
87685
58444
87633
50191
5339
43848
14870
27448
71624
73741
87344
81274
86173
8758
79617
33850
79612
93937
58760
11809
54969
32528
44279
48904
31164
66546
49358
27257
99655
38169
1781
13604
53739
73068
31553
44406
19278
6307
72860
74759
15145
18136
87805
21428
5574
27825
79385
57768
19744
34580
59900
87643
12330
71054
36152
97557
12400
46464
27389
86763
6352
9176
28749
54635
96679
22361
60633
74355
75483
53823
37213
2837
98507
47542
41379
76886
9789
76688
46171
21485
35129
10474
35060
52936
63760
10932
59382
98286
28687
84932
59640
32606
35641
46456
68909
67301
48193
66443
58828
34405
27147
97041
3648
98472
40765
28254
27497
90734
51904
64622
87233
20117
11733
81090
70896
43072
53131
23440
76915
76994
64888
94668
57414
80488
86088
31008
3116
10828
83573
53444
85046
22096
88072
68692
60457
79512
66161
3737
7154
16021
4772
70380
1395
23779
23490
92194
73725
30193
64032
72492
4070
71179
92952
37093
11366
41818
41518
15286
50559
61574
64342
1918
22679
23170
69633
16789
27250
89644
88593
15644
20065
51242
43278
14353
84972
85715
26759
69193
3382
19518
73628
57481
77544
22477
48131
23023
72620
11354
71941
68676
94694
14510
84361
19822
51075
80225
51130
19927
92000
78877
78284
23865
87812
6939
779
64791
55864
77832
60096
59541
65194
56655
45160
22211
48905
26461
48247
20644
26203
99725
21311
93212
473
29332
35688
65683
41969
59568
9255
59546
15179
97766
42737
24681
18959
3466
45159
78249
16900
44527
18716
78852
83778
30628
24473
95038
80785
10360
9102
76680
56558
57509
58855
15348
63323
31157
38366
93187
94659
76779
83450
4689
93039
96191
17632
74169
21308
38325
63664
72113
45635
80850
55859
92539
55994
90707
46287
9593
93525
52728
66475
34763
9252
27070
54432
36492
86780
33420
25484
43399
3523
66446
60599
19892
8164
11030
40561
95908
76625
67771
83815
12193
33137
61351
92908
12115
28086
4208
74623
23293
7069
30089
24238
28538
57410
60694
90433
47057
23901
39971
23507
15482
25509
41793
94313
8625
43699
22114
2007
13446
58573
22999
80952
77937
23735
49914
36879
60188
2842
41216
18385
62749
46129
71070
39074
9804
31645
13791
1914
92473
87171
28435
1855
46103
94994
96398
63974
21096
90825
57934
52903
17409
30274
21553
56806
58402
62499
7040
56120
77161
8895
93327
41063
74955
27737
37663
64165
74346
83775
96318
35386
96003
64949
37497
77279
45030
72210
88591
80266
92473
9485
57166
66484
76094
30546
57312
99065
56305
66140
74170
33649
40177
99640
39735
65710
98975
40455
74737
72123
4674
33814
33235
35899
6305
36770
91797
19656
71729
59019
5967
7816
87462
37715
17852
95104
15949
60710
16790
73147
60121
94319
55371
99574
66001
81345
5818
22032
30727
70918
89674
30670
34713
92371
72286
92901
92022
56867
1321
35125
1519
26359
19155
47956
25614
61947
69415
274
40127
24821
60748
60452
20756
48413
31355
76912
32341
71484
82923
35178
77656
53068
41454
20573
60474
17517
86122
97639
26643
3118
4373
19397
58110
65642
19744
72559
13635
91061
54836
13635
35280
2527
38259
45224
81587
4745
86406
11997
79013
67017
48928
88879
93727
21484
39753
92399
80076
81871
97419
91910
50576
99329
95939
42689
82707
99235
51061
40057
77216
37808
49482
47617
70310
38436
28736
99074
56345
66317
41693
92728
28347
45835
94462
79996
27019
49927
74093
600
24788
51922
70656
23547
32443
41365
7129
31418
18605
81554
11089
66359
71882
93744
32341
44193
15611
2055
86202
70844
6889
50128
56703
53120
15357
58208
43945
52527
17929
67896
1342
12463
39203
66010
56007
42128
96973
54252
87109
88102
46143
77816
80791
96536
58312
34330
9494
60384
66134
85367
44508
42222
64819
84435
49049
37762
15134
15608
31540
91735
31683
17006
75505
19921
70520
38827
60929
13939
64322
21787
11314
5649
7356
30175
18226
8442
94763
21215
7139
62467
48469
9582
46155
56796
75600
58394
52046
14878
67784
86180
57923
78150
26220
57283
34635
41404
35705
82251
2387
62865
19342
84252
22027
40349
18630
33865
50742
85701
2110
50
99601
17090
37078
45052
8135
81286
98209
26379
62920
36395
75021
66575
31818
48502
67282
70802
91993
52452
69350
59816
7662
84172
57803
83284
52429
93611
44390
74832
41192
82167
20886
35680
16468
61482
30277
75704
47326
39568
83429
37991
41958
63726
21248
11489
90996
66334
45824
21501
58432
15330
30668
55263
26769
17573
62795
69296
37765
53751
13511
93803
54417
66182
2177
93186
70661
97809
74505
75475
4077
64419
5367
31802
81793
78020
24223
31938
8115
14512
69572
32101
56425
80625
42702
7561
11844
89098
96330
55345
36457
23508
66170
49301
71652
64245
31846
54620
69477
84377
94954
87509
43442
30961
71626
83996
670
22757
25882
98491
93842
340
59348
26064
97512
48714
95762
48087
65128
27645
70693
32337
56104
79290
64737
9014
65400
89814
84272
92010
15760
33936
10603
