66273
12358
98706
15581
37097
47542
63617
92274
3338
99965
59215
81551
10757
23868
4987
93308
10144
64723
22516
92054
84467
38422
51133
65288
12831
40875
70165
74733
82765
39505
68403
74465
40549
55690
79235
94119
52659
59030
17883
11708
16371
44187
62554
79175
82717
99282
44123
90063
25662
51622
11904
72792
17843
55391
68189
42390
70419
46521
54856
91589
75050
20203
31826
4143
27937
51365
42430
32715
26488
19840
91269
72954
81952
74108
48315
85019
71319
63817
67223
17757
93402
44797
20962
31503
75234
15081
74407
79437
84649
29615
16580
48345
70921
85473
89448
85596
24090
12053
89395
75922
39554
41006
69646
74071
18696
92122
49587
8407
39941
41560
88266
19365
92801
19380
87956
72381
92760
39556
59782
55925
61735
14306
73394
27011
10080
70126
64627
83334
73043
34214
78729
37370
32088
92937
33441
10257
90378
10680
12374
29992
26079
22632
31326
55885
1100
29097
99394
36256
1420
34409
73547
78610
71112
13445
97817
63712
87670
53122
75288
70400
67690
98771
73766
15277
99530
62042
1806
56703
41095
33619
64421
20395
5732
77678
13488
20799
46821
46151
1145
60557
36752
51098
43933
81773
66844
75588
13508
54506
44022
42243
91826
92131
81254
22681
12653
33386
78447
39958
91395
30360
13986
52038
24248
91603
97373
54091
14151
43853
3089
29051
24981
71614
17314
23269
30271
5016
64949
2530
91749
8480
88787
54268
14100
90929
38650
90759
31966
49956
74856
36671
85792
77769
4422
778
56285
19112
66458
17456
55666
26558
87767
18004
85612
38530
38813
48026
84323
90150
60866
29090
90258
7759
3694
61756
58381
99388
99520
48153
8247
44741
88969
23755
24683
12352
29050
32105
42622
64346
41264
18943
81731
1097
64956
77578
34774
96564
3252
31249
99561
66882
24646
35472
99850
96251
75377
32612
48917
62086
16760
47616
84228
35765
79445
17665
8974
12968
93096
25017
18624
31669
7459
54385
12365
14853
34482
36418
10745
13704
24222
6896
9505
19460
49727
20067
48955
8346
47229
9237
79124
43138
98268
75707
37071
97368
99972
77086
45400
45844
24952
31811
24495
66650
42268
71752
37142
31218
5315
66918
34897
29357
95787
23748
74778
46643
49403
22018
74339
71945
32848
10360
46993
66830
97040
17571
3927
67254
13901
9880
99789
56376
57107
33374
50180
34316
15285
88394
30181
4404
11399
58629
88587
68253
2152
14150
53750
94714
33632
94265
37930
11859
34975
86909
18216
62567
73700
48019
28525
78973
57321
36467
41624
53278
43302
53104
83474
69947
72904
99081
9307
27974
15209
69162
50135
16444
30422
1782
60137
74175
82754
42060
7007
25503
11491
19215
98921
63224
41391
27024
38493
98776
66369
50833
78879
8635
80088
11574
91410
78615
8854
72079
11170
70248
26323
90920
88288
37390
18016
67874
31892
68192
64517
17826
95807
99495
64050
94122
19592
31106
74303
23016
43376
87983
24016
10895
20981
45624
90836
27714
64801
41816
92393
25509
88057
22354
5440
69702
22920
74074
87304
15940
23412
55215
37187
9268
62499
68188
43951
67107
90449
67510
38575
23495
23554
46813
88377
83611
88085
72304
76741
55416
30999
74279
56308
33549
12146
50896
97222
4532
15760
8668
43164
9641
92353
17922
85094
36085
81997
5418
23792
87598
94982
5195
89156
19721
16077
65916
2395
80464
11490
73787
68288
29921
62623
49415
49912
71385
89587
88129
39141
81095
48339
6909
24717
78580
31891
83191
40692
96887
93402
28604
5321
58350
65340
39834
32144
72581
23402
88549
4573
55640
81538
150
63364
18493
29617
66087
85518
58302
99407
79545
21870
82245
80779
96694
59464
40664
16561
89298
22186
2532
51506
50029
7402
29297
28501
44868
56620
56762
55386
18248
13343
62234
64450
98356
5860
63893
33383
73788
28135
78667
9921
2351
84793
45510
85174
99708
51494
31489
94505
20749
71974
48063
79446
83813
96526
37289
54985
93488
58033
46149
57920
90757
19642
95524
33250
34084
72831
56472
64206
40952
49205
13485
18196
86663
93618
6934
56321
9978
14101
19830
22078
10955
99177
54059
65783
7441
85904
941
23805
91580
24492
67901
83269
19190
58109
26915
97044
79942
79325
24513
71223
3148
14400
2942
2277
10562
94766
36505
66162
16495
96354
21312
34585
29579
82288
87742
31166
46268
81526
31276
14005
43260
51079
35992
82263
12130
58075
25663
9265
76831
65078
83736
87369
45635
21629
91675
77492
39279
53985
88693
93608
21816
22795
92948
74498
63233
43781
45601
76936
586
7507
99574
25518
53242
29542
54247
44833
55252
83128
5619
29929
13956
54745
62460
11918
84894
7104
74971
49896
38275
16324
87702
78187
57056
18816
25967
57636
18969
7038
1958
51115
53121
43225
81949
81225
18904
27570
94238
13217
56007
81665
55217
17245
70278
96862
79881
5630
98908
84943
35258
4021
30642
28531
98192
7908
19300
91913
46032
93145
43510
87651
46158
54162
48658
34624
4216
22554
53783
59498
81088
31363
78897
13113
65194
29022
43720
23476
39087
29667
91631
70408
31871
26146
66564
51183
14606
75822
34854
60708
88354
83520
443
75865
45516
56512
95025
62261
11932
62774
280
59777
65336
79939
84958
7046
47229
37384
25186
32486
89164
6517
14840
73012
27382
40083
77071
67518
93282
23615
14259
54118
38437
71106
74309
22724
80813
82017
32634
40018
10019
65892
19286
59281
13427
32073
42698
32203
83034
90729
70601
57159
66046
85481
46157
36528
40960
80887
76613
70252
29721
36045
2294
62943
60082
42538
12878
34922
7736
39025
20850
31620
73408
11386
11532
83410
62374
88394
60829
35071
91156
59408
30541
19375
80801
78859
73372
475
77934
15106
37503
5412
63916
4653
9955
96600
18120
81953
7613
1730
58983
54962
38517
86984
84713
21693
88378
51897
84050
8801
39991
19087
96904
31816
61372
78946
18453
62113
19987
81047
94695
31590
66538
5747
1961
87647
97927
14402
26930
12882
92083
33715
89712
35632
24939
53283
6063
7349
79446
22268
64976
49171
29729
93549
61301
95547
7711
65605
4271
91220
27535
35545
37928
84428
18606
66950
40289
57929
3087
29633
2558
69901
63346
46877
61883
28845
84083
83163
10146
17271
68390
50817
7234
24804
2909
66676
75447
20572
96378
40210
93831
65788
23228
61679
11125
73384
51770
48395
76403
48109
72414
88539
50230
12284
68254
73869
47033
11629
94539
52194
22717
6573
84502
28078
95256
44709
95525
43470
70692
34504
76908
2306
6096
63995
61468
33462
24120
74846
59645
99920
51927
53040
85530
75174
17371
88191
26804
64265
54849
72253
94082
60526
35423
34418
24722
86222
71158
62823
40173
17316
65734
7395
96516
55484
19112
35479
26254
28340
57778
85245
95475
97729
60875
44847
18216
7341
17316
67649
7571
95724
29624
58185
34395
65800
66800
89531
50816
51962
53634
77312
80264
20836
76309
25273
96101
47971
14010
27493
86325
98325
94539
28261
74107
67410
12299
99994
824
71800
23951
63209
51779
24406
34820
46876
14304
91
56804
46824
89156
40334
89968
60410
79150
46690
84752
44766
16381
91011
49172
15235
9338
74368
93581
18079
53451
26709
31832
68455
78932
67577
22422
65987
76110
80201
56301
54867
3808
43453
45626
41583
20308
43015
36768
6104
16381
96633
45864
46870
64182
23652
19066
86432
95609
3953
59995
77758
49812
97015
39543
76890
15727
59611
80245
98462
17587
88757
87369
14076
19556
79204
32918
12163
3454
48246
17268
11506
37029
37185
6886
43243
19190
42698
70845
96083
77768
46235
61210
88890
10676
26842
26630
40641
67555
40711
50246
39235
99969
2157
92731
63809
66921
62017
68803
58035
34933
31523
19997
43469
78151
76169
24786
9841
86588
52274
64183
7685
68559
77866
99248
52270
213
31255
73643
57774
28313
73375
80491
68373
4278
99672
40606
16262
83091
23833
92445
2061
45136
38761
58256
97629
770
25029
89481
98147
69759
19915
49895
24935
21876
88360
8703
1931
69088
84980
36182
73460
49569
8882
17605
64597
15044
85833
79611
33280
48760
58843
45420
46832
36115
17684
68024
37458
66846
71602
72501
51844
95847
70059
26809
12237
57287
15352
61751
8996
2918
29351
47216
70348
13587
48246
8731
65268
58946
76706
57988
19081
75031
81731
18512
58599
73541
53722
39529
81444
34978
63534
24477
91217
76049
78360
59394
54993
93534
31469
20806
3473
1028
56185
15893
31239
74449
56031
24911
1183
12280
15130
50740
73959
58653
11773
73014
97237
1192
62364
54269
62741
62914
94634
94743
29047
67959
12470
48471
70129
80134
18178
82932
60444
28833
93497
15993
177
53068
48351
66211
86218
6486
88842
97619
47804
66999
50866
83053
13708
3956
3779
98249
71390
95145
54253
14262
18043
51749
56444
52161
22216
67682
31844
92825
56635
93715
66602
74194
67059
88271
93935
61864
24458
50567
697
79734
65475
33254
95959
61068
85453
88189
32834
36128
68781
81859
6603
81620
55019
32267
61401
29386
19194
46388
55052
75417
13220
77279
19059
13033
40868
4062
38594
68564
97930
37731
4512
65128
95214
16635
14147
17435
27564
30270
59539
90327
87373
73820
76271
92084
29916
58891
92873
5073
28262
48432
26154
93967
21663
89803
21233
12346
29642
10532
24389
83414
26173
92151
25989
49869
24722
81860
2685
72338
62914
17951
74022
32768
48988
19787
87553
86459
49331
13306
89866
12876
400
60913
87279
74235
17956
87298
10840
30915
58433
97774
77460
40479
57720
10441
46170
18865
28792
63788
49328
92851
73257
96538
37663
87850
4105
14204
13484
48262
3558
50784
50279
69680
13558
5500
31909
35648
91448
15878
44840
10051
76376
22046
9466
81862
23998
40452
78879
31581
86514
82330
60650
2630
23212
31591
6679
14461
85958
62402
12507
85066
70821
40466
57350
91859
90719
51818
89390
53790
79930
23397
74406
91116
88186
83218
2965
88622
39336
86313
5346
24298
66823
2804
38146
11850
67541
1524
61395
23161
33983
1547
82011
36020
85941
65068
68451
14357
29632
3703
82646
12616
80456
52094
91492
26604
97341
80173
29056
18019
33665
22204
69762
4674
14207
88658
8333
41699
27637
46836
77885
20350
52433
25592
38370
19733
66705
77884
55519
45416
50228
54159
31334
70571
46176
20396
48943
32326
52820
84491
87360
69005
26504
13824
71923
31891
15584
55922
82724
7088
68872
99754
58854
88381
39227
8614
36899
91682
53053
62952
75890
18568
21774
78534
95037
56148
32559
42384
543
82933
22278
68662
68808
98364
2711
29955
40436
46200
24060
78797
17418
72693
17440
75654
53538
45657
79410
65202
62647
14347
99784
84589
31109
17931
55114
17930
41258
32369
56701
79649
24489
50453
35273
11556
11522
59276
73476
67517
92019
75650
72115
92076
17461
34395
35869
24386
94537
8079
16829
2133
90908
39163
38519
11068
99008
81217
15085
48429
23455
19018
9257
52781
30143
71996
38646
14679
50370
36118
61278
64158
26181
47885
83372
97217
73956
88784
86345
85489
30217
51504
71900
51914
79307
97529
6812
24330
85788
95004
65985
56948
64408
38630
79992
61737
10080
55194
1971
74762
87274
6206
20592
74930
44381
91864
43962
65440
30364
79068
12520
54136
52105
96157
14270
31065
11190
87523
9029
49967
66269
2411
67217
18579
66126
55362
90922
7547
51808
62795
58296
55749
18750
26695
42804
50238
35056
6890
44389
14316
51886
51060
77984
22023
98455
38746
65791
81827
16758
65330
8956
1395
248
23745
16526
72094
30180
90614
48826
10045
35220
86382
75655
80610
36115
27667
45836
52578
39795
64549
36830
33030
86731
69748
11319
9253
33302
52645
18673
56967
45163
50618
94147
42774
14803
57348
99975
82526
50527
59531
18773
61217
26475
76286
27062
30075
87993
28657
45937
79705
87933
97660
26406
24843
53169
42423
77658
35830
38817
57158
58279
88869
13926
92290
91103
35019
25577
66705
31985
36640
75591
87462
1894
69316
85534
64189
14257
94810
7037
91198
4411
5841
93141
8473
48096
90877
11997
27296
12933
66392
71625
633
49489
62557
73961
7816
57037
42454
63824
530
13897
65420
59168
20381
92766
6741
11813
99447
34807
28620
91844
33062
13202
94009
54129
78510
23638
33890
69313
17850
33637
83761
41615
333
34303
9220
38032
28902
59465
97140
51195
33309
19901
6942
93418
80045
4639
13623
80052
5844
9471
2562
41677
53152
29476
53987
29985
26663
66041
66302
9620
17841
27870
60829
936
39906
59774
8899
97386
32935
46119
90053
92883
92126
10119
79772
15814
65687
47574
22820
24649
99572
29655
63483
34479
99605
84768
39644
47499
54416
63627
60579
6396
85291
40070
10661
12933
60239
41613
29548
69952
74343
16802
75800
77231
33010
29420
44110
18617
91540
18909
59949
8128
85488
21145
70863
55750
99000
88352
51504
36164
52218
88252
66037
24373
20829
77050
59879
43625
75647
90010
50895
95134
2232
62506
5054
12777
48529
82992
23333
59734
76253
52495
82009
48761
67007
78891
48353
37266
82866
28428
87241
62998
33094
62474
88947
41947
78754
71284
41689
21611
65512
66826
39381
60313
31682
43313
86548
64252
82124
82054
59610
94481
65226
56018
54594
35260
5141
32616
66821
74729
32644
1056
17839
32700
95574
88607
99938
83558
84746
55659
61293
5951
95680
20771
90168
18143
32236
19200
15568
52264
20496
30537
67668
69735
87201
59916
39318
22356
16587
23121
16805
60392
85547
62032
2397
78232
59444
35405
10316
89279
63541
98777
59117
88821
70197
68009
63206
1968
89149
89151
94767
61935
44321
51184
78796
54910
14828
23031
76353
23125
74092
91087
63603
78666
54052
66098
22598
89956
91282
56955
15347
8371
48625
839
2464
33633
31091
92951
39230
24559
5631
2670
98858
30549
25110
77887
40252
4083
81118
80593
94731
91555
41300
11953
85304
67348
54309
62316
50232
26236
86161
84964
16927
72218
15662
497
69005
76673
70282
44513
12916
98743
404
51663
40255
82849
29206
43087
55810
73564
34645
36649
63472
42376
19514
5484
42459
61514
55018
1218
88234
60624
21914
86233
42875
88561
98969
80607
32735
75822
87750
3178
11743
40735
15818
11938
21006
17435
94611
96860
70164
55627
21691
7424
17441
46797
36285
80441
90820
68597
97258
14240
12805
71529
36750
91435
38269
26514
81547
84842
26369
30574
75799
65344
86497
23781
50943
7276
2012
70517
63393
91952
14826
78777
39043
76595
43566
71020
22831
70328
40272
71406
67204
78254
84649
29092
64727
93441
25207
40789
32223
15500
18243
11213
98207
52006
50187
54195
74119
87710
68443
81369
43723
39728
4040
66949
7640
52132
84814
56876
5028
64724
84696
78671
82979
46666
16157
91180
38312
82186
41007
73196
44437
97759
97351
48724
65270
74585
44226
39993
78566
88085
37282
91118
76186
56372
46624
62246
49359
4248
41953
17196
61065
71400
51099
6601
16611
731
87548
19967
11236
46715
32261
19683
60058
92138
35319
29552
36333
56577
65385
73253
76646
53150
26440
70327
99657
79596
22721
73760
39714
64685
54516
34287
38127
4959
50417
89252
456
41263
65909
93185
42126
53696
24835
416
19219
96286
33973
86285
61070
41003
77840
77512
24811
62394
51138
56098
11643
54129
19575
94811
53630
87705
54731
87103
37244
81368
45614
35388
1065
22676
41646
35432
89845
72274
34439
6389
48022
18399
67222
6512
81433
86750
4865
17369
2782
1202
56735
90695
20390
88655
99498
27868
35450
49637
68891
8280
41413
84097
2095
99803
98095
88717
55878
2067
97485
86491
61520
85404
98746
6386
23031
170
15535
88554
31517
87897
12194
16193
8788
90814
12327
46001
40496
4
61403
27523
58565
34719
12322
52248
45169
35267
11576
83012
16079
76753
40872
39802
34308
41392
1070
67230
12022
58334
59124
90232
61950
75674
26213
42348
62678
77980
18481
91245
51282
52060
67357
40314
8574
17142
67901
87088
62682
16667
41708
18023
19435
17680
26560
86021
40171
89050
54065
15018
42925
54039
25537
38365
45743
87292
28669
99197
60976
11048
91202
96733
5578
1612
42043
29547
56059
54743
54905
49904
40152
49691
67217
50092
46878
15971
33461
21989
94444
462
43420
67659
4598
75630
53679
86639
2617
49541
55797
29548
58735
25463
26399
50039
58373
14717
52716
48710
48630
78804
58141
79738
32672
44598
25902
25346
68206
72435
89105
42913
53384
33087
81930
78780
66844
5576
23986
26982
39549
58525
14586
13682
57518
30357
98413
67822
68812
88212
28960
57497
28043
38829
81983
22558
66938
19729
16469
19762
16997
27689
86985
77482
44860
48012
11802
9853
26368
44910
4851
15164
31007
97206
54156
25632
37789
52771
87255
25815
79601
42891
95189
82211
23022
6709
26956
88210
83803
46967
56553
73236
78018
99966
41448
37229
26512
30559
64600
47558
62934
96362
62211
77523
39891
36485
63301
94881
91482
14567
66840
53285
46517
70771
54554
37964
1929
32822
86774
90406
66633
10647
96945
14613
29319
85735
15155
70393
81664
40526
43031
10929
41790
41096
76702
55590
99346
84041
1666
93415
62
9281
41433
90690
40237
8017
75112
79863
14121
55402
17554
56182
27581
84439
15240
2842
99887
17168
42991
30185
20942
13703
24645
91572
67647
91098
37435
33340
60175
13678
13735
98287
20365
95523
51232
96812
36251
1267
10704
94174
11083
42346
99269
62903
99175
56125
5858
72834
24230
81912
40117
61899
87059
81921
3225
61337
57072
65125
28145
76144
63133
94472
46891
79991
98380
69785
71070
97828
14396
82559
61504
24639
98792
95932
64156
22681
31883
35794
64033
92718
76937
85268
77091
59102
49961
21649
34169
17912
14808
28890
49617
17270
17745
34526
50839
94438
86376
54239
88161
33256
16083
97021
26755
72452
15153
75641
67126
53792
45766
52434
44696
65698
72404
71802
62992
24837
52881
77360
78288
26361
3083
37265
95114
4640
2547
62274
61555
88658
57100
51765
36360
82478
36934
43962
90231
40309
9262
18487
21888
81562
68839
55225
82511
60875
76814
59124
22915
69592
21596
59944
39766
20213
49521
262
52008
31163
17000
98394
72842
62855
36048
53606
20283
67464
96391
4624
66871
21485
56967
37022
48012
81730
37110
53504
29799
1208
43644
86043
79839
32675
44554
48054
2130
36751
77664
18713
22771
4386
33850
69383
37912
32640
27591
55853
38304
39310
6710
69204
42806
83309
17885
83929
89071
7154
75494
6096
11811
62397
24241
47026
16235
23388
63009
47488
58029
41494
22458
59202
21592
32800
12346
49339
94423
72495
71857
30105
78842
83671
97344
53499
93162
97779
39245
44375
43074
65835
93222
19872
6800
5176
54530
9772
2804
94643
33760
49085
91863
74728
9137
44590
2752
5912
82539
20260
13126
86011
14310
17044
97657
92123
77684
5292
76553
98488
82126
12665
57780
93808
80619
76829
11316
46632
9192
61286
38204
23867
40929
99816
56486
46013
37064
42450
34534
31945
38792
18966
90781
69027
37160
74793
74786
68373
83514
21007
599
45242
74911
27866
9997
54223
32072
96232
47095
52925
22846
32315
69713
87972
40746
55338
14548
81878
79246
53496
25647
88053
42080
2113
5888
88323
70801
44631
80479
28116
35127
40517
71087
92068
50622
94609
6617
853
6879
75471
8922
27238
62507
11620
45499
48778
58255
1263
85926
44462
18247
13126
24221
26644
53796
81814
71482
23378
59226
10826
51187
31365
80086
93219
60947
88877
69345
5223
12157
34299
4992
99691
79771
49932
84544
1392
82262
38835
48544
27576
14901
75236
4147
17464
24568
80362
87870
50996
37790
33780
34759
84959
11853
89429
78172
65286
33782
22179
38586
22192
15734
36623
31006
50295
46865
50131
82068
24670
50454
91208
55338
4721
59786
73541
84761
98185
49582
54105
86479
96382
52589
49634
10901
19546
15830
19223
26026
90023
56263
16934
26237
39730
14298
33445
37017
76849
26474
32074
86326
45845
57360
34719
87339
95129
62363
42210
17334
2423
84540
65348
85824
54504
25886
81740
6367
55830
96787
43803
56454
92140
63994
13187
48148
50998
50136
81747
77909
91687
88008
27240
76070
91184
45904
61545
17563
28956
35276
81022
37463
41733
1728
77703
68005
38313
60436
60325
87946
21301
25554
54713
80764
37413
58302
15235
94531
58086
93617
98716
29507
12048
26219
34788
80726
60363
23444
31446
32268
66189
88617
19940
67532
14018
51468
76520
55149
21072
12096
75812
11397
99811
6280
53741
42400
32154
11723
61507
72807
96048
46474
41402
29536
92175
28860
23487
3783
7471
45662
2286
45688
61504
7513
18083
15189
45706
37644
14244
2234
40171
99240
94675
17861
41240
5475
62250
37066
72125
58884
26358
88097
56100
10884
39851
77252
22097
56633
54891
72490
84688
87662
55971
27794
75948
50940
65029
56616
91607
87871
49281
24362
22600
508
96711
19902
85262
53723
51955
34828
6888
56032
31859
18771
42304
75931
26929
10681
52347
29593
89553
92149
67837
68193
82367
93011
4136
77150
77791
1298
62774
18966
19482
85687
69599
26351
90081
40081
13216
94199
75724
35986
75747
81931
81434
13064
41740
20794
93404
68058
36154
20539
68451
94322
41331
59265
32847
14642
92763
30583
28407
49900
88799
50231
22581
24386
10657
95405
75062
28524
60641
86067
75357
70016
80740
25654
82963
33650
12661
55870
87968
14562
60286
62335
25083
95485
63870
61966
94404
72252
82631
76798
11742
30790
72373
78767
54743
82679
14548
40572
63589
71617
97464
24290
49003
53678
94546
1627
32469
60061
7526
31586
7784
67360
65587
6290
86102
34310
78239
70047
28459
76756
10744
72454
95579
1696
77760
29256
30981
20421
38576
64192
64275
82020
13524
29817
72283
94591
26620
73388
90494
55012
42456
39868
84866
55623
88974
63007
78817
91086
15141
65252
65299
75858
75894
28398
3687
45381
4351
59467
45329
60754
21161
4911
25530
33141
72941
29943
26862
35307
49972
77212
43828
26805
10615
13403
82749
68849
41077
44286
49679
47163
36932
71397
90209
90168
60570
20450
29446
42139
558
59297
4964
61100
66331
29942
50003
83223
84446
71264
95556
28754
37821
7860
99044
31691
1510
23663
87329
85792
11268
42182
53440
21793
45267
5802
58906
49592
3286
77309
10526
25944
56249
76810
67181
76835
21559
40065
87001
96118
6094
42685
84976
32344
14916
26777
92838
88529
17655
42865
74556
93262
73558
23315
77537
55219
32507
49599
42860
98714
35332
68886
48019
81176
89294
62470
63593
76485
87326
20072
62531
43052
44030
94311
57970
62605
35813
62671
7509
31018
2923
51492
96377
64560
43384
7765
34430
32431
29045
81245
32604
40268
71005
98366
60992
73601
31846
61674
60986
30154
14747
69920
99444
23727
23219
95640
60042
92817
70010
31440
81794
49532
63684
71502
78234
15055
87823
57890
96153
28260
128
4036
68441
81337
32534
59985
756
71498
99071
54465
91184
20502
3647
43552
38380
94381
15807
69027
35358
95846
21504
53009
39358
65949
37526
27541
27240
10737
18106
54198
30863
96044
52142
19531
54457
48095
81409
46044
86148
24951
76600
36049
95167
90038
36966
45536
88714
27861
12347
6933
97934
36187
62999
92126
25784
7223
9556
95103
91009
44194
54997
65300
78210
33950
98970
30887
59909
21747
54469
44825
37916
52524
34482
17301
52413
3711
19501
87425
35252
77710
43148
91102
6546
52836
99641
48556
7259
39534
18057
52116
98597
62082
73152
44786
89909
31944
96996
22398
81406
68653
56356
76766
92950
65657
22381
69187
85065
60219
78970
45705
29803
13001
74602
3754
68021
7996
82636
68830
87757
67468
30311
34224
23714
61026
47001
96108
63244
28833
94938
1085
96596
65433
58787
75229
88895
78231
76959
73241
20445
63248
55055
47800
55613
94312
96455
92833
6260
65382
94568
18665
62828
2285
4135
78644
7781
48171
1767
88067
43981
74722
11627
66836
74416
96387
3519
20095
83086
49315
90483
85445
9139
28851
74320
92904
30823
89968
89769
68112
1673
64607
66200
3761
2553
54449
90181
4645
47672
80351
53751
9990
59275
75568
37105
58580
34132
97372
29077
3447
8874
60360
26759
14659
22803
37883
17194
79195
1347
80854
33468
82255
96986
10776
27317
48198
65652
85042
56299
13975
87360
5965
48612
83879
83625
96329
1439
33490
48325
81031
89067
67785
10139
60014
92822
11507
56019
65745
65033
14566
