75309
1593
81150
1588
59135
84594
10929
94634
93138
85775
59741
69517
68123
6664
53729
34959
98495
19293
40982
98699
23217
76449
18897
90774
54995
81452
40472
73697
10663
42874
85864
40856
97184
30675
84199
44753
43724
46908
92098
52978
65228
16319
14921
26642
58860
37202
47528
12092
27504
67884
81962
92398
8717
89598
60109
62676
99147
44111
90011
14742
21343
30308
69163
57002
73125
68914
74392
6295
35191
95097
37084
99561
44090
52986
22221
67557
23362
27294
2298
24093
8294
69111
83541
91307
1712
71598
16685
20369
25821
66412
84692
91082
46069
5802
22461
95764
9274
74317
67253
23233
92114
42424
44131
50290
19135
97116
702
14464
31653
19292
71879
79980
45292
8773
52879
20651
87390
2525
28661
10745
68118
20928
83137
64692
80933
12651
23544
30371
88307
57219
61135
80058
5737
17333
57538
65034
53733
43509
13015
49487
90006
5587
76969
28903
17421
25906
809
67290
27637
57626
3421
55032
14857
23592
85867
53868
39362
97089
91856
82475
8889
59892
34260
61981
53391
1840
28356
18277
4994
78596
35846
93152
44664
56891
24367
34497
30550
68904
87477
73189
73802
55762
62116
10172
10539
50899
75046
34702
16268
74154
91809
96560
17847
73081
38640
88914
14997
21866
49509
66737
76375
25064
88126
75881
30603
23205
15970
90392
30385
26443
39957
76960
12286
52659
50980
68476
49825
94901
89286
93624
69253
38001
40001
78756
61405
28161
3238
83312
69431
62597
74464
36717
98728
41344
91196
51610
11150
74821
48738
59405
42736
30034
44665
10240
32271
67073
98328
76563
22514
94105
65021
26839
54320
2861
53055
58937
25839
13750
48318
86838
62930
30084
96784
80186
68788
11486
903
95346
84705
41643
53763
81198
5379
58397
23544
20465
46707
74151
85724
33592
80004
47170
46372
71973
34539
29882
13585
99462
97539
13461
99723
44921
75122
40137
89997
97822
4956
74365
87568
16847
64239
9561
86078
71951
35953
8302
37801
95692
72021
51697
20616
84493
17781
435
36737
54825
63609
36004
11194
91811
36461
21645
51616
36711
52869
7204
70882
53417
15649
3673
28540
30771
98489
4342
66129
21041
38651
60806
84621
6548
91467
4292
78292
12509
61421
82844
60148
43120
34240
20428
70360
54467
52607
78079
78260
65200
67038
90689
76310
16394
84509
65501
84000
45539
1740
732
737
47389
57993
47102
84478
56234
85664
9982
50025
42552
14554
50019
68237
82971
79370
82515
16469
66541
94411
97157
84670
30411
87167
9500
45980
25706
29142
50470
24841
98788
1396
47387
14220
55065
7166
33857
58516
54906
1501
71639
83989
27277
83717
16844
62201
92777
46738
20830
7035
50574
69876
49725
16672
29420
37184
43355
94481
83912
53151
96337
46779
24551
97187
58600
464
68430
40458
1876
54405
6816
70002
38227
85718
82343
76853
79618
68745
42996
76948
70618
99667
65702
19563
20900
4053
91882
53614
25217
58320
71245
84240
30846
59186
93941
927
1647
52308
6830
18093
1368
5658
90487
1644
78759
65765
40855
28634
57894
33041
50035
6144
55191
14681
84841
49474
10084
2899
93939
28024
70427
66632
53678
68257
90454
42153
66514
86666
64448
32211
81196
30161
6208
49487
66804
93127
63842
38578
63794
24926
43612
7659
69683
46096
51151
50678
92235
27951
67584
39394
60617
70294
78911
86968
75844
34810
1256
70577
43771
6212
42417
96118
20206
63749
47633
16259
30113
70777
70598
65818
32417
2908
77684
16614
56407
68084
58424
65303
83768
97617
63110
28367
47747
97259
53874
28284
4914
57711
78817
50718
58709
26683
98977
77373
62861
22555
27728
5931
28379
50141
3003
79739
80762
70141
73775
34422
48389
33731
19494
26620
73965
22224
44505
79480
89126
97132
25741
94958
54382
23852
8493
62875
6931
13800
86580
40269
65930
37350
35392
8440
76662
80314
84543
40862
61285
35408
69433
85024
70279
52832
54979
34458
1609
33370
56053
46753
8106
45106
87730
78331
242
9141
97040
76554
51615
1499
19245
63320
33023
16350
80803
73331
56971
41044
231
51231
57348
83596
50596
44922
76288
10105
38127
74162
29896
40815
64572
41641
50352
18342
51056
52847
5486
70504
25756
16002
32256
41376
38091
74079
56564
9392
8668
72835
55771
33591
48585
32554
26878
65172
42382
47109
98736
28567
33037
91142
25178
57409
49104
51334
37048
64953
27366
23576
83809
46401
67785
64600
76366
24246
13649
94389
71285
92106
3329
14051
58396
62956
65263
66755
55233
97912
36921
16189
40249
51440
92543
69523
53196
11414
97646
82892
20633
32042
91817
78224
42865
48910
1652
17826
16135
42897
33701
88772
34932
76443
71058
28241
67671
87641
48806
57522
94674
84752
60603
69641
62462
73053
14025
62627
24594
79111
69535
41777
98373
92312
87270
74824
63924
41857
27705
83142
82411
8832
77521
80344
83378
77619
93268
83555
34510
20282
6346
56884
4663
93734
13903
8385
85161
34127
80486
87336
22112
82560
79873
53834
62900
24958
6701
18515
9325
9728
50098
25139
40582
79273
28970
94762
31353
50314
57218
11261
82824
72301
38971
94335
75991
38321
50211
257
51707
91630
10178
47535
17956
54074
76469
85278
75109
4573
74544
2012
81917
16193
59917
97079
70607
37293
96320
97648
85834
72826
70346
81322
78504
53536
31293
40193
68948
67427
53960
74771
71920
76724
31164
45722
47287
49201
17896
18020
42020
77981
53495
99544
44688
4656
72184
98239
50615
10986
86993
3799
3684
68121
32427
20117
99383
57105
77130
52934
13498
27340
11231
53615
36742
50581
65099
59766
55607
67898
16097
13056
71562
5448
28743
44973
27420
35931
50478
11659
93002
46640
21972
37087
20312
13381
48862
43208
1224
70957
96606
70483
90157
69161
96636
72432
72307
25844
62155
20388
99780
8764
24368
99790
94355
44085
43219
45829
31779
47000
73444
74991
72395
20647
73779
53840
36108
34352
33631
41646
60968
45019
48904
59068
60589
94323
42156
25113
45145
96344
4371
807
80279
15733
97465
64277
9098
98213
53305
9077
44469
55959
49248
34681
52223
53193
92199
37492
41488
74726
18462
15151
65702
54456
47628
53620
81036
96596
87885
43507
66116
78692
98450
1409
84881
22022
50782
95218
83277
53916
98057
39429
3084
60431
23088
48519
48439
25934
3551
44753
40169
58784
76481
21792
45350
49028
93268
86047
25685
47945
84513
1696
17115
23461
92212
14840
34259
75802
46561
98284
15583
84443
43091
76977
46527
57036
48777
14726
64903
36292
55212
1806
47340
26902
43692
96023
65395
59184
86914
49310
41933
4933
37924
97656
18267
89081
41540
48952
4118
99944
31607
20503
64944
14056
2371
20822
1075
28236
71094
48037
8847
84649
15372
47962
51612
11535
70468
20319
61254
37918
65273
66618
77917
77152
76947
19508
7966
3298
94331
66473
155
73121
15482
70449
17888
7082
31113
98216
94551
7100
2104
30740
67265
62259
39547
72035
87689
70304
11697
59277
77805
8269
50667
17311
94613
47085
56341
59674
90156
46268
5509
87272
85483
12928
87962
76391
70826
52281
2493
48534
27806
73185
65082
54483
24686
53420
6938
51799
41901
65949
31152
65119
70493
7938
8278
14359
68191
27679
32536
46301
14796
84678
92412
39578
46503
71790
53304
66579
92807
42300
80644
26295
68329
56021
79484
79069
6327
93828
78892
46543
42877
11402
3234
61257
56039
52260
89479
49685
59420
91199
38276
58693
91166
65809
94160
60110
97574
48447
16971
1573
67114
65992
53026
82258
86171
69471
94555
39487
71421
63696
74618
4507
73603
47245
90290
48110
45243
95
62016
47804
24680
92087
23707
82075
30616
57374
56212
11895
46121
10152
24870
50610
953
97849
75658
20052
29498
40894
10374
62520
95087
2928
27395
87695
56210
4194
56621
44349
32676
47549
29257
90220
95104
39246
25249
34056
863
6502
18464
71935
87307
98358
22474
50857
38243
49720
21646
41812
3437
67833
65067
15508
79159
68041
16145
22008
60721
49864
36942
79559
50052
95197
46237
5438
91393
59668
78479
76548
54363
10208
97433
38805
13625
2755
28376
37255
80960
72850
83341
58110
72704
53244
23853
14494
11702
22695
31282
59788
75989
95426
7760
85700
17846
81024
16963
52587
95445
3381
82551
36104
20369
6196
81824
7791
81222
11866
62015
33527
55398
25927
48737
76514
80128
35588
13579
57341
47022
60169
47506
12410
22348
9953
41152
52122
15278
92620
36029
88247
38078
48270
4735
4480
90368
71386
91677
71690
32880
71552
51023
44122
52722
50849
39140
827
83648
55729
57000
79511
30218
96496
11656
71296
47554
94781
80671
90549
2140
53766
10202
67558
41457
13772
32372
56670
36943
40784
7955
70906
36007
72891
92634
56734
15516
44849
85750
5430
97353
47501
47951
65992
52267
15913
49971
66369
17352
59295
86837
44375
71784
40152
6570
26380
80554
85979
90464
91567
61871
2882
39665
78459
51213
39413
76355
68950
18723
5192
69248
60470
89553
40221
82792
49106
89358
46270
32115
14703
44555
46520
22933
6373
50227
94193
35428
4291
60104
52603
53444
59910
85001
72834
80646
77745
83247
97902
82604
33113
22023
18271
38153
23552
24157
37486
79181
67519
53247
59068
33743
7866
45015
11993
21443
84624
50652
30347
53321
62070
50051
80933
63564
15063
18287
40438
28830
91519
90064
95717
13379
72211
58308
45708
75462
82033
12823
10160
98952
25516
2938
98510
64717
31610
79444
2367
20478
8773
77410
31777
71229
83263
91713
56796
48414
81824
94970
39581
25055
33291
15180
57865
60357
23892
32595
77675
49332
54163
61189
55158
40540
84395
87866
40822
20362
57136
83106
65513
78751
44784
60189
65003
70648
35971
92927
88173
52970
7170
75969
16268
74512
22701
51131
48174
67468
88229
28717
13681
57673
5011
32730
96896
17370
44793
21010
60270
3316
85295
14996
33535
10708
32397
17073
97862
56775
97903
31489
2494
14641
83318
79810
48310
73473
12477
79768
64756
31924
13896
10610
45863
84268
10129
42290
90570
62539
66877
74491
85488
9932
4827
58731
2926
9318
51142
31705
30465
2782
37124
29342
2582
91667
99641
26649
88381
39092
86298
59544
11651
88586
56444
33514
69485
92703
30862
95466
12816
7003
53985
121
3172
96551
99015
87941
70540
99613
67753
80462
59055
82592
62808
60507
52592
63414
89747
70174
67930
40242
4968
49911
35349
38692
21027
84474
98488
87041
44706
41167
97402
82344
18201
10504
25809
20064
66278
7647
26940
66820
65335
25417
98935
23658
74526
65536
44303
63959
35669
36577
54096
67035
86431
37690
65556
4925
55804
96023
92199
47814
97357
27830
29707
50161
13297
31961
27450
59789
87917
48835
69551
13874
57860
2826
22071
41458
71922
89855
71499
70896
57322
67760
35132
21722
43645
11630
99952
23598
5460
32926
50882
54160
93473
74846
12553
95790
58959
9501
46581
85035
8366
37584
22134
69319
96961
18335
22061
26978
6386
49744
18353
58723
48255
69397
82384
60063
81679
84337
81387
83463
3478
7903
21770
91859
65258
47477
54246
93537
8561
20549
96353
42576
49116
49669
18463
38035
68949
16862
41925
31863
44836
79596
42210
61580
16332
35077
32737
39827
81469
69336
26492
95106
160
23825
58120
49318
28741
1177
88776
94376
60598
29633
85269
21579
8074
51864
32549
2273
71753
52518
73515
78687
29351
38317
18008
41089
75325
82037
13203
56659
40305
71121
50430
66952
13728
33519
59812
18632
97256
38319
45476
68645
42224
76521
5264
13706
91005
37631
32041
49803
84581
62416
48254
39799
32380
50863
34076
88760
70414
47167
32748
93677
12311
46202
32419
38330
6087
88409
93551
99670
91207
19380
5911
37629
56180
45079
88858
93779
44720
4985
5666
26721
45171
29223
9131
91076
75711
76034
76890
45787
87662
68438
28692
89484
94914
2637
93279
41202
67348
75411
27230
86090
7661
75762
95263
20203
38107
54421
38199
70637
48975
29403
76680
91394
70643
25566
6280
30796
97776
23883
8918
67916
8809
108
47584
59809
85877
89417
97143
46411
39970
34262
44548
58928
48462
12108
73525
82106
35278
62034
87438
24608
48845
88593
5737
26163
12481
57491
45915
57366
63338
22305
91844
81594
70303
8890
53613
31608
93273
52455
81574
47947
2570
9530
95100
78974
50386
10312
20065
91834
1984
19804
77390
96883
14401
92177
99210
30807
17156
84817
48664
9647
16363
79361
54274
30528
23394
38014
1950
65365
77453
27166
8037
87404
87299
48714
50849
68715
86010
11309
44341
38556
49607
26489
55496
19743
52669
67265
88968
7494
42172
69483
74629
57807
6355
81567
56921
63112
87245
85094
35411
95831
2148
33596
33195
83176
19623
88333
17311
3523
62868
52648
92129
66627
67392
89817
68946
4382
966
98746
66585
95407
97441
2274
98862
55862
22267
62129
5049
98185
30451
93768
2210
3309
42333
81312
48212
1819
24840
55209
18460
26987
83934
32466
12463
84211
25609
90283
45732
36333
49337
41193
67184
24940
76202
16620
92078
84263
57238
86522
28987
34570
85965
96876
89919
70832
23390
66554
76081
20802
18896
51056
37187
83925
77310
87393
19470
30771
11277
76288
55613
39320
7331
30126
96359
56311
99089
84474
66269
19587
49932
85319
15145
17035
55275
81565
18430
68762
67669
48446
36762
38635
79891
72433
14571
50724
84389
15854
17567
2201
45925
55567
5259
59821
60110
12867
85877
10744
41408
58642
81988
15096
83024
11491
98393
21968
25668
41683
15389
34782
53392
24610
74268
54716
18350
98225
70370
84806
89530
73068
35421
27002
28922
91768
44977
72808
24353
20919
33718
37142
41157
41317
76197
34801
8765
71959
55101
60119
2332
54053
67606
71313
20303
64504
87656
726
91904
90605
52614
33005
46666
14297
56275
83966
4999
77026
69517
32079
230
95140
37413
15662
65858
91713
12416
23236
32202
17869
71804
49942
25756
69240
34558
12064
61217
57825
34815
22169
1159
89615
17763
3642
52989
53230
33947
30806
22739
30709
88006
40028
42754
94975
17582
67110
18079
36144
96387
9674
89916
98612
48719
72896
82859
59018
56101
48604
50650
62206
89362
25431
80494
58251
36210
63059
70202
59902
92959
19543
45967
86266
18748
65085
64582
57632
97648
41214
93178
4576
41206
57588
66158
68358
56381
4882
72495
56189
5963
3975
66820
64714
91101
13157
14560
70007
97904
53149
29700
94883
92838
45147
70431
49995
81883
68213
60010
67905
73305
45006
63798
16204
3654
17788
84026
90593
81823
84549
16443
52043
38427
87422
50045
68909
43224
43091
63024
33325
1546
20801
86587
68813
35468
95231
5791
40085
6455
86403
92530
14962
42725
2531
62542
63374
27555
31939
9212
53830
53973
31371
82300
8652
62143
53991
12251
578
87217
39444
90134
21580
41012
62240
99914
56786
96699
52854
18313
21067
42610
90560
83191
76515
65980
55317
17925
84001
29387
51550
82782
47848
97697
86332
65640
59543
15497
72772
52299
47368
90366
76025
70918
99120
973
60860
41711
42902
10697
44307
77849
99444
65957
43894
31538
23401
50925
5632
24158
99440
78258
66068
14710
28477
25590
46476
94120
72423
5071
19296
39253
54403
40688
14581
59101
45971
78842
51096
67275
2909
93426
52895
14729
27881
21866
70758
77007
19151
66207
39914
49584
93218
27600
54853
54003
38388
16192
54815
17606
16625
9864
63697
67882
65377
50457
64715
17479
47083
14327
80041
79856
69670
72097
70378
57999
27438
1434
99185
52464
38171
17270
84610
63499
94806
4540
46655
90876
71896
88098
64217
42170
83069
99441
11486
86465
91388
56226
8539
2053
79005
13424
80206
64900
87777
21790
2729
15077
93396
82024
31492
78977
94618
62192
11400
81217
5704
84654
53740
15934
8273
45758
61967
66885
51986
80767
57676
61188
58328
45816
98570
64209
3418
59180
31358
88486
14750
79643
56962
5339
51354
9801
34206
16173
48702
30438
81280
68249
27177
40401
91619
3337
53405
16077
6835
71731
23865
6380
77452
71221
99869
73128
67278
21590
1779
38787
87723
82309
91609
82924
51168
76169
27447
88406
37152
19684
4068
83701
69402
97618
44850
27452
60507
73970
67031
50440
80249
1215
79157
44654
99504
66790
77053
48112
30153
78155
87450
89465
18856
81988
85072
41972
1406
40639
80089
14400
39561
52224
68600
15022
81649
20429
87483
17692
71908
5601
99628
33489
63530
52165
37908
87748
76156
82709
47591
62355
72738
8108
17278
84738
95337
92118
73395
208
2924
58554
40675
43270
92703
55033
37860
12744
86699
92395
87581
77486
35903
83795
20186
58648
70823
46595
76939
95110
64666
604
46712
66386
36548
23866
94230
43220
17615
23422
26400
50567
71659
30999
23830
98177
81558
29548
40920
66796
52708
7468
34820
85443
87885
27394
89611
40113
78192
22690
63353
51001
7776
68058
99477
19988
55002
85066
59968
98826
17782
59920
6255
17809
16048
80575
27239
75482
63194
7441
45755
20004
71381
48599
15624
41734
26619
12178
85726
14916
79119
69644
60196
81253
53657
45695
34409
44587
55840
33646
24596
51814
35562
73832
5040
70772
64519
12420
92622
43732
27001
84160
76936
78853
7879
97079
55382
61636
40190
28449
74089
63854
11123
46678
4231
46201
95871
17624
16190
39713
2147
29281
46051
73568
92162
44994
74739
58530
33530
40416
68467
46412
96022
53734
98666
43385
17715
51054
79475
35334
32282
28468
16580
23575
66557
98989
67593
9047
11776
97596
45492
67845
39687
42126
56670
33397
89257
91751
19730
85076
91875
61953
98969
55862
6808
1987
16577
35688
15737
83274
8288
85796
86206
65173
33705
54254
68059
77468
28790
48789
20123
65625
60838
72318
80011
96739
33818
63477
78915
85804
16730
36678
43651
37738
39442
5779
16223
35859
67762
52795
48482
31679
76144
33975
97169
74408
40819
76252
99705
12260
36756
39189
56992
16431
82965
70579
39108
69385
38083
61858
11392
40154
10680
95409
61046
11639
38505
31163
10068
90320
53207
99850
86590
31333
29370
2649
27471
99425
96794
59844
19204
60267
71197
41241
11879
79945
62936
12747
13275
85033
22150
73636
56508
74163
64263
69507
62873
73577
60442
97494
78922
34013
26683
24129
68663
5589
56305
79769
31755
15549
75141
39369
3968
73349
901
65108
80411
81086
37329
57974
65039
44169
73455
19430
79435
18880
76470
88838
3537
2894
5596
43956
78704
91820
53073
89521
19228
27784
3819
48305
44709
31371
46766
25390
8020
12544
67208
60845
46583
10636
54402
14441
61564
23604
89396
81721
10602
44285
68071
78824
91468
15559
82108
41464
88906
15966
8503
10435
46349
22048
39282
1764
49802
33044
752
82364
55936
70817
65640
68226
87839
24471
68021
5459
73370
25602
16569
66839
14258
4431
17430
75950
22310
97677
18262
12132
46884
94943
9287
29495
89787
10467
84808
1913
52997
89523
20954
96119
64799
16336
14037
71595
17457
96555
9990
34451
75411
88463
22247
51518
22207
9571
69169
89613
42569
19912
4307
64591
90237
97874
83306
91690
63503
53596
18758
79960
26335
89771
87562
12696
47650
63009
59081
52204
78215
44375
87636
34525
51641
96347
73070
31774
30381
628
24915
43644
970
76997
51218
90459
58694
66847
17086
75838
60641
84706
22942
55458
7486
54237
52269
10510
2059
38330
89833
550
68726
84326
38180
18912
53733
33255
40092
4259
21454
95531
89648
67089
11161
64140
13021
78091
10695
50150
32317
74525
60710
54472
75707
91770
41080
76813
48213
88749
24087
75450
18673
7028
7941
59422
19122
2820
20197
18925
7367
82308
51669
64889
40745
72085
26166
96477
11241
46180
81450
8866
14123
11655
55726
51610
97237
99290
57275
87991
27328
1429
20557
39570
56053
69261
72075
50784
40344
39558
43834
73808
72581
85071
4863
44791
42799
96668
52416
1262
67275
97207
49210
77415
49208
78206
25723
89058
41855
9798
10681
97141
49453
70815
97493
33561
78440
30997
47981
83922
41008
31983
36360
4615
61079
61630
9519
17991
40164
29013
91007
84075
28698
82053
924
28160
54654
2641
89119
25548
85560
68446
81652
31599
51980
94327
75074
87619
68681
98964
98806
6837
62127
46398
34136
32789
27459
60507
26289
60025
83132
35928
38389
24348
82047
29737
1540
33914
61578
74671
20459
72893
4603
64455
26800
34777
64896
27658
98138
24883
66145
15090
77745
49265
37942
35326
76305
97235
31471
17073
17099
68814
31457
82384
21201
19333
90160
35694
44861
37087
46644
50293
79490
64757
6988
41838
58194
21206
22046
59980
53317
14685
63690
88758
39075
89001
10724
48070
75090
95214
20389
55826
18112
20717
3137
16414
69864
56509
4672
11058
86983
18043
10056
2069
32243
46118
76983
68314
7044
58255
57714
27339
72056
14148
32390
75740
94940
80921
73581
43396
51832
25349
13290
30252
41389
61494
39955
55104
51423
64929
19378
16893
82273
40587
72595
38188
26247
42901
21072
81707
95527
37038
94881
80189
11453
60482
50025
54385
39308
97044
72347
32146
8074
51734
25338
2370
19376
56049
34723
42585
30235
29820
81251
74975
19858
63674
76421
85182
32751
58733
6276
59114
33802
57654
62165
21131
38170
18674
50763
33733
33457
96016
21653
36522
51968
74934
86748
61361
26949
37306
64257
86635
94430
21238
9727
7760
33221
6112
16622
17062
21654
22764
2227
82882
30677
11304
39132
78218
54419
29177
25937
85173
39327
71129
14306
12691
64070
83124
98176
19094
97587
84809
27691
2203
51065
6964
36729
32311
89722
94119
77518
62190
79316
90509
66972
72702
3205
65985
82549
88157
18411
28724
12236
14636
43833
10730
47453
77291
94200
8220
5878
87957
55498
85682
35386
7738
91975
89984
76625
18075
55536
43339
64953
50705
82695
2293
8723
25065
89978
59488
38175
36878
12620
86588
31105
77336
88623
12408
31372
59727
38699
23
6891
31490
97045
89866
37051
35271
23758
37128
69290
95102
46508
66551
6056
47060
65967
12830
33245
96519
82802
52273
90100
61412
92352
79131
91596
91560
69830
96069
95447
2319
40869
84325
2218
65361
62527
85994
37872
29252
86040
1087
55751
18353
29967
92747
72312
26761
48640
73286
72734
49008
57936
71870
89354
8069
91480
71800
65081
44458
56098
7719
41046
44033
38454
22304
82221
44555
64691
74718
39620
2128
47550
11127
8233
44123
18184
84258
35215
38822
31119
93090
32254
40844
61218
26503
55276
64773
72695
5727
64931
10514
54086
68339
16795
11389
71013
94932
48101
50052
96410
23570
2020
60979
11221
56829
69077
6056
63743
70559
34763
26862
83561
18426
32714
95393
85318
68950
71937
69785
34397
69064
30382
32248
13451
81537
44134
6292
33602
74749
15800
37843
95400
23081
70904
23766
8422
91466
35922
43508
38716
63197
68602
93456
92097
54818
91597
12246
70719
91155
95497
32164
96423
57913
23316
49292
37255
1195
45844
56378
45961
96877
59597
3693
36468
23334
8457
87876
58035
47639
10610
60616
92890
45078
44934
20871
84006
45372
83670
52709
67273
77678
86269
56579
8875
97706
47818
77104
2612
58841
39157
70838
64643
70419
54469
11967
41052
8066
69320
63319
76608
21164
31724
9633
58075
29584
14329
87579
61676
20143
66636
25990
24759
46874
96536
76890
86315
35926
57577
83206
84754
40920
76063
57686
99680
11711
83309
49278
4393
11509
4218
8856
26016
77488
44359
79428
31879
44860
64061
40353
54399
2899
34434
97195
48098
82684
37498
44078
15279
62764
47208
66365
55839
20883
75709
76875
20493
79626
7348
26791
96091
94497
85394
58778
98056
41425
85859
88203
36558
7690
65419
83591
92975
21513
28030
78286
45443
46274
74868
59527
72278
55836
64217
12909
30208
14872
65484
67163
83124
64870
67326
80642
62835
97950
9629
46810
36482
79339
91159
2831
93022
82831
88288
32989
21426
84705
94673
6438
28790
48163
85902
83824
52679
3561
48387
71490
66549
51567
2050
65569
10904
69154
81035
15292
47914
69534
7837
56637
83097
94559
27097
67629
86312
85745
60359
94766
81563
41405
39994
11766
17560
50633
72515
99348
77833
93071
85485
67320
39281
53687
19994
93047
71765
23952
68237
2546
7459
83320
43456
37905
34946
40414
74430
40304
52035
7106
66639
31798
86177
9527
86797
36990
14466
43135
57241
41915
97534
42780
26226
75996
58705
11148
69032
25069
2071
78754
60419
61285
15179
84144
30606
25327
50734
7897
83093
86358
43026
11098
42891
8990
98300
13348
52224
35713
74299
25841
36068
53189
80190
33425
21547
92986
37795
32133
58059
29160
64440
52534
1719
14192
25376
29314
74591
13731
75154
69076
332
95421
48947
18571
50407
90453
45006
22143
40362
6742
54122
78264
12450
7430
34070
36939
80397
57564
29332
2115
48288
3843
902
82683
60926
74849
19016
89691
69210
46651
25244
69404
68557
64764
12313
82250
27988
43572
72406
90375
88960
4913
76521
64844
79566
67527
81446
4757
63161
69105
40230
57603
7949
79241
57189
7873
38815
19740
61330
65116
58097
44663
99061
77520
64170
67299
2804
17578
18010
96522
68797
62160
2807
60810
95077
39499
19481
79789
41285
22291
83100
69893
88702
93982
35830
43436
43861
95084
13977
32649
94148
60786
53990
54818
19585
37323
33481
90822
63593
93838
71971
51113
56335
11443
34956
92404
70085
1220
30097
38062
53573
31744
14941
93650
99488
52354
50491
31530
64949
40149
68024
25859
68572
10452
63636
83918
1730
34490
2436
11256
77633
28
34592
91174
35764
83530
62054
15853
69852
13845
7115
1718
74800
36192
83782
47126
69542
60651
85985
31524
87114
10481
32271
95917
36469
75416
71183
78158
53287
8569
55729
81372
78068
98324
63799
89060
47195
23261
32658
94859
81246
40390
61603
46103
34468
64297
55385
4257
31715
77302
65117
40559
41393
85339
50066
43684
43401
45064
66065
11469
62064
86030
64826
17167
15630
91768
89078
29677
94529
63409
73861
50914
82656
49586
75828
66975
2968
35207
72266
5251
63201
7690
77115
99363
38139
94099
43151
60026
54982
7868
672
5697
69758
37732
27797
9727
83927
26126
72967
22694
46562
96812
75600
2228
81881
80002
45820
270
86878
20848
21659
35407
53381
32978
44820
57489
70008
57399
12706
75000
97210
27473
84709
43606
56350
8465
49344
46247
80625
70345
88247
52132
36124
92751
14491
34293
76800
44720
53880
44858
69459
2616
17729
30544
8563
73654
31358
85615
80584
53262
88546
1679
29450
15508
35452
27008
8901
70380
3198
85990
20463
69490
64466
48491
65524
95688
95930
55905
57521
35450
59273
54713
49922
83085
91497
73892
27770
50410
81639
95443
93989
43052
75698
48143
73447
46776
34682
35528
75743
84575
70758
82681
52374
65558
79385
27134
58865
70733
77547
32975
32148
87690
29362
1458
84843
59987
37305
22061
18534
47136
77105
19751
35319
56326
4408
40496
76439
76396
41880
34633
50819
37806
94730
8042
41111
47820
86648
65650
80288
78528
83797
95334
6248
34958
73511
93331
28484
19866
12637
9414
94415
29285
10438
65399
2823
90384
49720
29240
4397
30912
80799
90683
81494
97463
26623
66218
65906
1650
55717
65574
36457
35628
2341
65667
10710
3435
95833
24353
78348
72294
96486
30174
92889
87276
62576
47009
14537
95568
3558
61197
94884
67197
94543
34660
64255
87858
41622
31016
25478
40015
42574
95549
23029
85833
45550
65364
41566
43095
83391
2486
73727
31061
58973
52639
95590
92903
92200
19317
86104
24612
8330
47870
86108
60874
72143
25994
14188
68368
88076
52224
35351
81543
67311
14302
57698
9309
5756
16528
95066
12367
414
38574
71738
