33929
30976
63298
58168
63423
96961
96749
82911
95688
87952
75790
7468
90780
47594
72289
62630
93593
60133
52161
4012
46035
47959
64983
13525
75569
82695
59454
35473
96701
66020
1634
23202
18951
77747
16393
53291
85128
83480
59378
70518
30900
90935
98985
35925
70812
19972
64910
17238
53860
19534
46534
14141
75975
92432
89646
4118
32925
37272
37212
88542
9726
86267
8392
11364
87714
74198
61892
89517
48398
5781
2903
81378
70285
23583
55819
79355
90617
91187
99663
85
38256
18051
75769
64392
50708
3629
38327
87752
68330
48819
17897
31447
65407
42147
55673
77228
94601
22059
98230
50563
59458
53460
67677
56835
54377
21408
87962
5815
8615
90661
81654
88160
67606
78863
90267
7203
49443
89802
8580
13303
22858
4756
49900
76441
91961
62864
65613
14921
89768
58563
97056
34243
46262
59079
33004
22147
50418
57447
23558
94613
74210
4144
7290
78452
8170
84849
83904
71183
68017
91660
48575
83904
4601
70975
73497
84088
95503
61318
36940
85893
17958
52094
27719
51757
56452
47834
49661
90183
58911
63975
75705
14234
46331
86302
51251
20561
82595
20227
96082
48634
17960
76387
35666
84401
79386
19835
57026
59493
24793
77059
24697
65544
18179
1874
41321
76802
96669
50303
31316
58498
93773
68882
67457
11559
51432
96061
85222
26010
21617
26022
13790
63741
96535
95930
14993
96331
7094
5046
95904
54361
59382
67490
74895
42957
70817
46207
34500
22756
45474
3785
23496
48393
1226
68228
21931
26231
55234
36027
50725
56161
27317
17715
76646
46176
57669
93355
20105
98305
33046
96110
3252
46544
30482
90415
45765
23029
68917
72069
14771
1931
21395
25967
74598
27295
74269
98105
72142
62244
50113
4015
21444
46251
23861
36021
74338
78406
143
48586
57527
32736
51487
69082
7220
79199
39041
77955
36667
65983
42886
41401
91456
36298
99822
97957
90345
11545
516
42649
56197
17762
74298
25561
19808
12664
21107
17370
47887
39073
75421
50976
49563
71596
94974
5402
13782
94613
63049
71773
45404
87670
38201
1840
42799
3124
91649
97846
91753
30543
37878
83602
2475
97991
84930
57032
37511
81074
68765
94509
45820
8185
99292
56052
34053
78924
50445
9130
51493
62577
25310
61138
26331
60745
29376
75706
19990
92165
26282
16916
9775
40492
42374
86480
73639
82595
41665
8550
55561
81187
30278
68011
30102
25854
6316
98781
57111
42971
55687
37694
450
39119
72045
42303
77502
72545
19915
94507
95083
26381
31303
93715
31867
64757
24535
72914
48533
40631
16908
92518
21978
24408
98726
87944
61511
93164
99831
306
53461
50393
28786
76456
92516
1638
99873
42100
33761
15715
88594
65174
70329
57252
18325
42844
24773
8987
85130
55762
78805
89662
1562
55168
76378
74597
56408
89507
36701
74308
47625
28143
65403
38974
21363
23133
30389
53886
22899
11444
69234
54935
24664
10444
79209
80276
45961
70426
30126
89954
82081
86264
11933
15932
49930
9466
57448
1617
67663
2884
95654
65307
6305
30238
53403
97169
57641
16729
23049
97861
60849
53458
44631
43288
96434
88522
36130
35037
17576
72666
71950
79805
56466
97855
42832
29722
98029
11216
48519
33174
27885
84272
65875
23812
94418
20966
25536
99187
66323
34993
58530
43032
41003
89030
37401
96681
44674
3742
49687
84393
25264
68463
29398
40501
80379
69795
34686
54308
27225
61643
19334
69809
68017
94469
56868
79037
5258
27752
60296
15382
45095
2543
58541
58966
20130
31906
14146
34120
80828
92915
35549
29892
90686
20827
48690
82264
69504
74295
89637
8508
69763
87752
37859
34166
30206
8848
74536
26228
90775
86371
97277
36619
97427
15718
12266
89495
54246
54030
58911
37053
35234
23588
46535
73903
29619
83413
56829
9582
18305
49061
9870
26598
89210
26006
20879
39089
99148
98824
46125
22284
76303
25002
13099
20654
3186
29518
87802
31406
46791
14862
31277
97994
80688
13342
49258
34026
49888
2325
55589
63370
85366
56381
7300
22151
95649
2465
87360
80893
74651
56124
83321
60163
75703
89580
25605
78691
2064
57291
66762
25749
29909
22091
86101
9944
16973
40850
38085
84986
69698
49972
94552
36661
14832
20138
780
88973
4338
58035
40690
43561
79895
83682
47118
87594
4258
47191
37955
80104
14171
317
74406
50825
89402
82430
5256
58613
42550
75038
18103
42850
23347
22208
79982
92675
37261
94316
51399
76768
51425
87254
9944
58048
44622
71806
88245
10039
27017
55857
90989
74741
33062
17012
57232
28947
49196
23606
23992
53207
44262
91801
21299
47967
6325
22332
54596
73920
15615
17332
25050
5710
61170
47387
21811
57052
94416
92677
37025
68439
32591
36729
81319
98405
49564
8419
9315
91361
93623
8039
58433
47066
49187
26932
18207
79378
39370
79522
66200
21357
43537
42793
21949
23685
50842
71207
45796
84136
44519
49396
29617
82739
3087
82990
26224
20739
12226
24512
86827
34900
54846
96056
62102
68014
19332
84742
72914
41666
76480
28336
90907
68085
21428
30458
14651
54258
91387
41778
34353
40545
35549
93272
91485
65222
51400
71275
55351
41480
75039
2917
50344
13735
80874
30677
89125
8617
82758
30742
8498
82388
55807
48128
77584
83423
19124
46078
10791
51515
56759
58494
58802
44415
17557
83886
97996
42143
7007
37902
29337
38995
15498
66384
79661
81219
73352
21777
42134
87541
5840
84038
42273
53655
93760
58841
18598
35191
86971
83957
82006
48040
67882
38035
94491
55197
48562
13666
73217
62587
48404
10998
45264
64521
50527
72558
36462
46243
11916
12164
72413
77899
22716
49678
4667
58104
60230
18381
67734
75844
41677
11955
26541
54073
16346
40597
87611
4504
79052
95036
33166
57386
19907
12011
23459
90598
11833
46538
52899
72268
97349
16220
29801
44692
26088
43182
4610
56898
53219
12865
25907
66229
82405
40141
61967
39911
9719
83522
25880
61968
84755
37279
19758
15929
38998
10812
9248
11635
8205
96121
16933
16454
47348
12196
91130
67762
69777
97323
72957
47954
16787
5654
831
96346
6046
53682
72635
42597
30338
96282
63600
50451
99315
16646
8222
73275
97291
17702
71709
64672
69010
24336
85416
40131
4706
58469
33257
51606
86425
68945
97798
92584
98250
42484
13806
86520
43812
76261
63074
69326
4477
7688
26757
97510
62647
48235
55669
37603
9739
14677
9280
24970
811
67995
59712
42492
50345
70099
54814
65216
577
45349
73251
39870
7596
23072
72556
97253
66768
30770
87988
51916
69224
34846
52917
17683
75705
41351
6539
80248
84735
59574
13441
97449
49272
41223
53403
61345
73219
83338
49969
70063
65412
83881
58934
42862
59131
77987
30344
11215
64658
59730
1699
23735
21254
30280
2937
48273
29624
67188
57801
56441
55320
16432
9628
51047
27903
89137
39018
72218
78731
36048
12818
32474
9605
41025
13734
94477
96294
81931
63366
99960
31495
48879
66519
774
72919
80319
89881
86829
3672
27708
19816
75752
55855
84535
519
80081
64939
18845
37929
63207
70566
59263
95251
69498
22121
12368
55309
71343
38399
26901
81450
33150
82668
53997
61766
30531
7332
46991
77850
93386
63545
97267
38111
71372
45823
59204
59713
95661
118
63812
44022
79574
16962
87508
67184
50524
17705
52477
33524
11105
78695
35015
35612
15335
81568
6190
26684
44304
11068
85519
11011
48556
15479
56309
13594
80568
46950
3550
28042
23170
51051
31425
99502
49002
93254
64659
46967
25429
70393
98357
60856
22415
87083
28363
88437
65915
65144
7185
89390
4416
74850
19076
15197
29567
67603
7264
642
23110
58882
93273
25570
84537
18568
63708
50902
74124
45778
96112
80174
68062
50057
9214
66373
44511
26406
81314
47794
98468
44109
800
6155
39249
39842
13992
82275
66286
96189
89208
63036
71973
46087
82660
18034
87388
50287
63112
96510
21410
6182
33322
94605
7827
80264
47477
11228
86584
87468
63571
29237
91966
99800
81762
42874
51085
24829
36329
55634
11176
22382
90773
78016
92981
98442
86782
67641
98510
7288
37880
57205
81333
67470
41990
55372
67742
95653
94686
21553
63740
55082
39756
50998
94119
22112
88985
89205
93659
68694
39833
27354
46232
65858
75008
8543
15198
82021
1475
47163
73600
66881
20730
73895
54701
8802
641
84122
32778
7980
39352
94765
33397
57536
56809
50941
80242
6012
9563
78781
56813
88461
34585
90167
96870
8296
71187
5631
88626
20409
70410
46603
185
14056
20227
98099
78729
15145
96535
25298
64987
86851
44174
9008
96712
98063
38739
71213
41974
35300
91407
34058
74701
42711
16823
55433
15647
91310
72750
37243
49793
26160
36564
88756
80537
94775
55255
6900
25824
16900
69699
36617
33039
25075
60270
33354
99474
11904
33261
5417
41931
94686
78515
61941
77531
32811
68257
99149
90914
11793
98622
31645
15899
88000
12444
67830
4935
18549
14489
81900
5058
91711
12865
36634
51154
67237
42821
665
95276
78637
92500
12571
43229
11029
21652
27865
95565
6761
92364
17963
62322
35476
14505
35741
80118
97120
1675
26475
92776
89041
8662
98257
70135
31392
11271
99915
41218
62740
13072
54301
29415
71181
59241
50256
34083
48096
61657
21052
20980
35997
10371
71261
71558
52491
53504
31219
27749
41472
31350
67306
54744
90734
50495
33547
71520
66820
45527
15761
4287
14681
42893
33134
74183
24395
81826
60722
97449
79297
31724
27039
4751
76567
23730
68445
21527
30798
26984
49746
75272
36898
12006
69830
94800
58214
60610
89990
32718
29251
2479
7234
7394
36651
67035
14744
61935
87709
65580
30921
25111
1027
50196
74407
24840
52719
98186
16355
23561
74318
86845
9300
87958
48987
12075
93048
67858
61736
82627
18597
99473
