61932
31770
59547
63661
51421
96301
58309
43313
1329
42812
61865
62936
73776
54391
13233
48077
31415
75404
95026
15652
6736
4662
65359
90031
43356
41968
9593
8567
87201
32419
66949
33035
24249
66626
25327
50990
96311
17403
45275
23365
14512
65155
13702
76700
84984
11168
73550
429
72326
11553
12627
6124
41025
97257
41661
87294
53210
99293
2734
2023
65674
44923
16799
89389
45065
54277
63016
33927
26514
91037
97986
99469
44924
60150
18725
25515
21952
85895
46752
74395
27013
94043
51854
50157
20365
96603
31967
54077
33554
9761
53125
38148
19981
57306
60182
83890
54988
11747
85035
90184
40021
67396
50306
96962
35829
20042
83238
90651
86751
26860
32077
5856
51994
37312
75819
97109
20265
86998
61882
99750
84999
58880
57898
73370
31008
80941
59627
61155
74799
32906
22461
43307
93680
20190
68996
1722
7091
69448
10047
16751
12166
2602
34458
41081
18122
20398
23041
82859
91617
81749
42993
57628
14331
69892
90318
6514
76149
11003
90713
2812
96887
15914
46893
24372
66708
51758
45006
19303
70656
62850
45937
50325
43473
38466
8090
1029
53271
55706
56914
57172
73078
55441
37138
89003
22629
56897
38494
74040
42751
51007
57113
56604
87815
14728
56940
52789
41197
45192
7514
77497
30946
51875
97065
61001
25807
56724
67333
96262
22697
28116
62825
47687
60362
52355
56867
85780
22486
54403
4138
67758
41415
47686
66995
63056
87588
49880
85495
34097
90610
54957
639
71957
91466
29038
81253
10267
78477
58093
25864
79210
26995
22091
93967
54347
85414
92215
63874
46092
16986
21438
84309
47218
56874
84200
11141
76611
2362
95284
75266
90486
70143
92733
61761
41634
96594
53759
57593
29781
29404
74014
39160
12234
17126
54784
22374
28950
41758
33326
24624
72291
30789
36211
46273
78941
51979
55946
51839
70863
99177
96274
55380
79027
39836
66448
47097
25161
40614
12183
2620
28297
65826
53968
75553
92172
31331
97768
14592
84769
72943
79705
36724
11461
15233
15190
52913
39922
80734
77796
91120
77375
71796
77638
27663
1858
65203
35794
83842
76427
45162
5763
71234
89620
35661
84069
21333
48591
30124
39571
76058
69829
37092
49404
34905
82691
78147
90720
67453
80088
60892
52570
90622
93866
41637
27696
92714
67488
87744
52577
99644
94327
2660
9764
95575
37985
62369
67523
37513
78307
9856
71262
5791
59468
81399
53403
92643
19143
76131
10887
48404
40167
98993
58857
10409
65146
1506
37619
27970
93695
66877
94189
28893
48140
54919
49582
12201
62676
61975
99544
33140
34760
30641
30389
49014
77870
22752
91418
22528
21935
92025
29021
50817
66672
36542
72010
33739
10312
70229
31196
81927
25514
83501
26581
67044
28459
5705
52630
28003
79109
37294
19158
14094
81798
44907
66838
28863
11273
56873
80226
49300
51250
19865
34917
54660
77172
3694
12731
71321
21404
92681
8382
82765
1678
68633
78627
1407
52897
51650
88552
48748
54973
34260
85271
11160
28771
5119
38261
99018
411
23914
54486
80621
53717
64378
80470
32715
18023
96311
99994
21409
97976
78908
35600
84890
37469
91934
86478
33497
54270
80251
75962
36082
91267
18630
62416
11003
64006
18080
43462
93520
50779
55593
58126
34389
31439
7911
12718
8498
79718
40594
84664
59747
17207
65499
20362
84070
55515
20896
27539
44332
88177
77389
78387
85479
72829
35466
51041
70935
23981
3953
70423
58759
98376
57246
26895
93276
39042
29602
33937
95106
50208
95615
23643
12614
50124
11927
6797
62589
47204
79404
74303
86414
85756
64373
78183
6636
45318
1233
56586
98826
58716
34248
18534
24024
82055
7292
69128
24188
66988
6057
81214
46739
93555
82567
33024
62834
73273
2886
9441
91286
3815
20737
78843
26714
83830
54868
18915
98314
56581
22824
61098
11056
74593
53062
25824
13714
76511
4475
79426
1657
60751
67602
64608
78720
25439
56130
9027
91922
98117
32418
89841
85056
38453
29850
41011
78854
8717
54536
49274
22163
70144
67387
56998
29639
81389
38006
68139
19275
82588
32877
76860
16815
93567
39849
22762
35519
15691
84289
36427
6412
35703
27816
83956
63865
36215
28584
7968
42672
97734
86912
68011
26140
71749
69924
20830
10005
26761
68390
32026
78753
65876
17779
90012
27734
32703
59608
97004
49949
83442
32422
63921
25667
47873
91182
59675
36435
13536
40863
55667
91478
50890
19232
42593
4059
87993
9647
47812
90025
51279
60182
43919
65864
69938
82089
86131
88135
51440
20070
42780
93903
13183
57364
2224
39284
30534
17976
3918
7063
22024
50100
77168
76023
76924
72797
76237
18063
52905
84578
74479
42057
28769
31219
15138
82380
64978
81115
57767
49014
42114
24798
55213
20398
73107
68526
94144
69298
2502
76229
39463
50400
68490
53193
67593
99141
90914
29762
88641
63007
8993
37336
51380
44198
10533
94461
89105
70281
64757
22932
62435
14245
36973
82353
92335
74058
78121
54086
58239
44932
76407
888
5147
85936
77995
15251
82185
83199
12128
90633
49260
13
75587
5549
79169
18783
92508
73040
81404
6443
57038
86518
50268
87340
74721
32382
19278
41676
23413
70883
48591
13484
29870
83931
24414
52875
9466
5535
78877
55947
58735
66755
7422
60589
87217
59686
47359
63685
18311
78997
99779
5474
37996
43737
45742
29549
82452
99497
53029
69438
30624
38849
56285
84145
51692
7841
56813
26950
61621
97490
22923
76831
25493
48645
57443
54129
54216
49499
85213
94278
21910
97670
44133
3298
3687
15260
20513
68068
31293
98303
71719
90204
90663
10163
55221
5109
68495
97451
9352
45465
27034
7447
69872
201
98308
67597
22269
83439
33053
10
85098
32593
40018
34094
71137
31469
22726
89253
49994
78920
62263
40563
4226
98684
44312
9970
78708
62029
34981
3130
91127
30949
26770
17839
48741
17368
95116
2366
34534
38588
10262
54042
39875
61728
71592
43098
6768
62084
43427
99384
39731
21048
9749
19017
95859
96606
11350
27029
39084
65653
52418
87565
31261
20537
67108
43090
83130
7242
77653
28266
7848
49007
17289
63834
78550
94052
10442
87184
63365
55121
49837
56308
64287
93244
7727
3387
14110
62379
63185
54303
20783
84351
42825
96776
79410
8065
64357
11579
59066
29470
27835
65046
3881
9393
94630
44602
64562
82915
69650
54178
5933
98505
43427
94010
24245
91899
67522
58912
11633
73948
11568
79172
82733
74199
18009
20331
62134
85422
62833
53872
26349
20784
28480
63659
67553
19533
19564
27160
32309
23678
58652
35256
58446
25480
91543
38933
39184
4690
52980
93861
40876
98093
16971
19168
91664
45782
28357
14975
67694
44542
47272
47138
91379
22592
38442
82709
15980
4635
25692
11047
87669
91781
22581
82202
74762
16344
85382
41956
8624
32720
56568
36466
95036
62031
65518
72365
99680
54083
71048
13979
32082
15774
10328
9940
38654
69123
96509
85807
15751
76534
21306
52922
58127
67321
10844
77144
4149
29219
37773
72644
60899
77717
67144
97590
55448
86658
37608
40399
1153
69889
93374
18596
83239
84645
20985
75504
96305
83270
18630
16926
80814
41634
58166
76176
82120
44720
57395
24164
61242
39078
24372
73421
52563
12533
59318
15647
43250
29458
70746
28705
84727
43140
41836
11260
34949
78621
5820
93954
97466
29433
14435
2332
77125
94080
6328
10493
90794
29362
15568
74378
64232
50334
28770
25720
88774
78398
328
24682
68825
70384
72941
68438
49527
80536
13809
91087
66213
96471
55490
61976
71790
54069
39266
44612
50337
89929
66492
60314
19331
19617
77302
21853
2732
95039
15191
60411
8654
81781
63232
60620
80096
49066
21976
56038
65268
83630
78225
97038
6219
28857
77004
87967
35876
50988
93078
59428
24617
39584
47858
19842
42118
13992
2306
24484
51391
89211
45482
64921
8081
63203
84530
40841
6284
9218
78538
98986
44164
1325
24450
34158
70233
43373
26100
94446
54793
15839
17309
58248
46549
26707
14286
98496
69851
63551
56724
26610
95145
23777
73369
15505
9784
94419
22569
49555
63694
47459
18755
34093
13685
28883
19138
27367
91494
52379
56180
87340
12373
18075
94519
41565
50486
83461
56171
9580
50639
22904
87791
50565
47487
2417
30602
21853
21514
75095
41541
44236
94162
93293
83619
79969
35226
75719
32155
13252
61722
30950
951
71137
27018
45811
22643
25993
6372
75845
94032
40329
13586
200
64905
52438
8543
12965
72799
4524
3550
61449
14504
81562
15361
36762
63420
69452
58707
36223
28764
9358
4970
56619
32009
69657
94281
1456
93987
99431
85171
11433
79760
38022
11846
34973
30451
33330
77915
75586
78816
72981
25140
59897
12121
1864
80120
21051
84944
27830
19961
72465
64700
93890
47774
39753
85209
56764
18694
5812
82778
42606
75622
30436
97570
17809
47871
35736
78577
80020
17080
97129
39639
45981
99188
28042
94776
74330
58858
66274
36573
25396
87140
78830
94355
16066
20659
29100
15163
56107
34207
48661
13720
85161
74358
9019
28805
77268
68676
28291
82737
31072
1263
80288
44539
23300
20657
7899
12952
76991
72158
95616
82372
36387
66059
36370
62941
59376
97581
54233
58281
99868
43808
26634
1538
915
2883
59715
13338
80847
14702
735
92339
18422
2366
4166
38676
38501
2871
65942
35658
26142
76187
49973
21354
1367
68351
82022
87801
28684
67705
98824
40789
69116
81762
16305
86430
41546
42791
57812
1943
63966
77935
97166
8139
3238
71344
76417
70649
25939
20022
85433
94413
55130
24762
8681
41136
15000
52685
68087
17028
22108
57667
87238
63864
8142
51988
92666
86731
39078
7655
75860
64102
48179
48368
40680
95715
36791
51907
82551
34271
35269
93952
60997
46910
39458
33866
95650
22462
31518
13456
461
45113
770
5348
22166
27505
939
97193
51352
49704
13318
32297
97789
87855
77357
96964
18726
96261
39989
98566
49850
91887
96225
29420
29319
76922
81406
56110
44148
74719
31334
75020
62162
96384
63830
16299
89284
38529
86139
90731
58441
60516
86075
51262
43223
76431
34424
74525
17960
88099
13960
53173
2879
43795
94414
52943
74681
14909
24830
73092
9001
43441
34499
81620
24653
23858
56106
99031
25283
69322
41712
26878
87377
78448
98714
94444
82489
47413
46772
68739
88472
37745
1257
65903
89902
67914
13459
67677
37736
99292
14906
54298
61393
20133
74232
75307
45808
38281
47228
48888
63028
96186
24054
18598
86149
81527
45664
60142
67878
50091
54974
23967
15631
98368
6015
12566
63813
26699
74901
51059
59318
82018
17397
49676
44582
40599
88320
43632
5003
85879
59794
42319
42051
46828
47662
30364
71560
24497
44936
24337
52272
64196
16293
91523
28574
98310
46410
18079
21087
98246
96750
57936
12713
57085
42379
72225
6532
98121
58597
20593
32869
86976
17249
89052
67249
84890
80133
27408
44709
87395
6295
2782
40099
76978
10282
83490
52990
35557
94922
62266
20260
34824
3079
27824
13448
10516
68903
41539
54162
72978
32538
28357
83979
94638
13599
51768
96330
55349
28099
76929
48824
18669
61023
48283
50018
67208
20099
47436
9888
51566
77043
33104
85050
85192
16364
33492
2394
66778
15358
47037
60832
1379
45523
50534
17687
53041
77355
58097
53721
34171
99324
90602
62205
46087
16794
41167
7096
77848
71359
64306
30344
64337
87077
28520
98153
88151
66062
37551
28117
998
82517
94630
12082
87394
25331
1937
34628
46446
65299
34074
24809
31186
58137
84340
38324
98094
75027
39565
4218
79459
46057
23676
42638
62801
49770
92968
68382
30357
63940
24723
83299
73446
77846
872
61536
99117
1607
93327
49489
40755
12076
71927
95163
8647
66137
64658
68359
16264
14953
57049
25612
57188
54527
80907
19240
49791
59614
44317
21690
57082
82705
72506
47154
25587
50902
24445
18883
49428
21316
5566
3005
97510
4865
10411
84773
14415
86916
34197
97575
87739
64874
77857
42325
64726
24500
88971
21036
84097
8800
164
29672
24818
28324
96683
33696
43743
57894
15964
59262
24554
51621
49674
94129
28343
74461
24684
20988
8476
96358
78000
58981
56458
21897
60477
32828
98367
15293
16727
32820
43026
43840
35595
46603
49071
51739
93699
6557
15123
92156
47716
22749
4604
26073
97953
13245
61896
90578
55748
97970
24169
13444
15620
91611
4907
61953
81652
78322
70881
80503
6864
30195
37531
53924
26907
57516
45978
18344
30717
34484
38769
41213
90466
59349
34669
37863
34463
85837
58436
88699
54429
20788
57549
28078
95564
61874
51650
51666
27456
30374
54473
90268
64774
99605
56246
58567
48232
37387
63304
69736
54775
88439
63897
96648
25691
10751
99491
14164
36015
15940
42300
76248
48917
27106
41706
62555
15463
92281
83901
73199
86309
41733
8596
33854
17039
70651
59530
59401
66617
17658
3317
83141
42398
41145
29469
19235
93417
42279
1063
14368
45119
51125
26183
63781
18638
67729
16473
57478
35345
40817
89880
23584
66796
65128
42095
16985
74867
8673
49218
41058
14529
63946
36676
17059
52311
55591
65266
72785
21127
56832
36989
4632
57379
60739
97697
30258
57097
93465
90213
95662
2948
89027
83169
55282
81027
70052
35394
87057
64791
89299
84403
35291
89190
49719
24350
51202
90527
7896
98158
36694
58977
42458
17998
34941
91717
94879
95178
39938
49023
8396
29372
62290
67584
52411
52731
52081
57015
21601
97140
60143
53097
88742
96670
21886
58704
35083
5687
37919
15200
93451
4960
24985
31211
68324
79075
58187
98397
8585
8426
64380
1814
97058
56014
50574
35389
20686
8470
81532
35050
10047
99646
74252
60117
74518
85107
14836
40843
20450
93902
88529
45595
38565
58562
62000
16247
77596
10946
80255
97966
81666
5005
60874
27725
12488
39762
9703
56032
43448
73091
67044
97749
85218
84151
82313
91137
42053
22198
79977
99923
41799
50110
79578
91710
88340
18786
10191
20661
24844
81124
8940
65458
85976
38955
44530
49991
99512
3105
99982
79613
98289
6231
19353
97020
14769
8760
90543
67332
13514
75317
41529
70627
86749
38588
13939
35251
26126
24736
87972
17036
61052
73513
28567
81551
20861
428
51115
34971
77029
84476
2762
19492
53157
87421
49404
78593
5204
43605
57800
7158
26732
75690
68690
61010
99169
60154
19591
37368
44433
13383
15260
74807
64710
36351
60619
18420
12043
56795
32945
82887
76937
98653
57560
47448
17992
78139
40030
16417
49195
17647
56107
39682
35796
34096
92324
49656
51560
13017
19492
25141
9631
50497
73818
87338
76863
60175
49996
84237
46235
45687
26207
14307
21533
30965
91753
11892
86959
61894
84332
11329
58445
42071
27916
98796
22505
9087
71524
20593
88454
64186
10721
31415
56625
98529
54053
59264
27317
38081
18462
9298
87819
48887
2102
55851
29540
20799
34235
84425
97196
76042
65822
999
95052
17434
98242
51875
34669
72748
25176
47663
63259
96098
14924
25249
27746
17595
29576
26049
98218
92149
10155
23308
13403
69296
26436
79092
67958
67020
97801
61746
23680
19430
88564
4961
47109
14414
3446
69842
52628
58317
98414
90629
72371
463
27269
24299
33399
11035
47069
47715
54571
52008
51738
46586
87747
59302
3759
83711
11488
47060
22642
77282
69371
96015
79377
20856
90401
96383
8255
93885
21712
66976
95138
83893
56529
90122
11323
42833
78998
53074
6879
67279
89955
75244
41435
80998
74582
19571
8271
42835
39484
24372
80367
36014
58975
19290
37150
11246
11366
14879
93517
44687
29059
1358
46186
53301
77272
18869
75890
91139
86878
27678
24037
63756
57699
84168
36897
62445
64920
84121
82630
46695
59504
75857
66757
20127
6361
62799
45148
19000
74741
20368
1071
72102
49846
46153
97220
56287
304
79086
92450
5258
43808
55049
8737
89294
84837
78043
3750
85932
37039
60270
76001
24567
65557
66546
26907
66606
37843
11632
42568
15100
50857
13616
26542
82644
8432
65391
64524
87143
2574
82351
52013
76125
95104
73785
84114
81114
75556
48118
95295
26815
56660
69878
59143
94944
38616
38203
72317
87786
39279
61295
32263
9198
29299
7108
612
80062
72178
45522
1928
280
55918
49383
1093
45161
52618
64134
35970
67939
20592
40798
15168
42469
40517
19687
43435
6370
15953
44373
32168
88276
85528
71114
81339
54035
39953
9117
18322
51332
98892
73828
75312
71272
17638
97726
17871
89602
41784
19374
25849
87173
12832
73431
59614
41590
1749
53242
20801
57646
45039
50571
76321
53003
50170
39611
88060
19387
20825
81581
59868
78866
23255
8946
26559
86776
88870
83672
84205
8378
66324
99066
38897
76413
34738
11448
60375
63049
35431
89759
81081
60024
18884
93640
99336
27066
39787
49514
28606
6409
93235
28171
69440
73778
38460
30802
19715
3904
55170
73003
55916
18965
14859
95104
99832
65500
38438
43597
94510
54
27132
23693
42638
90939
94288
18956
63547
99194
92627
95411
84363
31313
43480
24841
73234
69407
46156
435
52039
49093
57989
70801
94579
52294
1832
19355
81335
27443
63978
72301
73234
24584
77897
68726
19121
32077
188
95385
45849
96362
41652
87749
61155
73063
36399
7504
27600
91673
27793
42869
94252
37139
30903
48668
42724
33436
92419
79525
58783
65347
66698
20077
74333
4366
31377
20
78896
70641
54568
13693
37006
86603
5475
10665
58203
55860
99133
45691
48165
86501
53612
41670
57523
45178
26682
52923
23956
63966
41637
37712
40797
65383
19940
4392
7221
3915
1338
48154
40362
18014
43318
94059
16774
95061
79928
31186
63900
38993
10282
17860
36479
4628
51517
28847
12362
51361
60019
56800
16837
68791
80687
98665
62936
75444
50966
7525
99154
64239
2198
50715
90052
21017
68794
62184
23375
13849
27337
20856
30077
9334
92248
16843
10080
73310
71412
34562
95343
66318
53493
75971
12770
90566
98469
21995
65453
38179
64201
53116
33419
12553
56904
66636
44609
69333
41043
41243
121
75387
48846
86843
2035
4310
39747
32411
4982
5898
26426
97819
87215
25476
94997
93003
78773
16742
47558
14933
98189
77906
59661
90499
64461
94710
43237
9849
60311
15182
22232
7069
48818
40513
26875
72163
58065
14801
41590
50067
99831
91114
40786
87668
7443
73285
75582
29005
77396
90629
80094
7210
51208
30321
82827
44030
67591
26342
73351
35500
1188
62562
35805
43774
59157
58037
4600
89513
30081
89121
25614
73792
22993
35521
96687
60052
85958
3504
20766
62543
23515
54292
28613
45315
58532
68325
96888
58254
79132
73191
4330
44102
5173
80167
10703
46942
28620
60309
95002
30115
13750
66867
76705
48163
61772
74028
36642
65782
44800
19251
5793
57294
79229
407
98219
5016
380
88849
35200
44132
66247
97235
35069
58754
14848
31340
11872
57683
90375
50703
2294
16260
53295
73754
83933
80213
92801
70561
91952
9071
43822
64331
91151
41864
39712
98864
73689
42727
96266
78694
54197
95250
29271
78522
15014
32580
34815
99770
67934
62614
40686
30661
93866
97065
29036
1244
55441
78432
33502
76167
39478
85339
5593
21383
64792
39318
78256
38046
51739
9649
39970
20079
1080
13752
44654
2876
98608
77133
44599
69501
67741
55907
93903
73001
1418
64987
30759
2003
31896
98183
57191
68996
95344
35090
19734
86723
62256
30852
90785
53864
53473
24597
23746
11303
46338
75538
52723
99727
65671
60602
55764
71196
49813
50730
88866
12104
15189
55704
15245
86835
55929
32892
46389
64288
32638
74402
90509
31646
60401
8650
10601
73339
26345
22496
63433
72923
21816
54156
87365
18669
14022
55244
96554
39048
83774
77263
53816
53057
70383
8807
6520
52020
5506
18477
12807
84512
87267
21518
84953
62810
19869
78966
68622
23101
61043
7136
81653
40800
16955
43659
23592
45822
81241
61497
86449
26587
96654
91626
36670
38544
4932
75186
50452
89511
58841
56914
40326
7353
80862
94851
3934
70671
66206
46170
61335
19853
22425
10150
19641
50748
45044
48549
48255
23642
97220
50266
28316
38963
81267
91605
73988
26340
4233
37262
28981
27177
9459
56326
56506
33949
1938
36050
27087
43015
15
11078
45121
71803
84515
1501
78558
34682
25266
6248
32404
39575
66389
16364
19034
59095
95666
55617
22271
27840
81115
93076
19489
11769
47275
69802
61151
90587
97998
88489
63
7286
13225
72617
75940
26135
90523
31055
7320
96810
35155
76304
46867
65484
20019
47213
98831
31275
74546
23520
81176
11934
20443
89456
5243
48250
18808
7605
89521
29948
80039
12373
32139
21887
44791
29828
36960
19331
48974
64605
51898
12496
78931
91318
41430
82490
65949
22019
47204
34147
14318
25605
50643
7216
37055
19638
68020
6743
38671
34415
89361
84998
31496
8043
60711
32014
88156
20145
23485
97809
58313
33628
49348
48515
17769
68334
74033
1860
41840
71635
24674
22939
62783
96870
98251
75397
22055
9974
33831
25
93920
17120
13928
90055
1756
33265
56394
38720
34864
30044
61038
34678
32434
19793
88740
6608
40354
68889
84460
32745
33345
28993
45437
88319
96682
25319
11811
3819
10330
57819
21556
73579
51062
41534
39564
64299
47471
89431
5089
72495
46578
65872
91658
51310
1705
64979
73690
6325
13109
98297
63564
99493
52429
3606
3824
6706
25698
12908
78559
36290
84940
41988
43338
13095
576
95172
38973
41200
33145
27131
39813
83405
10185
7786
97165
18929
4659
81713
27924
8268
24053
63228
37220
37216
17369
53499
48609
10830
52
99632
71110
79329
84956
93408
90193
87914
80872
16477
84461
60892
50513
31925
34884
75387
10054
60239
59806
76251
82915
13744
95875
52154
267
6864
19303
40535
8173
78231
9363
89433
34455
51881
99835
29479
86896
20786
33337
5982
66894
48420
73876
10390
50062
59613
28795
98260
49128
8641
66824
47770
4520
68075
90481
87739
99640
35159
30376
4990
24081
61609
76721
47846
54809
33342
2133
97221
55157
57627
95358
76031
95499
77616
19825
38117
82032
29709
72100
52617
49990
25450
93467
51352
94846
87147
98659
38188
45431
62580
92834
12031
76225
25631
55714
44323
34136
52869
12945
69472
49122
41164
99983
70285
21519
59513
98792
56059
86735
29612
23272
70349
62314
40534
90034
45692
82223
29283
63891
36733
51751
58738
47102
66451
11088
27724
98732
48715
77662
92557
44690
54304
76918
55029
45162
43738
62593
44887
25355
33210
721
73749
23611
55829
72670
56965
99222
70459
78411
82789
12773
65915
46757
12162
73014
19146
42087
46564
63476
44352
77080
44834
96336
15034
14436
2202
56946
69577
57659
26139
91878
3937
31654
4641
34960
65593
47770
39517
26463
99085
92108
32293
4904
74338
64916
37646
98186
45882
29342
12466
9959
10209
63039
23662
52498
19316
21128
60874
23662
266
77660
85804
60224
68462
37467
33424
33082
31040
92099
11286
57350
58177
80952
17558
96921
63872
45467
19234
92271
96876
61849
19016
27647
59193
93189
36585
8746
11842
88612
49241
35267
90916
92073
19000
8759
66691
51136
22259
52881
4823
85717
36846
87227
296
90074
76778
26752
55476
71548
62518
35415
1923
41827
46820
52149
16710
72363
34333
26346
38643
12912
65960
26503
25012
4650
30043
51594
71766
66226
44784
6129
27032
66759
18710
11061
48625
57793
66276
65553
13260
64171
14294
93105
90689
98146
26637
70904
34812
72349
93650
66045
71183
28374
14803
94669
44668
94381
84249
73730
17535
77754
86289
98131
70621
72736
6906
83827
26607
46392
20415
56534
61121
24861
58581
82509
62329
36486
63996
51579
42073
1603
66889
70036
35860
1966
48331
53223
37021
73842
92670
54882
62382
9551
15254
24957
95878
6041
32653
63876
92746
5455
90652
22934
94677
59090
39347
74919
49616
53945
16565
20949
69040
59285
11143
24887
50961
40099
10663
53086
88547
79836
44277
71522
16244
69642
84668
57091
45480
67335
65048
64166
49696
43314
21552
21436
68516
77279
43334
24401
17428
60682
90834
70737
7045
30849
87652
18685
81702
20575
35938
34469
92380
82633
13861
18914
90423
15792
92966
6831
33307
83369
85268
58368
64373
81114
79911
79650
3758
66542
82169
15729
89749
20165
48518
71461
69932
29188
1901
59237
49591
32204
76421
39808
76961
58744
96863
24090
95682
63346
59992
14493
96433
75929
24422
47868
86017
90338
90575
57989
46077
8136
90542
48273
52235
74705
22685
92876
30999
83054
56311
86414
31671
67847
57725
17939
10608
51024
89603
4210
90378
19436
49472
49703
44441
4310
93506
93078
13093
19333
40973
8236
47517
87671
42723
19395
17184
5800
56042
65553
12820
85139
57679
38140
48231
2010
47558
65558
70448
4831
35090
29809
82078
53581
54753
54158
56596
21459
29771
65373
82114
98795
28484
55043
44566
30173
74345
25548
56324
24207
36389
80284
12157
47156
9162
86857
52813
49302
27198
86511
71888
92480
18152
28430
8553
40867
22895
79596
67420
60364
94500
51897
32044
75138
52221
33192
7890
74538
11041
58116
29591
2669
1312
67404
59335
27347
77394
9068
365
82370
74381
30879
29815
24573
42516
28035
75758
58512
95062
88762
24122
28507
89094
41184
151
52456
2666
25066
87538
36459
72116
61933
90035
60124
52667
61332
52450
44823
3581
60084
62758
76067
15123
16269
64125
73818
55611
82819
72232
26374
9250
228
25284
27871
71495
79812
54613
89233
21108
50608
16190
59856
88796
65004
46934
58830
77279
76053
35432
48250
35050
72897
10616
68024
25554
8701
72483
84992
58820
34222
54364
90798
5838
14725
83406
24384
48976
97969
16159
51785
22902
44450
3700
19470
88906
66136
2921
39266
16107
98890
28952
21754
95178
16309
26117
19026
6357
32529
26059
67711
85519
15690
36659
22194
70276
38691
68087
77807
53409
88035
6352
89268
42122
21232
3920
25443
71378
29587
77639
67639
35905
15225
63555
13229
51187
88440
38570
22258
26490
26879
65098
2646
32204
91892
53059
15719
60653
36467
34149
73702
92593
40186
55779
15388
11678
8705
79920
57994
3439
89241
5390
24498
42027
19810
75566
15270
92811
13462
78864
15571
21886
62377
81996
13169
11745
64669
12644
58198
79633
30990
8953
11774
65769
87201
40181
29659
95309
19424
38046
61642
84926
63627
82714
69814
57332
33886
36442
72220
57729
93188
66504
53502
99725
61087
56754
16527
83506
32000
45940
97959
36414
13019
38148
33275
75606
44549
92877
57775
23726
20575
3387
40445
47717
28440
6322
88672
30334
94954
95902
3928
98946
97827
42477
6660
58296
90635
2517
73059
46369
7556
5169
61404
77481
61033
64987
97725
86563
77499
71660
98595
6895
9917
46283
10184
12816
10200
67359
37559
92736
63399
88722
54219
80382
48312
12163
93038
60964
13241
73664
42375
11403
38489
55061
34318
59077
35954
31577
60081
20041
85459
27699
55208
12129
2568
39729
80039
84827
1002
26959
36128
2523
78581
68704
14891
29286
93753
88975
60840
7946
17026
30220
80965
67144
51753
57618
5376
46372
73946
3346
60894
64330
75608
28013
86647
27510
18915
99366
67087
26026
76922
58952
64039
78472
86479
72106
44456
51373
25687
9817
35854
44881
95858
66415
4720
27310
9457
92717
1821
55237
59888
12045
78108
41544
19199
15207
88641
22606
82003
86990
17963
8078
7066
90365
30258
36033
11077
87621
18531
36470
11318
46562
63947
95526
89430
81869
67667
25655
7821
11698
54430
65522
69563
23325
75410
47866
99457
71654
86347
30891
99852
45728
30570
17309
94050
19461
21278
26322
82023
11377
75576
92904
97220
61129
78748
62920
1144
20914
99760
26893
1714
94708
4869
2191
95662
83510
68571
47751
27624
65760
1723
15689
91136
26816
85714
80849
14721
54746
53510
93257
68753
3940
33764
84136
75768
25146
15778
88340
75008
21831
66617
84579
48515
75619
61847
83068
94129
17801
24683
39693
5802
27258
17149
92547
9908
11590
10526
32646
14437
27105
29399
18313
13806
80166
37191
29811
40921
13179
98494
46941
92378
87901
72939
32240
8143
15656
99877
85120
7139
63960
43406
93868
76409
55388
14038
80622
20101
62664
43398
5820
33918
33086
34196
32048
8058
86435
71490
11689
85607
40212
96465
26913
68655
60906
43192
8261
31524
70505
9926
92885
17087
90104
55680
99450
15143
96790
58739
86529
25333
97744
98326
30740
4358
1123
86145
15494
42837
97758
46811
63458
53424
61903
85818
30058
11717
27087
67621
62947
22931
46042
89954
20104
34769
91553
47368
16799
2000
84509
30384
80389
97756
12171
87667
4738
67668
46750
19911
60292
35195
99552
58427
36195
63802
67097
88321
54460
94161
2020
3195
17546
4120
58887
19101
73316
65216
6866
43778
5386
43676
70456
75841
90361
57571
92780
49450
87944
35416
86057
57787
37419
29223
85654
76085
85641
23838
41628
93684
61293
85739
39715
74727
31933
96109
43912
11953
4341
819
89767
49679
64185
89218
23784
13421
85808
6273
38683
60964
43078
56577
55613
88952
56681
79334
19840
88794
16036
92538
8452
35065
6785
69601
62424
76913
40206
70684
95149
71432
18796
2857
84200
96145
13663
68523
30541
36304
33266
39325
16604
77169
79267
28778
25077
9991
43124
63289
11294
59190
11830
55871
70363
7620
64127
80198
968
47049
27526
63359
16005
96812
28972
45724
422
84033
56918
