12339
79432
46088
76116
14981
49464
13148
79831
51117
17272
11786
4179
80624
66732
4479
32436
7389
25526
62381
68870
5662
3311
97796
68754
33308
32254
65077
7763
74910
18304
53107
40735
99665
81342
13736
28548
66848
43454
60687
75332
53299
6866
64199
37724
44802
44071
99462
45757
54905
45728
22365
36996
65248
70602
48208
39959
91476
25347
95939
81344
1926
1736
84364
87183
19816
90014
56226
18866
99295
12738
42371
24882
20757
49926
61381
21337
83435
59827
97393
85661
78126
13530
59013
30372
50716
16307
5790
22341
14880
86229
17744
78578
70965
47702
34997
90751
47978
18992
17090
66153
70081
37480
27121
45430
57507
43651
16191
9221
52759
694
32498
55185
57945
42220
37704
17440
80449
44469
15993
10141
94343
46253
68553
41350
27961
19640
494
4990
88425
47988
65525
19778
77884
18342
70611
86852
84533
45885
55123
89904
28912
39298
37511
33166
30249
41385
90072
26444
29028
47931
27004
6459
34505
28963
3036
35960
71467
80020
79394
49198
90643
70054
33026
20088
12089
90740
79391
22761
48118
78331
66116
15430
40299
63499
56389
7508
49836
33873
66203
78297
67062
13802
73226
93683
29198
34547
7977
61290
7919
89619
52214
85099
75977
90723
766
61330
2249
42666
99844
61398
97818
42370
51914
406
51093
72899
78420
67751
16845
53603
78858
78510
33546
26180
16050
13133
11216
81971
59705
57627
11741
77528
21254
63625
16742
40445
22571
76575
74129
37755
49271
73071
10728
3838
35321
67479
59129
6731
31202
4692
8012
71316
86012
99978
43231
39536
76185
22137
27353
87740
33591
89138
7256
64657
77468
81968
78720
93674
91630
27689
3800
297
95359
41870
25663
60760
49293
4745
34548
40877
77766
68701
3218
69180
53102
42216
46712
37617
32290
32902
52355
35627
98576
94484
92246
15806
67098
84228
53451
79289
78718
68532
60201
22397
81075
44599
80223
5544
81803
44245
93181
20910
27822
33295
93884
34665
72137
62466
38605
37752
97453
85568
41953
19359
89696
74664
63930
27849
1697
71925
50122
91270
86611
84006
28121
20566
2722
56634
2568
66879
75511
71429
53985
16128
19918
23758
80680
87255
19916
30791
90390
7415
39129
59037
67113
32308
24181
22616
44028
45647
76098
15523
80424
32770
96991
41633
6845
92237
10429
56650
40230
49128
33222
65877
75326
54116
57049
57117
7571
32399
53657
33484
9399
18342
37938
54990
1417
95357
77867
49480
27966
74261
68866
6016
84160
40673
85098
69305
4185
31412
28043
75588
38058
42800
16280
15892
46414
56286
66190
41269
60765
27355
55986
81124
97595
16683
13389
1972
60286
61100
83007
32756
41684
17049
96318
19790
22104
36076
16552
90123
25215
7139
71678
15599
63305
55169
65777
97640
57360
65746
14559
54319
6646
47234
35461
58727
54249
68516
16318
85857
50583
52498
43370
86569
26976
24705
49827
57725
83750
44121
16191
62835
65318
1502
10046
43758
672
25443
5819
53348
9377
81204
14956
43735
63828
19275
82496
98282
24537
69530
65352
33971
91834
66957
18254
3212
87119
73132
37623
96689
86695
89352
1925
36002
57534
6092
72962
39846
16968
85880
29530
81651
60680
31989
40373
24171
96392
90865
6454
27639
7001
64340
37421
26212
28449
3798
190
46994
69790
24743
27095
60869
24520
21879
15980
22976
93516
24530
51567
5488
2984
30925
41018
30395
26516
21271
8804
29959
12116
1623
92002
1811
46908
43380
84193
12824
30283
35088
78568
11605
51527
69015
55686
85462
40463
29023
88921
75643
7838
76126
23656
97215
59395
1443
22741
27959
32295
92492
41906
61687
84485
11177
59846
58242
68
57737
80247
63445
60120
41654
23857
32650
40489
31336
24681
31043
17769
74411
67905
54487
19405
56199
7068
60071
4919
74023
84498
75234
20146
58651
85644
1160
97686
34752
74125
23279
55882
95824
15597
93266
63390
63836
75418
42390
96110
42089
5563
15126
50140
63356
99035
47774
71404
46693
59047
59737
27602
74657
83938
28491
43870
2786
90892
28195
61833
13326
63605
20041
91657
80932
16316
35887
77337
53578
86418
5065
85100
40193
27020
55167
39909
64448
90745
95528
31975
82252
55053
85059
20236
36132
98989
66876
65105
83707
64674
50301
38999
75005
34286
51230
52454
7531
55594
43655
28237
58534
99311
77688
32213
82879
79763
81141
26153
2233
59842
84907
79377
14903
58397
18846
68180
44785
38529
73450
60741
29119
40588
34706
64843
3978
25083
78484
50395
63444
3234
18617
58416
54206
43559
44407
23178
77360
81937
39457
98444
42522
23383
827
12573
45871
47550
9863
82147
57002
15205
96777
66984
25308
73244
80066
2787
31153
95354
8518
5575
52102
42796
3112
51939
51211
29292
12913
48574
81704
93421
88606
32196
67625
9967
72102
70299
74405
67950
31427
63547
42587
53570
31722
90937
44912
5672
19941
13365
31075
381
27029
99407
30196
53929
82592
28285
88363
33084
76205
68549
27184
66202
37493
3537
87237
25049
23036
23334
64833
73583
11565
60103
45426
33866
20646
80267
68859
45570
58427
77015
56254
97731
22551
49917
86933
80485
8307
42712
31718
36084
30814
53214
87125
72325
25559
35435
4704
9196
77469
52783
57600
97910
55538
92827
92495
49536
42932
68395
78287
48051
21596
58500
56024
58617
44102
73146
26467
77968
98956
20880
44195
71150
53009
76725
85568
18594
77088
66996
23083
32514
46336
82973
30344
66496
93316
29949
97008
97033
64417
90205
33776
79919
33583
40226
8972
32932
18096
67700
80584
66847
74735
96830
25325
26602
84885
80792
80953
49413
13799
32559
25392
54482
98977
90851
63599
56838
46066
68541
44980
52777
95817
14524
60648
86125
85740
74696
53438
23486
68435
75120
83205
19644
36983
70852
24484
8926
51039
99935
17589
30324
67526
79868
87011
38107
49222
74954
50605
90715
6083
47993
5986
64988
85277
11970
57231
55605
77984
21813
4134
75178
44995
41960
36178
69228
45685
59797
11843
4242
17247
7352
48293
75694
2324
85688
77422
69728
53560
82493
41546
75771
74035
24879
47333
95374
26224
29322
3107
79484
46373
35543
78219
25896
73517
63492
95217
69170
99309
50262
93489
37148
25796
89684
12441
72981
65661
96965
63329
14073
63125
83455
15447
97091
68453
2229
15834
99617
48672
29335
97960
8515
72682
57604
63846
44034
46753
40512
1774
99
49990
69755
34700
91480
44383
54394
92863
255
67039
97038
28373
62014
36949
56157
617
99392
29498
6139
39465
5919
21984
67634
15999
38130
12501
44595
10437
77339
93946
62529
83868
46759
51016
37516
43706
47443
67177
5975
174
54812
58874
89740
80526
87990
7937
11314
86615
49042
35520
81143
59140
33298
90497
40297
52526
6816
11661
68645
47220
28514
89649
23207
3246
4853
57090
7510
4944
60267
61431
42321
7094
24751
27458
98781
33202
836
73556
54801
46882
34817
69804
35180
48693
56828
93786
77552
32964
687
19995
22005
59359
78366
38329
82223
56823
1190
19053
93560
40778
63807
93578
21096
59298
59747
80767
79509
18751
10912
58949
8935
56600
87946
31335
69696
35195
46933
24378
37862
41384
31470
53000
64777
22841
80223
17261
1628
64986
29973
33416
59955
52145
34574
12637
10608
64972
72961
92998
39644
9728
26116
31341
81776
46210
60022
49264
99057
24929
22128
45364
16171
97927
79516
71205
20974
39741
65172
33590
72350
68123
55311
11435
60360
6928
78667
23845
1133
53534
85722
19912
65418
54871
95228
11645
80712
69699
45001
44039
2845
20222
5911
11507
83032
6633
67625
5940
28803
18815
36500
78469
34573
4729
85285
88082
67521
96203
54932
44172
75123
62040
55157
3716
45267
48752
78563
99485
86504
74109
79476
69363
96781
32864
52302
39349
93037
44429
22214
367
76820
55614
10663
12565
28671
82163
37246
45700
18351
99507
10021
5746
52635
42001
92181
2853
20894
54248
84279
4861
12706
34125
90426
34606
39524
58768
35579
18795
12002
48520
46343
69163
6582
54634
98618
61246
4190
17034
59051
93637
73961
3610
98081
15700
1095
36163
79531
26991
41280
39385
75179
33661
59802
10775
70998
22890
61757
43020
13319
59055
99269
89674
70213
55824
44561
21751
63202
84984
39031
14736
3505
12974
10159
19679
89722
66282
68315
40824
95411
64852
73784
73072
92053
92572
77405
57600
69477
93347
94894
57001
23976
21005
576
1914
28719
36046
25782
19648
79062
40849
7160
37510
92750
98604
21128
93194
25721
33190
89354
33986
16407
70281
86157
2548
87595
21807
52530
75404
55711
51930
18951
21452
72848
41955
58579
7228
75159
46330
21226
34085
76614
16689
74202
47614
20937
47670
53113
35777
42196
78482
34549
85638
27228
36951
91289
63023
3580
99472
11090
81880
15672
57058
15557
59073
61392
72292
61421
69699
52345
85910
42331
10866
84267
53621
76851
44298
4093
27373
12435
36548
97529
19525
67889
64542
77907
25237
81820
43256
82369
53698
42534
6971
81791
67560
8400
3380
67660
12548
64413
2879
59960
77306
62019
25256
16935
13527
65149
81224
42320
50507
15863
59041
85956
9144
26012
46660
67246
85376
19846
75777
17689
70163
32432
73737
37729
15228
73205
30800
86244
8829
1360
70525
33703
52376
17768
27892
51264
73682
50721
24713
68883
14349
65513
1027
89351
95593
72739
95423
92584
26899
83385
77325
91895
74366
25077
46311
1774
52410
75904
55656
67775
26775
31240
28803
68896
74942
36889
49336
95747
58061
18444
7404
27256
98094
12822
72900
85222
46130
32180
68817
96946
10920
83529
84908
79829
79183
89729
58025
73496
50628
24593
19197
65291
77560
10663
30960
67284
62118
75342
82403
91128
74834
41801
65408
83985
83891
40718
82579
8044
7782
34109
28347
67548
27400
39023
58041
59
80893
66760
92442
32126
322
11107
93675
83965
81035
323
78414
29550
49462
11347
33890
97522
44615
20872
52605
93642
23060
36586
26871
8857
65445
41853
68764
91612
48637
76544
70236
23076
61138
64955
98866
48054
4187
80335
92340
41189
90973
23336
57156
88132
17466
82682
54743
84831
76155
82801
91199
91299
95632
85653
43747
76490
665
24245
47030
75692
78400
81068
58247
32418
41095
68374
69594
73307
66439
67841
64606
39919
93083
95966
8446
85296
45863
43502
99103
27555
67035
60924
92908
73667
20649
16384
72980
51843
84196
49935
31266
39984
63473
65357
2465
18164
14360
30117
79990
20753
13413
48086
34153
83422
7774
80039
8388
21262
70473
24239
85296
78711
63684
44028
2554
4474
96757
14072
89027
53617
13945
57362
75673
29616
2565
62597
58546
69678
23388
90257
53781
26786
33848
29255
65808
62426
65541
45391
74994
91096
8467
19641
87258
96691
70570
41414
34632
73032
48339
16089
42079
78660
62807
15226
54910
7449
70659
73464
78923
50142
7030
38760
10747
67167
46352
76841
80811
50070
14801
41244
4975
57428
3995
90145
41313
40347
21885
84481
55893
52186
55594
89989
62623
53098
72231
86037
11510
4149
98948
12218
79255
5482
56052
31186
73094
24220
32418
78779
24403
21149
99061
28176
15791
86775
27856
36686
99028
2065
16092
22244
93704
88890
79742
50568
4110
48082
34801
41559
76195
87264
5044
23378
39535
97959
93722
68610
81007
11847
83473
18477
15538
44892
9023
77164
84523
91614
11108
43833
93683
77077
99571
92356
99573
