27619
6884
25009
42619
35972
9263
11933
50577
38814
99469
8887
4721
22504
64138
98379
72568
76229
48546
9292
44282
75977
92201
43799
87131
30771
47410
52662
48810
57946
79525
1773
85739
48001
75342
58112
10812
75067
48414
80452
94479
42
68918
45080
13699
33680
42414
37822
69723
44882
37170
99314
95343
94410
2356
85762
1608
78626
97067
18996
94451
40820
20299
46008
20217
68887
50080
51100
82361
96462
18962
51845
50846
67809
39416
7313
74131
97065
11896
65494
43629
76481
44313
75608
80159
36946
67382
13637
29975
53180
79097
9262
8442
87238
65419
83323
67943
32618
95955
16820
30579
595
61712
45145
43721
81505
28712
89984
80287
1052
79446
5509
38127
5543
25732
96330
63893
48774
27940
48315
47132
61825
2969
17137
44786
65602
17765
77149
52569
19241
54240
97940
8392
48203
8219
28607
28303
91071
62296
12574
21473
53207
50966
54336
66813
18138
77126
71600
6877
38116
89142
43208
51280
74335
27192
30859
8937
4831
74051
83293
92974
98264
28392
55730
54400
49852
31409
33550
20321
28875
87550
35919
22964
15170
44826
39556
70934
63575
29955
71086
54126
48499
71061
39746
34785
83954
27210
71306
63852
44083
44375
15258
97651
50658
86214
9943
54831
33817
92813
13806
98707
56921
73351
13918
6895
56847
47066
66409
11329
15793
62143
13420
68958
89111
4370
69759
64839
51643
56065
15269
39156
57477
46169
98538
96660
57868
40793
97722
12430
57880
82104
69145
73002
75342
38844
60789
67738
1396
61707
82278
19848
58241
66021
7214
93137
59129
93695
78449
29034
53295
30581
62896
92066
12863
56958
95250
69041
12686
70523
51548
35300
56136
8709
70252
28529
91813
24666
18106
56103
36177
83162
9243
79383
327
52055
2831
64917
4453
88507
20481
3741
79809
18789
8196
95581
17003
50116
96709
1503
95274
41078
69844
39338
27828
44247
9037
25694
73754
29470
61001
52353
31610
47481
37956
66244
32995
84309
80869
9054
99045
46123
82106
52953
3159
26976
87692
31846
39293
83303
78623
70305
7123
14298
5599
93883
76914
7290
27471
7147
74916
17070
1147
11472
15173
89224
21096
28342
82701
19969
94930
82659
17135
79763
32584
51973
1174
64750
46818
22636
60786
18456
51657
88747
42832
55840
38819
3689
51924
82122
45395
92706
55147
54475
38596
40646
884
31668
47119
26239
31187
95535
22726
71530
39947
98668
75931
39491
60684
21755
20015
6131
86654
92601
82009
55906
33783
25531
6623
80901
37877
38327
381
9622
40941
67395
61275
67577
2703
90889
32714
19708
41286
72173
9012
70567
56619
28944
63403
18529
73747
98908
23050
27119
85061
55668
17354
88852
66040
10396
60064
6580
36944
42658
10053
32872
7526
28328
53547
16112
68010
51336
29325
50708
76055
71876
46013
30465
94765
41921
31430
32657
4671
76186
7638
40320
45714
29427
23143
20656
26755
30897
17637
61516
40527
83251
51217
46247
88914
1206
26163
50204
13620
69823
46306
795
95314
54544
81269
34646
66432
30643
15326
38670
51373
99297
83935
93887
52136
57681
17509
75217
59902
46101
42268
80419
52598
46443
31921
77461
37360
37829
51639
54507
88895
78110
34535
46749
58958
33053
64716
96200
14981
54933
52746
56420
13299
34506
33721
18297
24765
21206
41635
45946
99985
17030
21020
73879
71317
32435
91882
40887
78694
26166
93310
81700
17812
74436
17308
62117
75367
65927
85432
41572
76311
76417
37500
96118
64827
49609
92372
48126
79515
83581
8068
23354
22242
9215
44991
21368
85244
61621
9398
2201
25273
72264
17739
9249
88800
52954
82577
59556
48668
21294
13555
8290
21306
43958
28499
1425
82438
87305
72499
23750
75541
75071
29840
57737
52672
25181
66643
78780
52867
19816
5429
64495
42532
66668
70489
26819
72393
37919
19150
98347
7501
303
72870
54344
42121
15859
16585
95531
86817
76301
41396
52288
6239
53827
68060
95059
83380
99051
56556
34158
39599
81083
16836
94931
36073
6942
29092
354
57746
89069
98889
73170
69576
97861
95095
72629
36723
66394
26771
45309
18050
36058
1211
57207
89620
72171
59297
82035
96134
7798
43565
27413
25362
78513
21622
65556
83465
41466
66183
50754
89581
62633
95348
60613
28928
6629
11716
10959
56216
51449
441
52794
85045
94470
7672
70423
62160
21755
98035
73584
94436
15685
36926
67967
58656
1773
2154
49100
13759
83962
20037
26205
86211
43132
14544
43762
96645
27394
12882
48255
5226
35711
72286
97703
42612
20806
83650
87088
8009
41858
88707
18833
87197
96825
84789
55000
25158
40445
16850
78822
70657
6135
19195
38281
30200
49164
61550
81080
2461
61462
14014
28429
5987
35218
34939
33552
42903
26496
72432
82737
64219
83222
1010
62398
95401
1908
62817
75857
71000
760
49372
20973
49352
42660
26232
86637
54523
39606
95514
6925
74542
41346
64411
80523
61175
3013
91598
90755
45806
88870
81509
67337
96152
18768
93436
29010
58466
47240
56366
89036
59305
58612
5883
94548
35796
47009
8379
410
43312
20463
44533
62058
45590
37112
46857
63536
77338
73232
67262
94003
49773
97425
23757
67102
61931
95285
74260
78851
84481
49506
17268
57312
97523
75726
86157
12545
13305
41091
85660
16004
94125
60787
33956
19472
27819
96054
3978
9175
65358
17074
89888
33099
89823
40951
62619
83551
22003
9287
43983
3717
70715
62881
3226
26377
2128
9021
34407
30400
36979
33224
33110
88999
94551
2526
45687
10407
27063
65610
49413
10948
55365
91039
81899
23140
22729
17580
59825
88624
32772
35110
79706
89657
78352
23969
40412
62197
90946
25695
26663
49695
35222
51900
63099
52909
1671
42043
43914
31713
39977
31594
52625
7050
5245
89555
50340
21570
3490
45075
51586
71776
92594
31812
57065
54584
40228
29711
62263
40633
9094
13100
41178
22459
52625
52953
96302
87527
23306
40851
44956
30383
9004
25725
82045
93700
92260
91718
80657
40432
35128
72006
49214
34594
89503
1406
73816
1835
39246
6357
10844
47081
97581
3538
42418
17809
12923
36434
82628
13531
74474
52981
96227
56774
1163
45298
68997
73563
13151
39926
18076
50874
19996
54641
4384
26665
13301
68661
16062
42580
61342
84871
58076
81004
39332
24330
36953
69822
45547
75509
93572
59106
17470
56065
41815
81128
65229
10636
25971
77953
21965
70163
51620
87062
53731
369
82142
63792
64010
57325
81967
85961
95895
64785
238
60678
89593
52819
10505
48691
87831
99225
3517
84014
33018
97793
74813
69321
10732
12429
42229
34511
68113
7255
5291
17437
94119
96116
58997
67451
27580
60012
80864
83533
35875
16206
89630
16793
99002
91527
60860
13992
64802
51020
32890
23810
34766
75037
41331
90537
75127
97802
44330
69544
14912
73270
62165
38132
18943
85103
11092
62468
36994
9220
20728
68973
69329
28721
9778
75992
65595
78818
80638
78625
17243
94031
82655
91011
35008
3919
63252
88010
35047
2001
71084
38021
91533
62729
72258
94338
50002
82074
89385
76641
77678
84802
5837
93143
59431
80113
16238
95184
15357
5193
19676
7834
87634
79586
54037
77908
27196
95122
14415
32709
24761
90172
67310
45030
16331
92257
14423
90858
12502
93313
31308
33574
49694
94428
63762
55458
53236
34423
98944
69008
60223
96625
17656
46493
69722
8107
72956
616
24284
16312
36378
21849
27720
69032
52115
22256
54369
11826
29027
95693
91866
35061
43191
81224
92914
62477
87856
94493
84486
11627
79282
12712
36731
5723
47378
78698
65473
59645
51832
44555
90229
80253
16754
81155
31060
29805
26709
58118
37335
24256
22450
25655
23888
12975
12316
36997
64359
71508
99313
96401
77045
55456
57513
85016
55879
55657
66910
9994
30968
26741
15292
61464
45942
37817
92262
35210
48802
76705
52760
12699
85889
15558
64803
73841
79476
85333
50064
96060
63923
3800
53574
6129
29456
75978
27219
80258
92943
34446
95039
7788
24318
80273
92354
97276
74028
34689
97979
41990
14022
87131
43195
6627
42271
87976
48578
29330
27389
93842
93913
78692
54564
51534
21387
54945
89426
26521
16475
259
10575
23094
54144
19034
98761
18130
47258
91781
12492
95620
97008
78225
63175
93469
34780
99074
21945
62263
72226
39044
65510
61761
70202
82229
50282
68710
90288
89311
12703
97754
58702
91961
18826
42671
55894
11119
42266
20896
18923
75796
44512
83186
85300
53892
10361
47442
23800
39579
61054
14288
14379
41839
49956
80898
42291
5691
18220
38454
72498
22761
9830
56420
72481
47119
6016
95717
20458
8521
84387
35322
66365
57393
38361
30337
14487
31311
56098
39982
63291
19929
79903
40764
85893
8596
40021
35819
17642
23293
29798
55157
76494
23017
14304
35126
13896
57886
49452
27664
34022
46874
40820
36185
47738
96846
93460
67300
61435
63433
14638
15716
73665
11472
81098
7436
26924
32030
95881
11768
26075
80498
28795
53411
90404
23525
8836
69677
39584
99327
60643
10275
66979
19049
82388
84001
54171
39
18644
1025
7929
32955
20749
5447
12256
89641
71651
50273
43856
86137
25366
89802
89265
26676
81437
33121
12188
79018
12007
36564
56571
67593
83942
15918
9824
70283
87395
33479
74541
37708
87547
73632
98384
53647
55411
12090
9920
24300
90237
41419
58006
83421
79376
29505
94812
99004
62470
75595
31326
42972
17460
16345
16075
97276
7571
7670
64480
19303
69586
2124
17143
9455
46632
91524
98143
49374
36957
74350
95834
55405
30604
16735
90443
24501
33783
9058
53752
26515
77250
66252
31781
6220
49269
73797
90884
20939
79828
56562
2750
12936
7113
54799
88284
99723
3677
13495
7786
62206
89932
16234
11855
26375
5342
22888
67778
17183
2493
50143
32709
70472
54863
43501
97251
59980
72437
92238
88481
55134
34226
93418
62401
20313
50991
47794
23377
69376
63715
48016
32401
78772
89820
19628
41448
75201
65839
88482
11957
89360
92346
49986
36792
50424
18518
50220
9118
90753
33417
72048
71818
58082
72156
31082
10291
16593
18455
53164
99357
69745
62108
17246
63996
21545
16887
25084
76577
32156
23561
57024
6206
71771
96971
36946
52466
70684
23714
17836
43434
54144
8654
41248
95713
57567
764
61126
71064
83735
16711
75656
58800
48717
12693
71922
41962
38803
28355
16507
93014
75135
32461
59845
63115
38680
63998
68262
12593
74936
94922
82390
59654
32463
99926
90923
56257
21698
1254
2128
26695
74816
4267
47901
66946
10707
24490
37143
66464
5670
41936
98001
65494
62260
23214
65236
60660
87448
80741
2800
76040
29712
11612
99743
39928
94077
30200
15599
60793
95893
55403
90487
38696
8690
95400
14225
60157
14583
49339
51708
85396
6315
75508
48558
82702
32581
9977
75049
84418
37811
90304
42703
62736
38112
58976
56651
42990
97100
51666
38001
60938
50044
25477
34419
22170
900
42119
55434
88772
10813
3169
5105
42532
70458
61365
58978
74881
53084
20812
67411
4828
4592
1146
15302
30040
87168
97464
22860
19118
92385
78814
22787
28080
61854
61329
35188
52875
95516
84876
19978
34366
96319
82363
76300
92294
63278
9424
48385
17206
95129
34229
99403
4014
43852
61003
54725
85557
25286
83314
31124
31879
59928
1469
11863
74909
20123
17281
81804
36165
20343
23718
23445
76479
3164
37510
60752
72748
6486
69008
74089
72506
17310
48576
91933
82444
23819
22365
44980
43534
60785
86975
30926
4432
99620
92030
28277
62047
2825
5785
42813
27476
62480
18438
62094
98370
55522
15406
12273
26980
78398
74024
9681
97608
54359
87878
14633
43980
80792
9223
86304
87419
59281
23351
88994
36696
25980
36842
57282
11694
34421
80472
94218
66284
44645
80941
83855
71677
44042
59527
33689
42348
50982
50191
85869
73923
18593
73795
59283
77918
47701
93039
55346
58422
97211
17559
99170
20494
72088
2576
90857
87284
92783
29620
58932
13138
56791
85927
84068
58097
23183
45242
47811
21654
81146
18299
14784
87459
15962
15459
68240
2176
4245
40015
2920
50216
63165
74665
86605
53742
4603
17021
57925
79386
95661
83248
49592
66784
46304
52436
63915
16486
96769
9043
78861
97904
39893
85804
42595
51929
9884
98486
48355
28237
11564
26545
52700
22319
64461
11882
58122
36790
45341
52797
14220
25038
32235
36321
81315
6843
63561
47488
49377
80379
84446
2657
7090
94016
95329
48100
34958
58259
38081
94148
91562
92380
6979
3765
13364
2789
99075
10230
58087
33610
90142
2318
24045
45558
65043
32905
26134
24644
98450
68497
6066
88923
85559
57008
80159
18693
85310
98706
14420
55787
32526
48753
87424
46921
52947
37992
24365
93314
65679
35348
90942
66779
18602
55975
30160
70021
83240
20886
42749
1369
51938
12130
56274
96805
90297
40536
90453
70902
55252
21129
16820
83289
73495
26598
48552
71687
79419
96761
15535
46732
49310
74442
95171
75267
84424
99166
20925
16632
56951
81322
78436
62780
61342
48793
85353
38145
7550
73402
4617
50874
35907
37575
64613
71601
13311
40856
35366
38798
18406
39768
18748
44615
23520
5987
44278
66697
78342
87240
37560
43692
87371
54147
93880
89279
85509
38835
51644
25596
56576
62529
3019
42815
71901
63326
23488
1610
34682
60883
54273
7350
27198
47192
93551
44430
32221
52748
68504
77782
68390
83413
11849
57780
30852
95563
34236
33550
49251
88927
74525
30078
20585
9178
90766
30525
442
79988
8036
99517
17583
9798
93383
49827
43646
94719
26356
73922
4579
90754
74648
22863
60613
23333
6489
9410
51421
75709
87774
76103
52360
75145
50151
88957
597
52378
42206
21676
32356
88153
61785
52288
19114
68744
41901
69460
27882
27034
9159
3578
17380
86850
12217
1916
32665
81995
92885
31043
30307
92442
48836
2018
5744
87592
89774
13167
75278
22299
76814
63993
78638
6789
39112
96411
17970
29556
38302
66581
1333
27642
28376
88759
73665
71965
25322
37183
25198
97271
22847
89056
33839
7049
27994
99808
58461
80435
45116
37403
6161
29713
58952
94083
18853
69655
48975
34422
51124
20201
55256
82911
13464
55945
80518
56739
42862
63446
56179
8712
22147
95144
62304
13019
80818
5264
8468
47778
39071
71900
61736
82514
74158
43718
52519
16926
48972
93315
4706
64014
79909
75779
56220
8341
18078
70965
99038
15462
77324
28145
58143
7062
89273
96453
16597
11274
10787
82056
29518
93477
98554
38703
47632
8862
38684
48085
45629
46418
25793
48340
60568
95147
82819
2863
93603
32941
33830
82567
14412
88842
13947
90986
2842
70083
34089
82519
19532
67467
75634
64319
61440
55129
4364
18271
8258
55280
5206
56269
52135
30994
843
15911
6785
85787
94382
36536
91672
83416
67448
48478
35961
29406
88744
78108
50685
64788
8601
53236
13077
3473
65944
79120
69778
72439
90999
8272
46735
75297
30974
81489
46821
55259
25655
7376
77038
44099
11468
23462
71512
76105
72710
71126
5661
34169
59660
22309
81423
87604
25535
63108
2976
295
56248
96459
14301
40215
9158
93061
62028
65571
56847
32987
61573
50383
16815
70844
17370
17844
49844
51721
16116
48746
53421
44782
35660
92079
7762
46864
92876
48751
50061
46503
47564
21500
25149
40542
84731
95346
78317
24136
5253
13446
44419
62987
75175
95638
28444
49060
48623
85218
39050
75076
41805
18865
92505
49930
82861
96423
26907
42207
16268
91507
80246
23166
27708
18263
31790
40360
91607
49859
11889
17012
44836
37909
51688
59142
37961
984
37236
11274
61700
3182
9201
13500
26280
19012
83651
18815
27247
53549
62927
13177
48986
63836
57827
50034
30615
35585
8246
42290
83080
87234
46211
74699
91774
40147
21938
78285
91067
32702
46919
51756
85397
22150
18132
85755
35974
45526
15153
17878
48258
21793
73338
52860
85379
39284
58059
89916
40153
22637
90393
72036
66544
91971
48844
4710
51424
99778
92658
85970
68528
50541
28879
54133
55459
51456
26164
11560
92674
94413
25750
13631
5319
42590
95927
32114
26967
2556
63287
2035
55
46880
18130
17882
48852
62883
43152
44519
56199
1410
15734
9268
61458
98164
57469
3537
88798
17429
97300
1160
63784
91371
71748
45279
90682
47735
85186
25988
82240
6801
55646
37991
78679
5939
76887
11391
25417
76854
89820
15516
67980
6554
7798
12263
30274
55724
35971
28907
27209
29423
17381
88840
55182
76076
74910
26967
53878
26372
91940
53564
54205
15588
25008
19929
64874
1025
91409
7842
30001
34582
75836
59273
11803
3297
25825
42246
47548
30585
32955
16685
13649
34672
85728
26086
55757
15922
11395
56554
53703
82156
10539
95081
45007
78730
56218
35101
37464
11166
64797
72385
97
72929
27436
71572
89900
58843
82810
63562
43310
37266
90001
25734
76667
86273
64053
19264
84577
69676
19418
2727
17374
72183
67667
3907
41515
60018
68381
78953
78704
57812
61831
61044
5726
31992
78266
19154
65024
9771
40929
23797
87628
59250
2979
36980
10271
2410
23026
97478
85536
51035
8798
15249
26093
13070
36568
44607
68692
32287
24829
18133
51933
31896
36276
64241
56276
76645
23374
85458
35216
91911
4394
75088
747
39909
12577
79070
76204
82669
79705
79463
89412
68887
497
75053
59803
70641
51514
8228
34740
24987
93421
73205
57931
83967
89657
24030
89583
66647
77349
36430
71667
39005
8191
60351
94374
19318
14940
64083
46417
4319
69910
57754
81693
27641
46714
32782
3966
86384
45287
25173
18290
5614
29992
1607
84244
78324
90867
85304
35174
35584
87090
54103
35758
52145
30019
99119
71063
26208
67942
71201
89476
30702
25598
10908
370
40581
18843
78554
63715
29023
33555
2155
52183
5327
84465
82817
58380
13612
15917
85651
70436
84019
8050
79880
22709
47285
96929
20774
60249
40137
65470
32423
7988
19237
69261
37968
55286
19643
81109
66787
8335
91495
88832
68151
19119
54581
77588
63053
49491
63786
9665
83760
57729
80460
13060
91037
19373
23801
5056
1062
11198
22230
29666
65399
51431
81566
18998
7265
14950
61470
29859
44215
24245
92454
39592
80683
57669
17369
57396
39887
69912
8605
54457
10555
89044
27773
98013
63803
13280
78080
80841
48772
63470
20910
88380
99978
98012
19290
58671
79804
11774
31537
27889
76894
90109
27217
94635
13994
39403
60531
88736
7185
69001
80196
8491
84049
44032
35932
76293
67242
12829
53806
41309
7834
9422
66906
52632
9071
72868
20321
65102
94579
65219
6826
84830
38049
62938
78470
99607
90041
57300
86583
5636
52259
39020
19416
2770
52066
27779
61247
85751
61101
29786
84404
65394
94168
42520
68567
17152
67104
35753
13977
63633
86280
32097
40222
46390
24300
46561
2029
9883
3722
52976
5909
30302
91485
44851
5835
1068
26425
12096
57216
96275
95665
86688
13589
85975
63733
49955
390
16473
93040
86663
99850
39193
30756
85246
32468
72710
61425
20275
62008
11061
73375
42350
72491
43715
60356
28866
45338
11074
94660
89569
86078
12711
21351
36679
43041
81162
29972
60996
39045
87038
88532
31162
18743
67490
59306
63275
96475
84561
95134
33850
50011
73939
90336
73895
80859
12991
71065
65198
47398
57672
40550
36283
60043
54378
58370
29626
79702
99672
60575
54182
2392
16158
6982
94115
74434
28072
75717
73652
99059
88774
41094
83799
48088
8876
1913
25385
30516
14684
83103
75331
12724
67384
37657
61498
2227
63298
84428
64883
87765
90636
42555
80791
22441
98893
34129
68863
3416
28574
18557
84465
77228
34894
