19608
18317
86766
31033
94248
47363
51629
29987
2950
36525
14829
81266
44878
19588
83816
89922
80533
8301
94021
11386
83640
18990
30073
37284
33304
83077
14059
31593
13973
12525
56296
24536
25331
21701
81156
75324
14985
79908
24195
78453
35993
10
84959
53512
78091
23616
26363
25577
18318
7936
23301
59645
13030
67861
68576
88678
82733
81834
36921
36485
30890
74168
63364
98157
65128
73034
13777
39916
55134
28548
90597
52937
81533
64854
10708
66491
17719
56647
75013
30526
86050
31606
98752
72549
98205
98417
49777
25912
35772
9263
42529
99374
56213
30275
67508
40717
69004
72117
15581
34228
3381
34499
32813
60066
39305
84653
64301
69698
53002
58592
32425
5346
63801
40965
91705
69725
15603
63085
52477
49420
60945
51023
27484
87898
71840
78254
4086
97507
4194
14231
31905
93836
91786
42489
65301
1651
19569
12948
86848
30188
86445
9720
6508
35753
37742
35367
33009
44809
70264
87301
95269
2229
42997
15722
40604
10083
72105
98168
91882
68557
90257
78427
56286
77199
82658
22826
87796
52731
86559
68256
63112
71491
15205
42558
73059
52300
69820
10745
82121
74005
89807
25533
55480
61552
45744
63498
13333
44699
48810
18103
46153
69919
84258
10871
33807
36922
30749
1859
31432
10999
77797
49567
57294
96263
13820
65792
369
39777
63935
16781
42828
29763
70223
88834
24061
15829
93551
68653
31368
16349
90395
59642
73688
65569
91918
86216
44194
79972
53930
93126
42033
87726
84631
75387
4912
40273
45359
38361
84349
2723
96132
88902
75552
59998
15220
85544
14520
19655
39644
49213
22789
59385
9343
49974
8355
7310
29775
74079
3991
58728
59332
12124
25694
68683
92983
78212
19204
48545
36647
24032
12514
90000
62105
31824
43416
18669
17877
95944
16075
91435
16713
70212
23756
31291
62600
23205
83615
78436
72912
70221
78394
65978
28010
33990
36045
63982
62303
44656
64921
80358
98806
90696
92813
7637
87129
46664
67476
9377
17408
41041
13441
35920
4305
49296
33290
99766
40674
37061
84439
58234
42660
53859
52257
38937
80755
56453
60571
34301
30966
85651
83152
57223
59913
39749
99906
94962
54399
97538
18268
77323
20262
6341
94780
90187
29386
11714
50353
58412
43111
29977
64567
85137
2966
39046
14113
56658
61948
10462
79255
88045
98107
49402
45806
84834
48373
9217
59880
17909
63896
47149
90421
88075
88036
28592
20196
50024
41415
39186
91843
10969
36932
27258
90863
38533
31653
71834
37084
79854
43821
52911
89123
33527
69572
80341
2122
49919
81215
54492
53074
15399
61867
49787
43726
75379
97021
5471
8770
40463
96375
47912
4863
1746
18463
328
24833
56220
28629
55802
85715
43539
35269
36267
66666
51376
91071
19823
85587
15861
48174
66258
86791
29394
92916
65986
47936
62767
84840
47028
32325
87145
75891
3735
7767
82571
75635
87820
86832
98597
68061
31722
20606
71071
35144
1786
96667
12099
79501
6606
19197
74889
64892
88166
16442
66327
51551
553
4147
96091
85848
97735
50126
51964
322
13470
53464
61467
77859
19232
43218
20528
24
1161
46647
57373
65234
62730
59772
69120
23080
22289
11197
49971
91617
53126
85015
32097
1900
4000
41637
48578
32320
55114
43033
54337
80216
46144
93867
7460
49668
37509
51849
37388
1947
95588
33623
7257
37220
1053
55288
42640
27380
65476
71589
13530
68269
35659
89524
21042
45313
72317
26234
43598
90412
40865
76690
4696
38539
99840
63606
64641
48947
98360
46386
40515
28980
26791
72816
7095
25545
64765
369
98640
68927
27228
99310
20112
76069
57328
14703
4406
32613
25433
24594
93738
17907
37494
28912
21105
79128
48339
1192
31915
32628
93928
12638
33784
88603
85577
94895
2263
71600
64653
75005
26385
78434
23630
76786
10660
94456
45385
58058
88467
32247
39728
92809
8105
64141
34366
20964
37658
41939
74279
48730
32618
42895
8940
677
44941
66299
52692
88751
38528
73125
80911
83815
24974
11092
63313
75122
33272
33512
1029
9834
80607
8298
82896
80904
33480
77
77243
11641
93566
87184
84210
35541
42380
83380
47720
84825
40866
6723
29444
38394
83355
86603
95503
95248
65180
1204
69982
54414
46986
61019
20063
39984
48
41764
7173
88389
48918
53352
95575
75999
3825
66005
16625
57669
73191
71839
42535
37354
19629
40738
63749
28421
86533
2327
25312
92396
21390
52483
13057
82912
9431
54848
37989
9168
56988
39736
19655
63432
45313
60214
30840
81740
35881
92783
7395
72753
43691
52277
98600
72289
86451
50986
49471
83063
31481
42491
23800
55450
50284
84563
40659
9097
28325
3221
20641
45581
35258
59273
96832
41369
1826
23928
67384
37334
89017
91560
20813
52811
4716
94039
11620
28759
34189
91450
16738
95372
35253
17084
84696
84648
95900
83945
3730
62611
23763
2597
2221
