15448
22432
12893
27795
47441
37713
1553
35076
6186
46898
86612
46387
92510
30154
86396
89373
55416
10065
96956
86929
51955
22285
41393
63960
94271
39519
1225
92198
40996
98514
21182
83802
25353
39905
21605
87507
37222
1659
87900
76546
76377
84236
63696
8665
64180
12695
25700
39355
58619
35855
27853
93923
76665
82164
920
94028
3978
83247
17400
18299
87630
89149
96073
18823
61841
6935
19245
45224
31065
36216
53378
8246
84276
59413
38682
78986
22946
16928
89938
40179
22807
3840
9490
4725
86794
12898
52413
55680
56794
93959
7946
79290
8345
17912
90057
2133
12346
10778
2177
1817
23750
45306
92774
94550
84073
5767
65318
84535
36729
73519
53341
29852
41206
84397
48396
68560
19394
85791
29522
61595
30153
56283
95344
16021
29723
17412
23852
78467
33326
25416
14596
74279
69677
71693
30160
67640
76199
64492
26033
97717
98773
36863
81995
2571
72938
13899
41184
3644
86477
56922
82278
93652
72153
9148
65145
40611
43277
21966
39547
36204
48421
22398
98887
82675
23730
9620
3437
2079
4125
7210
59673
32284
67831
11149
29127
66221
94963
50068
41844
47904
7750
29912
44389
79329
72523
84389
31489
51052
8087
51912
4228
83059
71054
84943
5043
82943
83779
49778
40120
58148
39757
35220
4272
43125
91651
87420
65531
10264
80343
90975
84041
87580
59235
7321
87944
474
36640
66639
72401
71994
88510
61781
27830
67259
8582
5128
11765
88404
46947
43956
25344
21721
17121
57147
73097
3284
5821
5516
5259
68000
59003
9641
35126
94777
34591
53513
6621
44875
55763
24887
57883
27122
16837
4028
38861
99080
3237
27141
17317
48270
66857
8319
82761
30963
94951
61847
54216
84013
19249
13680
79150
64564
15778
80618
89688
54911
72548
41451
70731
42836
42937
14046
98307
85217
44444
31225
19691
27413
13771
2171
92839
10176
38065
50190
96439
720
23945
84771
14791
69391
72322
85011
63000
88272
8754
10957
68156
28244
53154
10654
49484
15378
90575
57906
127
29608
29869
81954
60366
63974
84720
48175
63013
13993
76751
82573
26506
6782
33836
97647
81199
98018
1023
99096
99135
38051
55474
82164
88013
58642
91111
68449
56147
1963
84656
22022
55614
22331
90014
80663
61168
19230
57107
33330
35170
88246
80342
55026
1975
52600
94772
13500
36918
34539
3048
41137
22258
13574
55096
68380
39262
16321
14117
57250
58068
94288
17082
14330
68903
89316
69984
11509
84506
17162
11652
70181
94406
90617
85870
30148
31140
30449
17952
57238
55991
33273
90925
23048
36642
42780
77145
96217
15115
94402
83536
41425
44306
61403
85742
64110
85271
22668
86436
13845
82368
13243
87350
68101
709
97773
8040
92396
64623
57911
31866
36988
25224
41382
47661
83643
4581
66428
81625
84333
42543
94871
40151
5521
25707
28503
57365
78343
6026
36764
27615
33614
25482
89851
65228
12190
1205
66459
58158
54435
63480
37295
54459
77121
5761
22702
32313
91370
98950
64186
82138
79485
31081
86751
69058
31206
88020
19876
71472
53285
10489
18074
69044
59374
2737
53622
94609
57375
83726
98800
43368
61602
56638
70652
38055
88510
48177
97647
88766
33431
4356
63701
40990
81035
68479
1190
55135
38073
1948
11788
63009
16165
81244
3443
32253
52469
85715
94455
21428
76309
23967
32212
87878
24567
8622
4257
98595
13576
51291
42048
68179
36165
80480
2393
92252
91547
19181
80448
90127
24083
74343
67825
67522
92568
14199
99648
76255
7708
20397
17638
19845
78339
20272
35623
48310
83428
16680
43903
95446
97204
56816
30389
78828
89685
97865
70330
24078
25823
89322
82971
48188
91030
69270
47091
4567
83688
66544
33721
16542
25264
77279
83761
49156
81443
71702
63577
21296
45549
9543
6818
18643
39357
74081
6499
53120
43001
51506
38758
82317
75049
60104
62684
67852
92679
57408
33098
74113
28173
61597
87273
39655
94663
73452
60652
30638
38085
87243
74427
37074
56088
26769
91658
18611
78347
17144
26922
75748
34582
96837
31503
17562
33406
76548
72801
81236
24304
53934
40604
19206
16895
85726
36782
60735
33334
432
65726
26213
84593
224
87806
54098
89436
49296
22816
17975
7221
5056
56337
34357
36724
15594
89364
45574
12234
22257
14751
49886
21980
22261
77762
53834
74955
41635
98660
4980
79670
76932
2542
97216
64543
49002
44004
79904
81882
54918
18096
86045
89894
2401
90787
26688
88477
36269
29963
89523
78486
61381
69530
67642
23900
33433
58777
70201
50492
33573
45752
7298
53961
10833
36126
25432
91983
92661
46944
96710
95414
98363
28710
64548
46894
40160
35180
94563
43091
49345
62516
81949
38974
63677
37566
58960
371
48865
46598
17602
54648
33316
54922
32902
41656
59490
3966
42309
36726
15622
67538
14006
32544
20326
61596
9411
52152
10441
78364
5477
30092
67319
53441
77503
46312
9190
5458
97125
26307
62968
25549
85039
39861
59238
35331
49296
20855
41810
19451
26178
66796
14018
29673
31416
86597
11582
82071
74039
13048
25137
41097
21900
3533
80011
65228
53049
71645
16203
84499
27508
21188
87990
95886
31085
99130
14381
48576
97227
78570
69171
5461
59285
29125
32362
44609
9803
58659
83550
80584
96392
63642
22072
429
73087
71115
55908
77136
68362
44098
56945
53101
49935
84422
6643
87801
37102
73421
46465
19967
63243
44022
13028
69596
251
18473
70656
44744
67072
17767
5064
14872
5106
58969
26399
55543
95298
3046
68695
32051
78065
12034
90087
75425
97812
72364
33134
43433
41048
77726
77099
20112
87386
9647
93955
4257
62407
99124
2599
92558
93607
48704
23251
31130
179
6332
56098
81261
88172
54164
41485
92648
82157
42069
69976
93631
77381
30893
21271
4761
13209
46948
38357
88510
6903
3856
75336
58883
75564
76944
29425
6613
484
19781
61782
4466
88607
94678
47428
84125
51930
18839
84360
10426
26914
50493
30769
79830
94386
58082
22815
32057
54572
62068
20252
81113
74308
22367
36795
23930
34967
21637
98458
92304
9626
44790
98758
53206
83180
75221
11991
22703
56444
70327
33262
50470
46972
64216
57514
77141
23319
9005
55529
75331
90952
3633
93916
74562
81180
81798
1971
86069
86922
27471
41574
14415
50805
87932
37652
29750
79364
24396
15934
84832
46370
50142
97320
50747
23860
54776
65565
16572
37748
82346
24955
10360
68609
46475
38673
66741
12741
91854
13611
21306
50639
75345
59489
89154
19252
90351
48299
87863
77019
36699
93247
79454
16378
75629
94341
79242
46778
37664
22297
55154
1344
15496
59458
48468
79908
59220
47334
88850
48929
40963
38919
23975
12036
97669
71837
57211
94177
76871
57023
14554
59811
46162
54461
89924
37069
44282
84153
97827
74046
58314
38214
39770
70541
69936
92030
6689
95800
54375
22257
44720
49305
87094
89445
95435
32644
91811
64776
7462
45384
4101
23123
84350
87991
3333
23205
3464
92431
64449
54174
13674
63078
7953
73752
799
56668
90847
5444
65066
73746
75461
468
80002
48249
8021
6871
7106
79606
12641
16095
33157
55964
34058
2847
66974
66801
79107
83123
63125
77367
90316
42022
51359
15467
36570
48832
78749
71960
84925
14779
97414
40320
8190
22718
40047
57500
75309
66665
8232
4237
70734
92554
71884
60075
86824
6197
44227
84062
44663
23245
1272
78879
96220
57340
27244
41830
87082
92443
63010
18295
62744
91469
82388
2094
23511
52061
57221
85155
45725
79583
82093
14568
78589
52419
90938
45440
35309
58847
54002
42454
96213
81890
76433
63085
84917
36497
68638
81790
49846
74570
24479
75469
45629
28561
69771
22123
58262
54252
99632
93925
50642
27596
94589
27562
64128
90012
46099
95901
2447
48692
94316
56968
33105
18838
31286
8549
39821
97961
79777
1074
76593
11564
80804
89486
88052
40197
37984
81885
18462
36616
77839
41841
46014
21320
24038
10812
54665
56413
45449
51755
94466
23152
98177
70952
63704
901
62315
11104
88642
23028
74446
98004
40966
52503
83615
77404
20505
33535
80728
49988
85024
58768
46424
67547
41542
53583
85104
74351
37670
83757
9238
47384
5077
68817
47397
44237
37332
56823
26090
5743
42622
25603
61111
8847
95358
62907
93414
65786
76868
60493
29221
38633
47099
91032
37456
66953
71017
7472
28635
882
2691
7339
81283
31306
76917
50946
44859
85206
86804
57564
49229
9047
71732
34606
91172
36379
16363
60115
8257
83715
72375
87793
42943
46342
14899
52499
75166
8760
29373
11211
43663
81246
88158
26773
46784
31889
78383
27627
46677
88258
89917
41500
34281
79536
8784
79832
46809
9667
4102
86331
19838
63682
40273
62675
33437
83952
16741
84174
2243
10194
23074
61871
78685
40316
63071
48547
24773
9555
18260
69675
21808
59387
25792
78578
8398
22483
80823
88351
48795
65589
62509
84961
2226
30784
45287
74019
95720
59057
89041
56407
12748
67810
88425
14861
16709
28836
42817
89834
83160
2074
11609
20494
77625
6489
23326
34656
94550
77514
22591
26726
93259
20015
92961
27289
16690
81900
3265
23893
20575
23330
49745
66896
36186
40210
10270
88267
79672
22274
18069
8286
12094
26222
97164
33037
22219
46932
29432
52128
15568
65848
34468
55859
45271
87195
54088
24909
58036
41535
82577
41028
17909
53968
21678
8310
81895
24146
94715
16492
41846
29442
87572
59394
37395
94977
82386
58444
92617
71083
69496
79708
39807
78707
80608
12905
21719
35828
55055
17890
35277
64381
95755
86405
65842
78437
73511
85331
88392
26438
59443
84043
77181
6867
87613
54908
68846
86809
49225
8891
85126
59065
29458
29565
79764
13169
89841
6303
76873
24374
83403
14642
37269
43898
90445
99088
87591
65643
21005
46164
10495
97657
96348
20636
79529
83485
84047
30777
23856
79858
81753
9514
21764
70590
19771
8438
23796
18162
27176
47421
74523
78554
49197
35745
85429
76283
8887
87285
65669
31102
39363
94255
12615
43598
47534
73758
68162
96547
62406
23426
61223
64322
44626
7772
13849
7027
26011
52983
81662
13116
25473
64144
53143
32227
88864
60048
37737
75377
26084
18015
55953
49336
82672
35865
75820
11641
2896
43939
83652
51090
23152
61592
18438
30784
55327
9797
77738
95441
15761
72338
56094
33835
47997
82556
74630
68212
62137
14959
64164
91975
83395
8648
8888
69911
44531
27286
34366
71370
69077
64248
82211
13775
21103
53856
96299
67085
12903
15462
70677
81815
36189
65891
27368
47619
81379
3239
55814
29202
49826
24410
34779
88258
86689
18321
51015
87158
44790
30300
98370
883
68310
68084
914
57683
27541
85078
11452
98273
44586
43659
42174
27756
9410
49379
46627
26988
41544
2867
61179
4483
97011
34092
73764
68692
75689
6675
46004
70764
37693
97232
58591
27707
7248
98793
50797
26777
84374
28798
50906
24113
74276
44236
45174
61990
15102
38349
43078
10763
93612
47586
98001
21898
57336
89712
56366
82130
73514
42737
47592
12670
49932
36170
8727
91467
15864
79254
36435
3108
82087
97468
80069
87808
6002
3216
73811
45959
3665
31335
88221
4349
12081
281
83161
27421
37060
75586
49109
69411
90647
7012
79113
48912
66676
24705
25949
98671
90573
87692
55758
92691
79148
1621
56187
42606
43163
19021
15316
45262
6199
29162
3503
71305
70040
46801
38396
82926
53617
52251
79352
56240
35905
69191
41391
44813
72391
88741
20651
15426
45806
10551
88544
15689
13926
70400
19324
60687
36184
97861
12586
14750
36150
62173
35606
50777
20004
98874
94480
89256
37666
86825
59988
13417
69111
59398
29546
51764
25516
84300
49919
41285
97836
58543
59285
29928
57253
24415
1377
22160
69638
41975
76928
96990
37129
16391
5044
82586
35488
18051
57538
41969
11045
71836
96016
35078
10916
97847
84944
98348
183
96095
76768
58897
73731
5179
22904
79951
54255
4398
21052
35931
3231
83056
81484
68806
24559
69838
42732
4603
27644
41421
42424
64278
43617
16331
19179
74686
76323
28369
38057
55090
14
78712
91899
92510
38696
77053
59365
92100
37805
67035
65879
21337
83480
65100
27324
14130
22246
4083
60436
26082
53018
47799
9509
50875
77207
20027
61233
18001
8284
43945
15987
75760
59109
98768
36670
4550
48119
37033
12722
83308
89644
97518
4341
22626
93853
34490
21117
3524
6946
83324
93199
14282
9496
343
86554
94144
62987
17837
12274
65166
40035
99936
67494
38392
87497
52180
8840
88882
38115
1976
34188
41710
94478
22535
76410
84658
33405
6969
74762
96312
91449
29812
9520
11215
39628
41498
95996
33133
80290
8159
22895
39672
83364
22742
18808
19379
92279
91202
44690
44228
20312
91322
30623
4835
98311
15384
43613
66877
14179
50062
84122
65584
60736
77793
32940
42844
11563
17491
6942
58859
67278
74257
52880
42373
22881
70929
16942
47268
35378
82286
96214
4672
39622
12575
64327
86201
82454
15459
69809
79207
21392
78456
33089
18957
51140
43242
328
65679
12682
64297
3899
32482
20906
63688
35257
87285
21231
92797
73523
84650
60801
63984
94959
29906
38653
54982
55868
11921
8486
12627
21060
64972
83405
70401
36176
56778
26700
38880
79907
36033
67012
13022
12689
15438
86459
44075
97775
50590
54859
45957
53816
66706
54222
81476
31296
95783
62669
36774
21462
22915
35340
29162
92052
79076
14792
37160
2095
35612
25648
63502
48012
62839
6192
98077
42948
60417
22703
57671
62129
41182
18490
82016
23534
90742
17330
87801
15489
57136
76918
63583
16119
77680
57692
52863
40408
48248
43209
1856
86996
44904
42423
34573
91151
29246
62188
26132
24363
90821
18121
608
14646
23508
65478
90426
16438
37482
81924
52794
65050
11715
88982
42422
23381
49720
4047
78294
53824
1906
5354
64264
55138
68589
97172
28918
24612
91504
41133
24511
27955
93069
55658
97919
82710
93136
26851
58707
26854
39987
49028
73915
52025
26492
98876
98174
11571
47542
93233
57647
78278
91474
47679
41094
58337
72743
22305
81701
28437
41390
11513
85382
87425
4645
21426
38348
65838
81707
8841
83056
79296
32981
20824
3501
10865
98546
8748
64283
47468
78638
20791
95125
4180
8793
26240
62593
15450
80415
82363
12606
57512
53926
40228
1294
25087
26793
51813
60074
44440
17605
96165
11398
60358
16864
44159
31135
57020
51141
75944
9082
30609
94963
61508
43577
31426
47304
71401
46480
26511
53077
92307
91324
25966
12567
56007
15881
25667
69067
39162
88583
32073
64632
77575
70218
18674
37524
48743
80891
56338
92312
6496
10922
89286
3798
9094
9114
63520
68113
45984
49449
89402
11474
39669
27327
75460
97823
45950
90600
49448
70544
71034
8906
55385
84945
16959
89570
70407
633
35797
49313
51306
54738
96382
30635
55709
10365
18856
46875
72641
83327
79136
17103
91014
10326
36787
76291
21602
40728
90095
78583
23905
66724
95871
5304
92492
13246
54723
25624
58780
76477
38009
54010
79376
78960
71284
79220
67396
42767
94818
79648
58069
38861
26301
66539
49847
80883
9730
31140
46700
57875
95222
84259
58168
44622
13044
99315
17657
77268
79949
37159
93730
21798
39155
12417
50529
37833
72327
34398
86407
20106
56151
8782
64581
75772
23030
94919
27
2770
14678
28278
79208
9650
97457
31460
63387
79398
92124
81116
91
34579
50722
89692
73405
34331
42266
65690
80776
61541
76890
48722
95409
80615
93721
76038
93176
28756
83719
27487
1770
71526
74036
34247
40894
36139
10659
59681
29583
95488
38463
12183
14897
16360
86579
46515
57379
61218
64466
77655
20729
68819
25441
40208
34995
43102
94125
55369
82896
81730
35270
23919
70470
72263
72728
57794
82925
92075
90400
45179
86087
75373
55219
43836
82123
33378
94997
75856
23078
10446
59703
14745
38498
69517
58002
18792
27979
86300
33294
88608
76965
25605
75716
94872
22274
32488
89921
59594
47431
10843
75817
57929
58407
65594
71867
19503
6268
85144
87772
89717
20340
47589
52628
17942
72344
80509
98937
4088
97126
25154
85544
32060
94263
26522
797
68359
31897
47128
13302
42649
7315
48183
76513
63248
46550
92230
56207
63587
44840
5374
13768
87208
47403
52907
63152
70733
7449
43047
69823
7446
68059
9624
16270
83943
50549
41931
69012
11941
42033
43511
91852
89793
13788
88848
68838
53712
24776
97112
24358
63257
32866
13383
89859
69488
53289
83681
60278
32387
3149
77961
69778
69518
58647
54713
23332
16059
75688
51819
22836
24320
93025
29952
6310
40975
35655
78510
68172
59029
30573
25435
36523
94930
12544
14820
29612
10896
19407
27346
17054
94669
51900
70154
56681
75253
40291
64165
45640
10097
22062
63144
37361
39371
420
49634
33477
37496
87191
35350
56642
60786
26020
5277
75403
64531
97494
34672
49333
39152
70001
21272
74029
56277
77493
57391
38962
15803
32428
14641
29500
35326
16116
63322
90786
86903
68139
93279
10319
76923
58821
35327
80561
19328
90171
53893
32014
87094
40124
22187
22503
71421
15446
92813
58567
60669
53714
15334
10558
20906
19999
58913
5364
13218
68015
28185
7457
53575
61804
49260
60320
26140
827
44517
46718
98975
10528
53094
30308
7264
30914
11187
47489
45476
54653
48813
7776
65066
57689
94399
46045
63254
81154
82931
86533
12254
31388
59207
22810
63870
16980
62691
3857
3110
97794
35695
5901
55559
727
80640
91553
1054
94231
60865
83272
43002
85645
73029
56537
57089
16285
61548
9560
35680
58907
21600
86191
50873
34998
44290
18537
87828
14677
58495
87302
92962
85310
94527
49929
48130
5120
75455
17321
62713
43712
73968
47807
59020
65254
44210
54957
74706
54494
69539
3622
45979
31664
15050
55508
30539
68484
10760
1719
96616
66783
49082
71247
32056
75773
38022
35681
15908
2635
36192
79048
41404
79369
84996
90372
43104
81923
38767
79465
73023
34072
97748
29993
94691
901
43037
40785
93368
13278
43027
11520
45924
22600
65772
89870
22195
38907
56542
77537
57656
50997
85741
92995
67273
54638
34318
30378
15406
70063
29162
75477
31066
58799
1738
27624
99959
55328
19013
46273
66779
55067
47084
76941
68124
81311
42691
55623
31954
51342
93769
16852
8252
82981
43721
4676
16008
72998
49176
75837
25538
60573
41180
69766
38799
63461
63937
16906
32493
33479
16861
65112
13566
9917
23433
34972
4710
63429
60080
97234
67131
93599
46714
86158
88289
24176
38453
74103
68630
97913
28881
88582
18595
22461
51950
74700
49107
2070
37388
28940
94419
33977
2103
82739
69561
34324
68316
94182
20181
383
98642
86059
47450
78109
4537
58594
2105
26136
82815
40383
18165
78269
99919
25220
17921
286
93139
76099
42343
38398
45429
71551
10638
43398
93620
64907
21197
65210
5742
38686
61640
37597
35590
91071
26577
14616
4851
76208
66386
12560
95002
25440
67995
62074
46256
41135
18838
86815
57554
77398
71459
2283
32907
24953
56447
97583
1988
15404
95925
82542
38409
26320
11170
25911
71495
82506
85106
95652
27566
33393
49450
59758
80010
53370
82200
76817
66363
5491
66033
67285
47983
74795
52735
4761
7056
1719
91815
33269
62950
28773
17195
18719
6795
32714
3946
22559
61997
6174
89038
34648
44108
48041
67874
82649
51547
79691
16924
32426
63819
87879
54364
1751
32811
8663
82108
15649
27668
77475
13332
91757
51483
28389
5011
42841
91162
95254
60171
88629
21800
62847
71675
19468
69353
42229
58590
71905
21984
32256
1907
24959
35087
53603
53312
75807
57553
24655
91002
73535
66664
63114
26884
99012
70707
97413
42979
7909
54596
16810
34066
9180
84001
96583
11614
80986
55278
33504
25519
87573
18348
59900
12167
74340
18742
5767
51260
68635
96662
26839
506
82573
1020
58477
67828
23742
94006
67118
2579
62911
72028
49215
62100
62319
30061
85126
22759
63560
34886
62260
97549
88357
38413
73221
4799
56516
79965
37318
15075
84262
35260
3027
90464
28472
25814
54891
29181
99114
30622
13429
71499
7951
26927
80140
4330
93235
97013
52820
96988
1366
58901
6820
49082
48923
11639
11475
81660
92943
10565
3134
17364
53411
13519
64457
58607
77283
54420
68944
11387
39578
8936
81626
97719
23560
14979
66431
98408
37298
96460
38898
80042
62822
37730
699
9270
82667
39460
64477
21536
26677
29951
98187
79972
29935
73814
6967
76730
68477
47487
75158
24560
13737
14343
91201
45167
81064
79242
13865
35873
61382
20941
48744
70098
11949
37641
28826
15333
81677
72958
70936
46300
61343
18922
23745
57742
65911
85783
67100
57903
72356
66946
23670
30535
37424
34680
95247
43906
90456
32594
51999
4068
57743
61547
72694
375
5385
97195
41322
6979
3895
58402
96357
88831
60930
99044
52550
61617
7764
78057
43354
40883
56899
83333
70651
92247
6934
66635
73424
15461
19388
96912
88629
8754
36867
9767
39098
15671
36471
58458
28997
53291
94190
33481
30440
93391
96653
33071
76837
30179
77590
64808
36582
58886
54536
49499
46965
41315
54805
77102
19382
35602
59055
35846
99854
68922
96174
94656
81950
19202
35143
99702
46389
83827
86363
55240
8998
34040
27788
17953
43481
17404
55253
6224
76784
19263
63320
42270
43951
31107
54542
72347
33164
28830
54797
37526
18475
79218
20284
37558
7547
43583
78653
34651
31969
17758
25764
19712
33139
25191
88029
27770
72136
80551
6513
49886
38278
38483
95308
74024
68231
97928
17702
40101
94088
86863
76940
24563
78534
27053
17327
73966
28890
59182
49519
36144
25219
55634
26681
85148
32471
29939
96120
61512
15883
84481
69128
79194
23455
75488
70344
83658
29479
49373
73236
55766
15380
4663
87115
3155
13205
18108
82989
74407
71217
96747
2308
59398
70817
76444
89261
29285
3477
69596
25072
99085
20541
63526
85775
64602
42415
3355
75607
29879
1302
21107
54277
7911
48687
81632
50669
913
38312
56360
59434
22727
28540
59908
73893
76513
26949
58835
30568
10801
28284
1522
6534
62621
21195
13661
80745
82308
88147
68135
3989
99695
29333
96879
8244
9658
47998
32577
25242
98522
15534
8789
63489
84875
35160
31440
87728
62349
54346
84103
13253
47871
74079
48865
28515
60988
94167
14582
18647
47107
76135
88793
6770
60477
51038
53371
48399
4177
93326
65836
61727
86935
71831
20134
6028
13562
75186
3953
45461
44665
27364
19944
53205
48796
86455
76883
79807
47582
50691
34852
8162
14552
10863
99163
81899
99546
6526
14653
26286
61102
85145
37285
98429
26634
17136
91680
51902
35341
86139
8223
14879
40483
32175
20680
81719
33395
71247
79616
98773
12517
28071
37579
92979
12528
15639
16082
73297
63085
46564
99033
51464
78936
48656
23860
15594
75838
78406
28941
26641
5522
6988
96505
84737
