16991
62551
61210
85147
65518
32357
30332
63039
60615
20377
24707
44247
56444
58671
13057
43074
80538
16038
61104
25009
35445
69916
55728
11066
95929
49634
25037
53953
96872
5635
57350
75903
52473
13035
68262
18631
23379
49305
49593
14434
76862
10348
52664
59737
65800
2456
61367
57902
3981
68609
33031
58889
41942
81886
8960
62230
75100
2980
61574
2371
60567
39418
86897
29306
40850
28645
82990
7702
44747
35499
77393
96070
98287
13472
73900
49783
28192
53745
64011
59184
8936
95161
97604
2892
63053
60175
30152
90881
21684
25291
59951
74807
64984
63086
47619
3038
17425
70497
67186
4834
26418
97647
5903
57213
24350
94930
34438
84915
5498
97718
88978
72518
18882
46255
96619
57932
60201
28249
96858
3450
90646
77917
88267
73544
50575
7969
31053
19830
4909
11845
59706
6179
9334
77856
12781
93202
56730
53511
81956
53959
71717
51365
78361
42924
97850
84253
45679
56879
6553
501
7889
12789
66172
10193
96898
13141
3469
88236
57582
91563
91248
82338
40085
12526
96042
72314
89134
80190
87765
33932
39907
21306
89267
6393
20502
45768
54971
9829
56619
51149
25166
68917
56934
39064
12963
32184
71658
29479
87898
36529
60734
5259
12373
55880
50165
49404
92450
15292
656
62152
58850
84390
99018
89883
13191
54497
77649
21121
6588
27329
15365
21841
82937
98700
69609
21118
31402
57260
62445
10705
94059
92907
94021
68455
97944
26881
30223
20488
64094
80451
55734
70229
59077
51107
27386
51053
52640
85633
56282
10872
55488
75542
40203
52779
87799
49171
61608
32387
82926
72743
93452
65518
35756
45678
74614
52676
38884
95901
16190
49570
3346
44343
47319
21743
98045
24127
57016
58768
35659
74269
82223
45447
38043
54585
19069
25570
55360
96560
8086
99960
1913
91596
40549
4288
45767
82355
99160
55837
54541
37026
18115
85722
82941
6158
87754
58329
26386
73141
6440
51567
74227
65716
34462
15261
56679
84538
51905
64885
88954
47958
3632
296
97667
7883
67210
58872
3619
17397
93470
31879
91680
58832
12170
85734
58056
42570
88507
41278
29260
49510
25975
84149
81454
27127
20669
36954
13164
25241
15469
88927
96137
24508
1273
34335
48414
80966
75062
75250
12891
96364
14632
95951
46842
79943
94539
9047
35683
17423
47568
96771
71315
4527
93823
84831
37947
4797
52698
48911
59846
28545
27335
89590
26816
29335
93555
94036
77352
14406
31654
23684
8356
13360
88468
50669
47928
57598
732
87432
79547
2458
76032
17274
95619
67003
43223
26433
97416
43277
3890
79801
43614
78903
34426
38045
77490
28509
45819
85355
1028
45882
81368
26598
98426
87548
18516
86328
48332
46442
10413
42476
57155
86077
64390
22236
74194
61487
48176
61543
39194
68898
12134
31902
258
52421
14282
18340
91338
40972
67840
56481
17849
37579
43546
22223
5692
63588
16369
22956
38485
79390
87832
96348
28104
78699
80932
29577
3249
9193
83651
99749
85323
12915
18465
35058
8450
99631
33063
18448
54581
42913
98723
33079
43024
34838
42984
64370
25412
91730
85742
74257
69506
60765
81532
7510
16294
791
87296
13361
55431
30599
65659
67301
71858
32511
4090
73053
97766
72074
49484
9218
62762
30455
5468
6095
40297
91721
67676
43973
18607
63092
42
17623
96490
26750
38913
34498
72866
92025
30006
4438
41443
58183
47391
66855
8996
83984
62219
62143
13070
25732
69287
87273
20533
82564
92298
85055
95753
14836
48879
68748
32210
27445
27899
88941
41142
43516
42569
3694
98260
93083
13503
80399
80062
29442
1834
96743
89459
12000
14722
67775
40983
59962
59623
31309
3542
96238
4855
31042
54005
6305
37240
230
22357
74726
81683
52377
99465
91868
20186
91419
46432
76375
98110
64414
75832
19618
87794
14998
55904
69853
15094
8330
16404
97300
4576
64637
46859
98659
16785
13003
35944
53266
1684
73880
11241
66116
20007
25913
43277
96301
21501
82203
67949
89287
18521
55765
65817
37522
19751
99104
23921
36591
28199
10187
67611
98881
64041
15643
88513
54117
74210
82076
85832
90812
61288
25337
29969
39386
84198
71229
42481
57919
82092
19684
49349
9709
14658
23839
63910
37149
96187
73114
4377
57086
92990
22676
53835
75021
1955
36048
21326
43274
57025
47818
12917
81747
31354
26430
99032
69529
25950
59116
59822
24941
10888
52112
59
56602
99035
9144
60142
31468
67729
43530
4997
18307
92831
85158
29146
69050
72791
6229
85064
16815
84929
38028
47635
91157
39172
39424
32492
75504
77859
2836
40460
58140
22370
38933
58987
67488
99605
90496
43161
41326
89961
86324
62880
17327
58490
8175
18610
19120
28917
49461
18955
7160
39112
68247
82412
27196
42343
15582
55042
39232
39849
88966
14500
41016
7821
92023
51607
42939
72331
93824
13060
90493
89021
52254
83445
62214
54388
7443
76301
78212
6243
6502
91939
81734
3086
87977
26549
44686
89783
1652
22643
87441
38719
56958
83882
62294
3709
57588
75867
69676
43106
21
2500
73150
54214
8523
7889
37189
66
51526
8146
35952
91674
87295
92231
95137
87048
13672
1620
52610
36869
25220
825
88053
76715
16597
77652
74408
18550
10453
78500
30493
13516
90585
15068
72894
64084
79613
4088
35242
43546
61467
81256
13936
37643
49974
14029
55053
12244
50658
12535
51853
50894
45208
27371
31497
50606
27876
60001
188
98334
76884
65013
9466
53471
21547
87280
65903
20742
75334
35476
270
95570
51335
22194
46774
75480
9051
48502
54772
53667
94290
19160
37744
31120
67177
71821
9132
76141
36735
93447
52539
11249
94414
55989
97143
27056
67564
75883
87324
83029
68352
41251
52171
27913
89239
79265
49095
71561
68956
85500
99149
93894
1055
83776
25000
38556
17665
68455
12514
43732
18871
74870
52857
50001
26852
30283
50598
67195
63531
94091
20415
69396
83229
2626
65895
99203
39327
38372
63154
78008
37675
99373
5791
17870
39477
32838
17828
63652
54549
52544
85525
82618
72895
50645
52876
14678
47280
32499
64656
28447
85046
9526
35848
96985
62617
18439
29512
17155
48971
9113
35743
69735
79654
3952
65870
71005
24812
72090
10756
55551
30574
77033
99511
59778
57451
35099
75408
64937
61585
16007
44742
22693
58689
12004
45632
72565
47496
10804
7141
20034
19529
16768
31822
96779
19144
86186
56289
33316
73672
40459
58978
98766
98707
49817
44870
46531
40014
47522
17839
45690
95720
5837
45214
33523
94953
94321
20483
57802
17449
34270
20513
57822
28405
22209
51162
45876
62558
28151
58307
74044
57981
36393
67756
60697
87659
22588
56657
90198
63416
57239
18286
85341
13999
9296
72521
32729
20717
65886
736
7403
55519
63539
6970
84782
8374
86222
53281
39304
35389
78672
93642
92551
28115
19496
81756
56175
92172
85481
58949
45670
47854
14252
71935
58322
6290
4525
91473
2237
69101
55445
34191
9027
74475
93369
3212
57786
74843
21722
19903
91767
72873
72599
67683
75898
16142
81058
12499
21459
98250
38607
47615
85300
31557
98980
82243
67353
5080
55487
21127
55711
13042
60280
85531
97536
71193
43440
11680
19689
27595
30146
10654
73320
95941
26784
49475
52212
28153
4019
57843
54054
85971
92967
50609
30348
51214
98980
69073
49677
11092
23203
33067
91079
84722
80502
3864
44847
90868
47988
56569
82827
72171
62311
8201
40679
28791
7657
25901
14603
78354
83492
54081
47463
6468
63971
46575
26167
94663
29155
18818
78564
66687
69345
22194
28541
13893
73174
99110
41890
52069
71808
61397
25564
19102
47096
65191
49626
48554
55123
93873
97165
22592
81321
98161
56146
2986
49492
72121
11600
20511
25478
50091
67404
83772
37200
38542
8266
31944
56258
13680
83396
99886
93164
16487
96048
73959
42368
79653
23146
92425
88121
48537
2988
97436
25713
10692
5674
21053
73135
33814
79457
88626
76404
20218
79721
43262
49832
77970
6646
70738
30206
54663
73429
43827
28326
91850
85896
9723
42634
47334
14372
71995
98358
22601
24665
69586
39702
78126
29107
16245
29288
67126
41854
97522
49471
91810
7434
29481
6905
27337
18583
81296
56765
54525
20363
24968
13437
27083
39139
96031
76874
13035
21740
8287
66973
52409
30536
41997
23640
49471
38317
21861
68197
57349
24122
99167
84921
89312
67901
71093
34641
89898
64898
40561
12894
75764
16428
86353
34316
87605
71171
323
64381
49031
27964
97227
54629
19493
55547
73168
63513
21845
15872
78186
50185
40208
29167
67981
55721
46729
6398
77456
1666
87184
58720
61704
44200
34597
41744
94773
23499
60835
8746
93863
77030
66187
24720
2309
6922
34239
78261
60939
41749
54889
38398
48833
31906
10021
57832
66230
23521
91587
23090
7993
57051
52201
16158
12794
4427
2279
20445
40838
14607
90227
98477
34211
3240
8573
92049
2947
24582
69001
58369
97841
26954
48514
21804
42522
74604
86206
40323
10314
71880
66267
77270
2445
70344
92595
30104
4257
76215
32699
3701
48857
25734
189
14460
13231
4970
99155
79766
27761
10799
25467
40104
30749
88172
19393
79328
45726
17712
35587
90011
62128
22805
31664
84329
96282
24440
52045
79305
56747
90138
67322
36632
86114
27280
63687
57782
50924
46087
18505
14434
86491
80851
67125
91836
68281
91458
83462
27851
42305
74200
21916
14158
50377
41495
49181
46842
79091
18172
78087
43793
87170
929
70201
83775
97385
31816
32719
94087
93454
88932
20716
22043
23602
44913
15371
60388
48845
58096
98709
7221
78813
22800
24079
68388
89855
59524
79553
41960
86020
84000
4623
47589
24829
11511
92975
69100
30974
21921
50250
78672
2790
40335
74229
82557
97199
33974
52506
54141
79682
40860
15984
49465
88856
42719
26598
63815
32420
64556
99708
72398
40623
11189
85134
66743
95039
64321
48309
68114
47599
20149
88707
83466
44298
13534
81686
11387
77369
69649
67400
62467
63926
4442
44713
48451
25173
87780
70671
50677
17378
42194
72325
62686
8967
16283
34757
98838
73252
54318
62636
5801
53954
61745
62928
86026
93204
16352
94022
28485
74349
59716
90865
3169
82956
11445
18427
40683
61746
44664
58712
87381
174
98438
9899
63200
64256
32111
13537
37226
64513
67727
11835
19580
62287
62195
56980
54463
45796
91657
29606
61437
45611
76474
96088
24753
43169
56676
33506
88291
31113
79020
39885
81938
48235
3503
86600
14562
81652
97848
92954
25122
46542
91327
16529
72755
95288
93765
63245
62903
76041
75150
34923
55177
97668
68596
35943
48473
31071
59934
76039
93401
38291
60655
37101
77092
20351
90797
91302
13243
29072
69782
16956
13091
80266
4679
39201
35714
98900
74200
47705
72226
16061
97765
31425
19435
75347
20881
53905
6005
60734
1160
93258
14215
44152
66506
46425
22010
32450
7257
41524
93537
51668
61568
76212
81998
68160
43721
35222
45651
52759
5357
60313
22995
13617
88907
2068
37105
50052
6144
31298
31496
65709
7746
81318
26884
10223
77738
613
45292
26404
18742
50672
30602
70069
46223
25531
81432
33099
13689
41507
35400
7821
40610
19573
13260
23892
87435
22164
90240
18822
41251
69918
92501
5186
47135
94890
7230
49279
62169
66731
74341
42678
3052
32948
68990
20239
60465
63508
95348
47650
36788
62192
64756
37892
66205
29337
36296
22309
11808
29281
88933
31510
73410
53026
5365
18262
81906
78549
11145
74876
26089
88000
41105
99591
56141
99137
39265
43660
63557
57513
2546
2266
15329
16962
15896
70710
47524
29726
17196
59036
8834
96816
88399
53406
26111
50490
94690
90177
25009
39063
49145
87137
57963
72705
57524
55006
13556
78924
40515
21496
77273
38020
7473
81273
40354
14800
98398
51779
40279
94712
85863
60959
89639
52186
94103
28952
59245
47860
84361
75971
38167
14804
49507
5326
29490
3938
57563
36432
18762
16327
7664
8737
4962
74413
38225
40806
63505
76069
94368
23082
4853
45749
23194
33368
42514
73395
50571
94972
40796
46199
18295
24053
66830
48523
74714
28515
79844
84058
26569
40267
76346
547
76985
93214
52480
47233
18634
97968
26302
76905
45889
18831
59678
59856
17347
6477
46393
29932
3215
93257
82792
72674
91753
99919
68846
62685
34086
74915
61805
96147
3752
8213
75929
82337
39002
5694
9606
16344
89288
61005
22621
69804
99712
46339
1089
545
29276
89844
74680
73201
34333
1108
38561
24221
94482
41142
90463
40509
62615
10043
64177
88747
99620
24368
37932
60761
61358
23108
18330
27026
11350
61108
46784
67435
80749
26690
57307
64869
14416
96917
15509
45634
42522
37307
39535
72903
94907
30940
84183
88118
72678
17030
53996
85338
50279
76708
30402
33109
96734
72833
94695
5838
48928
73236
2126
99320
56801
76935
31935
10006
68510
13924
62158
1362
43208
92502
7757
51845
66440
15359
63090
20565
80074
80209
31812
49384
71868
2352
50585
41358
74765
91515
52315
33731
94396
80501
70479
64349
21977
56468
22289
62923
5491
7019
