74204
97202
45962
40387
37208
15818
75422
92341
40635
95561
7731
37189
78354
48915
8218
7815
60782
35893
22932
48446
85063
17654
51682
92013
89175
2567
352
5183
30360
70176
27846
92963
84384
2671
69603
61351
96720
77265
28936
33894
23729
62808
23499
94947
94707
39068
15462
4368
52928
36649
4157
67126
71998
50900
65143
60802
93243
59698
81602
37797
7278
33342
80087
98250
80311
55870
57527
60926
62858
62318
81431
66797
4028
57170
90306
41569
52670
55228
5764
68716
675
57398
9036
113
34048
27254
10471
45328
95409
18777
31075
8112
63716
14976
3672
74012
21384
54046
70121
51875
15667
87786
65702
46903
21872
95184
86204
59099
92947
24418
76369
8649
94723
66503
46381
60673
14995
30411
72926
22381
6192
93207
85967
25920
38411
93878
31165
89251
59368
44302
60296
35899
16673
74572
18737
86175
92263
93454
93983
2441
42083
51535
16618
91971
67690
1112
23607
42476
17113
52993
58851
98845
46526
31713
38057
23186
64855
29956
66860
57677
1101
83016
10795
17497
72397
69145
85767
21490
84014
37254
73067
57096
71845
69206
75543
11503
94396
41787
47457
72738
32994
30016
36545
86250
71824
23182
99537
22632
38345
98047
59832
6030
79330
44441
89635
63587
64786
82779
94423
34051
14169
6275
80897
85424
96861
87236
68715
69492
68285
96544
7253
31719
42881
18706
23945
34388
64198
39914
47277
85590
86208
57363
50171
37499
93204
11939
51481
72980
45571
7586
59505
55537
1294
25247
23413
58244
86916
1064
59722
55803
61471
49090
17082
26627
70362
47735
70439
9601
72218
99250
58296
85412
8386
21544
6279
66402
52801
59848
27646
49004
36144
4670
11047
35502
8330
9006
21727
64517
55421
79927
53033
31718
52940
64512
69544
62480
21108
97611
53563
46594
86954
92622
81110
58603
16211
27650
40464
12652
7354
30671
48507
72336
83244
91320
64904
17315
96799
68458
57391
98289
95622
32995
96750
53884
13633
29941
32628
23246
10293
16025
57347
58375
76349
28895
10127
93846
11222
91781
49403
9831
4113
48093
68986
52426
8687
2034
47507
81645
7498
43929
33372
75149
51126
17305
75233
26490
3256
49199
90797
13893
47303
9047
91089
63204
15305
12584
6696
82437
64451
44855
20207
20434
80462
263
75758
49003
44860
50165
82117
26948
48337
71833
11756
15721
57448
93458
43500
38982
37050
90940
2605
35464
38166
90932
14066
86692
61294
36880
15606
82509
57838
96235
96367
13269
14225
54037
79485
28356
74747
5186
18319
23310
81734
43578
98266
36992
95216
39102
62739
11916
78260
64886
83166
73953
3050
758
49957
11056
98215
62190
80169
5480
36876
81605
86886
7453
18904
55406
3766
73678
96129
83045
22409
17579
90089
21148
81322
25907
4455
79673
12641
50137
30000
82866
12812
85206
72502
48614
55482
27956
42926
16116
82507
69380
25972
80598
12096
68550
91980
17188
24183
28784
76344
87500
34218
33405
96694
50471
55135
18843
93716
13258
27939
82915
62385
7277
55104
92577
43227
7183
77406
32743
55815
2538
64930
69905
35247
33203
65927
65210
36667
64422
90317
12379
72259
61982
41834
76638
48366
22257
76049
72075
26481
75641
70564
22064
66760
58572
3973
21654
