10210
17772
53272
63812
32082
47603
73301
67740
82859
90044
50008
47105
12918
83148
11331
26913
94024
92153
38525
33983
41980
50342
22156
82256
51352
74689
42073
92361
75976
32767
18830
52252
67071
59250
8031
21518
68404
32377
9966
18611
86716
83619
77878
67498
35538
76332
53872
67563
90506
92269
59329
20744
27351
62635
19100
97702
84937
90052
39006
40194
75315
43161
14047
29343
72777
64445
18068
63356
89588
20153
70731
33794
1043
8357
33
94043
30367
31418
39475
47985
37656
67148
36912
70207
13001
9931
30117
83005
25587
527
82145
23595
50567
12980
39527
52809
3204
75923
23331
67312
27069
40325
87899
30064
46178
45876
99740
31782
86941
69221
8061
73433
17997
24484
79959
96083
98821
24111
55810
3807
45969
70086
3053
89658
41351
77910
95604
964
99816
45814
41082
4438
40950
19151
83640
91841
24614
93458
75061
83344
44880
70912
16998
25995
73056
34883
58424
17659
38684
62961
95308
56627
73852
73607
62016
5703
97203
36585
80650
51484
35214
56089
738
81569
71707
6244
63630
24831
85648
45818
91512
40880
45791
91487
4319
61416
26598
90698
10361
50413
46515
18433
45705
46629
46515
77859
75987
41861
37203
83690
67604
44645
14307
44309
7684
63798
90988
5205
39598
92915
68406
35237
18000
92725
47269
14370
72024
85295
25657
25733
32597
74691
2704
92582
58680
93875
69655
11182
55416
96319
77881
12454
3464
54410
92287
62751
35607
66859
80654
31646
97918
84067
50072
1858
67610
19223
26073
30825
87954
82642
79797
14937
72757
73260
83940
93621
3293
23862
36342
33517
87718
97126
35335
24540
28532
87093
62655
56718
93682
20641
16637
45204
51800
28956
26505
80506
50467
91500
90524
93508
77323
87253
80544
22974
65564
48497
21282
67205
99366
20060
66320
63597
50242
98596
49234
31310
2506
1179
40055
10058
64649
31541
37748
15970
99326
71781
88673
51598
71906
2505
7578
62218
50735
66952
37794
64984
13367
49148
37603
21304
48703
58907
39462
1483
73111
55
63477
26808
46021
8338
32996
85371
60069
58565
50737
47597
8128
75655
26463
20755
24641
22455
53082
553
57349
18841
72667
49611
63861
26865
94574
91065
53919
57852
68863
93441
55847
73651
84004
54776
5388
53285
78508
38972
46495
94539
33655
608
49616
11127
83434
84440
93689
99668
73243
20668
41078
5667
51922
74087
27882
28009
15429
59172
47110
46473
40461
70453
9765
19993
19724
734
46963
70744
8103
81944
28707
39753
28677
31802
46273
15426
27566
13355
14511
45683
73977
44373
9300
85726
15619
57409
25285
45448
31104
78108
5919
93130
83686
74217
63145
59099
37265
52423
86112
98854
61668
65239
67731
42615
20901
10575
93049
70728
62929
10664
87367
21813
34199
58222
7861
78244
23155
41318
75383
74600
7855
4736
11682
13934
16444
64633
58538
48809
38576
37090
43780
86921
61686
34094
57567
57403
96194
60291
8243
12100
41446
46792
57915
8880
67302
54054
19485
92357
27745
22612
71495
45436
41041
62140
57236
63321
93336
96883
38030
99397
80169
45445
81420
70296
17582
53112
22831
18738
67348
8300
18119
78737
30341
76883
70168
87886
10230
68957
95847
6099
83657
28542
85939
12347
13115
72461
74979
76490
31461
281
31752
20116
88598
86328
90143
48788
33314
88523
91742
22873
44685
67576
6342
17840
38183
22078
73239
69920
70241
88268
28983
45215
60752
60528
91302
98872
71427
22190
55902
91288
63912
82394
71729
41117
81171
6879
45240
49804
77344
93739
7084
55319
56430
28134
16024
10482
91246
46215
37169
3951
57929
76802
11055
13760
3761
84348
92864
20992
81349
44053
14516
94947
1619
36222
83200
18797
43871
38609
44971
83589
91904
51942
94698
70392
89260
90959
30461
25980
20177
47830
74381
86570
40593
69913
11222
1660
35197
7745
49801
60316
74773
32398
78777
7993
66032
24434
94214
36378
51759
53090
44379
53843
1933
52544
16194
66030
56765
68926
36129
3375
24884
12156
27050
45182
28523
55101
34173
6178
33211
33549
70834
62884
88426
92587
24148
54992
46582
5296
19348
89900
47558
76080
95581
63909
28189
12702
85586
30721
29804
8250
31513
36882
44017
64440
50596
99809
54996
96709
52798
54346
38374
17824
8211
78768
3496
61780
60990
62191
40495
78396
80098
98805
51263
92095
78313
16331
24380
85028
42235
85039
90053
93394
45976
17875
8864
68638
26840
13193
15419
32326
30709
99611
54982
23180
60073
65583
55064
56763
25332
13367
37395
43874
23050
65145
10118
94341
67178
62827
21433
20218
52154
81077
73124
35162
25937
50060
21752
37855
97584
25056
91570
61105
7056
75393
10850
22043
36765
14750
64010
48871
63810
4461
44831
24945
72165
25231
8065
29186
54095
73611
29704
89430
70140
16311
89542
64483
42074
7385
32478
37793
26388
51913
51171
18716
31174
1709
81279
1913
52071
62486
49147
71054
7883
20095
42599
51646
23440
87150
70044
68154
81690
34850
76253
9001
78221
15346
64710
78863
41300
90820
4283
67463
83837
13639
14211
51935
36170
87035
17361
2300
55758
52421
76663
15447
68994
31866
88671
61170
53889
522
43917
9718
24942
62949
95779
30261
41361
1960
32719
94320
19735
72525
92830
90672
87524
70489
65369
94863
2121
78743
34858
81457
38188
16861
72135
21025
22044
92829
2593
89741
9371
90630
43514
34193
47342
10484
87607
89298
43131
7363
68184
53568
75352
64544
31155
54123
59916
85346
8411
38650
80910
59003
13055
79578
3428
9009
82326
50738
89557
17276
84470
22922
1520
69956
37820
52059
67497
7954
97633
70723
30899
98440
84946
61646
82506
44491
10177
65875
38146
33803
77503
38629
18327
33013
55174
32609
42110
80668
85146
1766
70603
58320
8945
46128
12119
37484
86611
2804
4091
83837
4974
33876
63665
45801
58553
49897
98292
98262
10972
45021
66797
32569
9520
91841
3341
26614
22835
55868
45218
87418
16021
53796
31801
79749
86114
93861
21652
59486
478
95522
71568
45477
38735
13887
31110
88553
89410
34123
29709
76635
73826
91904
49964
84315
44535
52306
48390
1955
32360
31615
39963
64786
44729
13465
22752
54197
40837
52943
51955
24182
3235
50810
54652
83748
51978
90550
60979
58862
3451
83444
10695
69049
11869
1375
45423
24805
51624
56401
630
93800
2845
4576
79945
74158
87535
69093
42238
16047
95491
63251
66850
34785
70563
68361
51052
72877
98994
82094
7560
8559
38801
69278
41210
71152
94148
61314
18889
89136
7713
61623
31340
29974
77192
66981
98120
34282
84581
69018
25597
25933
49156
15024
7016
11608
69312
21409
85793
42860
6867
9934
20290
92777
14245
83611
32960
22387
58129
38650
25777
54278
37851
48042
24970
93443
99936
12469
64232
96958
87228
32037
601
41757
64936
37932
9454
89372
99410
69411
23696
52898
21059
84535
44206
9815
46098
7636
63009
56935
61944
84638
71449
31912
19550
66523
13171
60436
40312
68389
7044
11503
94217
53758
21654
17828
5675
25447
14745
1401
98159
89039
75014
68333
16794
64736
54562
41141
18762
66947
42181
92949
61831
34399
19486
37670
98032
24102
26922
72394
13481
29675
97635
57637
33262
84720
54318
36284
50904
56078
37263
53809
52598
16683
59255
13974
86564
36761
30812
34614
94069
30309
99820
46933
48559
19663
45977
73098
41440
18653
4755
49954
13038
78631
29346
40997
87658
17094
13244
4638
42846
33105
285
38520
26840
75651
90083
95516
28043
72193
32787
40793
55526
71917
3035
56420
23992
83821
10091
91816
95681
4395
84810
50864
99561
99462
22094
55151
87857
60861
22817
73274
72
89775
26987
28561
81588
48871
75738
44715
3864
77168
96395
1195
58815
60033
31967
88264
43509
12670
48963
19965
61533
88612
2451
65606
18915
29251
69665
34118
88741
85139
88303
32648
27933
39999
15122
21005
56731
35408
73553
91205
8481
30947
95590
30452
56921
71524
6052
9879
99843
29227
66470
96941
82768
32458
54325
22648
39392
35419
1370
89439
57078
48645
96576
31111
98034
37751
10203
83466
65581
67825
61183
95100
91356
91447
78453
14650
90925
30082
88894
36146
55959
78139
11047
56875
49455
50576
68050
99910
50711
99237
97594
29891
5378
40540
25637
51855
12832
2940
35616
51172
56259
92681
61482
40889
23500
6135
76486
19004
64322
94372
70865
6579
472
19199
92585
91957
71682
39084
74104
39761
83039
66427
91596
62287
48141
29265
80643
33280
52511
66231
52551
41281
11427
51869
85612
29929
57702
92262
19549
66658
48388
34254
67817
90061
67326
95757
80691
19722
6859
42208
89023
65801
36909
56280
53771
63436
52664
82872
64263
37673
41577
63737
67332
55866
26964
8957
68969
88226
55857
26785
16831
28244
470
46872
11477
30937
96847
2037
10682
63457
98343
23080
53976
66605
93310
5206
18285
23588
26019
88203
23549
61264
93404
14718
47983
65859
3475
37888
11300
99617
56675
98194
66110
51848
12721
32018
32407
46176
81637
78336
14003
66830
89087
98122
11339
90407
2617
22835
93627
98345
15189
77651
53164
83082
11029
3676
43372
16373
98088
63102
89581
23277
55792
67494
41845
81783
50508
56867
23061
25582
35522
69963
62836
64078
90617
33568
90363
2282
65446
59267
27372
62982
65148
51509
95592
8462
64479
24670
40323
41151
54587
90970
62999
84368
3669
26634
57798
93215
42610
72625
64314
41744
94308
68726
23193
83503
3190
59151
16388
24410
3384
68829
40410
90251
52865
56177
68441
50602
50721
94812
80196
99883
42848
87349
32998
72555
88863
26539
44956
72890
2997
37942
21864
81578
2791
9844
56764
56199
95062
17837
4574
96110
71701
56069
26277
45009
6170
50242
86162
2094
39876
70878
47954
92927
97489
8588
45313
79936
88763
76167
78116
7837
78475
31700
59193
48304
59746
63320
7568
42303
91009
85055
87768
92803
37457
37241
44186
80934
53158
62929
27394
21320
28794
42063
49406
31704
72341
41331
92575
61459
10106
20632
45031
10232
62035
10394
77679
1262
84894
8356
67329
91573
64703
20748
9861
38634
82709
7705
17792
78776
58825
50461
95596
43697
86193
24061
29054
16284
99205
94373
43726
37532
3533
61927
24011
63652
41753
88683
78201
80617
17799
62975
67885
71849
8573
15858
71193
79869
4388
65184
54214
9942
35859
56017
83642
7193
43154
32464
98904
68674
66740
97891
93662
6462
1384
94506
16223
9466
22057
41882
13137
38145
3589
34805
68250
28070
62681
99102
82318
40448
19785
46672
43599
26869
39692
20971
60627
20846
94802
42080
28566
90932
69597
67929
11034
87921
76462
15886
44314
10670
52525
55896
40921
62161
8384
11530
98958
1859
65263
90887
63344
32737
66984
91500
55147
95210
94195
49687
50589
1148
77795
72810
86453
94544
67168
51915
1418
57410
96452
53375
78255
13615
63729
51802
66287
87748
87272
3633
32459
63065
68340
1692
62674
28382
12217
93397
84155
46875
69306
10758
61129
36656
53931
47608
39278
48218
81264
72280
25108
96540
65389
54967
89110
42486
82177
49122
23703
66181
35691
82231
29031
79126
24586
30323
3114
49351
25405
99411
26938
65181
61750
44104
38049
88927
49331
24305
6225
48112
92904
60196
82088
47116
57326
14469
11933
57067
23184
89725
83623
70031
4313
98298
17853
43732
39694
57597
48445
2394
89236
28291
11967
21809
26557
62710
31212
89631
34597
50673
66966
34022
50288
14961
64818
17040
86097
78003
24306
18983
81585
56216
32593
76849
47711
21214
136
23678
29290
97773
57720
12437
18322
20763
74292
31647
54279
53813
40689
10864
81462
81375
33095
90101
57999
28094
35128
48732
56659
92450
98329
15537
28488
94970
18512
33207
4470
59214
96484
40137
84210
86497
55851
52183
28333
89179
98690
14919
4539
39999
80946
51733
68368
32477
27259
71611
32886
86422
61838
51532
24242
27516
91639
30216
66075
39929
45809
54429
86818
21384
73474
32237
88014
80236
8334
92645
18497
86472
94711
52694
11282
96727
65155
32165
96695
84062
87059
63147
25033
66904
70578
98293
52154
75019
66190
39450
40357
3892
52972
33641
54668
84332
8214
89988
7410
9880
58823
35952
29638
45591
43533
72172
77594
88316
76074
86627
5008
86796
73604
80922
54423
94475
19855
3257
69907
88434
79619
61687
32739
34632
35536
95201
75905
94242
848
71827
82387
19406
17488
58806
40595
43142
58238
38540
93592
30712
5313
21975
99827
75682
57943
7432
27905
32659
36802
72609
92173
18255
39843
24183
8261
1008
36094
23485
62780
718
40365
87005
51651
95659
32483
88320
53423
75577
80811
38892
25693
48005
33501
19494
8386
78994
34674
54147
56383
52211
28087
12501
31064
42202
29690
29257
91190
59167
66549
11950
3449
62350
81081
60583
66584
60371
9150
2151
34876
64815
83966
7755
97668
69987
56189
12374
27883
19643
83947
32993
68310
95522
54725
32573
8739
6584
32554
54971
97044
34999
75500
65916
8942
77739
43067
93886
59313
58386
1972
24016
1173
97365
75190
75122
63012
37741
27748
92602
1437
36788
19114
20096
46669
2205
89980
28167
48295
53548
55534
8185
72495
78169
14594
94731
54674
23077
52601
36988
33173
62209
69071
67552
14739
9044
93619
34727
30930
6809
49130
90986
79400
23272
86327
45554
33362
39336
79641
31585
67504
64393
77354
64044
16108
7029
7450
39843
1082
28484
4546
32071
44050
70187
44858
9049
29498
87243
25165
65624
15997
11106
43585
82295
6763
17065
9291
20763
55780
48101
22295
58035
68436
83327
64776
35360
26224
9993
31869
57956
73509
20613
70494
20606
92010
50074
65350
16332
48424
32878
3907
79103
42434
70877
15140
75279
50763
60882
62022
27361
85369
95087
13277
42804
50353
13952
56184
83013
20275
15251
2250
79374
43083
21759
9957
72411
80182
3301
73008
9638
95628
81061
80062
43382
17235
39783
24475
12264
14906
50276
46342
72046
20121
20377
18203
2703
9927
96956
29095
63040
98637
25088
43818
67685
8957
3103
76612
2218
61691
94704
45539
25351
32177
63474
23065
7979
79170
44603
3095
95743
83359
95942
89416
98652
79600
31668
23338
51451
27770
62056
31016
95774
84563
77751
33541
80274
36608
176
13021
22560
29622
19978
11352
51397
5285
40832
91442
22698
87904
42994
17860
39577
821
96951
28526
13770
66675
31587
2596
14184
8246
11575
2963
7282
36556
48018
57806
802
61297
69645
42928
20393
67613
91347
97325
15345
36286
89157
50431
85644
48018
3665
68097
24476
16991
43916
29859
90500
57402
18302
10718
34535
1159
48965
34418
56326
53362
85593
8777
81019
7843
57565
21658
46887
14976
55709
7768
80355
99016
53377
52872
63782
7242
66763
47688
40563
73940
80878
71981
45650
72705
1071
95448
89018
47909
91544
51015
78841
98929
85422
47657
25202
10787
17126
69840
81612
65972
53329
33466
1655
96089
5144
61194
18659
39104
56100
57984
6493
18319
55281
9200
12088
44626
97436
96380
25924
94517
32101
78150
7910
89829
74475
20427
31596
32566
3684
73922
69476
44593
88893
8447
90696
705
22576
71553
42062
91972
95629
34244
76463
95145
45053
48097
53217
78488
10331
36975
12672
52963
82881
41085
97158
23969
43124
28764
91433
95015
75007
94853
1678
47752
10138
80272
78986
79988
87156
5566
64361
80086
90867
41236
34196
24727
61947
73281
62174
2947
3846
58479
33826
87375
87668
89888
14841
88813
89420
93091
5672
65895
12915
38356
65355
21858
20342
2114
94218
3979
70983
81710
48701
87077
71218
14615
21082
58101
67996
56751
25076
95844
34970
23551
18089
61528
80378
90628
22365
18447
81187
12962
62540
59487
82381
64482
90226
44439
59466
51689
16330
62313
61897
81519
41118
81390
77030
38557
25631
76640
72622
37066
58046
18968
35743
12857
49992
66718
33475
44436
46640
27247
40421
40868
58307
36029
49033
61632
20944
74987
82558
95979
254
61470
87373
72264
25586
62784
50804
66694
84244
59547
29419
72003
50189
89687
20032
27998
80483
67385
44999
44361
23889
6325
99881
31644
44589
75501
67670
55517
39032
70437
85411
43972
47608
55550
12263
38243
56397
99798
77336
13097
67433
51012
81817
42375
70193
99128
5992
98675
34973
4570
82246
95291
15030
27805
3185
92602
84220
78705
12534
61880
35807
60485
74879
34235
2366
79052
5576
24054
53479
45786
56847
23478
52801
42185
84578
96444
91684
92859
45588
2342
35804
33952
2276
77981
31196
22512
57499
20712
64063
82983
54485
31017
88174
91244
42218
63990
86197
27550
1393
84906
19531
12090
56223
32733
69621
3585
33460
72140
39674
81188
18793
33376
54359
41386
28722
23859
23670
56006
14869
79894
30077
6093
52530
39511
81524
93935
79941
99960
68180
17508
7939
93372
57445
56150
25250
82402
99609
27329
94478
93243
36446
93865
76625
55362
22485
23787
21763
59987
26653
98967
19784
90955
4622
83697
23451
16188
2018
29920
5517
33347
71172
67669
87641
91621
73376
44098
40862
53893
3413
41001
24624
20402
83476
73731
45044
21785
22801
84921
39830
35086
71615
16047
43337
71986
57819
71850
92833
54110
89488
68363
92280
44551
14067
36611
84057
7160
95425
91820
52281
85457
96710
17102
16808
48794
37879
59318
32093
50195
52823
70137
58521
28573
19077
51996
68190
5476
95236
18291
17211
83527
91082
22115
36620
62145
24457
25476
86951
15282
87152
18437
74065
32787
86409
4000
25630
36481
47493
25230
25336
73370
87445
50030
90680
6354
87633
66010
21961
35537
35714
61286
24472
85288
57671
76973
50937
53329
26728
19974
1921
80714
32621
13760
87656
45868
64312
84493
14334
69705
41607
79523
96016
10735
1747
31887
34083
67803
38722
24305
74209
65678
26485
88015
2710
48566
83759
87537
24044
34267
71392
8455
15471
97464
78108
28361
75380
48277
30810
87619
1033
38009
61565
23867
56574
37751
41712
34596
87251
53076
70547
43841
29910
61771
45596
50066
71362
91648
62081
73454
78487
4465
23785
54904
64398
12445
3999
54321
34404
21555
79229
86817
66609
36581
48830
97172
55927
17153
37953
85101
3151
43480
83155
73297
47087
23005
35886
79634
20934
54253
31143
65036
88454
82217
49554
5554
15912
7686
51580
44361
68875
27965
39736
6892
84832
52596
1416
1103
660
54608
39662
63516
58857
14723
10217
76493
42001
59203
56587
1778
72300
76758
133
21782
46870
90346
59109
4155
62110
37224
29944
39760
31287
62606
76060
98057
79181
33652
72782
95410
634
86091
36583
80526
58387
61808
33889
32829
76234
38080
36739
74316
84227
48246
51248
70923
94444
50303
12729
79420
69415
73399
6814
42141
75072
82001
69855
4449
94547
1237
91103
87414
20215
37740
7103
97594
84061
38586
73188
85262
87561
35802
95895
8249
86209
92160
60106
39535
18678
54119
56186
85909
9602
51501
66777
31727
23239
91487
84961
30712
44598
8706
41922
37445
31420
59490
67585
20042
89951
96047
16549
70485
51329
66037
60939
71513
62382
35448
66486
18875
65335
84183
10452
92946
69461
68191
26938
72315
6803
74414
44062
12321
427
98921
84802
56497
95284
87698
18676
12839
84499
69612
55532
52341
92999
74892
15668
65119
87683
81961
28629
54151
83372
31460
86132
83587
73469
91596
5680
19966
43789
36445
29625
75115
56893
31263
37490
21068
75860
80995
28650
69601
7346
96517
57130
42988
60348
29130
10670
49334
6721
13138
1643
84583
64033
93178
92661
45935
90404
49071
52193
33193
63637
88679
14886
2471
6588
90290
28158
48546
74406
31435
7287
38283
58069
39084
69221
90694
47221
37308
34248
20851
94704
55307
38452
389
66644
89159
9940
73300
75629
7025
21080
83746
73829
84332
33049
59020
94219
10445
10546
3373
40361
30049
83207
80145
78303
36847
54011
40622
96824
31973
79208
80228
35349
47262
84183
69534
87653
59046
49743
31124
12118
14172
58532
91508
87279
11432
26346
71664
35269
35679
98389
12090
92763
24383
1988
71496
14447
40118
49926
4298
89406
66085
85053
9303
31686
51108
95463
67584
94029
40427
80101
28902
60178
59722
83824
68721
26570
49564
33118
23394
27392
27242
54930
48326
3300
44714
92543
98334
55656
75798
88744
55822
61438
85822
74933
45148
34042
3959
68823
26512
29772
34991
97208
17851
10888
33073
51171
26323
83216
29997
89130
57374
46341
9456
55634
21668
5363
13028
77993
20117
51565
97478
34621
62708
34314
60961
77401
62670
8519
50650
19950
10797
89349
2401
81604
11617
30295
57014
25408
59670
95634
83085
95133
95164
88388
96237
61467
49991
3338
73035
2744
17898
72311
47882
63780
78199
24164
77227
89621
20055
96634
22011
83913
87274
70263
93831
62291
9802
7999
92784
31757
59073
46674
11612
7568
55246
77909
11424
97522
93438
70890
11117
28914
70823
96782
46809
30143
61148
16070
46155
9859
85745
94761
90650
891
84380
77334
15009
14836
412
53422
91064
18243
53824
69092
51364
39664
47499
47109
48129
9919
36503
25004
49807
86481
59636
19769
78844
53578
71881
9444
52075
95472
40703
94024
46035
72224
7607
75320
34792
43743
9546
15550
33903
48429
35255
95356
33998
31421
16609
88220
26582
62626
24249
7707
27822
34771
23921
36596
10572
74291
41497
83103
45638
96665
71510
4697
87226
35361
85848
27218
18459
83654
4384
84824
9422
9881
6637
80547
99032
99388
43430
36940
96357
77934
41482
73406
25891
50433
60
8188
69598
32566
23264
16048
89058
22038
31562
65535
63163
36986
31004
50134
23817
40422
70309
77905
95440
98040
87985
16465
66199
87149
19615
38496
30030
94222
56074
27520
53904
39114
11743
26871
79126
62608
4747
34561
8533
54424
42392
77971
91728
77118
68300
43288
52508
32621
32468
25052
14132
12112
51433
82620
9173
43060
68883
64019
83589
15378
20685
47086
48319
89007
93764
56861
12413
96082
43664
45946
28073
89059
81087
65130
69563
55811
90702
18230
3446
91396
3739
66713
40901
79901
67189
93311
88955
74087
37931
8803
68392
74090
7218
95037
2323
5502
45477
5227
38764
22347
31812
40108
10165
2655
70249
54317
85946
64483
99627
69797
24512
29972
81510
40968
19373
5135
72939
67844
25337
63034
28684
41245
54509
17938
60738
19306
9937
31655
78516
14976
74557
86872
92952
10196
7823
10631
24219
18978
14285
6875
794
48759
52029
78897
15213
96265
37911
45894
21688
9322
92002
80389
4387
35574
77696
63821
38140
10483
44721
57373
73708
29970
72086
5035
84585
72314
6237
23604
82896
69681
24297
22845
24450
37680
53170
75114
84939
2366
87851
21799
26479
28246
13446
40580
49529
89617
71652
14016
13432
70925
73585
80010
98569
1482
27926
67151
8814
36306
57057
885
76796
26619
52016
98901
17158
86937
12707
72450
21681
20557
19358
56916
82502
13509
32491
49285
70009
85885
108
23607
76379
41158
97637
97352
37101
7086
51708
35484
48759
57405
40286
32720
94093
62111
63446
20969
32205
47994
51228
4160
92483
69167
63536
82905
21576
40989
51561
78672
9731
7651
97215
7165
2108
88204
40809
48012
20389
5209
53784
75732
50303
62924
53604
89168
1309
4551
90539
10633
84463
87672
83642
3377
25849
70696
99801
34882
79585
64456
4809
62630
53537
51065
98820
17557
70835
17938
67332
80348
54217
41630
20513
80335
22287
59258
44356
38452
67957
34877
95445
3582
64587
50062
71924
21916
4191
69158
23784
63881
67551
70414
40469
23490
22460
44310
67699
80277
99611
91822
19573
34983
16440
18926
97969
88640
99226
93964
9486
29760
98451
77438
89870
56574
80532
53576
10079
40782
52689
12331
30475
37250
20036
66566
59513
73967
21530
95706
23336
55921
38022
67267
7710
19510
96479
51285
81067
86929
63509
64720
73766
42229
17947
4823
85238
3343
65766
86790
71141
88226
10085
56386
79075
10266
83593
23258
19490
43244
4771
97251
11524
82176
4723
83623
27092
21685
72817
70122
16985
88698
78041
26218
72190
34418
21703
23431
80173
5915
78027
46915
87717
57352
12894
32171
61067
74139
35159
86912
87774
75200
96028
99551
43736
12331
12051
47588
46051
69927
12833
43306
56665
99070
51298
45287
84503
57382
46357
64021
61255
68425
58163
59085
84168
96718
31319
41025
43593
24602
92034
75374
70460
51758
33095
86897
9791
99311
19928
18576
807
25605
60850
98784
90006
55591
35647
41948
78557
77792
14567
37639
63515
87591
35517
79948
3645
19842
147
18612
87969
64044
34866
32811
89456
51287
3750
61146
14178
94305
53981
75490
13907
77410
65827
98696
44251
67983
68274
46381
4982
40851
9926
90419
82329
7852
32344
29730
53140
6534
14861
73314
99837
73771
71193
39875
63652
65862
69518
81754
58354
70199
44998
26090
52937
13255
86175
92604
58346
29079
87286
67597
50784
94547
9003
78666
81762
89692
4924
68250
15126
16408
69648
45089
42660
9207
86549
13275
75935
49461
42454
28425
13498
48934
55184
57918
73374
88111
23972
85567
46691
75086
19157
68065
11561
8374
96443
6413
54740
80901
85845
11048
2947
19
42187
96011
19151
17240
6390
63039
5863
23028
81696
12110
62170
92226
68256
9843
7269
53112
7010
91741
27730
74773
77190
30895
55910
4923
18533
63283
28735
89141
14139
33482
36500
85907
43828
98179
26799
86263
96277
79257
70480
56922
43140
51636
9663
56443
18784
31731
85893
48632
20188
91812
93151
36672
79210
30311
84636
22218
13943
50891
8941
91207
12994
90948
82904
53852
7018
39552
14543
78548
52547
97647
27639
49599
15490
59352
82141
5132
83183
62153
87771
74097
58355
56345
56627
75359
57126
79766
50803
51161
54858
65983
44519
6459
56069
7971
19395
69253
23870
3917
4616
42018
84392
77863
17603
56712
79565
13187
23169
72536
76076
43574
95689
34460
53021
40352
35127
96335
69218
19484
44912
23176
33500
75413
14298
2604
93754
75275
31198
70813
8379
35626
1360
16585
27536
52277
31267
73211
82258
25187
63106
25433
72351
33615
39196
38015
73323
75846
46573
81653
1136
68808
35013
46026
12520
98007
81683
28672
22497
46023
84442
21503
44491
98278
97799
31735
37399
35277
99151
34091
72592
88498
90928
21849
59753
6654
21467
10655
99819
81355
63971
49459
49475
19884
53184
23558
84104
25227
32813
12602
9648
95801
48036
80368
21040
40611
3698
26402
15716
2143
54538
39802
80525
14510
6385
96684
2684
1530
86190
31046
73619
85310
79552
43165
74426
74171
37501
31935
10077
30350
22558
46333
15807
20890
23113
94755
59626
73646
76822
62590
56949
74960
49816
97558
81519
90567
80200
57988
76722
36807
15086
510
95374
99811
36427
32197
46547
12132
13645
38304
16206
84673
31856
1069
23870
47875
22545
37261
61729
16374
78296
232
86402
50883
63886
51925
88817
68762
45055
75501
1155
34282
75534
57915
39188
3090
99102
7236
78540
22958
66851
18864
17238
18132
62825
34043
74666
61425
57882
89701
33754
60390
8634
59573
83339
69713
4036
93861
19249
61649
83832
46901
76688
81786
99345
54059
26786
63752
5148
41489
55275
27793
61716
14074
78045
56620
66063
74390
23756
38052
62821
40566
48277
78531
60228
30314
21057
7778
1722
14632
76646
64457
18649
53789
65923
82672
41649
90660
54448
83559
80010
13778
23431
84017
19942
94299
92236
14057
29058
21131
68491
91398
65354
99211
47540
46994
44051
88689
58759
57133
95079
9832
67108
98976
35351
11099
21397
85627
3284
85618
27872
45873
90780
94501
37744
85299
74553
28019
43075
58718
68782
52307
6647
4611
89471
83713
67436
95540
71195
83151
56610
41984
93340
95975
54259
36988
13130
34278
54396
4665
92221
99002
46041
93739
89955
70647
12648
17465
85660
98063
3862
69522
48285
93095
78431
18583
74584
86971
40953
19487
66647
478
35743
84718
55806
6878
50587
96424
38776
85580
60576
53205
90627
86136
86571
28930
43192
4160
59052
12976
62054
40890
48602
22954
65892
61626
43099
39402
13305
70366
33792
93457
22457
55738
73973
95967
49438
38598
27559
88822
16166
15073
25753
36028
16182
36758
43483
91171
46410
65423
58554
2973
78133
85136
84488
97593
23468
81224
56611
78513
60440
4344
5734
80721
12055
89285
78230
7028
24651
9459
78880
20079
73681
15678
73683
64947
22097
67461
85595
27936
23148
83332
56736
86146
91808
24175
13332
84654
60660
1426
19038
69837
14847
42123
7090
66600
14221
80559
17677
15184
78390
59013
6826
5311
17193
55696
59169
46453
77723
65518
33397
38314
48192
76587
76881
72433
54801
99175
85229
32548
97956
63024
87749
98404
83337
78426
14577
56810
66798
23446
77654
14632
82792
85729
70007
21145
62817
33620
94366
6179
40801
3182
13874
67680
18212
57529
18173
18992
44652
98249
32688
51947
15373
56487
13539
14624
78789
36375
1091
20333
50163
24262
15061
18440
14094
64163
32270
3956
84939
10788
67183
99864
82686
62505
15183
70599
64808
915
55056
73120
32523
79549
32981
343
10392
42263
64654
10976
26528
26199
59232
91646
85340
31566
31784
52197
34686
95057
67192
34546
63595
41364
51300
35826
58163
96566
45046
93246
48704
99352
93234
80273
88194
16422
78784
85083
93940
27954
2236
26670
56556
75983
21846
55030
9185
54527
26080
51037
11176
18851
27364
66
50437
71367
57432
55
37602
50218
99227
10893
35303
15150
84105
23695
12166
43331
10011
2420
76898
85842
89333
78036
40979
47245
97985
67341
38966
18471
2499
76780
893
84623
86252
92730
60859
50831
63567
15450
15741
89739
75659
10799
89990
92050
15096
33678
9298
56466
41353
26426
26633
56967
65983
5003
52771
96173
45780
25205
97912
25318
32693
82560
62517
33909
92699
65757
15027
29132
91793
87885
88415
82038
99861
28574
26687
59950
34883
78298
8033
58497
66847
69692
38101
73464
86777
94252
35474
66128
73974
79810
63355
71019
14951
68785
11398
96429
4613
82534
18043
19249
8003
22091
83832
87059
43827
53635
31466
34248
4734
32003
2037
64612
1272
78650
95134
1159
116
50385
24198
99598
22434
80717
18626
68994
12860
48338
8090
47335
74302
16962
72633
74720
22551
33719
76779
10692
34966
48787
90573
11633
33027
68108
55029
81691
14845
32692
18520
95824
25281
40258
19096
46695
94345
4117
50515
36084
60449
50712
79331
58068
18339
17060
53693
51985
99658
27328
23309
56510
86675
2517
51456
24057
65936
84731
86804
55490
98280
40770
92202
3631
81264
54952
10498
45473
13150
89345
53731
96045
8834
10103
3630
4562
77754
3358
51795
97843
43710
67192
89702
95668
46349
21402
78769
67254
27806
56285
30387
60604
86683
99542
81872
57793
61645
27148
45846
68185
61097
11439
10172
37806
36458
55075
680
28018
17240
69781
63917
34236
4662
73413
86968
10024
91871
40940
12353
85919
88311
74533
9040
14787
18099
33600
98304
54661
97386
85049
