85983
63710
56312
56214
8548
19031
49035
1251
9637
63438
46826
41986
88750
84891
58682
56042
65052
17394
29477
74890
90399
91893
56157
47369
12465
59054
44702
38453
39796
16007
61815
99647
15741
34365
99850
41686
92465
89570
2285
25524
47311
74439
22690
20261
22765
10016
16941
66051
35825
26384
2622
4869
87993
10148
56505
48398
80296
84800
1237
75923
77398
13152
41635
52137
40649
72723
36071
82304
19795
10625
78819
81488
19781
32191
91455
22836
98244
94698
61093
81874
50841
12523
45915
15081
15320
7682
48625
60484
73796
52707
97516
28288
11913
1351
28900
8894
80045
89205
1127
34482
59844
46054
97440
91839
72494
77078
48183
91402
49292
73004
90252
20952
26903
24074
47291
81239
74572
61467
61002
60809
67895
44224
35029
20370
57664
4451
82490
66996
32039
56172
88781
24446
19461
44084
95679
54749
73489
46845
20523
45484
83103
52707
82590
76755
65057
65996
90990
17355
90046
57953
5453
30252
25066
69253
90313
34759
68286
53921
30483
99269
87453
9255
60262
43922
90608
4313
2447
26163
2636
44471
99559
98477
91603
88003
95547
22389
89710
7550
1317
24976
69695
89726
80979
3309
78156
50957
13646
20302
39421
91026
70621
73717
3016
31963
22348
99035
91495
62287
14451
74255
51489
21596
46177
76831
13201
33484
39164
53510
22484
67896
16023
52109
58946
51057
54475
74653
66
77986
17588
8611
18051
83037
71657
57799
21395
63193
49388
37499
60697
41054
81819
13696
17083
89838
14369
53914
58923
29494
35559
96020
27656
91907
18831
88391
56781
54202
13310
59639
77980
3851
