68945
83986
5787
19095
65085
88257
79185
74501
88684
90012
8321
15876
44322
69556
21340
47779
14751
80707
27118
92421
7158
7592
79360
84770
65575
5988
83044
40845
31583
14583
88413
81715
44375
95684
94503
70714
69786
70741
39012
42607
70064
85492
22287
2764
62828
46978
30072
24897
28363
7202
85073
87488
66157
59722
88417
21644
46768
66145
96273
53773
87568
51020
3579
71202
89194
79397
75479
91414
44309
6949
53782
22941
73735
81154
31324
28195
85366
27088
87626
66475
79707
62494
91056
82386
71598
86339
34560
50330
89750
55953
46823
7862
55416
16811
93313
56577
45166
57154
345
23559
58290
9189
35574
4682
42634
49210
47627
77878
42201
32651
55262
35812
21651
46146
55332
3825
36042
4527
60351
12080
82477
59879
40953
22083
13789
79738
11589
32285
52100
12534
5217
34758
25858
85884
54517
95422
45156
59027
6508
53519
14184
35272
12542
38062
74333
37450
48369
64411
91621
34338
32227
11096
37106
63798
83424
20661
60799
65305
15695
45065
61634
63363
90126
85385
38849
62979
77792
15846
18870
79929
49212
87175
76787
42270
15209
14798
44597
37293
97972
29576
40079
80093
11712
88420
19359
87248
20422
24533
64845
7863
28751
66125
73105
79453
26277
72198
76333
19882
50797
21560
99160
79666
61292
57247
99587
88482
26348
85998
35445
81497
76632
39893
70489
36370
82956
57920
35887
49568
27329
964
45058
15706
11548
30826
92400
20903
5908
24735
99969
82919
35795
70485
71738
82162
22178
92248
55030
76886
50669
92021
12929
63532
56121
10987
86913
16220
8199
93358
83773
12160
122
61625
35481
9587
51847
64637
60918
58240
15896
38006
58628
537
65536
98299
42549
70352
21523
22324
75710
40848
90152
92133
88598
42280
42319
89290
95532
25535
21037
67839
59345
27527
75907
73721
75058
43544
28421
53440
1574
68043
39729
74375
12666
15096
9490
23827
66711
4935
14344
89202
75782
60879
57062
57664
90879
23635
29277
28757
3664
22252
84058
78176
97041
11309
7023
40701
93172
80696
91235
59654
96006
99452
69174
85793
68999
92753
70313
3802
5308
15234
44605
65835
82228
28087
49370
18032
33888
36356
12669
84137
80859
70554
35853
53551
12517
59728
51597
17682
63855
81656
42166
25262
27580
46709
42257
84116
55645
15255
23900
49300
46199
39043
32168
17446
69942
74473
82377
77279
2150
25555
35525
87355
63180
28328
64594
59690
37545
61760
1827
56173
46120
48402
78419
84217
68983
90876
77646
14351
34381
31931
90518
64333
71989
48305
13119
77477
1199
5867
30535
78905
33353
56427
58989
1540
49529
9757
18128
85009
24085
62721
4600
24001
61034
94123
74651
9311
20109
92939
50254
48894
25464
65821
91252
45235
35725
77207
10684
44215
90976
44990
84028
71720
56876
25005
30160
33357
87060
64929
228
4246
93155
55214
2939
6526
50584
86491
98761
99352
67577
77579
94283
40659
46284
27294
97858
95197
62106
22556
77096
53005
15146
93415
22417
3440
44590
81050
14938
74269
85771
5865
93392
1700
29459
31820
7551
52248
81041
65207
24691
54349
14751
13386
65364
89065
22537
25532
20357
46282
85616
94797
54417
38616
98801
80324
78896
33614
80383
95449
62647
96556
10786
76572
57563
82963
38924
26405
73726
91733
36530
67563
78573
92526
71087
37331
34667
69296
86104
39534
23332
91248
96099
34862
88835
48206
74920
23388
72453
63502
79479
62773
22212
43529
46411
95706
35447
97512
39903
28609
3657
81755
33165
2585
46630
32162
5433
17573
98696
46030
49084
39517
74602
45405
67156
84574
29540
94238
35713
16553
75842
14872
86617
15986
80519
23378
62958
89067
73157
45517
28939
66794
16510
86275
7960
78794
21919
77192
92616
649
5459
41072
34534
35425
9456
26666
45207
71489
66525
32101
29464
72593
12778
50841
48928
38274
52027
56054
83683
93321
75225
81534
82454
21881
58729
63563
66844
31948
37796
82894
10389
90361
88798
98743
19110
48075
27721
13397
47024
32491
98209
83564
94481
11809
9168
76930
82408
73141
69599
89585
73802
34425
30046
99182
20529
84838
4327
1753
72186
77770
95860
92399
45729
90093
76414
24634
85092
23777
20215
97483
38281
36652
59196
95627
90481
34332
26175
76265
10099
84178
59332
40365
45822
13519
52598
21986
21350
71725
33697
92455
54479
2113
38037
19876
11566
7842
74122
97309
81398
20580
96212
99340
60467
34750
16466
46900
64841
19325
83333
5191
39155
32616
74437
40274
45664
99348
73639
51035
40390
77162
31987
98274
39384
67176
79021
40139
30932
22507
89706
3721
34140
3862
36696
67820
13479
84270
27117
20621
81096
98138
51378
81337
40776
46836
84573
45064
45036
87683
61862
24284
66305
53019
38657
23183
48044
73646
9763
69355
33108
62158
6583
50697
55275
22175
2579
59602
42740
28147
89070
50958
29168
14452
58094
21133
31715
66766
53982
63842
87480
13887
52209
57332
93261
96711
9349
25690
98561
51520
68038
29234
39637
41771
42621
14857
80676
89110
36398
25417
5303
50987
42174
73830
15292
13820
62310
90216
79538
84982
98542
7497
3708
76346
92071
94347
90998
57512
37152
92782
22725
56134
7506
71521
12504
77236
73739
20216
47488
4274
67926
23470
74318
81306
85915
44219
45336
48301
34186
4664
46797
4463
97817
21831
19238
54699
60718
30760
90037
32485
66816
6395
28693
99022
37402
61518
79470
82076
1858
81304
59961
31453
51303
42973
55686
72142
84086
97343
21118
13556
76074
42823
66665
82391
29924
41556
37488
23692
37579
62885
77018
47230
31090
76250
13547
72043
6293
90309
81285
80831
40130
36953
3613
66702
51285
82556
23623
71676
49449
30213
43978
1718
40316
76281
47262
93547
80210
74455
91198
42645
98120
8242
87556
15196
7570
74841
30235
18975
27148
8691
91851
38767
33320
7042
85050
70008
83559
65454
75094
63446
64239
83591
87650
98689
39754
30361
3624
12536
21843
95032
14906
12584
46947
98486
23327
31882
65626
44644
88753
73449
51887
42222
65615
57042
32924
52308
76904
6462
92288
84401
42795
61035
67726
41475
79049
24894
36732
24607
27588
9398
38358
84358
47415
22218
87502
67898
55560
70726
23996
78440
50455
28702
40224
11047
87924
96462
28812
99426
5828
39711
91083
94219
29649
24356
23174
70690
24827
38490
3360
71323
98291
25270
31998
44672
36242
84159
73733
49958
36436
64439
51716
56946
66087
98058
33674
4876
43555
29714
4848
99365
80629
81551
95635
97898
29457
5119
57248
66180
16430
18146
39816
64713
99894
59259
34273
65366
47673
57969
94105
54952
39387
727
77785
37171
89418
45356
16460
1850
27555
96877
76474
67508
38225
80988
36632
84192
59789
72154
95452
3478
63812
29935
28872
78780
99854
67378
37674
50420
10288
69784
60265
68336
21797
65864
68961
66959
69928
28016
74966
18146
12477
63203
66814
7298
29721
83603
80338
48900
85240
5715
60276
91806
33733
47329
2779
12251
98059
7557
29012
65214
31201
44692
74986
89178
30888
93440
56297
50752
85979
58560
64343
32847
2355
26024
11981
31153
41645
16650
9049
50626
95252
71328
87867
75218
28864
48011
34285
76103
35302
43318
16083
8836
62183
88089
30373
92235
99528
8934
24117
29679
28093
53704
42451
6460
11322
45518
13012
94010
45408
18249
66541
32467
98524
10489
91191
42954
81739
63586
67038
44113
45204
79177
10110
42251
46484
99106
67696
71116
78297
47838
31687
1219
55711
99400
31107
31302
6753
67539
1798
33196
85613
25122
55644
65187
35182
69811
13978
27159
69432
49114
20879
66922
68342
67245
26700
96690
69753
52676
48947
89385
16489
41478
93052
88332
73678
32543
36937
68420
87424
13290
54547
80282
13050
68427
10216
46760
76468
89990
70092
21100
5127
38197
65285
37704
90263
61697
52122
38971
28332
87438
96853
92941
62803
90480
96662
73256
98753
99931
4419
52187
59182
68904
75155
73683
30001
8892
12272
4502
94193
58018
35031
48158
73674
80706
36357
52947
78100
63196
42189
9958
81599
12763
2933
35959
76490
99768
14813
80754
82027
75494
69966
76952
64672
15815
