40618
29754
28308
71057
67181
82155
11109
13487
66069
28734
88806
33459
81814
54159
1951
48404
48660
96015
94467
22544
26457
14320
80955
81153
8867
36018
96656
63332
6032
87229
92945
50621
12315
50489
88827
95319
44370
32002
74299
9370
22816
69948
46025
93977
78304
7035
88258
6388
19904
70815
90667
78984
58853
4837
87140
97533
43056
22864
57282
58854
67581
24530
18018
60916
79769
39746
5000
37344
20977
38079
18991
76649
82990
33418
73839
86351
88968
65959
95226
43629
50156
13746
35012
43504
99637
43800
70613
62956
32740
53539
76379
24392
36085
2101
46244
30556
27405
28345
53717
46577
2837
68869
39485
60728
81911
19414
59933
51075
53655
40120
81241
12877
88868
6815
65518
89086
18885
29697
68354
38491
52291
85558
22691
69828
48666
35166
52020
77567
39734
7244
26779
82052
25783
27119
17878
70223
34295
22613
10228
68543
15082
21513
1210
67564
78454
29589
29155
85929
97064
32919
98521
10737
23950
63914
2559
95963
60410
2965
93069
39149
88089
87707
67296
70775
44991
30713
7033
73400
13074
20306
89927
30639
43091
86198
76811
1431
78052
62773
20791
60615
39288
25359
28010
67406
72010
70064
12889
72753
2915
50346
10307
96460
15417
21432
62047
36184
96284
85224
39894
9407
67182
30302
41847
46417
85323
41153
30690
34391
80866
84772
19752
77767
26008
36447
30190
10523
64102
21080
4592
19058
31987
97089
66316
63144
52860
32967
96789
10131
8600
47460
71218
89844
20452
13937
28867
77874
50002
98487
53937
43561
67731
19297
34723
86208
75319
46610
88623
29217
69774
68473
65887
81754
16576
19184
32470
86068
62693
4318
42609
96130
12688
50927
40096
54186
25822
69228
7865
29786
70942
20013
37913
18131
65555
35085
81247
60420
73759
48660
55481
65939
29462
8905
93484
81101
18002
216
6867
5845
18427
98158
65819
18343
4205
47467
69908
85181
25356
94569
18329
80831
33561
14062
73882
25960
65702
69239
15802
91991
88041
20386
48466
35868
46152
7262
44152
35240
87273
91725
69222
12275
1044
16397
7989
62781
71526
6161
87459
82565
16823
871
24864
47435
83457
23767
49072
70060
30603
680
42137
3534
93884
3687
76619
5447
92820
15625
27043
61472
23244
8542
21786
34183
21145
26944
37202
23361
22440
33964
73493
53274
90780
90100
59403
8273
72041
48973
22358
1686
15959
18518
93624
39579
10785
79075
22294
46966
80864
96846
1883
99615
84734
23148
29908
77849
26016
41305
73942
40519
37175
26687
83720
10064
71664
31151
88694
32299
36745
8064
76370
32316
68164
5301
80677
76794
68580
69290
2541
59451
12257
28907
43932
18471
72810
76144
96686
2671
80814
93624
14787
57256
34937
31234
35902
92979
96122
25818
82683
28657
24491
91585
13490
82174
95147
39326
46384
29990
67292
55470
43318
89663
25576
46230
67926
46934
30483
50689
90991
25871
68533
41601
79684
62314
66533
59180
90548
32213
9867
30044
60166
61537
29016
54863
86765
20980
26697
26392
30909
31458
2023
43222
24874
40753
74048
79592
83692
13641
6503
86627
76076
56696
88204
61645
58974
94352
48721
43764
78976
80449
75467
44520
63908
19559
35750
77103
89207
88053
19575
62618
93432
68559
70934
79153
15935
36792
66643
90723
14849
81072
80914
40620
55111
64737
85050
69842
75357
62920
65331
68850
3784
1783
49435
6286
68593
78575
13671
94233
64943
99985
32322
81339
25812
64220
71068
40054
79262
57319
46184
32281
50494
65684
98546
79266
55203
1131
65828
29138
52081
81187
44632
30162
29646
18093
926
8297
74725
81447
67222
10951
4828
4605
92337
10102
85936
66037
73221
1948
63422
12358
99516
53210
84338
45849
92042
25862
69927
40963
30081
3086
86655
37057
33857
22583
67874
45601
69205
59093
30988
64192
90400
49208
31328
73695
42883
37305
38894
55319
32407
38645
88849
59765
12497
14423
33085
7725
47696
96945
17733
59567
15786
96555
48160
34221
81591
78217
98538
68255
84330
70095
93559
96480
91222
25322
41345
61795
32997
86858
70537
33814
37150
6427
1437
26648
73860
47461
77421
10591
63329
24077
47236
21395
1748
6847
92782
33953
13360
22955
45123
409
93134
45385
99347
92572
39725
28643
63206
44771
43677
74237
61350
73178
39576
39564
87661
45654
13941
48005
66721
95977
99720
56664
13274
56760
70656
6876
30105
7816
70108
8208
21103
67102
8959
51863
62516
3732
15069
58694
69076
30577
38981
48137
31668
72557
28915
45477
94641
29459
79182
37386
70335
50664
93949
8669
58314
77013
10770
47794
68074
5728
56790
56310
85853
72258
53699
24654
56490
2225
20440
80569
76093
14192
56814
80375
19170
21316
63973
59459
33822
66700
39895
46007
19068
83069
18298
67687
46147
42600
36349
99267
45042
18978
90156
88014
99317
30578
12371
94597
16822
87591
16238
83430
3736
690
82687
62754
46138
63216
85435
4628
68562
1494
73370
13858
35379
39431
91580
42683
46804
28010
61463
99788
45438
2781
43093
19505
34271
74565
59044
11350
34598
56105
52752
17046
25884
12316
63112
8388
72712
98129
32582
58099
77025
92081
53134
24980
78349
47875
85856
58557
74335
1050
40770
60794
75826
45589
36452
71361
3135
93361
23456
81339
45195
86594
22305
46569
30172
17604
76227
94507
33687
47313
63808
27673
59055
81950
72065
86235
95116
52414
61996
87054
7106
72855
42701
29905
52313
33398
73600
55463
76822
92071
92925
4709
58038
59798
94324
86417
97178
86467
84863
71974
663
52162
18385
12808
76895
25845
16475
49978
38125
6726
83286
50758
68454
32743
67147
65819
79697
11502
36813
83004
67569
59770
84420
99726
54022
54989
14922
2690
73353
95110
85741
16353
94641
29107
73737
15525
47153
74771
53827
60174
93042
83596
9085
73126
41300
44206
64489
51312
56747
69290
14885
35523
58252
5345
4129
10468
56492
41868
3673
90798
59193
32658
61570
6080
34347
88924
24397
30035
88135
45394
1335
63468
26951
82831
58714
36246
62762
18544
500
98634
15814
54974
40637
15102
23813
13225
89399
80554
43652
49858
42657
94362
90591
54616
69141
52996
30311
76416
38468
96651
79894
19353
95177
54177
16110
18004
51899
50785
2912
81511
95511
96612
1822
45119
6118
85046
38809
39527
56341
5093
20652
11966
52833
10224
83954
42414
82874
30705
90589
59683
48641
24151
70809
71873
98283
18926
67662
2988
11420
9136
60265
13631
68337
67169
39353
96084
93901
17238
79913
86787
