12982
58694
95297
26749
62336
97151
15145
9571
33009
53180
50434
56000
59678
81578
30600
24835
60825
20199
88106
50739
28570
34369
97716
99483
17098
2063
49830
26943
13154
83517
32776
52521
72118
10904
99125
51103
23594
79414
49240
94016
48053
26462
78723
51543
69894
25966
21910
59318
12851
31016
64452
1523
81466
88896
30559
58693
23799
48986
5699
96237
5281
74178
55970
69359
16619
86235
78801
15111
14959
46226
13171
29553
90240
76294
40991
75665
82123
84920
31670
90190
8495
99676
60202
32008
82106
89374
80597
8854
62100
19197
49479
55853
54386
25132
59517
42695
54908
24911
84279
43853
18993
31375
39849
1488
30400
19947
23338
86070
25822
73045
80456
766
6451
43442
33633
61363
89640
21588
13071
48033
24011
31615
75398
21587
71892
95276
4938
82083
76561
32856
30219
64052
3116
36400
93190
9156
98898
28303
8094
18016
48413
76278
88414
44025
182
21000
52260
98158
5431
26547
87948
56587
39606
30184
77327
17203
86564
6491
33603
36579
20071
78841
94057
17142
33304
69550
99526
69145
19618
40868
43547
3442
14685
20466
58303
15059
70227
64075
20547
38913
11181
43848
89471
33716
89350
10691
26370
58880
59392
59435
14857
57962
49636
51049
66415
36733
42846
41989
90896
78722
6837
44555
22565
78465
35430
98953
87918
14665
33293
76113
30401
69087
57982
2194
58876
23495
55365
94328
77163
74656
20898
18995
84745
24321
89944
59301
48224
84250
98071
71998
30219
60749
26278
53858
76195
17146
10809
71837
13069
16419
87185
73868
29754
3793
84927
75069
99275
42003
23071
468
8907
52044
57819
54456
34009
50611
78763
8667
67088
75581
67061
96159
44508
64904
89224
41782
96353
15492
54169
83573
19134
72659
60939
39468
66175
42877
49974
52148
45360
88218
52232
36211
80350
5467
82367
82087
76208
43150
93745
39117
3980
57466
93646
33996
91805
18193
26229
51947
70082
67461
46704
31478
76621
68712
58769
56898
83747
48928
98653
36197
32717
69333
79828
49241
96301
21330
88473
65749
74541
91999
11138
53193
39935
4825
50256
31283
35344
90237
88413
79047
74116
42706
81634
41128
41985
6624
26632
88732
76505
99847
14967
5971
10598
28789
94661
93195
64961
29113
39441
71278
89311
11760
10836
37819
47765
94085
67076
47467
53308
78304
73838
72077
92591
83481
87498
80408
19955
61980
41427
77370
57338
97276
76924
56841
30880
13289
20267
31895
51933
52516
95718
8578
23494
56374
79521
81991
52495
44378
62096
83328
95438
5008
91671
10743
99129
12721
94066
94903
72641
98305
5708
33306
30584
30031
9870
20127
47259
14884
3242
68450
21343
83564
21820
66937
81568
34929
51756
85458
31745
93158
41871
15937
81603
48147
73058
65283
41712
6791
8387
32902
95874
719
74329
3858
26027
62477
29770
82723
86418
60984
89888
41863
16721
3260
22004
53327
58743
57748
50177
2954
44586
88072
47969
51566
47336
70849
31677
34836
30582
78075
45435
41295
83992
31179
33197
83242
78036
98209
80346
28168
18086
43280
20958
54081
55180
67087
23116
1609
30818
77444
5982
25866
50431
75393
98399
68358
93019
47968
76922
44981
93062
78321
86383
33321
14427
27019
78198
31474
37575
71350
14295
12371
2696
40304
89194
14060
49261
14794
99685
16703
72644
99546
14295
71448
11708
52093
63023
22750
38186
33219
47592
59353
80327
40027
63424
28599
67889
28126
67816
94528
95597
31135
57977
51952
52910
83907
19231
7285
45921
756
93508
77758
57137
46672
64031
44354
42456
7151
26205
87109
78813
16320
5247
34300
3132
11509
47330
68552
12737
5534
22194
40165
53895
22368
83611
20212
46984
3881
82168
39500
6833
4526
85756
27781
79430
73259
52000
79928
49141
89619
93412
20447
18316
99925
34117
40054
39935
70347
97151
4029
28470
55259
14214
96655
76774
40481
92755
83797
89957
31046
42309
45437
69715
13145
80179
68744
52904
67514
21817
46478
1397
73936
50691
76057
8639
10063
38201
43627
60792
21975
67606
15314
57712
47234
68618
60683
68341
17374
90932
82532
49670
91274
81326
22526
3573
11497
60044
16623
35054
47368
91089
47663
1914
75242
81479
40618
52622
5273
40739
15520
38068
50424
28540
84526
33098
14593
26463
69005
69843
85283
11911
3091
87357
45462
78438
17277
4792
57180
20463
6490
38046
68385
78133
70217
69083
64565
25231
10112
24640
35881
36714
17870
94798
28848
60600
23895
30031
97670
41138
8854
75237
74448
79640
59319
5731
23453
46845
70660
46795
50845
97993
4274
20031
83918
79071
44217
58282
76467
99860
50198
53607
9575
52285
7953
76707
3583
44918
18640
57932
71540
23261
89072
20392
31400
60783
17368
12030
54976
31508
64062
85830
7670
41988
49608
63820
1045
156
40885
77178
54631
43566
9960
87341
62983
75329
24550
85574
95380
4075
95853
83721
85243
61255
64726
16384
50741
41465
55982
33914
12134
63848
63145
128
78055
23667
27189
15031
78237
91932
79634
65271
33284
80517
46732
48023
95228
54251
75770
67713
92027
73679
78463
82265
51509
29420
34181
52678
70078
18322
52572
52626
10737
25339
68719
18212
55377
1516
40007
3178
38675
76248
97203
22675
71429
54428
88
22271
77367
66426
2128
18220
68494
64858
77979
98198
9037
16433
88913
29074
1959
73085
25516
69238
81785
91066
68838
75074
57563
85459
99462
23228
48389
78525
76481
38218
85421
18042
85740
14504
52321
49529
8064
95784
25664
73835
79120
92633
76065
27208
38975
62939
46571
99114
66950
85359
9881
77321
84795
67193
53363
94822
23689
97310
50419
34660
30333
77164
47667
51530
80352
47666
42604
81286
76147
58984
40184
50821
9321
50804
41107
8292
55903
38991
73564
65222
35570
16349
2987
85168
31602
56624
96802
31131
63442
17585
14210
31657
17046
68992
42539
57420
4248
12631
63179
84987
72321
67499
9476
87444
75503
45203
44366
95279
4573
37478
20098
40908
83628
59999
78116
65277
71458
79756
64899
35822
52961
68591
71933
27595
17727
16003
29343
38631
9718
49804
55655
34903
44440
20144
92560
80974
22221
81980
65538
12527
96044
68184
26146
9136
25212
84138
54299
9660
27762
76068
43762
89129
73146
24383
31006
40943
88088
50830
14627
6274
14510
59035
76203
60851
5890
98633
30109
59690
9610
7901
51433
21258
35119
57411
4541
24421
47052
76881
75830
59358
2246
84521
87885
14705
71761
16524
55676
73041
75169
53960
52977
92366
95778
46902
57316
5578
10611
42305
21117
28154
94307
78351
10520
83295
54821
4197
23327
94854
65060
63600
22176
43861
48074
4540
16961
82023
98318
54092
91606
82379
45756
32304
9482
30435
75039
42016
76349
24041
28884
6679
9217
7547
47562
37538
51939
63914
40974
29018
7607
75446
95363
83263
41011
31736
27323
99806
19345
13329
46873
78431
79622
18197
23725
43760
5169
50037
90668
21824
5663
87169
4121
19747
69636
84956
32964
76985
15813
51683
45333
79026
8143
2472
40317
67686
19969
11701
36122
49170
9691
4048
89120
42158
29458
35338
97275
34349
18798
74317
63702
30755
617
12084
51788
21464
14753
64907
26139
11150
45279
54347
47814
19376
69947
71651
94197
57759
85747
7382
32204
95802
21293
53151
94042
70937
20446
94840
31123
14289
14068
57369
94579
68897
67091
69818
4621
32698
46353
59590
31699
81541
66810
84728
19919
53191
17736
48783
13767
23043
39906
67717
37578
20622
57305
91393
49737
48156
91097
91003
67542
94377
82836
94500
16896
1832
84466
1086
82608
56534
44487
71972
45903
60214
65023
60895
54980
38200
26525
50848
64986
99228
4959
38401
24840
86050
95550
85625
27594
60847
79044
22932
69411
36584
31554
9400
49844
83680
30357
21342
49925
33218
52428
44179
74099
66830
52812
3467
37141
88627
50949
79810
53429
22274
59635
3237
63208
92411
62738
74661
72994
14956
45633
7134
40090
70315
90973
87668
93845
1145
42349
84800
75095
48294
89991
59777
96967
96905
93919
37862
97295
73460
99915
59348
6629
88313
9764
11358
10461
72394
2942
30688
69170
50167
16720
8527
66039
56798
50810
31507
6359
2580
9801
21526
32459
22446
74719
84015
48157
73634
89331
62619
51719
73567
17937
19015
68281
56928
4454
41730
63391
51111
67598
7610
66761
86900
49585
94192
2474
70860
1038
55920
7291
68163
46951
2776
5774
55014
24347
41806
28483
64758
97207
18634
86790
57842
18764
49770
7411
6341
44373
93121
72653
91345
2854
24135
19209
81888
12817
61059
22677
78794
62448
71978
70741
34572
61051
57027
19715
91242
55019
86090
15169
82903
12271
93031
46142
68229
23958
49745
24644
22678
65871
56140
59850
32414
73883
1878
8446
88125
14290
18709
12182
85077
97251
30251
54191
61421
93542
27952
34723
7129
43418
15690
72721
61117
55905
91818
58771
54844
28010
47896
33021
82068
13347
82433
39909
80437
1240
44062
34493
70885
10448
29122
10021
36082
17828
84732
94954
4663
19025
15754
51607
66184
94919
32405
70947
71802
36449
64730
89193
13863
90308
66437
49263
30746
77231
39882
75423
56858
2104
47146
93566
92825
86188
3650
14401
97020
25603
5952
3782
57349
5035
6150
50141
38805
63700
59049
51920
34952
42984
73548
18525
63954
95925
4341
929
6880
56375
56528
2156
85958
61847
12483
16666
6939
94079
6156
96944
65423
50653
13345
7806
3086
83040
12655
22187
15095
42132
73937
48572
23540
90559
35407
17736
36610
89310
64518
40059
82993
27679
54726
58768
49363
65513
48496
70227
53866
31810
99087
54110
95473
13223
94436
52175
63579
68202
58865
18058
77426
97844
84231
45616
96667
20492
27979
9069
78442
67881
29295
9698
8215
74614
88366
50612
26387
36229
50505
20420
30049
5180
23426
21154
23756
67028
85740
15941
81490
12130
68710
15123
29456
44944
10625
65221
52428
88008
88601
25367
7462
8550
42509
95203
18387
2790
75673
83927
39333
50289
9722
81096
22563
28859
63585
12181
13754
83504
10444
6147
43801
86573
39584
37102
7881
90234
93635
8312
80922
50382
86828
49326
69463
88876
56476
19264
86048
54039
67137
54624
25136
27857
44259
88042
51332
3277
91170
29665
81043
95740
95632
67222
65119
68526
34747
58141
52568
50216
20312
62923
56486
56068
25863
82061
50246
40848
4357
48245
18163
89465
69210
21580
1963
64266
99174
27261
35008
77396
46094
3741
91030
66662
76367
22206
24904
31755
97054
18743
82687
26066
29570
401
51252
82072
42989
3718
32434
6758
50674
67032
3311
67907
73379
57777
66124
63406
85980
10092
41494
86127
98737
49943
82639
22494
31093
24353
55187
32310
97106
40877
50349
76302
33563
65217
46960
89250
30154
26501
61183
34629
43474
5517
84729
48162
24033
77889
91584
31243
14879
88268
17631
77953
57573
58899
39507
69849
41256
28042
12181
1412
55722
17585
81054
68659
29514
4547
55200
1013
27518
22688
29509
19406
19399
988
76062
68040
14184
90407
70599
381
58739
60145
2119
64007
68785
32309
99245
62583
56107
95761
43776
15518
40993
80244
26248
94166
84741
62914
82366
24763
39172
78598
43824
39821
94000
48396
9361
16893
35439
29922
68619
59929
50567
77765
55350
79684
36682
10761
91831
84555
80764
3494
66493
18142
70739
84502
33248
48224
56335
74638
87366
21321
41813
3429
2250
99866
93815
29403
13112
1131
46737
26946
72976
8455
76473
27063
1279
23736
20956
30298
35193
78581
14284
65357
64132
21374
40748
89247
22452
44530
25451
5145
21605
852
73594
57138
30005
32412
79933
94660
98675
82753
73188
59418
57222
9995
89243
13833
4504
69610
44739
28586
75543
46976
65475
7095
2813
91516
70095
77986
58730
48650
33676
48864
88226
93143
15365
89602
68219
92326
38270
7090
91527
91059
31429
24474
61452
53993
89834
56716
40947
50299
18162
79661
66424
59949
45821
75133
43266
37384
57504
71796
90244
4745
87378
92729
77420
15595
90778
257
22363
54223
92550
78063
76724
58959
44344
80363
97144
28636
25655
51230
92772
24889
38208
60467
58562
27192
20850
96423
70895
37897
31193
14243
95982
41150
58746
58957
9595
65733
41391
12503
15772
86163
67943
70484
14482
39135
91955
47824
45655
61595
98803
68498
45429
60513
14299
44507
59703
66440
30224
35512
58470
52846
13253
19978
75693
45731
92181
91639
70078
76439
1056
8521
64792
99098
70448
13742
69757
49752
30597
88594
86542
21790
67117
34283
59958
51576
64062
74016
95257
66680
402
51812
21985
94309
26257
54066
4248
88781
93591
79059
23276
17285
86640
91570
59044
22295
52481
34946
82633
16157
18863
59778
61302
33754
55636
99864
90268
60137
27254
89312
82518
31104
75226
79752
3312
22834
32081
66647
89004
29237
62975
18148
16238
20282
63136
15338
15335
40056
27189
58858
48409
77160
69770
55654
89188
91396
5631
54393
59317
35735
59398
95684
85917
36020
95485
95517
21265
99990
37682
52880
45328
46678
77543
85901
17154
86295
29123
22956
43175
57974
66219
84675
30550
38933
89235
96682
76967
28244
99208
86963
56587
1292
80984
8196
27203
65525
14580
27104
96367
72784
59767
59711
28694
18339
28963
26590
86081
33822
8918
88961
13194
70112
48600
36037
26067
41894
662
84248
29601
92526
72933
14095
23338
24987
11231
19617
5231
65206
16322
29287
10147
88303
69639
66889
93700
79043
13151
69535
95255
31203
38249
89012
32118
77248
99607
25223
86949
34462
78360
5410
7997
77819
23801
30868
22392
23174
87611
57954
14836
41583
26492
56895
64602
44506
9030
22397
45925
66059
54337
81065
8222
8860
29510
50058
1883
66110
83351
40410
66536
64931
79588
84157
29931
79945
23185
44189
27832
71591
50748
56020
12165
86726
75112
69177
61992
79392
94303
13588
70523
7930
93172
76915
87868
34387
57746
85008
1489
65065
80078
5865
25973
81129
6026
48301
47540
7207
34340
39948
74992
76978
41739
73912
15576
42901
73501
18260
47430
12602
18170
8821
13407
21702
72487
11321
662
5095
4554
90398
69990
41001
17736
89291
51903
13600
1008
82438
61755
48311
28467
89686
35938
94970
88383
91565
73710
43175
86672
48823
73055
76477
12975
50488
67731
60207
26175
12465
59750
44918
4325
3945
69966
69401
80832
50182
730
15576
15093
7139
30770
88352
36461
66251
46182
90596
2705
8524
38822
24631
25686
56375
19143
13880
23588
35702
76413
12057
40766
86638
62308
11866
47557
30865
88662
27988
754
15290
38220
5616
30533
58172
29278
1044
31077
41380
71811
23909
8385
92671
11424
95107
14163
38854
68817
7644
69753
19829
95302
91518
35569
4551
19863
4834
12370
6997
52404
80622
25458
73829
12860
88222
72576
48585
30534
13699
70006
17292
48497
86359
23567
82933
42335
24856
87630
77984
88222
14098
97287
93503
39425
89324
5898
76721
10302
42145
77796
10519
21513
14271
42734
78583
48493
99539
21976
77657
78797
40911
48675
68595
17336
99825
64501
62788
60742
91185
86246
799
65258
34830
37357
19990
23499
33057
67828
10221
60199
26766
86150
36270
51912
75967
8111
6740
44584
12712
60924
69454
35958
14103
58159
26189
870
46451
19750
26482
6454
35173
92233
28325
89288
51919
77718
12975
30476
52815
40004
46658
4100
12934
78665
85339
33246
49708
69884
67511
27765
1274
94195
56575
2867
46473
40148
90631
6623
11454
25169
58543
70999
54208
94023
83834
57731
95953
22610
24188
20961
92869
68033
21289
86393
32050
17711
31818
3574
98045
78393
90974
86510
74790
35653
62291
39069
99676
25279
57554
37727
87446
66012
42818
41639
28360
12376
57573
85003
28307
974
13215
69940
26956
8852
61740
18630
21486
23383
9601
53072
9838
60754
15539
46705
43511
93533
95747
35658
7425
49574
41289
84847
39158
37215
33448
61192
46464
64438
77021
28167
74650
64624
15161
90202
40628
72377
98331
32900
728
68177
90785
66194
62085
99308
83833
9627
68161
52756
71318
61068
21110
48987
93881
90373
19757
63769
87353
82365
20604
71514
38323
18144
96983
76404
78033
73546
89535
91543
31524
31889
26648
13022
907
96973
91900
9684
58300
67875
96976
96516
32862
57959
79575
11450
14247
44424
40083
14302
85300
55162
17309
