68933
56369
41979
38869
2345
39754
25158
67359
9854
49278
93305
52880
76123
43851
72245
10585
70166
7875
87861
48804
43315
94977
38385
9577
5195
62105
53668
24441
47061
5737
32194
27680
57509
54361
11231
9595
18953
36322
31063
9726
28453
87262
5092
74971
88918
25740
51943
38244
82644
88880
23142
18475
97505
60088
7922
99159
14608
61177
82527
40257
82899
10148
7551
12346
73062
3666
98906
98978
78836
35930
97411
71001
91362
67120
48386
31864
55152
66517
92072
68194
17455
30388
14902
11839
63449
49859
96695
39622
43199
50735
39326
45151
69704
29452
39652
28951
59999
67005
29260
73270
29223
77593
71534
96448
89150
10899
54274
12402
55779
50200
79445
20691
71586
98771
90484
82122
9378
19361
18014
58898
26278
86183
22038
37439
17914
27902
72839
63736
60902
29099
90467
584
49749
45726
29731
74580
59861
61866
53568
68527
21188
51001
93869
64664
44906
52526
4056
85018
11715
96141
21525
29492
45622
54671
15902
88528
39197
86498
47183
20007
26439
49304
90227
1657
29491
75844
30737
77312
87083
72268
57386
31118
14919
14713
12456
22360
7305
54478
10440
20447
28672
28581
25882
68055
71034
76400
14814
80355
36935
15580
5546
38020
80938
51719
73486
67875
19290
6427
53601
64960
28657
90437
46391
91697
71803
99249
53942
38919
68509
46918
17508
80448
32020
52887
59475
38232
17165
37196
40372
14570
48663
46836
11037
66263
32669
34044
87568
38944
40667
81341
56393
69061
41178
59881
49551
63480
12580
24612
33757
1429
5062
30873
39649
90246
20852
27948
82864
1896
97898
97881
7547
94864
24098
75525
99993
9672
94267
74021
19063
11282
80603
15768
21605
37761
10807
39982
70173
70429
27628
19436
78285
94661
18253
13130
49459
3664
14064
84151
60305
70659
45415
75471
15370
50052
8264
8594
12015
65590
24673
75041
11697
90980
54997
32716
53764
52192
13082
30363
85177
44787
33923
4802
47290
46784
87115
75494
53361
13172
3423
89842
26428
84601
45402
89817
1427
74004
514
73438
34782
95404
69300
36055
94599
40039
87813
5785
11498
50322
3951
47137
63735
58766
72848
7821
85215
91320
57747
86704
65794
11234
25156
57137
94440
46544
87714
34423
65208
38968
65060
64173
34494
97250
2349
79842
69420
80275
89265
17787
71223
48066
65502
87799
14689
77580
51964
47821
68334
21179
69182
35886
64258
88084
77252
68440
52998
81862
20542
80689
67791
38556
35762
62734
6118
98886
67516
81500
92624
82189
32077
67175
78096
71734
49993
24989
13508
75271
32532
21548
35302
22526
62964
15020
46551
87436
23058
40677
29282
46242
58692
56881
39315
83547
14380
3062
15609
55444
9842
63673
79815
12028
19734
71940
12269
88632
79586
27469
5329
38501
54896
13996
19415
92907
383
94398
12148
70384
50703
36167
86235
6164
82644
85065
30831
79621
9954
47344
3434
92707
93118
72395
95653
40190
75808
38197
16822
3180
20548
8767
19571
99642
64093
36312
41015
89537
47770
89676
18330
51093
24354
50947
66922
5940
38881
55571
82964
33163
43963
93438
88157
83249
60902
73396
17430
42253
19630
50441
5411
35289
63074
50699
82637
63645
84949
81012
76859
42841
87528
93624
45112
54245
52791
10372
9516
8653
39245
31423
85799
80891
30717
2038
82030
55405
30068
87342
23846
9798
19220
22631
57816
81473
54489
7200
72959
35553
88563
40187
13283
11617
62059
12353
7143
74413
4671
82919
90631
89748
55736
39121
51131
52355
97673
70203
20986
12321
38977
39423
5651
89814
72189
44692
11987
43957
18800
25920
66027
31142
96884
52329
65276
78335
60834
60941
73784
86582
49209
14073
60086
691
64169
82428
66904
95710
46648
76991
44278
51221
77975
28017
63357
48166
31699
11020
62676
94540
60336
34209
92961
64575
81815
24393
88820
82377
48589
32478
85923
14722
87276
48670
13181
19528
96340
61218
73265
99779
19994
31852
18170
54781
68739
11406
39963
57592
34925
13941
40755
78599
84623
85722
43311
23363
20611
61750
50311
8294
32383
60676
85913
27095
64616
1778
37118
4387
76002
27725
93932
42669
32875
63419
22464
60850
69496
20155
16670
79530
22480
23317
73922
8278
22131
43424
20773
739
21261
41697
39073
74021
23618
49554
49832
27252
81041
65890
73797
2674
47523
6857
41459
23197
48912
12852
46644
59795
63120
17674
42322
34078
48624
38787
98820
26483
96133
26138
40077
13297
9354
18094
34377
24326
94429
7544
20649
55018
51220
22397
42066
63192
77857
29706
63957
90324
38470
52281
68181
14807
591
45362
20676
71776
49640
35885
18835
39575
69673
1322
39016
4376
24553
95969
64555
53767
35732
54918
31293
17252
44700
98400
78491
80818
88401
31716
52141
75175
77919
54981
15430
57798
70458
29140
97688
22801
17812
41582
97642
47005
67072
11474
75578
68123
64728
2938
87085
55308
85500
21566
51221
82235
72700
18595
97108
34941
62529
65859
85064
41244
2065
41335
19159
67730
47825
42684
22804
6470
98403
1254
5917
63830
68123
83980
44047
96104
38348
77752
19853
24247
84098
76846
99275
86469
45177
75931
41866
38972
59053
71666
7826
89007
60473
56979
70377
11047
50988
28944
28186
84299
12314
33437
30546
41189
75901
19982
77246
35829
50117
41790
65121
57216
55946
23844
68413
5775
48512
99887
83185
88415
72785
82010
46088
22056
18972
81253
53188
54952
68413
11691
25719
10650
77969
1555
43830
72154
48349
39442
19216
94848
7331
74153
74560
10496
3639
89747
40761
88767
11887
29959
75592
55179
48472
71199
75806
42988
1115
47691
71705
1281
37628
14905
93631
96135
74858
6101
76804
62961
38397
10088
77301
38887
33057
83481
48796
21892
44218
24638
78728
2096
7243
51541
42891
57003
24624
16644
36631
91033
75389
48060
17201
23049
71998
92823
90275
61122
24077
386
17508
26111
1867
78333
68430
77035
62961
47521
56170
35167
13125
167
79375
44863
27181
81092
8969
5725
33566
27857
7239
91057
20820
64767
29167
69644
35813
68569
24883
21392
46714
55840
83063
94832
28241
50844
17701
72945
6465
85913
3875
28199
27572
96782
23415
93665
27492
38718
32257
18383
17113
96106
82081
41528
29310
56894
40404
83258
79211
15959
93741
92257
69655
61651
82143
53543
78063
99016
48929
89404
88119
33698
72390
17341
47002
63407
23882
27880
449
24748
54542
41393
44851
15233
20708
34114
56662
39492
19606
81836
99738
78923
30431
63691
18947
79316
24767
53772
61444
31606
33684
10152
15680
44412
53895
63603
71761
88864
7354
93160
9577
60792
96362
85321
93981
41085
50063
35927
41673
82862
15080
84363
43020
5047
1395
92316
82844
85498
91938
92449
14759
44537
10844
15091
98871
59900
76215
67924
99784
57465
72596
57711
55866
77293
90806
83734
45985
9043
70192
5810
50041
93165
79600
61641
48490
35716
49575
89394
62066
99098
37691
35440
96252
74527
94400
22393
83993
36054
72314
48660
52165
41475
21130
26407
36624
65086
2396
20813
14492
94792
1586
94568
56984
28308
41202
3205
91423
22196
81146
84217
96699
44683
2263
2538
77452
77721
79713
1728
38087
52863
87467
10326
44080
19350
13056
85708
38051
70365
97303
38268
36848
90113
92263
52649
72468
11229
79734
59839
18707
51793
28928
73277
37072
58490
36915
20344
41458
64330
4903
41057
1586
86381
2361
90086
45859
8318
17710
69112
71498
43509
63841
6098
84557
60615
34268
64126
19847
50537
80504
58057
30886
70299
31115
19842
30689
2695
7572
40227
41051
15559
22402
47229
45394
35406
97405
32406
37689
20725
70638
33584
61736
62871
7654
43525
69055
52638
28775
89331
14783
94829
70395
33467
4621
90075
86970
39991
36628
76177
14643
49095
77081
65446
15467
1292
47866
10073
32719
57711
43971
94551
75900
82636
63331
77222
83528
56465
83485
91107
76931
97634
18151
98728
89650
69700
25365
19822
17435
88699
342
89262
44957
75303
39317
41922
26957
93817
1075
31830
28330
84194
6937
22577
79714
90945
34731
60926
68330
8280
52389
12186
45210
89165
47056
99960
10082
95993
85419
84568
27227
51140
17722
2064
66631
88033
41974
30860
26890
20371
25537
48464
33571
19750
81032
40418
44383
20787
68310
41087
98805
12685
64531
35100
3380
25893
91945
69814
11859
48750
70651
47051
118
92819
97039
96853
15692
37328
95447
50296
27203
33915
45503
29415
91329
34896
13829
35319
41560
37053
14328
90645
87585
38921
58211
10836
33637
63240
92805
31486
11089
14406
98352
90598
12410
82387
48045
97241
5118
69622
79253
34109
78074
75964
47448
18363
90428
12500
13210
90487
7235
4339
935
42084
9943
85529
21791
28498
95987
62222
90992
32785
79743
64643
61184
95365
70846
3433
74641
84465
9482
60883
26165
53785
28179
51101
44982
93150
33824
61111
85008
69872
92275
53089
92848
5137
829
7681
80144
38166
97313
75850
47945
44635
58260
64960
93573
40763
40357
5970
18214
82027
79361
8720
89556
23458
74742
6252
48548
87118
87560
39750
16559
54099
14210
37241
38919
20736
93768
67226
88172
40708
30038
25433
59701
22399
52331
18279
15743
1989
78439
89708
24017
97410
38117
79104
66304
62420
94896
66661
37401
87680
40222
95479
52419
43549
17091
36114
71542
73864
38703
57313
22149
30473
99546
57611
2517
83244
46091
61527
90420
49305
63214
1588
10401
75355
82147
28444
29523
31073
3969
32682
94043
80657
25306
6021
81446
55643
15466
57851
2589
71312
36132
24322
21503
38033
15958
55209
52560
3503
27176
79709
98977
4356
16139
42733
63365
16876
86519
95992
56005
87121
87197
6212
29384
6078
99057
47926
43604
65824
51156
11604
84528
81375
34488
10675
62796
26679
21154
4158
29157
61726
71195
48549
21490
45368
69999
82735
72349
63927
51989
86167
97881
32530
1753
26257
42887
825
77042
46360
30785
90293
92162
99871
66491
22962
96719
47620
80155
78344
423
82798
35545
10667
98617
45036
33899
79869
60280
946
79185
2639
16407
62107
85181
46802
85091
41061
73151
33227
91239
68835
6788
11588
53793
14357
2440
35756
24884
8188
14991
19002
58465
63359
95807
46844
52874
62588
47331
16376
65958
37146
90392
54563
51839
84859
39761
43402
16923
97185
93670
37445
20538
56323
71685
53690
33116
50523
84973
64962
3131
94973
43844
25533
47571
68902
94009
59729
27543
11335
73628
8600
65648
24051
43935
27377
81970
73283
46924
28415
36125
97964
98208
27540
17684
64873
94187
17368
45549
55071
39259
25145
62667
57427
60579
80556
73204
99246
24042
51970
36575
16254
43062
44681
98982
75532
3833
73344
56520
23862
60188
13798
40324
31222
83489
73677
47160
42001
56034
69388
79139
56367
19256
72049
90980
86472
61536
61749
98351
26974
90063
62703
6632
50684
47172
68247
27272
92106
39219
23395
97458
67535
77095
31986
46137
17252
64467
45738
20664
47999
7982
14011
76439
95899
78386
86598
75640
90926
13534
28847
29803
84737
44508
31614
11121
42287
15578
20797
95562
35488
88242
58689
35189
67020
41592
86886
68030
65351
69218
14624
78810
13323
98611
23471
92656
87996
48095
13829
87307
71932
83087
36380
39593
17574
88661
42873
24222
78420
29927
3685
53554
71274
41681
52186
60686
38435
6469
99827
63019
41366
34033
39211
44751
42533
2334
93119
28176
10323
1848
43290
89006
87358
90313
21544
22114
77229
35354
41096
48375
94192
28313
52945
94614
58646
81206
74977
56027
70766
23328
78798
36041
24853
91219
26507
24776
23686
46079
80997
86861
73501
56462
64148
78285
57496
28046
19300
46464
88318
75045
58505
39632
53121
78569
35919
59719
48688
53966
53079
25891
66242
22404
40509
99611
55250
48512
62089
33864
87621
65548
30049
2337
323
72826
59792
16265
50026
66555
32364
83477
37225
59954
52999
66868
64683
31426
37320
58710
68403
28957
86928
41959
42612
90579
40949
17357
93111
54098
28875
75233
97384
60393
24419
65683
67523
47029
31776
34454
47591
3227
80830
8767
28137
98941
89134
87203
59302
97879
49223
63434
92289
63674
48493
84122
76849
46165
9828
37364
20376
38075
35810
41387
96320
66492
10658
67791
10615
89842
61801
27491
31599
74105
70164
46411
34268
4584
4165
25039
67457
25911
99092
57248
86863
19441
86685
18599
31166
46307
68568
89852
1697
92044
61583
85566
59548
70470
96211
66430
63329
70633
52178
95642
18153
54049
26863
36981
15613
19322
67678
422
92568
34779
50366
19562
96073
20227
65727
31762
11302
64204
63202
8923
13181
41487
39514
44123
16718
43177
8198
25356
80794
6971
1888
93768
86104
6190
96612
16286
52098
61017
6206
28698
71416
88699
45334
62912
17306
23120
69555
99670
17370
92849
43051
79983
34308
57588
89612
40859
68637
67491
94976
58702
2650
53629
1288
57134
41884
23899
41750
82960
47320
33600
44140
11099
12774
53266
79392
41869
66047
52580
56076
54794
48515
84053
6292
21755
51232
53086
89330
50502
82461
45129
33415
81467
21477
66603
48018
23999
59301
73819
94320
99187
34750
65604
43699
97857
68663
327
12823
90273
23676
25369
59547
76582
75857
71086
63117
99926
91664
97538
3925
89212
44005
76013
32366
80885
32187
15592
7022
61863
9313
97847
12567
70095
39223
738
91008
84372
99282
99865
42069
59988
93118
72389
97741
5270
45214
41365
32965
47521
62139
96296
49946
49684
34177
71778
67053
95134
13407
41753
46339
886
59560
32632
7811
19411
38033
21745
56005
30470
82885
92538
30318
42936
65857
72803
67200
80532
242
25392
85401
9928
82773
94046
73580
30740
49650
78508
68548
93929
63696
7195
52776
40649
73401
98821
15372
94939
71715
74065
636
29859
33095
71206
98345
8203
78702
30088
54325
52689
48269
50623
85677
75746
92305
95891
38192
63935
22716
61776
12221
92528
57361
18792
2192
99721
76678
91044
26878
68379
94815
53284
80857
24272
11577
72741
66619
23951
18819
10609
61156
88641
42344
10505
88635
47083
28150
94929
67174
68037
39283
82462
57323
28072
45820
87113
28276
30740
17868
82925
90561
58084
12829
55568
71958
52918
59041
38930
24962
8208
79942
84443
64425
34281
60408
22666
90857
62897
85269
40858
7591
94292
87187
95905
48327
84062
38664
1759
94247
15055
73079
3023
89473
3589
8158
16894
28421
31011
73364
43713
42573
27367
17520
31234
11357
31955
89548
33359
35024
7785
92866
23415
3016
70947
58740
64322
27463
62472
2257
18126
95171
34904
70289
73510
52275
70078
28694
27269
50613
83641
53219
53113
55250
23632
19357
70717
8237
90604
64116
91468
69566
