91436
32455
18942
96023
15967
86899
29679
92005
78404
48752
21047
86290
10032
73127
56592
92342
99461
47091
95067
14700
61978
77182
78275
38130
21586
35326
50180
4184
1160
79032
2927
82788
13366
22818
75840
70899
375
37940
21439
79347
25879
84781
20381
31356
99926
72939
7351
44398
38723
14213
15868
58606
56953
89461
19948
51070
85663
57269
85661
62864
36073
75673
37828
83366
96376
44645
64111
15541
2922
93177
58059
65824
31556
60144
46330
93247
12945
39671
54597
81262
24106
13313
48597
14152
64035
77385
48662
11673
71594
35824
93697
25336
58404
50559
18988
46806
38062
16066
23720
48048
23724
51949
4281
65963
50078
80939
3827
32976
83299
37182
84026
43242
7612
67063
56849
83119
46885
69888
78565
75366
19902
8235
12700
30631
68359
22239
71937
35139
61186
87529
23234
84706
67373
88666
83088
54378
84398
91844
38760
71216
81808
55216
8234
56334
67621
72952
11421
81717
85397
46393
1853
37196
79537
54578
20866
82555
58280
92149
65341
79806
60506
17542
62327
38792
55490
72901
27480
56229
32958
57124
89875
35566
27454
59463
14375
56303
82369
32544
67667
92693
98030
10180
62785
27635
13840
64128
65293
87311
54287
54497
85768
4679
58214
83348
4623
8115
19157
11889
43495
80105
50397
11694
73200
49869
39574
95861
22448
67045
21110
49629
22766
25813
21516
34664
13659
51797
30039
77212
41303
30732
61858
93685
2380
43628
55140
21733
77210
77994
72779
12113
43250
99702
1830
18725
90926
1198
40624
16331
2377
92278
2185
75027
38593
70863
44703
93041
96528
55840
8401
82972
42789
37887
82115
54748
99206
32582
37300
3444
58335
23435
83619
43738
46253
9627
30356
27027
21003
88574
46725
48533
97747
63614
14567
19151
94967
32389
23560
31117
42586
41476
55516
81037
60026
3074
36585
4999
66312
70363
27492
32627
46629
65603
24201
90335
6390
86035
79535
34913
13672
25033
42525
43607
60192
21886
52104
2609
67157
59122
14119
30455
50142
39243
54052
37693
37557
43195
6750
86592
41139
13223
25847
83222
70358
81111
45303
14599
63320
63727
42711
20491
61695
67792
87990
91540
95079
22539
31919
80612
36029
44173
52014
45068
15842
50704
2760
90033
3848
45590
99941
98159
1262
82191
95240
39123
59208
71085
39958
4563
57496
59498
28105
15491
77574
58918
88392
13473
4776
42797
12448
24935
31165
64479
18912
66436
47801
23676
20162
16747
73925
95353
84234
95784
57677
76306
52281
55743
76661
23754
52084
7800
14387
43288
55317
80396
88422
20844
47037
21365
80823
86105
60932
25157
73001
46539
24722
96484
46549
71216
39649
41388
37260
20142
44838
73410
67279
66355
98098
21832
90223
14258
72475
69939
76201
77025
51920
96689
39440
60932
51359
7261
51213
66099
48534
21095
32716
45955
58046
46373
70359
10479
11614
6747
93207
64693
68677
60635
99629
66247
31185
94342
59805
56090
38824
16189
21655
61076
47038
72039
35390
96453
4812
54193
82424
49204
30260
84721
12259
61446
47346
60682
44828
28034
92842
11091
75473
36408
16637
3061
8844
42883
5717
52947
46481
80197
43930
98783
55268
63137
1011
91671
64393
98071
16772
13654
69756
29394
57406
38571
95237
4290
93248
70101
31834
79726
38991
90741
76890
41590
24398
80930
16561
10210
52515
17450
2835
38642
61793
7249
8780
71018
58477
99148
1046
56561
75125
77909
2759
21038
84868
13682
89955
38780
91886
66026
90359
89722
95131
80752
42594
40394
6837
30366
96050
29473
4157
44596
96808
88676
9910
34254
41688
86414
45577
97650
56006
29935
83558
95230
32542
22587
28570
41234
14062
91594
88989
46509
43910
40080
31096
882
99656
46943
14001
39470
71065
60028
19524
27814
43281
8331
94042
72775
89465
89809
28352
7007
55830
55196
54022
7963
70905
29800
86719
29366
24781
19472
76372
19736
69628
79047
42189
15763
86377
73769
34716
17257
46426
41979
16092
14850
50762
27498
20154
51518
12012
69568
93622
39857
50060
85705
7843
98080
20679
63743
31736
88267
88818
39601
26848
32404
36352
73441
24302
95877
35576
57447
53598
82126
87665
94715
14583
6157
98460
10586
5250
71352
9363
38389
56325
8221
51002
66982
73073
46316
10831
96734
67360
93576
1351
23465
59883
65112
7318
92896
63377
50514
47686
80056
4065
81407
76454
17296
94136
42499
51376
55259
75495
75321
72991
34616
13330
12664
64941
81994
87623
1099
40515
91102
23
68919
9909
94113
69979
6576
51243
86150
71470
88063
4796
75702
9066
78696
43962
88627
70413
3328
99049
92687
43464
48198
72351
35612
29903
59376
42842
83922
54387
8074
43641
57227
33261
52190
67935
86924
50776
22698
28196
26266
42755
72683
83039
92096
43642
13832
65923
78379
62509
66392
59447
4972
92986
6394
84834
39010
89689
83028
25671
26156
52660
82971
29290
64320
30076
52874
82585
55997
64764
27277
40646
32246
47592
66876
9588
29321
1733
90784
29558
10537
86099
37743
70498
72803
44959
91438
12833
406
90601
66234
91691
58101
93042
74998
10840
28270
80086
33525
54447
17983
35887
4577
75089
33044
55736
91773
27602
6505
28129
53026
41660
51626
35377
7704
52210
38449
33514
44582
64346
33194
30464
50122
90297
99580
91205
94083
1653
85771
9204
1425
79859
2129
7999
67745
69956
51852
1333
36798
92094
31136
93758
26982
58784
64283
70365
22266
16419
98282
86165
65755
7518
60746
7223
10123
22499
62372
74685
14090
53038
58633
31414
2598
7643
51558
78584
80999
30137
39360
74765
94134
85128
21994
40690
46945
75473
35227
1107
97004
48943
89719
54120
48172
5555
2435
92058
73352
73090
4337
57346
83979
5157
62024
40668
65626
76343
2007
43909
51706
57088
99654
55910
17167
79981
34013
99237
92635
23
36018
10750
16656
24037
15430
36037
175
70793
39467
1984
26333
46446
26510
73716
14975
74791
84539
44694
59489
59455
91834
65023
89779
12984
57680
63002
39320
12979
38813
14140
66894
41862
74395
61141
29597
40349
75977
94346
43460
5611
30603
93432
69621
60510
63402
56050
7319
79242
45463
25238
10969
40339
11849
31082
8774
1608
82379
75193
3396
51903
28853
44925
63849
53642
3082
59518
48322
57021
5028
61796
90698
71638
70908
24558
74904
76003
58065
14699
44104
12712
56878
79451
35418
81186
80273
66174
98900
18628
47993
9403
32798
26567
84177
13866
9425
91816
50318
13904
69579
93828
91446
49748
79082
25879
73832
72334
55915
53405
21610
93922
15202
12685
63648
70601
94578
61572
37883
26420
19034
8104
49179
96995
62419
58443
88676
77448
90073
34991
65387
37546
25382
92075
12022
28938
55459
94727
51516
42425
76106
68688
53552
11369
27059
30138
9274
19309
89338
92906
15548
83516
95103
7799
98338
73712
92665
8533
56287
68812
57760
98022
967
9434
54373
64045
15884
42561
72530
53781
25385
31226
14559
82826
63774
84909
88203
29898
97618
71193
64902
55251
97237
68560
38298
83368
79278
52349
8334
82293
50806
83853
85632
28357
52339
41373
34757
5826
96327
32463
73291
61953
54435
9826
68789
57092
97710
50360
23326
7107
31669
37423
89972
91634
96820
23966
49726
75193
65616
22110
93448
83585
12029
84955
9443
68526
8902
6477
9294
44561
76099
19941
30009
13365
66370
35770
73354
98557
95976
69484
54855
57333
2048
25777
73097
9051
41088
33965
35190
7083
63475
47783
66329
32680
14786
27298
144
83041
96472
90522
75231
14592
82741
76547
29824
89794
91312
75603
43865
96958
87336
50255
18703
98954
68316
9480
41254
95548
54236
4905
9490
81739
46694
40124
34863
68905
67446
55691
75538
26467
93746
68347
87958
84899
14784
86254
41382
99481
6386
979
28615
82343
38549
40554
32369
2553
59334
50196
36029
61460
99385
61454
75713
61657
35770
94971
26321
50807
26490
76191
41880
72245
39797
82851
30770
85594
80956
22972
22055
99744
32299
94958
98433
58922
91196
64612
28919
40967
45188
7707
97269
79877
71990
84286
59791
60682
26301
84817
93247
98245
75223
89468
40786
94971
99124
13067
51550
76044
15463
93475
57177
37698
98170
41611
69257
10101
36479
15219
48282
74182
35567
47131
85931
74640
7564
8625
32413
56175
57040
15847
7997
93085
79701
59682
8624
26986
14248
221
46272
92607
19653
63348
10754
66529
9846
55944
50457
76700
47089
79798
34334
648
2937
62227
34637
34419
14894
34262
82067
61176
69596
42057
82672
45688
14961
34468
89602
39666
30511
39130
25010
8621
13673
80863
11159
51751
59846
56644
6775
27166
12409
94849
64682
17759
66790
86206
21225
91468
28016
20300
85809
58821
44179
63263
96556
36405
29792
86629
52762
65896
40830
51053
55602
63575
33045
27258
54261
84118
74341
93707
62730
60520
13324
11286
21239
3193
75274
86454
91714
71516
24068
32331
22924
34060
52635
43673
53693
6050
5154
60437
85938
42429
3724
7093
98700
92412
91121
70495
46260
36296
4078
58050
37036
13924
33866
16541
39319
55222
47655
27324
63543
96632
92022
63745
45530
36976
87187
36247
88189
22247
74111
17607
6694
53817
1592
84828
83620
68693
20185
51278
13548
25168
80693
16828
40245
20238
3811
74761
20118
25942
10999
92704
9883
80530
23378
44902
13949
62964
15957
50237
68004
63660
41077
66605
54148
6860
16720
49804
62729
64704
66904
42756
11737
33869
94412
10680
63326
34488
35450
80355
80023
90855
8908
38711
27629
44973
78940
65253
17541
77674
11595
44168
83150
75298
56645
89441
88970
15519
86361
51736
58889
35459
48402
86623
68827
76071
87905
1603
39059
50241
3247
65950
78881
37334
61136
4854
98932
31120
22760
4922
87887
33946
12731
72275
88958
32776
81866
1387
64900
29375
4340
40939
49600
1237
4182
208
9254
93714
9843
347
72559
73119
93546
2798
49304
63531
33335
48105
66336
18428
88233
42285
90552
68536
24153
64373
24338
30429
59203
61347
89493
27110
12018
69230
52492
16763
64155
26966
73298
15323
57001
38392
1949
57916
69726
33156
37359
58339
87822
87631
86779
66233
46903
89586
49346
1598
66628
25777
19992
37155
44581
33655
43536
25414
23224
44693
74486
46973
33888
12398
28487
23430
23105
15128
2388
61091
29103
89701
3882
90580
12787
77965
40768
43336
23465
37175
75627
36497
75698
60683
25548
51521
77532
99154
73497
8529
44550
50305
34411
67584
33037
6127
39785
42846
96012
40878
54644
11225
39931
49859
15063
14083
65322
82721
76734
35563
98673
82061
73584
5124
33815
41941
7610
26154
948
15502
78505
24438
90103
88743
19688
79912
35548
23642
39831
30069
21097
21983
50504
68959
59897
48801
61441
607
57644
62965
32845
77609
49995
16950
23103
12191
14400
24744
84714
36144
29431
60257
18844
70710
98308
99102
91533
50326
94620
17066
5020
43378
80742
22418
86270
91528
25981
69492
80772
83658
23198
53817
81431
52264
97606
20932
20326
31542
84868
11878
49296
36429
41875
51652
44842
96514
70441
2565
12461
57207
17867
15411
13517
96504
26088
48173
6810
82649
27129
24459
80681
53242
97116
52109
9625
18641
23424
3359
44464
87495
12434
17084
72531
94794
79711
70156
2134
11807
46183
68103
19817
51870
31035
2192
8401
32713
40815
59489
8982
82802
83862
93979
64761
24066
57415
53356
24578
26485
58230
90801
60090
23041
99018
87342
68897
19891
98492
96218
97161
78118
57657
2576
53681
34760
36941
57775
68184
42662
23493
27196
86758
1509
5890
80580
59687
52366
8808
49417
13841
32064
1382
2380
95556
8840
84384
29480
74200
38276
1692
38543
66513
97875
54887
68411
22249
27779
58147
76899
31392
3267
67891
53214
28487
35540
9196
46939
99691
80637
93156
22608
98712
24595
51809
5641
71790
89765
728
98674
98829
2572
66745
47115
12788
64807
78361
40463
47500
39539
45344
50321
63188
80114
90427
49654
2434
96706
98424
87525
91930
42741
24727
20592
32193
55561
68129
21774
43539
64716
84669
93504
33046
49498
41520
50502
48790
20280
4205
26865
97055
8836
62952
1598
65292
65154
87519
82785
34755
78747
47672
7307
55969
44839
51693
92777
67228
91965
99649
70624
39215
77334
90498
11139
18995
8789
89400
20045
81768
22193
92034
21595
33584
86493
2877
76342
89866
44406
13176
49462
15855
87211
5312
37869
30029
42988
4393
90174
70121
76564
5043
90706
53474
11221
43892
99464
40496
47556
29653
34475
69553
37808
63583
42223
51129
47184
17718
77055
70913
51474
29512
71258
73003
85281
12263
87299
15084
56883
8503
60018
79958
81287
37271
82034
56626
45415
22885
58588
64832
97558
98882
58335
8216
50998
527
50615
62059
58586
28818
38360
84798
96895
62963
60660
4338
13335
1593
48324
41875
27065
64126
30221
13482
3409
907
90584
53141
29680
39532
97923
53872
62070
74084
37182
10629
37743
58557
95259
34956
88793
99372
67664
3
55549
18297
61740
52424
2066
31378
86443
71431
81470
43877
28945
96631
28677
47139
17897
97560
14802
22018
10311
71212
14551
86142
23983
20274
32464
94626
21671
76330
96373
15462
8382
51487
4506
70959
83451
30564
59622
59151
86355
29647
48302
37736
6443
19159
56228
64087
9464
4170
25236
22336
77217
39023
57470
91329
86555
14183
35923
52298
62196
61026
60301
68848
74690
39231
13447
9041
20022
58269
14654
81554
46481
59514
99416
30226
95524
12020
51021
55782
73901
49973
5213
83237
87901
60534
74792
66242
8118
83257
40934
28169
43965
63321
70874
39683
12878
93538
33128
4685
53182
33887
57680
17231
98870
21398
90223
79828
52351
41057
40380
4952
27541
51821
11065
99395
6414
94218
92563
77120
47053
69330
15755
3071
80271
95349
68323
52688
90658
5976
87422
13175
82147
7031
12572
72602
13467
47547
42957
45110
39154
81141
77532
38808
50989
84717
55046
1276
11795
4052
23610
19286
71882
29250
40526
56280
42905
70876
17439
64813
52020
79295
52186
58342
24554
19202
42774
32375
63131
95083
98300
73525
13065
30555
31432
22845
52707
66287
2832
23874
38915
10703
79747
60727
22088
28685
10683
18521
8149
56973
23529
36121
46293
47727
80190
5839
92472
38120
45459
67521
47718
81168
80763
96044
18501
64213
60609
80810
994
17827
82423
47855
14665
33633
68282
61194
24898
69099
3838
77400
41684
94133
66262
6784
48081
33168
15045
59049
32592
79539
83293
78741
54162
46282
46986
95957
17441
44196
36517
72555
34383
29415
25480
48431
63080
16600
61600
19527
95104
22470
35609
74757
41450
76040
30723
16523
75915
27514
1955
77215
28819
76332
53894
33271
83294
10533
43069
25840
48464
17984
25176
90566
15478
45205
45050
81367
55416
65225
41143
3391
29810
66883
61592
68029
34288
22753
23329
436
71424
38728
27399
68392
94891
24633
94265
52947
22983
54749
32124
47987
59043
34786
11453
44804
87679
48863
85200
20397
4762
89009
68441
20380
14783
60132
51923
77812
69078
70432
19957
57923
87109
78666
35585
72176
63028
6542
14687
30144
72209
40872
76514
51261
28847
42381
56409
88403
25741
49968
12629
56796
62740
77699
71452
90918
27578
60787
52938
12304
48638
88337
7350
7886
53366
15502
94691
14566
87365
7387
20332
8980
77101
87404
91092
60070
48340
37773
67861
57852
27337
90604
32970
43662
91936
51939
59416
89040
13850
35376
63421
9848
90611
64978
55698
95041
17343
22769
6040
49580
63775
40367
9274
21350
76713
7209
47990
88689
64133
15402
68804
54511
73804
58932
13246
52921
19511
441
25105
87074
79477
21033
12521
3064
66510
9485
90650
98967
25047
89473
77518
51846
15665
35760
13505
98210
27265
87772
26603
77674
78188
99776
67179
52102
49451
89632
12822
31259
9029
48925
41648
78973
62295
29762
2199
60868
50376
41637
29847
14538
34941
72010
39389
74830
51469
69836
37406
38097
83851
68059
72960
40970
8270
42187
75969
20151
31843
86692
28019
43079
92208
87673
88447
90046
35602
53518
77338
93591
48407
41180
12754
39930
52007
52178
96637
44899
86048
28459
50605
78214
29632
12264
39720
52051
40677
31930
49413
13033
59790
53237
53469
4944
87230
80892
85602
9562
13697
66308
47319
8407
83533
32684
76988
29829
11290
6630
33722
39825
32964
63968
7986
83186
30527
59861
26505
42801
34970
23967
79169
23512
58145
59686
33825
84373
84950
8962
74565
69129
35254
51577
92820
75172
11290
7076
52712
42034
96501
98321
77027
14840
37509
48270
7156
15802
89369
29820
6670
84580
89324
46816
72110
85722
69773
59361
73636
62949
8320
21256
98669
97128
91529
34140
10163
57372
17226
40263
12046
61294
21001
42987
16692
78431
41573
99002
53581
55656
39221
63540
83796
16106
67288
89619
71904
76661
55305
7776
91844
56164
90893
99676
60633
61456
43873
97043
56132
9748
49325
79168
49284
27477
31117
79879
83199
39798
35797
75670
92174
32953
6688
41466
79725
13799
48990
2912
17107
20244
95982
77844
92654
53416
80665
55370
55947
24256
42669
18746
35549
85086
17897
62834
17367
12815
37863
92979
50967
99036
1400
6986
88900
37513
88172
19852
16002
12239
22501
3732
67511
85135
68276
56541
41599
37228
76435
37277
71129
45408
7300
44621
92477
78074
42620
13687
2258
39055
46408
96843
77781
14021
52061
48358
56226
47524
27901
3653
47625
74998
54936
32611
80271
13046
31040
35900
69071
48643
22224
24823
64313
11383
16607
42828
18297
66820
35029
95090
92379
59392
80005
70463
72832
36478
61916
81739
6060
73286
33106
24017
80317
79483
5426
75213
51379
60900
48937
25854
47189
4903
73883
94020
26096
9955
47595
90542
43435
20202
28796
42619
32347
94383
8571
90353
47503
73986
57918
16754
6604
37437
49648
33799
91986
1470
58930
96663
14906
97944
36597
75221
61236
9296
49658
28624
27390
83531
56851
86449
62229
92331
34601
39667
14246
55628
62274
28124
56972
49533
60724
67047
95128
92770
61870
70546
13877
69002
74051
34233
77091
96998
9203
18819
23164
75327
25945
23040
69945
4001
62117
70517
23903
88437
83193
39153
71809
43124
57156
24839
30465
95658
38508
65620
6252
86470
77658
29557
82932
4820
32998
53223
65988
45822
74164
33742
74263
31608
3899
99941
78336
57831
60818
91980
17205
77270
66516
14877
4310
27234
17903
434
82189
37580
6945
26572
52060
41899
88503
68095
65762
80839
48338
7107
10344
84983
68393
50447
64820
79002
56371
6324
12712
10774
50122
8800
72775
51515
96890
51394
68947
81752
21573
21291
34659
46429
15698
36051
77997
77957
90762
75651
12394
72710
63857
89805
10478
96307
58825
83668
66435
76020
5401
15760
6118
20003
30888
44464
13088
68991
43864
69913
45743
52469
85046
54447
93640
54482
4393
67535
48166
85885
22029
38246
7009
20861
43362
49953
42798
51012
41038
80264
58838
78558
8180
82902
41828
27797
96292
55893
60395
5113
41928
1304
52262
18622
34281
59502
69243
12787
27293
51803
80477
72709
13822
35975
38075
79431
62807
88992
76170
74542
91304
37062
35989
25393
53081
33902
93075
47877
20041
92173
96138
91159
89351
61386
75824
45994
99443
78984
75159
71796
65464
38727
39760
65064
84064
14948
74929
9712
30711
42028
75562
3118
2578
43961
34903
57457
83598
91200
22210
43068
87917
89031
69319
38833
30826
489
3452
75020
60345
57970
22073
6971
23703
79491
29299
31076
16410
73063
61858
14970
20261
43757
31621
45071
88976
21843
77154
22310
20390
88760
58025
81418
10354
59402
25395
35230
59989
91130
68459
55534
30161
13152
5313
23942
34557
68410
4716
94181
92511
39198
47255
41914
5004
48722
41007
36644
82298
43552
7224
95105
47381
60141
29172
7114
28120
44663
24294
26370
48814
94100
3738
85166
99843
48399
7401
28243
97969
71579
43290
90323
15566
35263
85102
74503
55331
73061
10943
56198
18020
13325
24403
30690
2861
28256
14321
95297
63428
2661
95528
7886
12979
45539
19488
47822
69375
11236
59571
74291
57610
69476
47129
5063
20317
94114
92461
59960
20112
40261
52702
22294
35615
89066
96898
16507
32566
4790
65169
85724
84865
98200
6657
95322
2779
81406
47892
15008
68268
42516
21197
65596
98486
22547
24792
79332
75644
13979
65622
46845
20275
39455
1344
18218
6911
70399
71825
11799
21343
72950
86828
97429
18584
25745
27304
47925
10885
66075
11771
79762
56721
81651
21059
59545
57043
44323
68388
62564
32602
40425
17961
88144
80736
14817
36512
18952
51868
6575
2655
1543
22825
75617
42587
36054
11258
9695
55993
54738
38653
1246
85446
67881
84840
22419
6128
54692
25414
7996
38274
80530
93589
93134
21699
14429
2265
31850
86522
45090
18233
64142
38811
25072
12328
16020
44432
81734
42384
5498
99103
29300
95198
18072
72022
19772
88677
44907
24490
2935
28803
4747
72636
99992
90218
50209
6546
52738
32291
61208
86369
9497
3259
59010
35550
98779
42248
85078
63048
44876
4770
51746
44959
60343
54107
81166
24252
97057
23083
60206
76656
36290
5480
98702
95401
16129
88540
3907
64095
93336
4731
53475
12681
81755
61481
73843
43785
10407
80509
75494
34624
44909
49069
67533
42551
5225
95415
55633
87656
84890
90170
55144
59028
45258
69900
2962
51918
73942
41082
21311
52162
45148
30755
79964
33039
12196
96354
17940
48776
42969
96901
69995
92279
83245
88046
80030
3595
66662
72050
94899
95596
95447
18809
93747
82380
46806
83482
45427
4767
60576
29809
49878
64855
96119
29526
46533
54116
11885
78661
6022
20026
74803
62531
13525
6540
13328
98250
85305
8932
68217
84658
91776
64138
85976
44493
84878
50841
31640
34390
23576
1789
60528
36344
41248
54962
41301
97313
80939
47755
34185
42244
67149
89209
53463
36760
98146
50945
11297
89471
42999
5095
20460
63321
93350
73801
35974
94738
32402
39456
94410
68796
15718
76547
93121
43037
64710
39815
47436
62452
32095
90546
21442
47679
72406
5550
7368
94830
75436
6926
97917
64262
18917
74808
95702
70766
46023
7779
38683
78569
65718
25209
80938
85486
42778
52033
91614
78132
7076
42751
57231
8716
44248
32206
47826
79426
20752
1363
93258
93473
72287
58270
72797
35378
52408
98578
30020
96930
35716
84000
41083
64494
41399
4681
26812
12219
53877
65224
57879
11282
90406
121
87073
92630
9372
49079
24837
56364
47890
41434
16449
5605
87428
89599
28278
46291
19550
53757
47754
53129
87949
23087
54372
65316
80369
76146
11140
13809
86685
57875
27295
48403
13002
62328
40190
84499
28416
19841
53860
51080
32736
8651
81012
34955
81705
24188
55883
97222
38484
47065
83796
62934
96350
69512
84670
10779
76970
38988
46404
58013
46674
9454
28911
94789
87983
91981
96697
39818
28401
20967
98674
92300
75100
15115
11015
40300
56509
64580
798
83548
98050
26073
60854
92011
42503
6228
73930
91499
63038
38000
457
24122
75827
34411
26708
67884
34747
10911
12125
95877
50632
43715
20505
91690
6280
95067
10723
55036
83006
31457
85235
11097
21366
60140
62000
60149
63678
25723
57356
43635
77186
1329
51044
97582
90207
36414
66859
50512
83551
29427
19860
23810
84830
92714
57660
94100
31046
28174
65451
58994
49357
38648
80427
65470
8265
64097
54978
95880
67894
68000
54853
6378
66287
5643
16418
35205
46632
36351
64520
98648
34396
98147
50255
5336
25841
8773
30516
16593
64155
52754
7298
3892
73163
65282
42730
8689
15790
99943
13822
57856
54957
70879
31292
43765
43109
55556
55995
34041
49841
16238
78061
34297
32245
47122
65600
43698
99321
21804
71628
82008
20933
70257
95174
99504
92816
66182
58060
49358
61082
99928
68927
35679
92383
52627
11136
53408
38757
32671
24912
64120
76616
89308
48175
78806
26664
34473
14078
98948
31853
76438
90883
94468
76084
25165
94380
97902
19568
41842
66810
24515
34183
13505
11801
43253
62213
32091
90546
4326
75285
38707
94052
23434
75771
88725
97393
88830
98766
25474
3399
69472
28050
17082
92335
38566
66707
22473
43865
6235
35761
95794
73164
29498
60920
82262
20800
52687
37857
80852
73052
23381
14396
91156
1936
27948
66796
94118
44870
45287
57850
83415
48361
7498
40592
224
50942
38582
21929
11990
12503
69361
87436
18664
49640
87355
54915
30904
77062
1234
52467
97115
5204
63241
37960
20817
46920
52526
143
86615
89856
78658
53701
25909
70340
2202
728
98892
93844
55074
22091
77214
98887
94104
30562
55155
41135
70306
45031
28956
12539
94629
42264
95955
44987
86143
58121
40456
53720
77099
17599
53490
43323
23429
37363
28855
92728
84465
8662
42417
74897
17288
81765
70278
65638
84137
14724
47009
63085
37416
70612
41565
68693
24639
40783
18217
21895
17334
54343
46260
51896
55977
2609
36932
41389
4295
76769
66245
42785
80755
8248
44720
16534
68037
12232
4721
91653
87296
57474
22798
80633
59188
8536
20011
29104
19928
24873
35533
76764
5289
64719
37443
41431
95649
73075
77628
49872
88527
35863
72679
77532
83909
81858
51731
79894
65940
21249
55987
83116
64634
35239
85229
69933
56933
46689
91785
72975
46873
77341
30619
63557
35044
5871
23023
87539
43319
99693
5217
96820
30524
56952
3258
92157
97493
26441
20712
91747
84028
15889
99908
52517
30165
857
23567
15120
34356
32886
40263
88748
97090
96303
65601
43084
23568
12074
46990
49144
68196
58688
96571
26126
90
48677
12592
54602
18748
15346
95153
45763
48470
68781
24481
97535
83531
88949
99324
5096
14009
91448
22939
4995
92376
87457
65978
20683
17543
68348
46948
15918
58874
14282
69150
93277
55739
49152
9350
21270
99347
31153
59439
95533
17252
42514
54934
18472
23760
22097
63883
22964
15596
87368
47061
9222
35129
74826
45267
95431
47195
17965
72615
63331
36216
83523
87792
23484
50468
56809
25525
90756
97534
1275
7698
33658
56282
38914
71917
93458
87689
58482
40752
53971
94864
11976
15224
69192
