76971
96221
7576
96601
33433
78428
2558
73369
78891
1930
70119
80499
23143
86920
73352
4205
91475
13279
8372
87576
64553
5274
6628
51083
44934
94961
35318
60313
26726
45988
95958
22478
95275
50203
94635
53849
39238
49430
65954
10766
3018
78913
69426
62005
24970
37099
83368
2528
96897
1951
62211
63516
90827
46746
25384
89169
9086
20977
14238
63740
62672
74190
6662
58009
70248
30497
30365
44089
39073
92949
55971
38022
62253
97268
8614
43762
69385
13558
84610
17582
86162
32707
71698
87526
62809
8317
62609
4926
6661
13518
99737
46936
25223
36598
98624
93169
83713
71051
16139
95168
46106
12607
76497
91176
96587
4425
34455
47114
30523
39119
59000
4516
84820
48339
79593
47341
55436
30017
25332
39842
40486
47402
3531
74887
79216
3486
44417
93799
15431
43134
43301
88060
55382
67501
92593
71132
38543
99585
45974
16682
21377
15882
80488
32845
15877
46202
51061
72017
95087
94765
65520
55662
32797
91243
69565
3033
71630
41729
29884
64663
34093
40832
64128
80401
31152
31343
609
86928
33491
16080
76791
92875
64861
77983
91611
10677
50826
31876
55260
34058
60983
37100
7450
44671
74698
37660
34245
39126
53253
29759
49184
34035
29767
49799
37257
7151
64429
67984
62358
26074
45687
68362
51865
54581
82582
17293
17836
69171
52950
87623
83366
37410
43291
58837
18263
70001
62647
7411
1398
60854
50027
43051
76079
54092
69954
8878
37263
30112
14659
40346
25912
28985
17760
77465
95911
57325
60689
8285
64687
47927
87176
51277
62302
40373
37886
61828
31067
26498
82699
49911
28151
91089
96327
21611
43510
4025
27612
84153
84129
93712
65623
90567
40290
36919
79617
73180
85914
29200
76475
12515
22549
23006
15173
8310
20944
1527
89578
4341
60849
34100
3486
4876
25942
49291
63370
34137
4010
28373
8326
70273
64335
32833
78910
5309
32868
5754
89692
60203
35105
33232
98098
13438
1757
10253
21166
20857
5
7626
14048
79986
81755
22668
92236
99906
14173
85701
97222
16920
20525
29753
91407
69003
25499
61373
12309
60206
27261
11918
49640
40378
53634
72313
10318
2862
97296
19025
93125
31753
72858
9023
74152
48085
26474
58878
4468
5528
86752
26167
52360
64802
64679
34258
77496
40267
59420
51693
1094
57668
46638
91134
34116
16052
84572
50137
19394
69641
91082
66206
50611
90951
39389
35424
33644
61453
78961
77557
1481
14022
91872
75823
38113
95800
99818
28788
66083
97681
70385
46432
7373
18246
88167
73035
2157
69738
85051
65756
12742
41093
65865
18872
33619
85239
95099
64398
46285
86631
70272
64586
93179
24944
86906
5293
76560
35914
86258
2200
45565
48486
28602
65945
16212
43772
95296
31605
15252
97550
28577
22608
26223
91172
28932
11552
43713
47164
34552
28663
29222
225
98010
45328
34742
30561
51166
67726
9440
77416
78248
46924
71542
9353
67708
74880
37624
27728
12470
27912
32003
38062
73561
84522
6236
84692
87916
21050
52589
86056
38851
32701
13161
64491
6300
22842
45298
90836
94889
87580
48568
60069
62798
38019
47126
8757
58544
45881
34147
5048
51186
27519
56620
54805
25872
42430
74844
90770
41761
59609
83244
2707
73454
4541
73702
47038
25673
6978
28611
38091
87257
9916
80113
72051
42710
25398
30895
64197
38653
93476
34431
8338
82401
73773
2134
75180
65574
23996
48790
36914
79532
99194
23040
98784
76551
68642
65377
73220
5817
24164
39396
41974
70143
53143
73542
95907
82173
92050
95495
18890
75133
60309
96191
25188
94244
43377
76161
24221
94725
66783
61073
98276
24396
13266
65282
86861
81780
7874
93434
90612
34574
77872
15765
94253
5762
29422
19857
96249
33653
73747
70540
16852
87287
40265
55460
77059
6155
21346
54833
40080
1312
51954
61814
67068
13631
75845
72943
31283
60858
75520
55600
53773
4566
59621
60687
62418
45811
74201
50118
2563
5227
16792
17671
25864
17923
93348
9929
51208
89961
66611
61713
45305
39035
49657
90912
14724
32172
88950
94786
86800
43207
89070
75389
81293
5736
38963
5673
92203
17497
72363
95923
25912
20058
36203
1326
52269
90197
44650
648
14235
16153
78956
39691
92144
19400
23344
75544
22131
32431
8032
91393
85355
46125
38228
20221
49162
19956
52132
38314
87985
20191
60567
44935
80800
10851
59415
38119
28019
81218
57752
1842
59314
48417
43552
8588
6227
11237
15652
19234
68016
11652
62514
39796
35433
20216
98774
55904
46578
1266
36940
52287
78357
88357
36134
38782
72843
78094
53088
35989
32964
35332
26431
78011
13022
72093
40842
46615
98437
52835
29323
74349
87895
23163
96416
13547
72018
72275
62664
93110
43917
90341
60206
64659
78648
46609
27793
87890
44049
22544
44020
53084
1033
78914
87369
22177
54910
80079
17733
94011
26654
91848
74081
2250
38412
2872
98637
3419
13831
90627
96654
71126
95664
32649
31694
16862
97057
50297
25409
10364
54929
90101
33563
90555
82118
38924
8151
32718
49954
1088
14822
78251
14348
37277
45299
53814
30881
91432
95739
9652
46412
56519
86340
9272
86570
755
46534
69011
88462
18793
170
82236
66294
46583
63582
19720
45973
24962
76061
17682
15679
66851
85401
35882
67481
86958
56106
9521
95917
3282
18236
13191
13373
14307
9372
49288
52052
64486
29809
45823
39583
49033
61215
85485
70161
3341
27723
78330
52367
94735
91002
29254
41399
94703
82546
98135
44625
70648
88659
85525
95003
9997
4080
56723
45060
66605
7140
36949
83505
7222
80641
80377
78572
91740
19018
85745
55524
71718
2825
71171
25919
68599
48334
31976
12106
93790
38856
68929
31515
61462
34505
22836
47551
76723
60203
74246
36424
86670
87318
56685
91273
97861
80975
79928
40722
12975
22902
93826
99076
66644
32110
97214
3999
71970
62239
43872
84997
46592
60765
89728
90204
65148
76033
98916
15276
99922
8565
83947
11705
91784
33413
89136
8285
55089
33327
51442
67622
72986
78925
54400
39883
61712
96664
33577
41880
48032
65523
87989
64444
64675
36740
75740
66499
59731
75124
30804
62000
96148
39003
93839
83691
88441
83623
33357
68972
86845
15096
92733
11547
2687
73462
19140
15449
37935
99382
69678
65850
74339
18394
64251
49152
57897
43484
91734
71662
92598
17355
37170
63902
867
18510
84160
31282
84940
52655
65132
81898
4168
45827
46995
82957
47787
81398
54227
2148
61881
51160
96052
48089
67953
57906
62901
19467
58912
10937
1649
39080
40333
1056
50319
74284
38631
85109
82780
65614
77578
18783
32099
85953
27739
79643
40364
86282
57818
94136
92367
72341
34215
17251
52835
31635
66434
36329
85455
66850
6232
72884
43651
7270
81267
47187
60525
91326
65585
91275
34410
20696
55599
93073
75908
30113
3578
65634
65199
33359
11687
36318
25779
18862
66896
92836
82034
83594
99284
53366
73852
80683
14276
10535
98024
24802
91691
74929
57540
32845
8237
10740
77705
98742
33199
80002
43985
80070
79556
39892
36242
98994
35349
41361
52560
23214
23735
56999
63450
5604
59984
7365
5408
41003
25134
88499
55294
24673
92257
56283
77896
34739
52272
40948
19776
67521
88885
8598
30506
11000
33443
98849
21040
46054
73995
25743
91321
84602
74202
10031
47320
90741
5586
52109
29025
64015
55887
99004
6990
6072
29040
81675
99777
58030
70694
30575
63220
94002
1229
69236
87283
14896
90684
16694
20234
40270
79727
22712
54864
56529
73591
57799
53301
81333
16857
61179
44052
88857
41922
69779
36902
9240
28568
91167
32630
62052
33739
55294
90374
31836
49998
37856
86135
44876
72205
10543
41720
31957
74636
74068
73205
80155
18250
22078
83629
40481
22109
20160
93391
94894
43155
50887
6358
32723
57250
9597
44047
2339
68202
40180
20653
19288
27545
99947
90338
36937
82985
74574
8452
56502
77223
16524
82125
49943
42405
72867
16515
41648
80888
31694
5395
9749
24432
89246
56432
10249
92477
42260
31887
29292
52751
60137
97610
13308
2049
35017
99265
37631
48263
25902
23543
57031
81934
3319
50718
13611
25838
91001
56423
90941
5154
50738
46834
3118
74223
51805
53449
50280
50414
29999
38345
2283
8970
96975
49854
33614
12422
87904
1122
91461
53022
92371
36905
78524
11250
380
13436
45715
82268
50577
96700
94686
21755
5498
83942
98164
44871
25699
64824
79773
56809
74701
70937
368
60313
1062
58536
45327
25681
31464
39281
86477
1255
43999
3362
5089
51455
98495
25
14663
55752
67686
20902
10654
26374
79668
63274
91879
93881
2414
30613
62362
18635
20145
95202
4914
48990
34460
81729
30877
57840
58764
22669
57099
48039
60034
76555
57544
33327
1791
46241
82977
93104
95003
23530
19361
30302
62293
37385
79476
79070
81185
73085
52831
99159
14534
25739
20095
93873
22921
90865
86881
8910
78870
29808
99909
5860
5531
69440
14971
607
2286
92806
41974
23971
60512
3831
97260
7022
64656
54689
88590
48331
51302
91465
18239
2339
20181
40937
55391
93220
20545
43666
81653
48051
77764
76982
56880
98146
69114
71123
24580
65823
97205
69199
31960
85896
28752
35893
72377
44126
50056
59913
22366
49726
22181
14209
24574
76483
8260
32933
71013
21014
13165
31819
44764
72431
51942
97321
65206
91242
57178
57822
78282
31678
62093
25451
31733
93725
34278
73820
51965
18725
6992
39775
91863
81580
80390
28151
18794
78688
40434
83856
92747
23258
66572
19011
91953
99655
93377
90455
35780
30439
69320
85180
29787
40291
37477
68488
41761
99695
64645
58227
79160
98307
11589
2125
1593
23841
93314
25766
50288
30912
74373
41314
38173
61765
86584
29726
33693
35663
37355
60440
94867
63431
39080
87447
95417
99888
18478
11962
74620
80801
3348
46023
14731
61207
16866
6142
5588
8711
78765
44906
19000
40649
97146
45245
99174
80291
63824
59726
88785
93321
93932
61140
38489
28041
68473
6126
43298
84547
41927
22125
67879
56725
50497
51590
29268
58599
45446
70538
43451
17158
47830
63321
77673
65074
1560
51954
59901
10781
1381
15324
49573
65036
72326
63520
80680
54077
50580
7450
36650
94475
85086
89902
83522
66483
563
65618
17078
66221
353
83796
87595
41795
65091
76217
49468
88178
70477
95556
84213
12314
31780
30868
2679
68
91716
57910
81072
79353
58111
11375
43031
37551
82957
93258
35146
46456
73854
57181
91856
98095
64884
70086
92706
81252
48565
17058
15146
53975
79868
61636
52809
35546
53860
58693
97366
13677
80698
57276
65970
39535
90337
87161
68645
82868
86005
59932
70384
20859
33443
24872
87547
58932
37934
75575
39428
54795
83437
43948
95532
75662
77484
48213
88952
31226
36225
80243
24043
89102
73609
29653
29237
27411
36839
87429
59958
5213
82024
58005
8826
52771
19569
7610
65207
78545
92257
3690
35459
83661
17882
59348
71665
55531
10220
66068
61870
82086
61090
16987
5970
66014
1720
39986
87887
30044
31494
66233
57930
67026
30052
11719
68515
3417
28324
13645
7264
18540
67437
61219
27638
94331
15707
69574
63403
23045
37539
37946
66436
57681
66117
73835
51987
22042
4521
88564
76382
16674
5880
46256
1109
59229
5967
20072
40465
65414
23837
86730
60351
3310
11176
27568
29299
7586
60922
96382
34932
83973
40097
38244
82772
10207
54283
760
35832
13732
67019
28183
86143
59931
50287
81723
34602
43954
96439
64309
34045
82964
82140
60782
71205
14891
98668
64019
41777
79000
30149
95067
16133
92229
37814
44287
61593
39283
5810
88927
76238
89473
78275
82795
32652
80905
69838
1961
18753
4004
91267
6857
83115
77902
73147
57943
11576
88454
9502
33146
13697
40502
76396
89843
42292
53088
21582
53883
84479
75634
88178
77010
1249
53519
38057
70361
86590
41605
2746
54715
86145
62350
45524
32067
84907
60995
95565
25593
2500
68197
96648
48275
76173
15019
19705
66898
25931
11147
27483
18897
92141
58994
32344
27001
85090
43888
32664
43579
45990
63942
77903
31033
60290
58446
49192
23060
94172
47107
41468
96901
81784
20856
93220
16786
77177
24666
29470
72207
70194
46457
60675
93707
55709
13285
91801
71083
80527
32716
58075
86570
95426
12160
32391
94831
28801
99993
66837
51362
64418
6411
72367
83018
53127
31806
24652
78897
34598
75564
44625
91091
59371
87119
46012
17840
3068
86532
38902
6765
83132
94609
46653
98765
31967
48051
95613
61049
82129
55738
6469
78765
89535
3306
26458
9617
79914
85050
25769
8865
74019
28642
49920
43560
87749
91627
72541
78023
8219
46210
69413
14326
81800
2575
4573
39652
29591
49885
64273
57727
9643
62418
15998
25343
19113
13780
20331
89811
40637
61999
69782
6489
95787
17118
80606
60886
32117
28476
20863
23593
92623
55957
54361
59451
66760
5319
40259
1667
1619
32624
13723
77612
16220
16051
51344
15079
9554
77370
42423
36020
89806
34400
94898
89528
35707
67904
53026
37928
538
43896
44430
97518
76171
36875
87752
25789
7153
10487
51308
27350
72784
42410
73903
76599
93665
90332
50677
68729
51015
81561
94535
75199
43055
95671
81236
454
5753
4273
14584
5778
75518
22983
77682
11976
5974
2519
19402
51659
39518
36877
72332
37773
41247
30644
14210
95064
82893
93890
34849
77994
75342
6428
5266
60080
82350
69863
51118
48309
19447
85720
41893
70331
21073
35100
81783
54239
29948
88304
82805
7786
36599
73335
42153
97615
64940
35502
77788
42785
68437
74187
65955
75371
3455
13425
31508
5092
2794
64479
12167
59480
12778
31324
23330
10839
66240
59741
4554
41172
39294
81467
87226
32784
19366
92538
95295
97261
55551
37917
80030
12755
90706
1750
98571
74621
43270
13265
52171
50292
7037
87682
13913
37496
74690
64077
12008
22215
72761
26938
17128
45569
80493
94224
77568
25664
3975
72812
20524
61675
99867
23379
17265
55237
85126
42232
44539
59700
57892
16788
41649
43716
68470
15911
34625
86675
1448
55569
17864
20342
52680
22483
65510
35280
61
58973
84200
44229
17921
56331
76096
51437
96725
16361
43761
42515
39170
61042
16213
41114
97940
94064
29567
48451
78739
62591
72833
37514
73058
9935
380
62482
87440
95687
95590
99385
64677
51419
81074
76567
34247
6418
24035
52623
81443
55987
27199
20673
21035
82575
88595
5409
21457
69152
20005
3490
61337
51344
2237
50061
39007
26111
14680
891
73538
47699
16039
16054
90257
26544
99715
35239
55364
40847
15691
6932
28243
94900
38872
51111
26897
81872
17602
90651
80597
41763
19674
24480
89398
30724
21811
46307
20786
65029
87797
36452
77416
51015
90315
22809
35645
86138
22889
52896
38581
35928
76945
1851
99767
25221
35181
28778
90360
96346
16733
15023
86107
89818
11196
2475
10922
73540
82808
59687
98602
77910
67563
53696
75379
58712
22680
72256
86463
36727
93274
60549
83513
17648
40264
22751
31008
61024
68643
70591
86153
83053
32778
12184
10667
50740
63052
4331
74577
79816
77924
41622
25326
16178
3296
97329
548
26483
88511
82842
47489
83856
52953
33949
41884
62484
4635
37146
93058
60031
9554
36311
66864
12668
79021
7867
9754
35745
81507
32230
54728
69961
63360
7393
49983
79342
20571
8821
19247
6712
42525
28342
79914
56724
66876
62492
89262
51172
89336
35021
96349
37862
42902
98826
74217
36973
22955
39960
4679
6798
64768
59757
50836
44377
83171
39518
61034
58166
92379
17263
8640
10873
31550
92980
85616
73708
55963
98431
82895
32464
54598
24512
91698
76649
20100
85939
89488
89610
83343
49383
84296
91156
85124
44249
38204
54852
75226
44528
64291
17964
21128
73418
14589
69285
2530
57921
31089
59394
9627
30006
22767
3110
16526
11255
67250
64877
43470
30865
75919
20348
6146
65186
19629
49444
97735
16946
10448
14470
13650
61653
5798
14899
20918
98367
9920
18003
88460
67206
17186
84048
56430
32745
4734
63381
64150
19032
4028
81899
50255
66238
70558
84042
80000
86587
32212
15528
20921
20534
17736
57099
672
26006
13224
45673
96692
80629
90990
11793
50743
96121
73500
6098
86124
12769
96275
59907
26864
54824
31454
57580
72440
14940
42794
92352
29907
1959
75926
50331
15191
18133
24413
23248
38356
31138
50344
75717
52322
36671
86484
5018
12043
30078
67056
53518
66852
39229
93858
41336
24648
55756
74157
85301
37551
75796
97822
43098
9462
11686
94453
1567
7467
90846
94396
59865
94766
94203
79281
61812
13771
79408
48467
24254
57750
25268
6886
27905
5960
4222
50232
42812
28005
15867
76963
92280
34393
49477
2219
76421
83054
88664
61718
62170
10773
69431
4388
79866
71050
47687
74461
39882
66533
65579
76668
5672
23871
84253
97889
62908
17015
17681
92705
99874
9310
20709
46932
72721
51002
42110
99639
35884
2286
85255
29057
85294
96738
50832
8013
40701
52096
5936
86939
13186
64634
92396
70137
9731
44583
44751
25878
60830
79064
10358
65745
67417
28117
86139
78852
83856
70428
68027
7328
33633
24832
88451
7736
74014
92826
77727
77013
49872
92784
62870
92617
15142
22040
62688
41571
66764
38850
72351
5698
32173
82000
29489
33283
64001
3978
51258
57721
22235
67336
37212
11271
87087
98000
32927
61355
56552
24845
18172
88831
4093
40685
25857
16644
99060
82915
60715
73412
87443
43802
51585
95671
13235
41258
52587
71171
41170
61783
41598
45880
92761
17759
31145
45191
48555
8433
71903
91101
63682
19774
45521
30438
38564
72325
22283
47467
19221
75099
17494
31699
84804
27363
77836
28539
64386
88943
43061
1276
54038
11051
84532
51589
95576
33074
77760
40873
80171
6898
20460
80363
86987
39730
44475
85152
54157
41856
83545
42764
56108
81941
34529
40907
69690
25893
58628
11273
42919
57307
37153
41510
10009
7707
23388
40657
11059
59209
19933
48956
61327
34086
28465
85346
