99674
12166
98612
81325
49696
78696
2941
73503
11363
30633
86814
55124
67912
33509
90638
44131
63591
5571
789
88464
71875
18283
83866
48784
93462
52243
17457
67093
90634
71562
63463
82373
36163
83434
73563
33576
1892
52482
79793
23111
81484
57395
81665
7997
26669
33935
29791
79383
92310
37786
42753
25054
35815
64706
25239
95633
33031
15930
21025
35534
76403
83936
12670
81582
17526
59466
782
55284
38861
31025
16184
31463
84271
56089
59625
24770
43312
72379
60060
16156
16818
45420
23980
15642
57025
30648
72327
59153
15113
70925
16230
15729
50311
10581
36400
67922
59835
38746
44447
62909
23036
52238
190
19663
4690
59469
75048
68323
44777
57171
65675
91045
50171
5153
55543
86171
47327
14663
90870
25469
92709
63517
73366
58442
54454
59216
3884
20949
47375
36106
16283
58524
21702
35103
84171
26344
73113
33486
60270
95406
91608
93147
84267
17785
78450
8968
47323
94695
49720
95087
24581
33053
70567
71620
52196
65613
44167
38034
65323
16815
88023
30271
66785
34792
97318
27774
36104
53486
94868
52375
72485
18680
64395
44641
70033
41880
70649
89240
21495
80263
22750
76091
58957
17950
42363
29528
53011
83696
71594
66261
15678
64592
50168
1038
27738
39738
21273
28573
30159
63988
95831
64049
89771
95149
23924
24766
60947
8357
68182
18167
86600
7678
50826
36761
49426
64812
64477
88502
82660
87371
91681
19818
90133
4447
10597
82529
30344
4218
45561
12482
1290
35699
97590
2962
27648
88646
55037
98950
42392
56018
9473
53446
49956
47234
38939
11859
46340
21927
60068
54202
88619
83779
70936
26013
75072
83749
8602
32340
24478
32832
2805
13396
2022
30219
77601
46811
43431
26729
7188
64862
8654
83638
80830
88337
75296
95292
88226
14582
59633
55628
85112
95241
55806
53641
11333
49931
43293
34981
61012
64942
64231
40388
46995
30207
75651
86152
29864
85091
5630
57573
55089
25237
2749
86830
3008
82792
76428
64090
16653
61840
89856
1081
93426
93039
10903
32824
61152
10669
51839
41165
38994
42290
3165
15563
29541
55780
36242
98396
43965
90310
7412
51781
80302
91793
41300
44303
61652
4761
97247
40908
18537
11350
99005
58981
55903
83828
42196
20714
39345
25358
87969
29151
84512
24548
90081
98312
1484
10860
57547
90224
20210
10629
5788
64174
643
59326
96200
7643
80391
72226
67302
45213
23845
74382
97739
56192
42539
627
81654
52475
60284
85195
29929
43658
7131
75084
78242
27073
66882
96254
80909
38874
3210
51352
39890
42319
68518
26137
5155
84493
85934
54569
62280
63500
63607
45553
23372
95504
47284
94847
71238
53834
36890
98222
73879
36007
95704
61780
92384
12655
89335
3751
92277
20844
34022
71243
50601
77321
96048
36508
89225
41312
73079
22296
60853
70023
32803
59096
73954
38643
94475
76197
23168
92122
4027
84341
89332
9378
16921
21828
95633
89853
84443
49530
52225
98884
96575
64182
80012
26119
12892
88964
80739
35590
8592
59685
11283
72652
38054
14407
2656
91822
80912
69966
61484
15405
22789
42674
55011
91662
16599
90384
1272
13661
21225
49648
27432
2815
29861
55849
14649
80461
67920
88629
59859
77390
4990
72285
43245
24749
18060
43873
78817
70462
13975
48600
87671
20174
36542
87160
60137
29778
6674
32635
59617
95655
81770
69683
25542
4420
65506
55748
11212
33914
87212
35459
2185
86516
99713
75799
62117
17571
7985
54123
90511
96131
39291
15766
6711
84120
41277
14901
62524
4282
1411
79119
60465
78605
24011
92188
80625
71684
42969
71977
63757
19575
67080
30186
30172
80092
20115
67296
87614
36197
80137
28392
79206
9795
1306
95257
19442
13614
14520
36494
4455
18797
60413
4868
6446
33928
67738
25198
33816
29666
25664
27393
80087
99987
68130
90234
25264
90904
61375
5005
90101
18884
76719
90999
4533
13569
31745
62084
48570
98432
29905
43796
68826
93634
33139
20866
62171
61400
85096
92666
54204
2704
24580
83418
68157
82773
49052
17248
5029
53955
36753
84147
56035
65744
21050
59053
13428
36906
938
16841
61385
59105
13071
57768
25194
42350
40634
28016
5777
34304
61644
13733
44524
3429
96354
37518
11360
52355
46361
28682
41368
77121
4284
25137
71015
72676
19043
80551
5263
94400
52039
8523
4775
94807
82762
88859
54988
35647
48968
2477
24457
74230
32563
7780
29790
11951
86813
4277
32749
3663
19951
58328
94213
12773
77475
71885
62206
59278
83050
12204
86382
4757
73063
30285
43353
82614
37292
45799
80010
54338
77021
51216
43265
31245
18317
94111
77037
37074
38372
26103
88705
53206
253
42480
44447
73833
81614
6388
46184
24713
20498
39204
98339
78113
52437
21818
59690
76031
97744
17879
97342
69364
51220
80501
50492
17252
64694
57858
36693
76401
28936
95796
64990
19955
89742
61011
75233
4207
33989
42708
62774
34041
99730
91475
33390
55317
86944
89648
80962
46205
21268
87719
1181
74258
90155
99063
40881
63741
19568
34791
14
60533
952
22413
57209
32733
43695
67164
85834
81346
29107
80589
32401
66959
6904
68041
20889
90296
75202
28514
88529
14031
50649
24898
42716
85458
44434
84792
21803
99520
64652
59340
68737
3907
13338
37090
11165
34471
66155
85403
21628
75041
63954
15858
7338
80701
41470
85903
39024
34215
16474
1727
19577
34380
35841
96329
60927
53691
4628
61990
81449
99661
32744
78673
15942
74930
46206
2462
85480
77388
11979
71696
90029
26234
50230
11454
9954
56572
4862
80168
56521
56212
24453
43688
4623
4085
43287
86324
78775
73983
44822
54342
56046
87587
46373
30372
56308
36307
67881
68272
56230
86876
46781
18936
24386
97787
74366
72444
54789
9298
70434
5200
74162
64343
13336
13984
23460
80940
48584
72353
41618
1776
4196
56408
78269
76630
20686
89734
91930
6627
7832
87636
78162
74463
62210
73736
67438
1434
70766
11966
46220
5211
49797
71123
45877
47359
629
78818
83530
45088
41769
1186
52671
78862
23749
98346
57599
26219
68515
44546
300
54828
12430
9947
35071
9834
98806
75523
90665
82980
85137
57046
50671
8792
20245
65459
43468
62520
9178
49138
84808
3020
44952
47136
57020
70262
10222
63469
97050
46105
82777
35274
45536
3628
40092
35035
76877
38181
71088
46934
34475
78983
4235
22212
38510
81277
30311
33121
99114
22545
57485
16794
98108
65164
6962
99170
82297
39685
47361
23767
87112
52076
35566
88966
52370
27718
80719
17502
4322
68638
89055
59477
28334
7839
29963
374
29229
92251
44916
62215
19923
10161
52735
94914
10648
2054
59870
45948
54548
80059
83012
68834
11178
16074
70548
27434
47943
61025
35841
70698
42688
48083
22749
71154
36614
17807
66446
15441
57707
95687
70531
11084
26105
28846
88607
14673
3863
69723
78220
82859
3415
90735
32652
23064
39528
83546
75084
40393
96401
39801
58214
51186
99047
79669
15307
39360
94175
3269
42721
22219
54964
72263
24799
48950
27404
81401
8890
20979
11959
48756
39674
38827
44182
12314
14393
25670
3396
73415
24291
11145
47549
41053
34712
52515
73062
81885
5288
23343
37549
17950
95667
58855
94102
85909
2996
41730
59216
40897
83345
30373
37446
61978
36647
67692
18536
63335
75246
72181
49749
1632
45523
18596
14667
63467
43453
26334
59668
5667
44968
74947
36235
1465
53477
14414
36118
74131
88520
48292
17468
83923
61542
38866
30066
70620
94154
49225
79538
50587
13523
27070
20551
55080
80212
18372
75696
75319
99959
37334
8330
77271
1435
55458
93343
6720
86249
72578
90573
43262
18435
56289
95554
56141
33386
82180
68458
39202
96454
88738
11247
92281
55983
38926
58882
82235
4178
16087
39673
42927
70379
452
88096
36179
71092
66870
71503
12898
7726
93007
7606
47493
33204
72222
99092
3543
57293
63514
19147
80817
31500
38199
23359
33409
29215
75028
41444
6455
73138
45376
6948
13250
58648
16607
14714
46172
55760
44729
57681
91086
45236
84486
28048
79296
80647
26533
96238
25097
15391
86124
23631
46762
90120
66349
7157
72100
60663
68113
55227
27941
86264
4925
26410
11504
25534
76803
94576
81901
21558
32764
84738
86229
76830
10617
79453
51147
64539
64420
71749
95660
98899
96771
9840
90579
86188
12313
96171
89710
73369
74630
85471
72278
48869
21266
31602
71698
44214
72956
39588
49515
3149
14266
25369
27907
46192
18784
53908
58772
82662
94422
64676
39242
337
23063
18242
78463
49591
67531
64089
54234
84748
20432
38807
95414
3609
10031
29347
61225
17665
86814
33077
10328
49495
76069
52162
63498
71031
19110
39902
38077
85731
88146
47486
26833
89620
23112
78166
94861
94390
41968
89166
81578
63583
63863
65172
75020
94363
88902
15723
79867
4190
87737
80115
68075
73931
84147
9001
76898
32920
47204
16790
52006
23513
16544
86002
42947
28560
37815
26046
92057
2580
46324
40144
30717
16590
24398
81034
42085
51007
65421
91043
76061
94134
48904
29716
70783
95328
17497
45128
70807
19737
4960
8004
1381
76740
54038
94813
55930
87083
72234
33071
70332
77507
97386
50153
12026
13020
20886
97064
35463
1592
132
43955
42251
68123
20882
47669
13628
77162
56810
80930
44708
12526
13405
84402
29888
22771
42210
28921
25700
66119
18139
19317
37549
10218
96073
26674
74453
88850
64523
81807
34666
93537
10395
8964
79160
79927
16343
28357
2286
76883
51608
52904
53412
83692
98085
94278
26751
74996
63381
3973
28493
45373
57176
20468
59910
79450
99182
27300
62077
91556
52010
49946
11226
60454
74834
77186
21930
55169
25552
27228
39809
84208
2554
96177
82457
13396
11741
19619
95957
10471
45547
13890
3849
24835
48214
37128
28507
8642
81317
23102
95794
14806
99026
73023
89329
10682
60761
18220
36647
37854
68003
67634
39445
18443
30028
14179
41512
68703
66563
75973
3762
82714
55792
26662
93603
78258
27071
69018
96998
18885
28889
37394
11757
16994
74076
85430
87908
40420
53185
61200
24026
71010
2201
7207
15457
63722
21632
9570
95103
13025
5369
97984
16798
81084
26526
8819
26505
8219
49808
55011
80218
29803
33246
15242
50605
20557
96211
49017
16080
33009
45794
71283
51369
73289
14468
46114
51164
64550
8498
38150
62006
69664
67172
32250
49459
3357
46567
99039
14700
69922
96297
9235
55714
15641
6218
36691
42563
17734
81785
16683
90230
2163
84728
28903
34597
73740
31315
72539
80721
4359
17698
14921
13031
46653
93030
68383
8537
70215
79010
57539
40781
96804
7210
10928
60027
11336
70534
70245
29469
41474
89052
53970
39985
92358
53195
27503
58070
30651
48413
5388
22631
55072
15419
16142
21446
67578
42847
35728
81041
69948
37083
78471
94373
12897
59093
59107
6793
28466
87513
61722
52185
37529
75303
3427
13885
8656
15309
91716
80609
62611
98463
43993
73820
61343
38367
94869
82622
55658
38627
49159
8416
55290
58071
69709
2528
80382
23103
93743
37383
47362
4262
59483
51941
42890
95088
40312
75339
43320
42189
17963
59640
3734
72253
11234
7125
9434
78046
89873
90076
58097
39009
11368
29274
66028
5668
91288
37298
39588
39939
58303
72626
44647
40116
94594
99213
8653
36928
19110
64906
59030
7194
24831
80239
23571
7712
97628
96642
21953
79229
59046
87387
37802
21192
86028
13697
86587
88646
35580
37651
4876
47204
29933
22526
91857
75416
95003
3724
88627
11828
18696
92866
76741
83665
84683
57424
13023
49656
36405
82412
35863
4975
15461
68960
81246
68790
51322
82065
53634
9725
35001
54697
95526
70144
26260
15083
59367
71419
2395
42894
71404
89677
49369
13454
69108
47101
47772
70427
46021
7858
74991
54171
96903
43301
76897
56132
85853
34476
73992
71109
46157
44756
75609
39392
91912
22372
3763
96493
81588
95692
70911
97448
48621
16867
20579
10570
88646
49093
66783
19924
30843
8248
62843
87858
22489
34143
80913
44534
92876
11854
5886
19246
894
15039
18202
23583
79482
12965
6537
52242
90192
12400
38520
21012
10887
26527
86405
6192
19395
59022
11261
32568
9544
87930
56312
46959
58959
12125
10808
52923
44527
27287
63914
9087
69938
28664
37684
40846
54280
53876
61159
59166
35761
67677
77105
78141
18830
8230
10131
39162
57715
25171
41443
97874
36746
3787
53289
17815
48908
62174
92768
66289
22920
42657
42071
77959
83254
98755
92954
63590
43525
46950
68391
32401
40472
49494
7462
76612
47806
98155
7168
45792
2744
22564
79753
53095
80853
31350
30398
92859
5947
76771
63696
73259
26065
92999
27340
51816
8736
18571
57304
21883
89817
44846
13510
27066
5990
54639
91006
21094
450
53091
83115
98883
99231
60265
73013
49731
59116
55495
7494
41841
56372
49228
51910
15763
6363
78156
34378
9625
82312
43369
72192
67371
28871
95897
33757
64041
96032
66228
32083
72000
13098
32804
69148
87697
82150
91054
43126
45372
20631
78670
6904
54646
84322
44902
50211
83836
94056
7222
22368
95752
63598
43471
62879
98302
94751
8274
78675
45507
1784
99946
92500
83896
41217
69231
94581
21317
12848
7495
65803
66909
19779
14399
15831
597
3196
4529
62992
59453
13843
64066
45646
63620
22569
19904
69091
95473
25920
11289
9994
74460
49169
44944
87059
3610
1507
73582
70672
57448
76189
49550
7578
53486
66150
78882
1352
13659
96806
57580
57441
79795
15956
86196
55468
30819
72887
59963
36437
21074
16251
35222
95195
2444
40339
65276
68708
39676
21688
70273
99383
76304
50462
96071
46552
78006
27427
6579
55036
18687
73701
66794
15297
88653
90575
75145
65862
49292
69292
27644
59884
53249
12399
90201
77800
46778
3189
6102
27001
10772
8308
3010
41382
87990
32562
6373
42803
10023
66363
708
61197
50649
74310
43286
81226
72706
85851
88539
3500
67746
17673
51903
66759
10262
18428
87950
84518
29739
65051
8490
66764
98452
35624
42570
62181
14808
36229
42092
50571
92737
66618
76677
50857
22491
58349
11879
51373
74117
40285
76895
37493
57456
76615
83514
49480
12832
17362
86446
96251
82412
71068
41581
76278
71648
20318
74327
76841
32434
52706
36405
17851
96665
12045
76322
95136
92575
4496
28012
95069
14891
91577
78551
72428
40132
52871
41913
57880
70341
92377
91086
59047
29846
33854
71879
83225
38468
27106
98141
79109
68974
66387
53344
85706
15471
56273
64988
92717
23245
76995
90858
72139
22908
39736
49913
95457
14468
30556
35170
23714
78362
31870
64413
5688
92557
76956
70753
85118
25598
30048
20652
65460
84142
58618
92140
36074
61126
95946
68863
21278
12948
81836
88352
51875
17973
61908
63429
54550
38925
82669
77699
40931
85682
85556
42807
38498
86996
53883
90603
91960
75451
90466
25229
81799
59724
11475
31759
6242
84189
2731
50214
95838
5506
56413
21860
38524
70513
23663
4264
66760
54181
86980
45676
18498
33541
91989
90173
15194
55925
56139
64870
90591
39606
5648
89286
2350
5575
96198
35861
39666
94143
21170
67708
22039
12561
62466
93327
21455
9286
76864
58477
2960
71556
2236
89625
45779
53033
55818
36776
50420
5847
38634
47349
37891
45052
69849
27352
42725
15406
23498
22509
51643
72463
75793
89800
2908
97518
61881
90392
2565
54051
15672
22832
47066
75788
2549
19609
14976
56248
88097
66564
35241
36665
70012
73067
52957
91082
61867
33489
27124
52048
20169
57101
23325
30484
29154
52877
55429
95807
47756
35819
93900
90743
80115
9177
28109
16854
60549
86249
16524
38758
92046
8043
33308
49740
86838
13945
53325
63985
53593
64609
14033
41133
90205
2002
51445
54391
88878
20245
14091
139
53515
83284
28324
98443
8155
10122
3017
37773
50333
22939
46751
42023
87669
76038
25055
51818
16087
96472
64791
489
18253
71574
35948
79331
76269
85714
9014
15086
27665
39858
78186
3340
884
21728
8388
25538
14173
85726
76599
7913
3325
47717
31886
96595
79572
44674
45286
94631
30854
39533
27057
69553
50936
11884
60914
70687
1459
34774
24482
34155
94518
29149
13741
31429
32863
70868
97820
29809
66607
981
77537
30985
57712
18293
93776
4100
95090
77213
40767
52298
36789
83288
94999
6054
16748
97651
90451
6551
79295
2053
23450
5855
678
3777
37871
39606
53790
56622
2
19166
39679
45888
78646
78523
2138
16600
15312
75254
73173
92607
41978
57554
70710
96159
78116
58647
39682
46433
66068
68914
69805
23625
8787
64190
60787
77856
77852
45775
72500
6492
89963
34420
36887
43698
46885
51307
47862
29769
22565
49024
91716
62594
63574
85260
43292
16637
39862
58960
1004
62145
72717
29188
71024
1185
83043
66758
67984
4295
15595
13183
86994
72157
42806
41864
25542
42728
49488
16348
93295
15565
19980
35516
13045
10492
43570
47734
71643
25670
99119
79759
62640
33638
83348
24249
40716
57371
96394
57398
92629
12676
20846
68413
73829
68429
90688
66806
32837
38843
4091
67130
82046
48746
9501
99593
96594
26425
4768
874
48964
31167
35606
82033
98331
29682
86661
83494
88858
27605
84317
39522
96143
65883
56226
13082
73699
97111
9820
52836
73185
21107
74338
2338
14582
48347
29158
40984
23402
34841
87231
18148
94923
42781
83040
51288
58050
37412
80853
43628
2333
76332
33189
52662
67951
20532
50355
37919
919
10725
76602
53206
14665
54513
73
80963
43023
49660
27905
34952
66727
99770
27750
50253
37305
26252
18100
91377
70295
24356
84270
32432
91717
62247
67401
93727
84028
61259
19489
97170
21149
56466
72124
67599
10139
28698
56091
9833
34104
81030
42203
88347
90442
37550
32772
88607
48752
48046
13629
64526
67893
97750
65453
46300
23836
26100
71806
89404
73524
73727
86827
42722
49193
62288
51774
11411
58267
39141
32383
55203
75063
88686
65073
41629
76058
96211
31384
51272
41613
52602
19171
31504
94480
53369
66501
33720
73399
87234
45250
59144
20931
73143
78291
50870
51756
31221
3702
46093
56153
82872
188
12211
8462
26901
80886
59790
60971
80870
4910
86000
65320
85538
60676
73187
90136
48879
65527
20090
84071
94503
27967
45966
37809
39905
20228
78247
69069
4776
12780
80746
32882
58986
49134
68310
74319
10926
65816
24141
12914
93487
23828
95534
17704
15447
40924
31360
71774
19625
70049
91159
20919
11484
53492
64360
34307
4751
65826
54815
19921
13079
58355
46961
90612
29711
9782
75281
86289
91291
2235
52850
21945
30880
26862
27235
8433
28221
40062
16075
12547
74925
45931
85169
49129
44195
92940
77939
48560
35940
74490
97782
42713
27421
18829
59054
31517
15281
38608
76117
79606
16793
1965
54595
42649
49670
50135
79165
95098
88919
19717
7403
5314
49914
12964
13180
95504
30749
47151
72442
69724
34220
72044
73814
27505
17370
76635
18828
3912
34352
80178
28383
333
49813
45055
85134
25566
38095
47286
77654
66697
42314
18607
75571
26920
26368
43009
65105
969
4473
49130
11907
4268
51188
51343
5802
27758
20127
8526
28118
63942
99438
87661
87619
11466
67841
9439
31287
32037
64281
5073
16008
8278
3101
10649
35328
85853
67577
62336
49753
77744
24006
91347
771
46342
8311
52499
7294
45533
45485
76843
93947
12787
21408
58343
26992
23494
71268
17556
57837
92332
85186
65392
93897
56889
83922
44991
46604
73346
89862
4471
86948
16394
18204
84512
34820
29912
94956
75023
10834
24974
40328
37789
25326
75506
90928
35542
99755
3449
47429
67593
88127
52084
98972
74443
70381
81795
86075
33947
72762
69445
84763
91581
66502
1049
83767
26921
6862
44088
63645
6928
45267
19098
26226
86088
21862
32768
41461
29928
82095
58861
13082
88701
20519
26236
63553
96848
34184
23416
49638
46807
66234
23812
27081
83434
74445
67261
71361
85870
1354
69440
20236
56836
44601
46534
6121
90987
68068
60232
26808
52212
55313
35013
23774
55734
26124
67525
50670
55951
45190
78229
87023
3575
19677
25387
94384
85321
93759
87238
50291
46155
25024
11575
49853
10436
45618
12310
50425
86892
53075
6978
69698
92249
72274
75268
731
10432
58447
42989
70491
73473
27145
46061
83417
11739
59853
62965
55889
1345
22709
79646
37244
19866
35919
31181
27401
76901
12207
95205
76301
83578
78655
71141
29067
13147
74794
27707
9775
84469
89892
7618
46869
44956
8743
56565
83309
36281
47476
95234
80634
44260
74273
51794
50795
57602
38775
89285
47425
21014
96791
62955
99193
73239
1689
1888
55822
42331
81425
43441
3493
73841
22375
28664
11285
43844
66822
34636
64319
67188
32025
85981
49413
77237
40575
83415
81304
7372
27416
24200
31573
45599
13264
14665
95319
65
69670
46285
79818
64937
47907
54433
88319
86689
13642
25172
82342
40386
48235
48187
60158
46433
76223
81172
1255
97208
43650
92128
50234
77097
6469
83602
79247
16818
28423
22680
58932
76510
82191
88948
78070
59536
19833
62595
69153
37072
67635
74808
9665
43824
96398
94995
23318
22559
99633
3534
87993
26982
78329
62218
40375
82962
56868
44616
25833
68925
97957
62404
30990
68415
49198
69666
58271
32139
5978
70368
66229
44948
33318
91070
87016
21563
65415
90021
26053
14160
38071
69615
61807
68070
9198
62190
14090
72361
25248
14959
74207
72108
1210
3829
1574
99935
96313
96360
33440
34285
28644
28869
56482
68373
97610
52525
2932
13485
16666
36685
89809
9439
94061
94366
18234
39887
15472
78544
32455
21359
21766
25522
25245
14372
56245
98453
16879
4133
86443
50103
1579
56113
94870
17140
2870
9830
34065
76418
97474
50541
34158
7986
38981
88688
33794
92754
49515
60354
38163
41728
12356
59347
1210
12718
94645
92330
67286
25193
49188
75009
80587
16690
8816
67436
87486
14112
90574
69039
52837
58963
7146
34130
10465
96418
35205
47431
32397
52540
19190
95230
52704
40481
15232
79992
68169
96702
35091
96345
20550
53146
64498
78243
60666
73787
51493
59590
38873
499
73536
85580
42652
80988
60436
16328
43417
4329
20768
5214
57466
66550
21806
60207
19566
10113
63106
92223
28365
23766
45585
69454
88819
43162
95618
13801
93440
73820
19987
82250
5868
15209
46977
36654
38299
34403
73638
46655
70282
37495
60167
29558
74584
98384
94181
82867
64632
1741
96618
78918
95273
61342
8243
93145
44149
22710
72646
16276
51995
14776
35956
65835
80592
49238
34048
76402
68111
52067
94582
19001
21242
35323
16725
28101
67406
34229
66182
56717
87388
22941
34555
39949
39633
75715
23065
3545
49895
85649
36572
69993
51892
26419
4059
24505
12108
93650
50330
1830
25315
25201
2664
97837
76829
85176
51338
27691
77741
91033
67032
84350
21865
54494
22729
22613
55067
90579
20636
51987
49759
72798
11414
43395
69709
99029
97627
95659
32469
40807
48199
8028
71929
91021
92021
24130
35171
2592
2335
94188
11042
70757
70329
90329
93277
20289
97665
7368
76053
96150
1672
39220
73626
83430
64287
42275
84050
94571
46598
97237
76271
61872
28107
97244
90175
29434
88854
52308
40344
27467
77360
41078
61077
52602
92678
90087
74896
72883
37474
71784
86431
9087
24891
14249
26348
95574
34898
82141
33890
68792
23835
39547
74265
71145
23969
28229
56974
76665
17333
32750
76334
32310
55543
18557
18704
94793
60517
61492
29362
37733
27300
55517
33080
22301
34299
82177
88473
95449
56900
68696
61404
48554
63544
6403
63788
34917
81634
1277
199
40754
23300
27914
37976
8964
59139
53132
4448
2289
81091
53656
75317
71251
59964
55796
50805
45929
3885
40613
57196
24596
61299
44702
1316
70936
81045
65484
47637
53327
67323
42266
12953
68616
91153
40436
54672
78229
64204
19219
36477
52870
65737
52488
9917
88
13966
24358
34245
80673
21361
45870
57603
21386
93560
90450
72686
92945
53947
33588
28805
24352
24810
82096
89528
19379
47104
84696
58915
82240
94082
55565
51108
33528
66043
34100
8559
23247
20958
98738
87231
79120
44236
39831
87518
50652
93929
74540
88527
75571
56493
37973
66364
94966
36098
17432
72864
23930
44450
15351
95417
48992
26102
82224
55424
90746
8892
24819
88418
70662
65983
42622
23133
34150
82341
8945
77021
69725
44293
27531
43391
44836
97765
72710
89772
28819
95417
8925
53133
34376
26421
78072
8495
26474
17945
47636
35946
53874
44515
14893
80253
92952
67850
82651
31522
44636
33990
90447
2145
15194
60829
29487
28342
81812
84952
82125
57318
19326
82940
16469
39011
987
97031
19350
13880
22042
3531
6163
36406
30665
38192
87812
2080
33260
41261
84910
52144
9732
70522
41165
61690
57457
72872
86320
61886
94183
11586
86460
1459
62115
14424
70007
82378
94240
98188
5687
78254
71216
12282
84072
68946
7571
53131
16303
16692
79901
92847
14638
136
99040
34395
87197
18536
47831
80201
52853
46465
77088
92427
47063
99707
43804
58864
64076
37471
37203
47672
18924
17307
70156
16631
66130
18954
8914
29332
59076
43969
15129
45067
99533
30116
34134
38988
9421
19220
71022
45113
94880
52299
51424
52776
77255
31325
60762
37406
62276
49498
63198
76637
86037
51212
60241
56983
9065
37683
13331
96690
34933
28068
76833
86326
24427
42074
39087
13970
13836
66747
76406
62238
92756
6470
55823
78940
2651
10309
59590
78944
95231
7789
46180
5052
77552
20351
38573
56805
61753
72155
19972
80334
94768
9459
79447
38020
43929
5987
93383
64047
37005
30448
11809
27669
24066
28859
51668
47651
36517
12416
60334
58444
57841
91726
654
83218
67280
34824
6931
40421
60505
44288
72260
68970
49745
69879
16810
18711
74026
13825
47142
32086
21588
50964
36322
55442
77205
38461
5150
27369
90045
1470
34227
8644
49203
83275
52687
1682
66576
81596
47525
39173
85482
29456
45377
62451
82750
37321
47156
25542
50094
28733
60649
21105
80953
73990
816
82068
66445
28177
66056
92032
57847
76569
32706
76837
78678
25920
91654
78987
80592
33672
88703
93376
87313
50975
97627
63246
16154
94162
68063
89555
83672
35383
29509
20435
23131
13474
89722
91243
34237
67994
10698
57309
99549
40768
99411
11419
93830
19369
81066
4228
66220
6703
94172
50843
71855
8870
15499
35114
71939
3623
21758
58851
95841
91938
74441
31927
63596
40852
62208
649
61749
74695
22750
83650
17802
70334
93674
13963
37060
73208
10890
95830
85193
27163
42351
66777
18612
13674
24496
90664
5936
81760
86187
56506
35411
59708
23506
62500
2780
77611
67657
39841
91000
81656
77828
58466
62748
94776
78038
74717
60295
27460
84456
28398
33672
55166
5976
46082
55459
28381
23557
32241
58402
30549
94879
71981
92674
88077
9849
82924
97557
50556
71511
86126
16763
50955
69089
16569
18032
94683
81985
41779
54914
9784
91857
76485
2566
92577
54347
5672
4591
13426
85602
4051
93228
13516
72371
23422
47588
85539
73749
5381
19655
24335
6818
1869
90614
72032
28478
21115
75979
97991
81689
9241
65466
64072
5860
25916
77738
93099
62389
17152
37981
51189
12223
93618
28381
30814
10588
7205
67156
32720
59729
74716
62393
18248
92320
2989
33430
25228
763
98360
9737
323
45355
39701
47155
5689
35706
93204
19509
85298
867
82420
97181
84070
8733
20222
30117
61160
7995
72574
5012
5179
85812
20125
78735
2977
88262
74359
33636
51951
76474
15211
46675
74146
93897
13763
49483
93531
35677
44067
73352
94772
35436
55936
34310
88334
36132
94053
50553
21005
47476
24462
76117
79151
88202
47427
6641
5705
80047
80129
41667
37742
41271
33897
54549
20468
10168
2850
99864
55704
62917
92118
36734
38843
93841
60615
16849
91288
58310
64878
96690
21781
80775
17605
22290
27500
76181
58143
38775
96516
39300
17870
72674
77164
63194
13288
18737
57855
64634
6263
64499
29153
8936
37843
79448
56413
22419
7131
6629
64985
71706
42750
90668
28669
89528
47217
60576
79257
48487
1742
21011
42629
94694
81128
66842
49207
31301
96224
69325
83798
73275
90207
55637
8789
91875
52856
6625
81575
38513
82747
12620
24996
47414
99113
61816
33741
78251
36731
95463
92699
99334
87187
33643
60427
8884
82591
86315
19869
65772
53863
73488
76337
79003
38884
66600
71854
14738
78771
62107
35623
7968
15790
30658
27467
43343
81093
89158
53937
81813
37253
47998
80587
71092
31244
54670
1107
23254
2506
5593
72925
84621
38015
75845
31912
82435
47205
93106
5239
11240
39988
6698
40774
72727
28442
74328
51572
79356
2848
39874
44035
77145
51251
21482
26556
96423
72819
53951
44985
60253
40654
64497
12201
75807
45003
74176
74228
75426
64604
46815
77679
20345
86580
92016
45357
42146
30702
13735
82710
96822
3112
64578
75642
18650
82613
34121
99881
5205
93354
98839
96317
80529
20523
16536
53649
12358
3948
18376
44105
57667
69935
33509
6358
76178
47925
34232
71805
43004
32257
80830
26000
3961
61762
89265
29155
36833
40327
5225
30455
13026
38096
58444
97696
98590
29881
27594
97449
50981
72168
24081
14095
87296
52910
17030
28007
75242
99674
83494
34218
30703
89856
26505
89335
31966
79639
13665
17642
44660
82796
88942
59263
53167
42668
40613
35196
83950
23743
27188
5053
31693
37486
23567
91703
76753
83794
81975
60541
80046
42789
84558
91568
35158
3265
88194
53426
67890
32771
50237
87063
87006
47047
20797
90115
34963
5450
71709
28643
82490
47336
71594
33215
93779
81004
10735
86434
27872
12543
21322
90909
8966
75044
95969
12557
73867
64638
15065
68282
34845
7455
94122
97533
13213
54672
11444
53741
56778
17913
77958
13786
88333
68361
53852
48904
38542
57993
21960
28464
76742
64688
1648
85445
91231
41986
20321
73396
63065
16918
24454
4408
76013
3111
68766
70291
23118
26102
43958
53588
92122
31693
10471
78567
98133
94004
11463
56780
10971
51316
5841
76311
23913
27575
64795
53702
85232
40702
15552
85734
40439
39860
1710
22505
48066
85976
23160
54435
46727
74381
2805
73266
87709
27940
48335
10398
60995
41356
58553
8965
82680
40779
41974
66672
69086
20773
37076
63860
35145
55353
78113
17397
71558
39659
23218
61155
79890
16085
58391
15006
69019
85655
38580
47821
66809
88809
90799
92556
5777
76383
27302
2042
11579
69627
74404
16515
59486
62291
29714
89953
35880
78093
29516
7116
88175
26301
8343
83091
75224
62401
3352
75277
93884
64249
91010
72743
63664
5683
77550
85555
59345
3930
31276
39237
42655
97115
46691
39338
21867
55598
70740
58007
94205
11981
54263
34623
68879
80880
25091
72241
86835
52560
95566
31633
10540
11871
36273
58652
1580
80671
64977
56710
11503
87491
81047
99666
7357
23014
42952
82537
11917
35582
74941
22493
37730
41525
48405
79429
8044
90931
39460
31780
88028
20153
38462
93136
28357
79544
44190
49032
79815
72047
35635
74071
30722
10494
77260
6887
36929
95838
31275
46688
56503
65929
81522
85689
43005
64798
75650
13395
21606
73256
6972
32664
76424
72730
59301
79572
51423
54727
93144
13297
87839
95491
77100
33693
16916
84682
80516
35076
26927
96738
15677
55996
21941
81266
99620
6999
17690
80385
42018
8910
61101
14484
90123
83214
7205
11528
31972
57372
18669
84731
32287
27917
73284
3907
27689
20771
29289
13032
79194
75631
87407
48233
74454
91605
11566
83734
2080
70517
36759
53919
60391
12503
84526
36763
4427
24952
57475
22029
21455
94624
45067
91972
12146
9646
25960
39362
59456
91674
99410
28626
56042
44736
25356
76506
21296
52899
89877
8615
8513
83744
96890
86750
12596
85874
62076
19275
78145
12530
87595
50830
24850
54816
41551
90214
65247
36624
641
95169
67344
8285
72165
42320
61965
41686
90342
69832
19471
81079
51561
87781
11362
60413
93760
57781
54880
22528
45001
80802
15335
19788
81837
1204
71198
54815
68291
91530
85209
15730
60795
37013
26665
16933
26419
51405
91688
85286
95410
37207
85004
88085
51627
13131
22968
53122
84363
21714
59330
74637
52162
87215
5281
14229
54465
20796
3232
13118
77945
61627
3391
71564
15148
80953
14696
48718
5111
54148
83351
98971
93699
85518
17554
83779
21067
75937
48885
89739
70778
10494
24782
38248
52677
73465
26863
22035
98648
45707
28654
54996
89834
78954
80292
69014
9080
13261
3150
31620
67643
25061
75447
91084
55892
71142
41979
44212
90956
66645
1591
10922
89857
55227
55779
57104
33859
2168
62272
38346
79602
81516
66119
76586
67400
66772
99233
59769
