4640
6412
9034
9051
5603
7184
1434
3553
6239
1245
727
1265
3079
9349
9961
3165
3188
7619
6960
2202
1333
6163
5015
5574
6
7918
6005
2882
9019
2586
1264
3830
368
7426
3145
446
3360
1376
5762
5832
2909
2045
3106
4111
8429
109
6456
1522
8496
981
7101
1798
3435
4199
9857
3931
9208
3110
7101
9694
9168
9111
5989
6913
2180
8641
7130
7622
9089
7338
4372
5591
470
3035
6324
6914
9422
8309
2417
9530
4320
6027
5755
6120
5560
4228
8267
3497
5264
5785
9692
1693
406
3510
2998
3089
1086
5222
9436
3225
6976
7876
2557
3141
8669
580
1451
5533
6294
4716
7790
1892
6191
9183
5556
8298
7305
4151
1875
7210
2424
2090
1482
8775
3396
7171
8318
6510
7003
585
4620
6648
6258
912
1513
2915
4291
3936
264
2477
3485
4222
7277
7948
3386
3130
2337
3132
6454
9741
1162
893
8209
7546
9139
7733
5815
5149
9254
2748
6159
5953
5799
9353
1071
201
5750
6217
7389
1181
5165
9504
1390
9115
236
8342
5542
6080
9178
181
4197
2080
8172
4215
8434
6163
3026
6437
4551
6793
6074
3624
2329
4060
2658
1708
8221
6087
8638
4999
155
332
5925
959
8367
9220
3750
434
8341
8321
7449
8349
4123
6529
3417
7496
2982
854
5535
3672
1334
2144
8875
9219
522
6636
9603
6042
1810
9652
963
9388
9247
6650
1873
741
8835
7363
2053
2796
2429
5836
8969
4218
8056
1432
8267
8752
5097
4695
7875
3312
4416
1445
9121
3635
876
1110
7178
8229
7260
2011
717
9775
5546
2400
7483
7014
484
8276
4339
3107
2530
4367
6085
7878
2771
1368
764
6988
650
2392
9481
6021
9052
6801
8677
742
1718
2605
7475
2357
6400
8909
5650
2269
4811
8120
9207
1200
6787
9379
4454
3632
4631
1544
3999
9449
9785
5644
7453
383
4488
3319
5678
2379
9896
2733
9
9607
2117
2596
9049
6329
6913
5020
9950
3
477
1309
1478
2418
850
445
3839
5016
7722
2134
814
375
186
7907
6366
5402
3268
8432
9758
2155
5070
3411
9597
7440
7120
6746
1048
2236
5048
4759
8649
1280
9335
8893
91
8685
1453
272
9763
608
3048
6061
5899
7062
3661
4740
6883
9215
856
5128
1746
6897
5080
7611
7457
8138
1631
5665
1491
3085
4377
5136
9757
3090
9280
9090
6586
3603
5644
631
7474
621
668
8516
2981
7893
2892
9536
8207
5518
367
4388
1845
1244
5812
9183
9694
1634
4221
2155
5434
5723
3252
840
5855
9408
3199
6976
7721
1149
9626
3228
6790
8053
9918
2240
7213
1730
3478
7487
3098
5162
8311
961
5501
9181
6628
8114
8064
1843
210
3800
7468
5111
4507
2831
1886
6534
6431
615
8038
3958
6734
4467
2620
1423
2272
1012
1520
7017
1616
3759
9894
4900
8629
8816
8588
8154
5670
4773
688
4328
9189
825
7625
2104
1141
6778
2930
7720
9525
1164
5746
8921
2704
8398
2962
2532
2173
6157
137
3483
9268
7376
9729
9874
9558
6390
8918
8911
341
9160
576
1897
7777
6676
9019
2664
4824
1134
2782
5502
9780
4597
7842
5205
276
6456
3645
7056
5098
8593
1732
6207
4256
8337
1197
8988
8451
1885
4566
8866
2714
8733
2233
267
6990
1366
6154
3451
3511
27
2272
4889
7549
3321
6148
4511
1877
7995
1185
2145
48
3323
8329
6746
9859
2432
4648
915
7882
2827
5595
4441
5041
1599
3715
5805
4064
9315
539
1742
5263
8035
283
362
5871
107
7249
3091
9372
356
8512
2233
6392
3873
3166
3420
2178
4321
1894
2949
4830
7075
1849
5920
6493
8005
3126
1586
4630
4434
8947
5492
3441
1056
5559
9721
482
9499
3688
8589
5022
4127
7656
9299
3167
5859
7701
3633
4655
9090
4791
6839
8641
7092
3017
6777
223
518
9584
2150
5635
8777
9084
3756
6925
5857
7188
1341
2825
6814
6160
3018
3119
9190
5984
5913
1795
5298
414
1539
8873
7640
3082
1285
9847
2566
4759
8147
5724
2661
5158
2614
1541
3925
621
8732
7413
4050
4458
6329
3501
8800
5098
1729
2544
2444
6715
5606
2838
2373
4974
919
2090
6601
8149
5105
3672
7341
9383
221
9381
7911
3256
4476
7855
8824
2795
7965
4646
6187
5296
8127
7222
2892
571
5982
3873
1803
8313
8327
8979
3042
5471
1451
3920
9951
291
2577
2450
577
2321
8249
7527
4705
1184
8620
1378
9309
3941
829
8170
4078
6248
7659
1841
3089
9209
317
2981
9601
6022
8222
7835
2577
8184
8424
8632
5393
1322
3400
9533
6731
3278
2429
8782
6385
9542
346
5940
3096
9521
5891
9191
6280
5116
129
3319
6173
789
7327
7756
3913
5106
1404
7567
6602
4704
102
7762
6089
9305
6156
3698
1243
9287
1358
9102
7861
1683
62
2519
4117
2615
6484
9811
2216
5594
3049
869
1977
3523
9226
7541
8136
4494
5953
9611
2060
8884
5009
6953
1334
4989
534
495
9579
2190
9895
8256
1124
705
1622
3070
6365
1112
7908
7062
5774
2772
1530
8403
2844
5787
6303
457
5773
6279
213
7542
4152
575
1864
2611
193
2203
4449
4052
2786
1931
7633
148
6877
3052
1455
3402
9907
3743
2602
6639
1976
9694
5858
8504
2179
5397
9603
3164
6429
575
7910
8407
8533
4099
4031
2347
6181
9937
4846
3802
534
8162
6246
2095
701
2318
1059
6756
5836
2231
2742
5829
1252
2459
6777
8999
6862
9674
1745
9364
6265
3575
1945
655
4867
1635
9107
6089
5288
2565
1585
1079
690
7358
9047
4540
2172
8931
3820
1917
2192
4326
6832
1741
4631
4706
8302
9669
8954
9759
9986
3840
8195
2889
2195
6394
9196
7927
4737
5722
744
5475
6218
4727
174
5294
9293
4888
230
4947
1246
8278
3660
1440
3568
3206
5925
9555
8681
4263
2840
9392
8472
7530
3991
6574
2052
1296
1870
1204
7543
222
4241
3425
5883
2942
9356
6401
6552
6209
575
9520
1887
8884
1387
3548
8220
5319
6994
8133
6577
7233
9613
6832
4118
5303
3415
1786
1850
5638
9523
7560
9697
1404
6572
7109
3288
2933
1487
9342
9441
3045
2523
4714
7024
4645
9061
218
6803
8400
2744
5501
5505
8331
7424
9813
7600
9955
7229
1664
4494
2937
6771
8090
8552
2958
8846
1627
7446
179
7097
3066
5609
1845
9521
3475
7429
8876
7466
953
6422
8375
840
3711
9251
1084
2149
4349
1633
4661
5569
329
3847
7057
7725
9050
6842
9611
2083
3947
7973
3160
2491
8346
4268
6539
4129
4062
8718
4375
4376
6163
7753
1601
1955
775
3132
5854
5800
1524
2648
7344
1833
8853
3087
3208
8604
3680
6892
6655
1680
3080
1554
410
9682
4267
685
2432
1667
8470
1232
8613
8882
3175
2966
1927
9826
6564
4009
8120
9467
2117
7004
7112
3798
5295
260
7534
9456
9070
4140
8574
1186
6327
1694
4772
7575
4606
5178
2656
2987
2923
8170
1714
2153
8919
7972
6137
543
13
8223
5514
5228
9600
3484
3468
5790
6098
5800
4791
5391
185
5425
9134
3917
6188
220
3451
3345
8020
3663
4874
4333
9740
98
1997
3402
3000
470
886
5303
2482
7630
5423
2775
844
7149
5440
3223
6904
381
5107
5400
290
8296
5467
156
11
9586
9127
632
4190
5754
316
4904
933
6083
7151
7134
2069
7230
7693
9838
4625
3405
7397
2933
8242
6649
6928
8733
874
7991
9762
2653
9510
6008
7691
5910
8656
156
3817
7644
4558
6877
7489
8456
680
4849
9831
9433
9879
2538
1478
4298
6947
7391
7572
1876
3433
1973
59
1695
982
9840
7799
4188
4777
3854
5467
8227
5828
2823
9553
6871
3298
7430
4389
6878
2548
4544
3758
2651
4185
9180
8830
4856
9664
888
7827
9243
3347
5828
12
2906
4265
2142
9570
3749
9805
3103
6019
3766
8330
1278
3353
4181
7993
4917
7138
9177
7179
8899
8654
2197
7322
1509
8163
4715
9201
2816
6053
3157
1081
6653
4646
4578
6387
7594
430
2429
8900
8801
8682
1718
5176
1419
4766
5248
4857
3172
3907
2975
3245
6838
3211
2389
8360
7396
4354
989
2929
4940
2371
5862
6196
5684
7091
9177
2630
9950
7101
8694
9506
7461
6684
8635
4399
7999
4982
1507
1946
9955
1946
9924
8634
2511
5515
5802
3946
7365
7383
3952
3859
1155
7201
7601
5922
220
8489
8756
4815
82
1769
4832
9152
1648
1040
5550
478
2118
6186
8628
5711
9660
1854
8542
8211
7699
9307
3389
5790
6695
9241
777
1453
5933
3787
6154
757
5988
3836
9163
1997
8625
752
8289
2500
4658
5140
8134
3864
9257
8965
1165
4904
2777
9015
9551
6660
5787
2655
9711
9020
6200
5968
3433
4503
5873
2173
8715
1415
2868
4881
1329
2893
4187
2638
927
9910
8509
6591
5383
3180
1581
2155
9862
3848
2301
5252
4266
3751
6005
9459
6224
3043
6364
28
3382
7754
6713
199
1407
8058
1321
7834
8693
7070
8074
539
7735
270
1570
6949
7793
86
9747
5996
8728
3945
8635
2515
8623
2560
3820
224
3824
3354
876
7841
1640
8349
8229
6230
6410
4415
8380
1627
1189
6984
9777
1699
5238
3743
4798
5140
7876
1748
1958
3872
8029
2243
8505
5627
8761
7769
7599
5166
2477
5644
9383
2132
2609
9524
9774
7319
2208
968
7242
9877
2639
8599
3228
5756
7267
5383
6579
1519
8103
9582
6873
7595
3023
8246
4235
9237
5244
49
5943
2065
4302
2140
2315
8474
1527
5075
856
3503
4170
6794
1880
4912
8099
753
6340
3
8451
7941
2798
5820
1389
9688
1820
1034
7095
7809
1723
7283
1722
3819
968
8544
3532
2398
9815
6034
7864
9112
8711
8361
9612
9294
7065
6228
8514
5682
1552
6725
4525
5204
279
1619
129
4226
3536
6688
4799
7853
4746
1869
8005
1983
2868
6785
696
4701
2152
4806
1023
7314
5604
8785
3737
6177
4103
9587
7716
7898
6180
8378
150
6943
68
9328
2556
2124
7869
3001
1475
3405
8434
2824
5602
7359
9028
7429
8142
4935
4622
5749
4905
6196
7657
7792
6714
4372
1380
7307
9312
8954
1928
5725
6561
1425
3599
6163
9850
8896
7899
8140
3006
7461
9444
5735
5777
228
8111
3687
8928
6493
9370
2797
2864
9188
9812
1564
5327
70
9135
349
8515
1040
7461
2959
551
4297
7032
2710
3288
5275
5713
7834
1786
295
2049
8962
7737
5800
5938
1004
9389
673
7336
2877
5521
3096
3382
943
960
419
5282
173
441
9677
3790
2565
8859
2380
2338
2884
2901
2779
5342
5624
1978
7179
8455
6173
2760
9545
2624
5814
1709
1385
7769
7653
7595
631
9521
520
9352
2838
2481
1908
2802
5006
1214
2904
8469
9461
3259
5944
1764
4176
5100
478
1740
6709
7112
6365
2609
1061
3239
8308
4740
8945
4526
3840
3238
1697
6570
646
2868
9924
5050
7613
1675
9787
2018
5763
9060
5884
6146
6626
2794
2644
2195
9467
9187
5178
5391
7492
3876
3254
9466
3455
6375
2687
4886
6522
8923
4678
4876
4880
8290
6351
1249
4320
8715
8812
2237
5796
9584
4950
9653
4733
1399
4881
1530
8777
296
4757
955
4170
6456
9070
1833
6205
7775
5261
8077
3488
7847
9998
4772
1145
6616
388
186
2883
2411
635
2262
9186
3154
4473
9322
4685
5899
4289
5200
5768
9523
6790
9997
3113
5525
9634
1485
2919
8583
9555
7607
4822
9752
2291
2468
1495
8633
3368
5542
2295
1125
463
9960
7219
6320
1213
2895
9963
3976
9536
7147
241
3828
3791
2433
604
5400
9483
2881
3013
4545
3236
3976
8847
4333
924
638
3743
5602
2537
8390
6329
8555
5583
8745
1
6985
9430
3425
7286
6561
6603
5921
7824
8216
9413
4505
9957
352
8553
3376
873
3359
7089
3913
6221
9970
9921
1038
1730
1781
6938
7177
8600
1834
4924
8842
3991
5407
7536
6935
4200
7922
7743
4132
6497
3957
3548
9703
9436
6739
6079
6466
9683
6590
2585
3717
8936
1235
7634
997
6114
2045
7762
1051
9590
5448
787
5368
3636
559
671
2678
7030
2608
2692
474
8087
2790
4137
9784
3003
76
2859
9947
1373
835
2429
2250
5076
1888
9399
6527
4296
9151
5899
6432
8908
8301
7573
1783
1874
1392
2671
3086
5654
5750
5433
7245
3787
3245
7279
2691
177
704
5696
1616
3205
6396
8450
128
4106
5364
9015
9646
3469
4722
1959
3373
3124
1309
9185
607
5816
1661
2698
8718
9209
5662
678
9907
9439
677
91
7352
3649
8536
5419
2814
4521
9632
2753
6873
3353
5981
7151
7224
7024
4321
9875
2660
1284
9922
6535
1136
8306
6475
7022
7061
3987
5738
7598
4522
860
7615
4949
7567
6116
7823
4976
6008
8007
6910
2657
3815
9803
2312
6454
6584
7540
2013
9386
942
4361
8899
2046
7465
4336
4763
7615
8036
3637
3172
302
4304
1705
4632
9281
5213
8597
6630
9670
5403
1777
5754
8691
2777
355
4785
3638
397
5305
1687
2526
7096
2215
7474
7090
1568
5855
8177
7481
5182
3997
5746
6747
1448
9366
8635
2936
1813
6662
5095
81
102
6351
7632
746
189
6112
2582
5937
4950
4405
714
4154
1926
9030
5527
9561
5153
8018
5240
2905
810
5791
5132
7427
9764
6913
4777
1833
2269
7563
5804
4597
8805
2547
9914
2486
9188
469
5966
8451
3829
6110
5292
4651
6666
5742
2546
8535
3467
7178
7077
430
6306
4813
4005
1851
8751
1412
5791
8609
8571
2255
3193
2438
176
4651
641
8767
917
2419
5407
6154
9850
6870
3545
42
3617
2653
5463
8206
9031
801
8988
3925
6886
2299
6482
6554
3969
231
7325
6461
6433
5893
7569
5404
1079
4450
6580
2364
3128
8611
3949
6985
8607
1057
7962
9383
8877
525
6060
1588
8914
892
6906
3327
2152
9849
7832
1528
8125
143
6977
6790
5425
8701
4705
4022
3603
8418
1398
7241
9268
472
3986
2352
1574
471
1820
733
5491
1009
9446
9369
5680
6610
7071
2647
4172
8745
1543
3177
8200
6251
6810
3402
1523
2604
5978
8014
8483
199
8694
2314
2634
2622
9472
9698
1655
5784
5733
8589
1131
3840
6800
2265
925
2330
9383
8067
5676
6597
3779
328
8438
6531
1930
5604
8689
7991
6622
5714
1897
3608
9481
7908
4939
9115
5967
9443
4445
5198
5726
4302
7489
6102
7640
4202
2595
8180
1342
675
2591
3616
4728
8566
9999
3906
1660
7510
9256
6057
9002
3907
9978
4615
3605
2321
6782
2216
1796
2665
9667
7914
9562
4071
4434
3470
2160
7212
3661
913
5263
8740
1670
53
6168
7638
5815
9278
7805
8489
3874
4483
2840
8002
2165
3097
8236
3079
4042
3698
2541
1596
4085
631
1276
1090
4316
8004
9103
5901
2123
3621
296
9327
522
3607
831
255
3988
7089
6796
6819
6435
1801
50
4887
162
2298
1150
2772
853
1933
9899
7725
7902
155
3935
9396
320
7830
1863
8359
5305
2207
2474
3870
3895
8978
1096
2685
2999
6552
8382
8767
2681
2025
9816
2419
9588
7828
8761
728
7797
4043
1450
9031
4985
3973
741
1664
8233
9232
3508
5945
1726
7797
5710
7742
4636
3231
1790
2385
7791
8386
6964
7694
6089
1100
9051
293
253
3633
5984
5262
8546
4358
5669
4032
2753
2437
9433
7782
2067
1557
266
4546
3253
3947
3438
4821
2212
5176
5190
8278
2080
7982
6972
5899
4911
9869
4364
6615
9283
8845
4257
3558
8728
8434
6435
2180
3080
1865
4181
605
2672
5231
5979
9710
4127
8459
2670
8348
6357
23
350
5644
8663
9855
1510
1082
8840
7812
4537
1420
9993
5924
9002
5018
8681
2217
4812
3246
7275
9610
6784
9134
4734
5250
8909
6289
8683
7888
484
1928
459
9695
3247
1887
71
6010
28
7926
5182
5965
9349
2854
2205
9935
5065
2837
4885
2518
8418
6930
9698
3764
5737
8124
5632
3035
9936
6879
4849
9123
7123
962
5768
9602
1468
8892
6971
5705
4621
2874
9291
5312
689
250
5491
8275
5558
9959
6468
1589
5045
5487
1002
2798
242
9403
9644
4443
8598
6632
8008
3523
4024
7543
6078
2937
8769
9286
8918
3597
8347
47
4367
8426
9828
4439
15
6521
9992
172
9240
7105
600
5960
3627
4972
7257
3869
984
5597
6000
8180
71
6602
5661
2350
1535
9469
4399
2398
632
8720
3679
8805
3463
6750
5038
2078
2758
7574
767
9539
9105
745
382
8018
1840
4530
8658
6502
3464
9933
4600
4404
4270
3471
6438
9884
4328
7820
2010
4527
26
1392
3860
1576
7754
7829
1604
7071
4350
5350
5420
7358
5164
4051
7450
3368
9117
1798
5769
8045
6319
7777
4126
1679
1940
8583
7848
405
2120
481
692
3407
1244
4624
1795
522
172
5455
9056
866
6032
6603
5691
9677
3112
8770
9828
8686
5787
8245
5219
3830
62
1413
5769
5532
8782
2683
1923
1228
6425
5713
7404
5393
8748
5558
533
5863
6337
1588
3664
8565
9032
8640
4459
5239
5508
841
2732
3302
3387
7613
2018
7193
9320
6047
3861
8860
9167
6089
6859
8670
291
2071
9269
5027
5843
9863
6174
5869
5415
7673
9901
9516
8225
2796
8720
2026
6271
2528
1780
5977
7901
1560
5544
7910
9916
5219
6378
5218
5263
6117
1146
1729
5966
9763
3760
1285
6591
2328
415
1005
7439
5950
7124
9191
7255
8685
4093
4061
7768
8319
2545
177
2532
990
482
3913
3012
3820
3235
6920
9512
8386
153
8908
1238
3770
4022
6973
6443
9453
3685
5956
1321
7883
3711
7013
483
2667
1358
1610
8241
6031
3403
7765
609
3379
2584
3125
6201
1324
8923
2477
2091
6551
3606
6538
1901
827
5670
6261
4285
3383
836
1489
6512
7138
6047
4176
952
8359
784
4507
1656
9513
2239
5163
472
4914
7585
5633
86
4154
8988
7075
2273
3803
9100
7027
7782
8723
1686
4279
4778
1092
7763
802
9062
3179
3966
5345
7129
4758
82
2505
2031
9598
6130
8825
4778
8170
4653
3334
3722
4795
2760
9129
2396
6881
755
6720
3055
3483
1635
4596
4146
8211
8246
6762
2253
2571
8576
3253
332
8030
2780
3459
2589
336
3741
4489
161
7833
7499
344
2902
9984
2740
7227
8168
5479
8892
3425
1350
6337
8393
2524
1123
8138
7856
5305
7685
6129
5746
6435
1469
20
1023
3972
1156
2072
5400
1226
5381
8834
1245
2604
4301
1187
1416
8559
5705
8901
7234
8058
7319
950
8219
2831
4473
3921
8681
3290
1427
720
3475
5719
8553
3513
747
5928
6100
1127
9184
7064
5699
8320
3348
7230
7715
3044
8928
717
743
6188
9477
8774
6048
3031
8250
4174
9393
2703
1413
9550
9798
5224
6918
8069
4859
2982
9154
4551
2736
3118
3381
7337
8104
7125
4181
503
2213
6970
7445
5733
6540
3995
1654
7799
5887
164
898
9367
1661
9401
3807
8882
6274
613
8005
8235
1792
9847
5869
356
5572
7814
2085
8252
6287
4626
6574
9922
1860
1583
6193
5056
1559
571
2474
9460
76
6076
7273
5048
9063
1689
4443
7707
7534
4245
1886
3524
2490
5026
3216
1761
1732
4038
833
2595
3054
6274
4173
5804
3222
7725
3332
8256
9177
9207
2104
3127
8808
9377
1651
3351
3819
4670
4378
7417
2912
8074
1906
237
1385
3747
6585
2877
6107
7657
3274
4854
3412
1943
653
383
6794
1796
8346
5985
1321
1683
4109
3781
2097
4456
1962
7399
5502
478
687
2879
885
1280
3746
9080
6001
6668
1132
2742
8345
1201
3914
1027
9981
937
5767
8779
6040
5946
6448
7043
398
1014
23
6217
374
8835
9091
5371
238
801
6892
1533
1089
6687
7171
1314
3643
1175
9790
5328
420
3524
5026
4290
9313
2438
4889
3014
6844
2376
8572
9565
3153
9535
9959
968
845
3700
6555
2705
8331
489
1810
2315
5248
4926
1170
2589
8564
3985
6877
3039
227
4710
2433
2667
2864
725
453
9383
4567
8920
919
9799
4354
9747
5710
9001
4377
3242
449
7999
7073
2073
9357
1494
7732
5395
3515
9962
3788
7785
4654
2606
2788
2982
407
2829
711
3127
9196
8628
7952
6573
7710
5289
2186
1628
2824
7586
4058
8105
954
9562
632
2287
8968
8083
1085
9005
3396
9389
3983
9334
5147
4185
9206
703
6884
2781
8998
2848
4357
4594
4504
9457
648
3769
4259
8165
2314
5420
6252
417
1812
1806
930
8776
4035
3553
6008
5854
7058
4974
4485
8474
101
9432
8780
2931
8692
7670
5305
3025
4485
1853
2395
1807
9128
1740
5905
8204
4555
8213
828
7499
4204
2589
5874
9277
826
575
3609
1021
3133
1691
6426
3589
634
1795
6191
733
4312
9204
972
8785
1048
6206
9526
8746
1894
2745
3068
1170
3427
1472
1438
9669
8550
5717
7954
8501
5147
7000
95
4545
6996
355
8342
8276
6157
4580
8406
6481
3270
1265
4503
8535
4570
749
6573
8987
9342
4941
1494
500
1959
6643
7005
8754
2308
5793
8199
6796
9794
95
8286
1576
2180
4321
1252
9186
1223
2511
7829
3773
5920
5965
6411
5079
9306
5304
411
1001
4344
8405
9977
3154
4255
347
5153
3992
8423
34
9315
1297
6057
573
9319
7876
3926
7372
5319
2116
2086
7795
3622
1923
6859
2975
3083
7732
7639
488
3162
556
8291
3808
2669
6301
1417
9185
1644
3850
7274
6852
9838
6776
6785
3175
1208
1952
9903
7420
5421
4951
9313
1672
4239
8148
9714
27
9763
5530
4282
6604
645
8026
3340
3788
1404
3138
6365
9789
7694
8298
4561
4816
8290
9759
7733
2751
4788
83
8601
2481
145
1262
741
6933
5779
14
1872
9815
3407
5556
6317
1497
6806
9159
8693
912
9440
1968
9837
41
3294
4606
3137
6361
5272
4976
4332
2395
9311
5894
3583
620
6800
4307
1211
1985
5021
3139
2163
8430
7915
3847
5568
6538
2195
4353
6909
4463
7665
4357
5869
7421
3043
6488
5484
9558
4340
4964
3366
7088
9902
5398
2970
6222
3051
4207
4780
6394
8280
2124
6902
659
1970
9144
8504
7128
1425
6815
9225
5059
767
5505
6340
600
9740
2536
3735
6872
9807
5696
7370
1121
127
7463
5902
2598
5225
438
8330
1032
3581
171
706
336
5499
3996
3024
6567
5910
5785
2
814
3629
5419
6675
2794
9601
6669
3446
4472
9073
9941
9024
2971
1734
6810
9123
3183
370
5494
6982
9198
3020
9154
1701
2535
8184
6541
5037
8524
9448
774
6421
5586
5886
836
377
8028
4215
3289
4158
124
5012
9382
4556
6070
8513
7500
1803
2581
48
7470
622
6692
9001
4539
5766
681
4310
3771
380
8765
2709
4711
6330
4044
8942
8339
98
805
6188
4373
8234
7454
3335
9106
3602
8774
789
1189
1151
5189
6943
5323
4813
9468
9155
836
577
4652
1168
5277
7669
3163
3143
6820
7110
2597
6978
3158
6476
3348
287
523
3814
5228
1
5014
9957
6095
4730
6918
7395
1665
7037
78
6168
8575
1051
4639
4690
9812
9072
2393
147
4070
7797
8497
5246
9647
9447
3368
8211
7385
6603
1283
7659
6082
7961
2721
4195
7646
9999
5833
6834
4976
5727
9563
8713
4376
4322
8060
5968
4053
232
6810
9319
1436
4457
4288
4006
6153
4291
2054
7030
9101
5613
3293
2137
4543
5421
8812
7322
6762
1755
1549
1916
2094
6
236
4010
6436
1304
4966
9644
5097
3924
9047
9707
5531
5752
8072
3981
1498
9566
5410
5344
3550
3849
3792
2222
3763
7784
6625
7739
3091
4796
1101
4828
4751
2759
8379
4545
9616
8260
2067
2092
6153
3786
1321
425
629
6584
973
3795
9774
1369
8975
5107
3106
2697
1396
7136
219
279
1154
2570
2922
7878
4003
4926
7533
5674
5472
1501
9103
5051
9984
178
5552
3056
4677
3444
8247
8902
5814
3591
9074
5015
5160
3143
9733
7755
3172
8372
577
8946
7274
3991
4640
5559
6297
7667
8298
7907
507
5151
3621
5970
1535
5704
6470
7266
9773
1791
9680
6327
7338
269
5804
988
4323
2597
1146
2401
2304
1698
5639
2916
102
9105
1529
668
5501
7164
9945
4603
3867
7661
8519
5081
7476
1896
9104
6294
6017
2419
7286
7977
6150
3170
213
7629
1255
8278
7412
1363
2588
371
3157
7074
6796
3881
7633
3759
9521
6633
3624
4512
8658
7927
2164
9082
5381
3755
5872
6556
6881
8157
4119
3814
8506
8307
7
3214
9067
4143
8322
4326
7768
1834
5102
6654
3597
6885
5805
5989
3939
3362
5660
1190
6086
1825
6963
4301
4595
3563
4794
9477
6450
2505
2327
7226
7017
3392
5543
3331
5722
1532
410
7451
5329
5392
3415
6269
3385
2449
9309
4540
4851
7469
7201
1334
8484
2168
7287
2416
2695
638
4522
3476
5061
7963
1263
8586
9549
8084
4036
8077
6009
1996
307
8729
2715
2373
6891
2304
9532
9663
4961
7572
1260
6660
4641
5910
6065
5953
8188
8248
8050
348
9669
2457
8405
3113
1030
1274
1622
2028
6800
678
8067
507
8017
4191
6360
1524
8043
1069
4222
1570
2
1413
4051
552
3687
6900
6500
8676
9554
3856
708
837
7533
8444
1277
2025
471
1911
2933
3583
3300
3460
2815
2998
2737
5034
3040
1253
8195
3522
4424
9315
27
5879
8182
9969
7201
5362
5929
6142
2395
1025
1173
9269
2748
3025
4057
6424
3376
3104
9954
5334
9389
7158
1600
6981
941
8319
9487
7767
3363
2094
6056
8127
9408
3868
3380
2034
5708
8594
1075
9000
2052
675
7348
6398
7183
9966
5927
2766
8399
6148
7948
8558
5841
1219
6107
6609
7363
4205
1211
2076
1223
9707
3750
3071
1201
8889
528
1448
5302
543
6888
5551
2437
5780
7567
9803
6721
8705
2305
9177
8150
3417
2176
8554
3127
2435
7045
384
4872
5168
8286
8633
6436
9363
2995
8779
8527
4028
108
9572
2484
2234
6931
8519
2043
613
2600
7301
9910
33
7786
2987
6015
381
738
6747
2518
5327
5135
7832
3090
7594
7937
2119
5790
3373
7135
3739
231
4832
5128
2283
6672
1155
3327
2782
9011
4404
2494
946
2217
2197
4553
4486
1624
2322
1755
3389
7529
4836
7199
8301
4732
8414
9301
2200
875
3795
9982
5486
5509
7985
426
7622
3662
1921
2194
1307
7627
7618
9004
6299
3450
4810
7066
3787
5573
2253
2205
1794
9878
308
5004
328
6100
1567
8851
4550
7818
2677
9303
6263
6842
2969
5023
9043
5740
7322
9182
2239
1814
7960
5213
2092
9075
5839
745
2778
6769
1525
4080
9723
1406
4808
2386
9848
9821
332
2090
6813
3555
8721
1129
9789
1631
5911
1612
4557
9949
1422
848
6094
6947
5065
6185
809
8533
624
6358
1990
1733
7196
5101
9496
956
1579
4350
4583
9969
5353
7314
1375
3956
9745
8635
9378
8312
8399
7497
5891
8831
2384
8018
5539
5250
1179
9933
1958
4026
1847
5861
918
5340
2415
8143
8583
8941
2122
50
2778
8021
9788
9295
9300
9555
391
5947
7895
9691
4307
7173
4943
2380
9400
5076
5064
3631
7889
8444
6636
7429
1958
8532
3744
360
4222
6268
4618
547
1069
4675
3388
6056
6076
7024
8884
4325
4586
1106
270
508
8974
4824
3404
9296
9795
3193
9320
7675
3205
1169
1309
2353
2908
4225
5278
9899
2625
5476
3213
5335
9587
2311
1995
791
7945
1317
6916
7757
235
8905
3801
575
8832
2910
3436
9196
5304
4123
623
7643
3465
1891
5464
6948
1278
833
7414
7973
4533
4550
8093
9235
8504
3730
9505
7327
817
3234
3155
6387
585
8230
1555
3725
5365
7582
8172
6975
2565
9375
755
5881
4711
9311
8715
5285
8366
2651
4801
403
5578
3519
7781
4915
6514
3302
1364
3130
4248
4752
145
4281
4629
4930
1022
6780
5241
5405
6663
5741
3601
4230
8296
7876
146
6907
5674
9577
6648
217
3613
2332
6024
9149
6544
3519
862
780
7457
7137
6690
198
1053
3110
1564
1550
2854
3770
3641
8509
8228
4721
8815
8111
6049
3207
5197
196
3231
7716
3113
4927
214
5341
5828
6500
9639
2100
7553
5444
886
336
7116
7345
4041
9363
3062
85
7247
5954
180
758
2996
5616
6209
8696
3348
1397
6952
5842
1961
9359
876
3204
7504
1486
6976
1356
8968
4598
7589
4941
5521
5555
9820
3457
2156
6713
2753
4094
1754
4580
4042
9334
8026
3239
9504
7346
8772
8908
4169
3834
7596
4128
8512
1265
7039
2245
3173
9430
6519
1350
2323
8787
5251
2573
4088
8700
3041
8539
9408
7422
4484
6526
1690
7663
7264
3170
9797
6144
8949
1760
5527
6461
8670
3032
8546
2110
8408
7383
2436
1564
7285
5710
8604
6417
532
9456
4382
57
5726
3109
3787
6093
6741
5721
9949
9863
6144
1872
2996
4151
729
3025
3662
5727
8168
2541
8477
7780
8974
5541
1275
8963
1530
2413
4532
9466
9955
7958
6674
3047
9077
3104
1205
9405
5686
7041
3192
4304
972
7551
4517
3641
9716
8112
4897
7852
8615
3324
7230
4179
5637
7621
1651
3337
5702
9493
6745
1033
8694
5068
3948
925
2818
4445
8763
6647
1933
4772
7824
2851
8327
2702
1632
5463
6266
296
2009
4339
8966
4481
8938
1050
838
1559
7338
2665
7391
6302
6920
3250
3956
9802
8551
1785
4960
3905
2173
9011
7874
6799
8779
2115
9714
3929
522
3431
2948
6043
2655
8790
3962
1501
1539
6050
4438
4201
4927
9119
6929
3641
1611
687
3628
1581
6158
2366
2740
8866
6306
294
5605
7899
4632
7527
3753
5091
4993
9385
1880
941
1400
868
2388
1241
6174
9515
870
1451
8297
3691
239
1525
4659
2712
7930
1140
4278
379
5538
5807
4311
8594
2463
1385
7938
6739
7313
823
6585
6845
6321
3737
6758
3129
6022
785
6575
2875
9940
8576
753
6072
2128
6700
7704
2732
2728
1679
8108
9978
7075
4998
2959
1353
8656
6498
6958
1524
6625
5772
4943
1366
9647
2955
3394
4359
5946
8046
9488
2492
5369
2848
7010
1678
5887
8355
3852
1425
2389
9251
158
5626
5493
7417
8576
5583
9795
2
2602
1973
4789
6015
8834
7936
8588
8644
4929
6519
5460
8909
189
