7181
1735
2569
637
6649
2140
4291
2744
6209
459
8628
6214
5171
3111
2965
2562
2747
7600
7735
51
800
1583
6111
6125
4546
4863
2502
3304
5666
6730
9962
3894
1953
4819
8123
7060
6377
6807
8981
6078
5423
9003
8971
6215
1072
1166
1066
558
1807
3508
7504
348
3436
4238
2314
2860
8472
6574
3302
7204
5787
2571
3314
8558
7888
3293
2488
5694
275
2927
5720
2848
6001
6797
3363
4775
105
7920
9942
8965
9166
3250
4596
9254
7903
1570
1118
6562
2920
7171
812
6481
6494
4209
2076
9278
9886
3283
6371
4630
416
4913
9626
3975
5093
8322
7861
3067
3302
5152
3357
8146
5514
8212
1124
3838
1926
440
9734
143
7649
8594
6723
454
4899
6765
5666
7654
8730
6754
5715
8849
601
2906
2264
7939
1589
904
2551
6146
2773
7658
8556
3814
1081
7137
9010
5904
5227
6136
8947
9128
7235
458
9961
2277
8217
5868
7028
5528
8627
2117
494
6145
1934
6062
9938
4930
4503
7946
5555
8246
4927
8512
8762
7466
6019
3786
8846
1794
6099
9583
5243
7098
2497
6828
960
9249
9832
5102
1660
7751
8881
6923
2446
299
4929
803
626
4310
8519
900
9701
5005
3138
5652
525
8099
2260
8861
9726
2848
7915
5361
208
9259
8855
6216
6312
3981
8114
2404
1680
3875
8915
5890
8038
6652
6175
7575
6622
8026
5945
8742
1989
1040
1485
9257
4303
657
3447
638
2859
6767
569
2803
14
6584
8640
2901
4916
501
2481
1326
214
3119
4501
9042
374
1468
5850
7623
2013
3699
501
9728
4908
2090
3046
6575
2336
7104
6337
4809
8808
2501
4804
3763
7889
9380
6383
1904
9155
2241
4812
1087
4327
108
4222
6076
2046
8119
5228
36
6151
3150
1641
2824
6584
3393
2745
7971
7349
7773
2733
2494
7559
2167
2800
7655
6130
3402
8923
7951
2209
4296
8797
2747
3211
8294
926
7831
4625
8382
8495
7653
6556
6156
7903
4142
2992
4068
9227
4506
9148
1246
1530
4900
6589
6836
5520
3732
3783
9673
5530
5010
794
7481
9404
2392
2084
6587
8673
3852
8405
4724
4104
1822
6146
8220
4221
4318
8540
5673
4045
6480
4043
4701
3170
7754
535
9831
4412
3566
2707
7221
3514
7106
428
9637
6308
7199
1872
5579
2859
9933
8991
2536
1651
2263
2216
4081
557
4510
3400
4136
211
5477
6714
3917
3428
1538
9361
5228
9261
149
2354
8415
3816
6739
2354
7658
3670
227
9986
9984
2870
881
7199
3763
7702
2122
2853
5516
4810
6821
3988
1337
1110
2193
679
6094
3791
7336
2663
7164
1548
70
9583
8640
8193
7243
6968
3429
4311
6147
8862
7725
677
9619
8647
1218
3850
1881
835
931
1649
6357
3949
2706
4134
8107
7384
9906
1691
4738
8487
8377
4470
6652
3737
2991
2698
9882
3779
767
7453
5313
7406
4602
8920
5815
7677
9229
7929
375
5553
5248
6935
3672
4487
8058
2555
7719
7427
1620
7227
8065
4799
3017
6524
1240
1844
4010
7419
1550
8760
3619
440
8233
8183
2584
4748
1191
4005
6013
4785
880
2905
5027
4286
1933
2095
3976
4297
1307
8599
1319
3020
8324
2444
5171
3567
1501
1031
1521
2908
7924
2600
4781
7502
5740
2647
1108
6910
5549
6365
5588
9121
1212
1548
5664
5708
9430
4813
8905
5879
4989
2898
1049
6624
2275
850
2439
5097
5505
1339
4016
8115
7876
8661
2528
5363
7354
6291
6308
1769
2925
4434
3311
1438
3799
209
8081
1608
6593
1470
1907
2070
2518
5110
3822
3388
8297
2989
1801
2372
2675
6783
4644
3439
1956
5926
7428
8296
2521
4479
4426
8109
2805
5186
3939
1320
1349
5936
3480
2604
1017
9687
8596
6353
2847
5334
8278
6627
8195
5613
1181
2073
1227
1112
7788
101
3875
4823
4885
7052
8312
85
7288
3384
6012
1498
806
3877
6822
3333
8027
3190
5547
1675
3768
6789
6749
7077
2764
5179
580
1046
6983
2592
2401
6855
9176
8272
6584
847
2637
78
5952
8609
476
857
639
7852
3970
9631
8815
4696
6488
1421
1973
6479
9772
929
7354
8399
6826
7688
3349
2152
3452
9283
1880
6867
7151
5624
9906
3033
6990
9787
5439
1924
2079
331
7796
5012
1739
4742
3755
3982
8990
9596
1592
9904
4526
452
2522
7400
6855
576
615
4704
9859
7119
5047
119
6101
5818
173
8000
3382
8821
7551
2824
7536
5016
9152
6488
4247
2973
175
4185
8601
1518
7917
9439
4325
9794
4955
4175
2511
1775
354
3767
9793
2457
7183
8889
412
6385
2613
9306
899
2144
2599
6934
5364
9286
1204
4890
2097
6246
2211
3058
972
5022
9128
8865
9273
3367
534
3730
680
1853
3477
9501
3316
6982
3583
7208
3150
7415
4657
9440
4970
2827
3796
9452
8707
7563
2347
8020
2353
7172
8808
3595
4510
5097
4443
7992
7946
1225
5073
9300
4205
9094
6587
6805
8754
8611
6965
62
7869
7743
4560
6573
8691
7405
529
8054
1698
8473
6593
5679
795
9218
7908
1085
3316
9666
5200
9545
88
7185
9715
9151
9059
1833
1567
2562
2022
1462
7086
3370
6714
7127
9742
4964
6835
4419
6635
6949
275
2624
9327
4033
9116
8248
4598
5311
6369
1769
8714
4048
945
3036
1121
2654
5029
9528
7118
6226
6801
3969
762
7406
5639
5049
8419
2965
8777
7212
6794
5674
4443
111
9146
4985
608
3542
6054
2090
4060
6181
8186
8819
337
9205
1441
9519
3535
727
5181
6371
8134
3461
7049
6180
1771
7123
2727
865
5267
1979
6542
5919
2126
8011
806
4123
513
7412
1643
7376
2695
8758
6024
8474
4271
5507
7625
8568
6001
8357
6991
3786
7115
2267
1495
4857
5251
9639
3841
2643
2981
4690
3456
7899
7404
5095
1690
7276
2399
2318
5603
8354
992
921
4729
7647
4914
8874
9421
3999
3274
2688
2255
1310
9640
5661
2959
5338
431
2532
8547
6378
100
5795
6818
6807
3397
4524
8420
4689
6356
7118
6259
8072
2760
