7511
3327
6727
3182
7268
5579
3884
7715
1730
1760
8426
808
4010
4206
9614
5460
1310
1513
5737
2402
7225
4882
3493
1825
5995
7982
5653
163
7997
3481
5754
6273
5916
5724
2118
3568
3000
334
7447
654
1829
4122
5622
2667
5204
4456
452
3787
7391
6150
6468
8255
9759
8818
5691
2909
6442
9215
6071
5783
2853
9090
2442
8798
2721
3971
7936
2087
6416
4523
4735
7242
6754
812
8274
1125
8647
536
8482
6866
1458
862
2779
3842
2523
42
2765
6447
5232
9368
8202
1191
429
8886
5395
7612
1910
4442
7863
7973
3950
8264
4151
201
1994
7278
3369
7866
9870
4834
7885
4690
3450
6400
7177
5944
7266
7554
1172
5595
7309
1716
7107
5425
3212
4170
8578
3966
8023
7269
1953
6517
2855
6448
5332
6273
6281
2045
7058
8672
6702
6561
5969
49
7335
2800
8258
1704
4699
5192
9476
6765
7408
2608
4290
878
5196
844
6154
2502
9206
1358
5830
2507
4773
5942
7365
8268
5374
9678
9994
958
5617
6317
8915
7068
4258
1345
1556
6203
9553
4640
8905
9871
4980
3964
9095
3678
8091
8401
2680
5798
8073
7647
3185
2253
669
6016
7789
7966
3996
6868
2913
6783
484
9521
7034
1730
4777
2198
5111
7088
8683
8494
4873
8493
7557
5840
5721
2753
2089
9186
7775
5167
1762
6807
1642
3868
59
2662
9215
6179
6975
5715
5872
4116
9237
6362
96
2037
5726
6909
1548
8675
6419
6460
785
5284
4673
8174
2018
7123
3998
5868
275
9734
6735
774
7285
4771
5540
5838
119
5527
7297
9893
8276
3492
6528
1997
7883
3575
3022
1901
7128
7019
5946
2267
5362
5424
3997
859
1553
5517
548
3461
814
9472
4162
8592
8552
9825
8816
5817
7630
6657
2728
1593
1610
1313
5832
6174
1355
1628
2070
7669
1952
9646
2553
570
9880
3247
1664
190
3602
7015
3020
967
7795
5642
262
4516
6294
4451
463
4761
7360
7960
7442
3501
7244
5324
4119
4480
6177
1189
7344
4930
1481
4845
6799
5786
2367
6459
2885
4438
3033
3308
579
570
5720
6243
9773
1129
4757
1897
1160
9889
5939
4233
7069
3789
3205
1980
7885
201
4453
5696
7957
1701
8669
7083
8739
1650
7280
5173
1957
8834
2333
4417
9783
9141
110
1444
1568
4806
7413
1627
3516
2774
1239
1517
3
3305
8702
7611
5238
7433
2225
1602
5756
2003
2369
8734
9592
461
2956
2745
60
2235
1588
6235
7710
8045
3837
2469
5216
287
1681
6642
314
3200
4573
8745
4208
7209
5220
9997
1818
9170
9086
5886
4130
2877
8076
6953
2323
7845
569
3978
329
2891
998
1281
2151
7830
1731
2816
3893
663
8359
8577
9757
400
2547
8028
1737
1555
5467
4793
3912
5053
9222
4157
553
5014
9425
1629
1959
9390
6377
5256
5962
6166
9551
1093
6048
7774
6359
3860
2661
6352
2958
3744
8481
4175
5611
3177
1108
3058
3709
1980
4765
2737
7789
939
3521
3923
1682
5894
3583
8830
2040
2226
555
5125
641
8328
3731
3255
7188
3557
6589
8077
4503
8115
8884
4312
5979
6043
5793
1614
2095
9024
34
5849
2422
1937
9536
3379
2649
7363
320
1357
7882
2631
6815
9847
2952
2103
1324
2851
2577
5462
5169
7146
1739
6677
1776
5521
8225
4921
4643
1873
2786
3625
9144
2382
3923
4541
6068
664
116
8311
8177
7714
8522
9
3993
5469
3062
3055
855
7166
5044
3219
2925
4400
428
5881
7958
3650
1270
7143
2155
3571
6592
2054
9551
8811
4804
8926
4559
4316
8633
6230
9155
4810
907
4401
851
3168
2534
7902
216
4236
8219
6199
4392
586
4209
6234
390
7612
354
3289
5630
4614
8489
5895
9135
5381
4988
7939
8235
517
8374
9045
4298
3288
8204
7733
24
8003
343
1491
5669
6804
242
9001
1036
5576
618
3878
2781
3217
9503
2061
6061
6075
1533
4581
7085
1466
3625
2197
6461
5745
586
448
5692
1073
8607
2213
363
3477
5138
8210
2586
7473
6237
1462
4794
8675
6249
6051
6811
2325
2724
2013
9978
3108
2806
3794
4246
7152
2953
4538
3354
3460
2821
3625
3499
1728
7947
8783
9179
3631
5072
6512
3325
1356
7836
3878
1982
8651
2088
4381
1865
1159
9815
3728
9903
6655
817
5620
2620
6090
3931
7305
4679
3173
9100
4055
7082
7852
1095
7008
3911
3325
2405
3330
6556
1877
7977
5883
1912
6373
2444
9077
1343
3732
4084
4793
6430
1410
2407
343
5290
2922
7678
5658
4160
6256
5141
2214
7895
1159
5761
6759
560
7520
768
1597
5654
3400
1934
6283
2527
2319
4293
2190
4416
6677
8443
9103
228
5594
3408
4796
297
23
2570
9579
1867
6947
5437
1340
49
7907
5268
363
3410
8486
1792
5294
1684
7578
1639
424
4714
5003
2995
696
6868
6894
9010
3552
6855
2200
3072
69
6530
3136
5969
7010
2331
9997
3094
6703
9380
4369
6524
3117
4962
7869
3983
4036
1380
199
4721
4996
3402
7630
2872
883
9261
1298
4108
9598
4217
5138
6543
73
6464
3663
1643
3674
3534
6359
5167
3123
3699
8643
7864
1413
3594
1210
5006
792
3207
1879
3313
4283
440
2253
253
4363
9194
8839
6789
2670
7208
963
1256
1743
6943
864
342
3120
8226
9297
7966
7218
5932
8901
1049
4793
2487
714
2351
9385
7699
1114
524
9042
9091
4021
5138
8142
930
698
6497
8351
9124
3911
4811
8605
3633
5125
5657
2866
1505
5461
3938
8713
1757
9420
6714
5667
707
9014
9484
613
4770
5058
9140
1683
3543
9365
8771
6145
6040
655
9343
5658
399
5947
9467
4339
3026
8228
1226
3635
9911
6430
1883
3865
7308
3022
7156
105
4102
5754
4702
4009
9571
1905
7115
9844
3937
9042
3359
2180
1382
8854
9912
8286
9570
4064
3384
5517
9266
5595
1537
9878
4602
6748
7149
1174
9047
2806
2502
2073
8313
5488
9690
5268
7159
8215
5480
7422
9392
8654
9397
8679
1445
7169
793
8275
6086
9283
5905
493
8795
1008
9316
9237
3347
4734
4097
5022
2217
9024
1960
4283
2258
6342
1507
8835
9911
3869
5005
3067
4749
969
3974
9517
5798
6597
7972
8082
5077
3677
6308
3137
8863
6772
3168
3919
3975
9806
7801
7481
128
6282
3535
40
7934
7550
2626
2960
1732
3085
3852
6008
6532
1065
93
4862
7298
9159
5422
6981
7201
3439
6519
5628
8877
7794
7495
4132
8224
496
9198
9743
3
7229
8635
7149
6651
3078
5415
5382
2849
9325
4811
2819
2345
7172
4959
7296
3981
1119
1022
2015
2699
4561
4942
6839
4032
3854
5659
2647
6722
3583
5887
6474
6782
6563
1534
9598
3882
2418
6192
8607
187
2565
9048
6779
4781
7894
7676
1947
6477
460
3374
4541
7583
5273
7793
5998
2622
9562
2604
9703
1868
6276
668
424
9251
9693
8183
5272
9735
5033
8842
6221
9967
2267
8537
1826
3858
4219
7679
5508
9476
3535
3399
171
1154
4958
6997
7372
5985
5635
8810
9983
5239
3295
2503
8692
5020
8455
6088
1155
6166
3859
1549
3124
3634
6774
2328
2206
2762
8490
8562
3987
6945
5903
9467
5774
4727
8811
6967
9978
8395
7424
3185
7421
13
4381
755
7668
6578
5412
354
8459
5006
8630
6234
7692
2033
5052
1933
9560
946
3843
5786
1593
6693
5306
9134
6077
9688
7770
2186
1900
268
7816
704
547
9996
11
8350
6565
7263
5025
5394
7293
5492
9294
1681
8011
8341
3513
1029
2619
3989
5059
6057
4510
495
7352
8499
7508
7316
7074
5837
3617
4270
9197
1847
3780
7534
7326
7586
5076
1803
7053
4094
2413
9107
5769
6216
3515
688
4470
6702
8089
3766
5785
5777
8833
1692
4909
4101
8884
4069
6178
5596
5890
7154
2635
4564
8811
4852
2773
4710
7470
5164
5398
2085
6633
4489
9715
3144
605
4030
7371
8840
2315
9258
132
3027
885
643
262
7268
8162
751
5720
5279
4046
8842
3858
8008
7356
9126
4963
3107
5597
4660
323
5495
5782
7946
9913
6308
2662
6133
1818
1334
4929
6229
8194
7821
9872
3476
4393
4648
7347
1683
734
8409
8181
4377
2819
3334
4600
1650
8054
2814
8365
1350
6655
1807
7498
3719
7596
4910
3978
1086
4702
6328
2206
816
3977
4402
8076
1546
7276
7585
9192
6154
2665
4405
9241
5815
292
2375
4886
2327
9444
662
741
9644
5285
3635
9900
3057
1394
7525
4625
5685
5216
1946
893
4374
2078
4148
9054
8748
6506
2950
6554
9296
1777
1773
3789
8783
3927
891
8801
1699
8347
3267
8866
7795
8089
7578
5319
2567
7733
7268
3556
6335
3442
5418
1088
82
4351
5113
9706
3803
8820
6584
7435
5114
5980
5843
8596
7834
7771
9364
9131
2269
6072
7486
9419
1590
7669
672
4969
4715
3201
4613
7294
5317
3953
5729
946
2610
6420
738
9844
1029
2623
9174
3242
8482
9010
2069
33
3695
4402
6164
6541
9776
5631
2245
9943
6518
9785
2063
4827
5849
415
8611
4908
8386
4738
9783
2512
6901
5546
2007
1296
879
1238
6841
6866
7719
2358
4771
4231
913
1662
4219
5976
6366
7151
3697
2690
5434
8158
3503
2997
9274
499
1962
4840
7583
4270
4572
7689
3229
479
7212
2115
6352
7115
123
7240
711
2221
8126
7291
6860
8623
3480
2412
3275
4656
4432
8811
9630
1752
539
3839
3473
5715
9464
3068
5641
7777
8870
9990
5376
6124
2691
5509
9951
5480
2599
6038
1544
4939
7418
7244
9318
5622
7531
9471
8563
7097
5221
4440
6178
3845
1553
6042
2277
7846
4480
3268
3438
6336
781
3823
9994
7618
958
9102
9923
4217
7326
6270
2562
4858
529
1025
8839
7195
3454
8710
2050
5485
4287
1850
5479
5994
7540
9518
6181
6047
7329
3556
5366
3472
9952
4206
4634
4080
7818
9932
331
8133
214
41
3988
3604
3294
9985
8027
940
5286
5669
2594
5175
8290
8
2264
255
9962
209
3408
7038
8960
540
4727
7265
2939
6824
9033
86
6477
4236
7654
1242
2819
2119
3566
9422
3764
4116
7483
6423
9159
6015
6017
5718
8283
5035
5591
1851
1624
7097
4200
4001
8189
431
3798
4842
3354
6255
9905
7957
4634
9798
5690
3599
6734
7806
8517
3971
9072
1849
1717
6552
8560
2473
2257
9239
3062
1094
8141
1995
945
2947
802
7336
974
1463
3992
8491
7259
4151
188
9139
1716
9527
3005
3969
4573
3428
6145
7120
217
617
1123
3425
234
3972
4069
1170
9865
3923
5920
9792
1290
6066
9941
3653
3368
2254
7053
5330
239
4199
9736
9154
469
7154
304
7646
2456
4233
1623
4767
7592
2275
5522
2087
1040
5493
9921
1775
328
3370
6660
9389
5101
4984
6441
9381
1579
9603
7257
8227
1076
1422
8185
587
9280
9647
1974
5513
6291
7600
7402
8026
9871
5955
3721
8676
3018
2774
9530
6699
6545
6341
4128
599
939
3914
6111
6503
9669
5547
9089
5851
9113
5000
41
8246
3301
3259
642
3174
119
5541
7203
7050
1819
9588
6233
9756
6462
3366
5320
1648
596
4277
8604
1051
3359
6378
6265
5427
4567
7834
1798
7680
875
8642
8113
5661
9650
7551
4945
4826
6015
3987
3892
9139
5885
6654
8779
5133
245
1088
1752
3816
6695
1185
4691
3643
8376
6540
4542
926
3224
7860
8650
46
6662
2745
9004
1423
2416
6959
936
3280
3787
3766
2937
7060
3057
2828
6778
2778
4846
31
4554
9112
3508
7427
6900
7055
5458
2025
7256
5214
7477
1589
9330
6146
2808
7938
6553
2388
973
27
6087
4678
7001
1321
6251
4380
4782
528
3584
9440
9777
6733
5363
159
8003
1701
8891
4766
6583
7954
8366
2101
1426
5525
8956
9674
1505
3351
7165
8829
3803
918
6364
2318
2747
9788
4198
9271
3261
4673
3945
4050
9755
6530
7688
7290
8830
8655
9034
6366
5850
7698
7411
5067
6188
7830
8920
6383
1979
4707
1355
3943
4276
1371
3503
9869
2695
8010
3763
3666
712
3824
8818
9397
4751
2857
8511
3748
4961
3701
9224
3538
6512
6812
1031
6131
7175
3180
4420
1333
4023
4986
8306
3582
9452
4854
7018
9042
9951
7719
6329
9281
2377
7942
5763
1644
5987
9592
9496
1507
8847
6298
9420
7993
8534
7521
9114
1988
4630
2765
17
9747
2029
2794
5075
901
2774
5070
1108
1904
7305
1011
5864
9862
3563
8742
7557
7556
5064
5195
3348
6861
5297
7451
6398
9387
2328
3997
9958
2127
163
8581
7783
8324
2682
6298
7725
5328
2188
9580
5656
867
3729
8023
604
5538
5761
5186
2938
4759
2199
5911
7846
7954
6192
4057
6916
7072
5406
7238
6735
2496
957
3149
6731
5645
7778
3423
2423
8868
7725
2853
3455
9290
3642
7132
7509
2644
1386
6410
639
2883
2586
4905
278
9860
8039
8064
2992
1273
1201
8301
2321
9693
6034
335
6353
9124
7519
5165
9160
1100
9210
5924
1443
848
1402
4370
842
9028
6925
9902
9036
6297
3250
9307
2738
1482
818
8200
5976
6788
5668
2540
3402
8819
6449
1897
4415
4354
4312
1925
3308
9111
624
6365
4588
6150
5501
4090
6049
8400
3427
6617
7293
9328
2706
5254
4461
4789
9690
6910
9908
7200
8893
1423
5321
2632
6337
6043
1264
5341
684
9074
5781
2037
5200
3809
744
3883
485
7656
8392
7028
574
8097
7399
9383
1669
6014
4233
1786
8807
9901
3506
6130
3647
5243
3921
8281
2483
2544
195
869
8337
9809
5410
7002
7169
6073
732
7192
6891
2575
6380
8469
7262
9326
9708
4356
8637
4839
5619
6165
7453
4827
5461
1585
5803
1898
6493
1611
1437
4932
5937
2361
4750
2641
9992
3307
1532
3910
2167
4925
9815
6434
1451
7352
921
6865
5332
7263
264
7486
877
7665
68
825
2300
7303
1013
2493
5331
1421
2780
8116
6611
9600
9374
9633
1855
1703
1408
6591
1896
3112
8622
1883
4162
7667
1105
8965
7227
8148
8417
2564
3774
5442
3910
5593
6712
2291
9117
9247
6615
4745
3313
5858
6924
5650
2571
3364
1682
7415
9407
5540
6725
5346
2477
8615
7225
1575
452
7383
5630
3477
6592
8582
8825
2983
4085
2171
7309
9192
6123
1728
2896
2717
1758
7911
5959
9450
6701
107
267
8219
8069
6635
8417
7874
7951
5625
171
5149
2998
545
6603
9427
9569
3613
1397
8788
913
2088
2021
7522
6861
1436
2908
6947
2566
2067
354
5820
7670
63
7492
1115
1419
9281
935
9146
550
3358
2594
8711
3101
8114
6873
1069
2706
7445
2287
2123
3965
8423
8294
7411
9736
6253
6795
4928
8205
2333
3580
307
4040
4437
5179
533
9937
3455
9047
3114
8373
9846
3423
1244
64
5649
83
3574
152
2528
9418
6079
670
5022
5405
9737
2511
1771
6211
2953
563
4598
7949
7698
2297
4818
7232
7089
5528
466
8239
8305
6878
5789
4365
2478
8695
674
5410
4899
9186
541
8191
5342
1170
5578
5258
5238
8243
7022
2236
4737
9107
7343
4707
7615
6964
4735
2949
766
3772
236
5827
2012
5269
6139
2664
4247
3281
9425
4058
2460
3503
1858
7125
3343
5773
9619
25
8549
5113
1838
7641
3603
8767
9564
5712
1308
5371
9915
4946
3952
6611
6554
4584
662
4348
81
9768
5672
5755
9601
550
2042
5718
7168
390
3564
8471
1244
2517
7411
3004
2533
3795
1255
7921
3964
6785
5934
5226
8073
7271
4497
8197
1724
3893
7118
8920
1683
364
6167
5099
198
5632
9111
6471
6692
1386
283
3612
8334
8615
3280
8804
321
8579
3221
4402
8480
6319
8162
39
6651
2875
1551
5390
7555
6039
6816
8140
4260
4062
8927
7631
4399
5128
4840
726
3722
6477
5665
338
9945
3560
1086
9094
454
7903
190
2236
3724
1544
2002
9924
3891
6099
8996
5092
1866
5255
1149
4635
5818
4128
4234
2945
6406
741
2834
9451
4398
1788
6091
4285
7544
1887
4630
5243
2661
269
7188
8345
7794
504
4077
9500
2042
8775
5800
8068
8664
1017
6820
4381
3813
2303
2877
8964
3221
2652
134
7652
2648
6828
9514
311
5723
7657
5279
2159
487
7066
3985
7100
2138
2053
160
3549
8017
607
5138
2116
2489
1843
3301
237
243
3549
8406
1011
4139
4289
1509
8947
4928
9921
49
3283
1241
6344
8623
9658
5891
8322
920
8378
5560
6314
894
2049
6425
222
2106
8523
6818
3059
9639
5393
2147
1998
9899
2190
6900
2420
9720
1028
6748
1063
155
8900
6413
5319
8019
3960
6961
1017
2949
685
2714
5488
2833
5687
4238
713
1644
9252
8652
1164
5550
9675
2001
9505
6247
1970
9067
3417
5517
3326
3860
5328
136
3108
3697
3251
3175
7574
2287
4587
444
1994
2217
7988
9937
689
7776
157
6866
8981
6523
1886
8548
4019
9597
1408
9087
3682
739
3941
222
4084
7804
2452
553
2461
9559
2756
784
8051
3115
4964
3337
9139
1274
2749
5112
9524
7983
2521
9153
3840
9779
3518
5712
1864
5220
4622
1785
2329
6996
7873
5771
859
9099
4454
9383
545
1843
2110
5294
5507
824
3618
4768
6208
2308
6257
370
8771
1026
5748
2796
6597
6631
9170
1475
4812
9736
8921
4422
7137
5386
3534
4658
1036
1446
6832
9662
5240
4700
5226
9003
4817
3577
4459
5016
1920
2566
3009
9039
8156
4092
7585
4507
3625
4215
2594
732
7943
4796
3456
8093
2853
3027
7661
1165
7878
512
3474
4860
8323
7499
6820
917
4342
3148
7296
2836
7374
7183
2590
6617
1676
9661
8592
2716
6
9095
1228
9609
6200
2217
4217
7333
3276
1482
740
1680
8125
8950
9706
7738
4208
3243
2977
9123
7878
975
2911
7462
6866
9975
3692
7519
4925
4738
9662
7782
3609
5833
6563
7489
872
484
1856
4812
7168
8271
6100
284
7186
4254
1812
9305
8308
5209
3770
912
4208
9625
2008
9932
642
3434
683
3761
7257
4250
3412
9586
113
2004
8989
7050
962
6483
2756
6477
6711
8106
4187
8057
2765
1425
464
5461
8024
5742
3589
902
8838
3337
696
3817
9831
3626
9991
443
2234
7943
4452
4478
5034
7891
6833
4233
6622
5000
7156
9399
7648
3115
9317
9266
6781
979
265
4514
7505
8093
9086
8323
3171
4222
4531
8416
4067
3488
2214
9148
7230
6774
9004
7405
3272
7978
1703
9822
6279
216
1372
5919
9576
3162
1852
2370
9173
6947
5506
6266
6430
2099
1832
8341
4956
3763
7501
8282
1015
3444
3907
3895
9107
8407
8656
8181
4114
3754
4051
6094
3183
3314
4804
8948
3756
6649
6409
6467
4294
1550
3920
3913
2257
5568
9047
5867
8100
5742
6006
9850
1091
9872
3202
9580
451
7447
4211
1702
3165
2168
6553
9699
7467
2861
1351
7260
730
5660
8446
7768
4399
4445
4725
6041
1040
1219
9035
1632
270
4011
7232
9900
7490
8641
328
4145
9056
1746
4621
831
3514
973
1972
4527
7530
2326
7067
3076
7156
9201
5262
8153
7002
2932
937
5513
1500
153
1030
9092
4085
1759
7882
4276
6514
6276
917
16
9269
4216
9634
709
8287
6011
6177
3985
5874
7443
5880
8644
8493
1496
4369
7216
464
9497
2768
2761
3208
3455
6079
713
2881
8146
8104
985
6925
2774
3219
3398
4576
9943
2463
1513
5386
4789
1706
1465
5484
6426
3371
131
409
7986
8216
8791
5043
4266
8773
689
7067
8504
5045
4723
3341
6745
6552
1741
4906
8982
9609
6300
6990
664
2143
1680
5089
8092
4869
2866
7610
3011
8419
7948
1783
5353
6170
716
4252
612
8988
2716
7353
2604
5637
10
8193
5638
6037
4358
9022
7045
4324
9914
7090
8269
9181
9335
257
3904
1103
1902
6760
4617
388
7259
8117
1881
2465
4436
4672
3070
6871
2279
6615
5848
1177
7591
4729
7629
4843
5302
1190
6706
2448
8152
6142
8197
7167
9358
2368
7056
8463
5072
2299
4790
753
3170
5404
9130
4525
9716
7815
7767
7759
8825
4457
8720
9827
9202
5929
3540
8757
7556
6747
4988
776
7485
1230
1636
5382
6943
5281
3607
5789
487
5816
9564
9527
6673
9286
3394
922
2413
5181
8427
7729
3852
4607
7775
5421
6634
425
8013
9528
9504
1898
6632
388
3009
6684
1937
9623
584
7372
9241
912
9619
4552
4374
2011
5363
884
5559
5399
8014
2110
8639
569
7170
8660
6372
376
2598
6395
1482
2110
7682
3655
3313
3427
6164
1191
7015
2181
4552
1409
5509
8809
454
9462
5454
5708
4668
2501
2773
1249
2306
4085
3327
9836
4353
7233
7916
9695
9299
937
868
958
1625
6271
7662
9108
7956
6123
6160
6815
2724
1666
976
7168
5526
9729
7512
6008
712
8680
9552
2037
5662
3818
3648
6344
2814
8166
1995
6842
5027
3041
673
8250
3130
2529
7483
6997
1953
9164
1877
2811
2974
198
5111
5634
1709
618
6548
8882
7469
309
6277
8869
5040
433
6830
2713
8478
2178
6260
3110
8335
959
4087
2550
320
5594
7076
1636
2834
29
6519
3994
5059
8256
9951
238
7548
7585
4561
3692
4114
2777
2560
6833
9270
3886
8050
2549
7341
655
7435
7947
8991
7261
3153
9164
7469
3241
1294
5018
2733
6867
5909
9074
458
1579
5051
9803
4956
7759
8173
2422
8219
348
4198
5933
2958
9189
2698
2003
1024
610
1710
2558
4419
8827
6997
1617
8556
4252
1033
8655
1065
3639
327
1345
3155
3948
6543
6730
8303
3341
4083
2944
5237
5906
7670
692
3885
4072
7174
9876
6141
5364
8491
6941
1715
742
9833
1546
2599
5669
717
3568
7431
5724
803
7159
901
9015
6200
2982
3821
5494
9158
1970
7
2625
1952
1768
3760
6198
3553
62
2144
3209
6014
8221
8156
5242
1189
6091
4479
4543
5872
6309
3378
7045
4971
5602
3448
8678
1679
9526
3758
5977
8435
4405
7760
2258
6867
5410
5098
2792
5596
1778
6583
4783
1487
1608
2624
530
7824
4768
3490
435
9237
5183
1195
6439
6683
2724
5707
5951
3066
8476
343
8025
6265
950
7175
1675
2050
7585
2210
8449
6378
7176
7478
4103
5765
9012
4825
1290
7976
2604
4224
3322
5597
1431
7701
3194
1618
30
6155
9014
5962
6086
2532
2223
1045
2028
845
9341
6703
4907
1572
6568
2210
8851
6283
5896
2198
9429
3279
8645
7271
6392
3057
8588
4837
660
7678
3410
7102
7818
9367
6460
1995
5454
8481
9779
7504
3563
1635
1694
7287
8519
5012
7444
3132
5205
2255
4450
9779
639
4840
6520
4073
4767
5645
9785
1710
2102
67
3777
3353
5495
2671
5682
6975
9140
6351
782
9538
237
5585
119
1040
3947
3817
519
2851
3170
6376
92
1331
5098
7963
7346
1791
850
9451
3715
5813
6457
9653
2142
4908
9910
8254
3633
9722
3458
9242
2136
2159
2558
7302
3941
3577
8350
6024
3018
9074
6925
6325
1218
3831
1815
2864
3805
8471
5467
6595
5434
2030
6148
2008
7703
6976
5283
5266
645
6334
8421
4401
7085
7017
8385
6865
7878
5540
5224
6524
8372
9461
9371
6424
9504
8063
5810
1502
3531
4223
9730
6047
4629
3213
5592
7844
4737
1808
4512
1340
4062
633
8525
90
9843
9502
4209
9039
615
8049
8443
1747
646
6604
7465
5952
5517
8192
2081
8224
2515
6184
4121
1425
3903
6781
66
74
5607
9384
3907
1072
8755
8256
5989
4419
4295
8623
6916
8311
6913
7687
8628
7908
7516
4009
9991
5021
8847
5589
1622
1809
7146
1306
2765
1013
6538
5258
1141
8274
698
9249
7060
2414
8028
749
8059
62
9751
9438
8617
248
1652
6665
6396
1992
7575
2564
1069
2529
5479
8884
1203
851
9582
7047
2260
3659
378
1214
6637
6363
1975
7936
2119
5672
3562
6401
3208
7075
7089
3059
6547
6450
9258
284
5106
9750
4168
2544
5264
851
694
7142
316
1865
1569
1889
1164
2799
7157
1369
7896
8076
6291
2764
4743
9921
3149
8040
7701
8282
4121
1804
3181
7523
3097
2273
6207
2328
852
8365
6922
388
2385
6320
5033
9196
7101
7900
7727
1016
3093
3954
2335
4039
2932
841
1617
9875
252
7494
594
82
2418
9009
8960
4591
2931
1915
6615
2873
3643
1094
3120
3732
9138
5099
9832
9624
6845
6639
1403
1259
8731
3680
2497
2314
1200
9672
384
2522
242
5484
3392
408
3235
2640
7348
9868
2772
5247
5299
6488
131
787
5652
3545
326
1405
6981
5187
7246
7536
8890
3692
3188
6001
2226
7253
5765
5156
9870
4601
5842
5923
482
9891
5478
1044
2368
8513
9652
9959
7360
6832
9405
520
4977
1156
7508
1468
3713
7623
1884
5562
3368
574
2200
1891
9591
7814
6193
9024
1333
772
4085
1377
7546
2852
9407
3118
2603
1285
1020
3486
7293
3894
4370
5019
744
7620
733
8319
9344
2116
1248
5229
930
9952
6379
3720
5512
5007
2046
9816
9950
7289
3019
8425
810
1800
8432
6548
778
4979
8202
5493
8930
1430
3045
8264
4271
4294
6789
2881
1906
1572
8565
1913
7705
7105
440
8377
5104
3742
186
3406
5861
9848
5489
4231
6825
3694
5110
6600
8202
1277
4567
2103
2280
7595
1726
9391
9793
8058
1689
1153
9895
9931
9748
6938
5494
9934
8746
9688
8305
4650
9411
493
1040
9752
2675
3120
2790
248
8229
7865
8588
3996
1199
283
5957
9761
2738
5136
8661
6636
7311
6717
8545
597
6857
9144
2434
7179
364
5515
3554
2349
3190
1267
8525
7534
1228
4246
393
3662
4710
688
3921
6112
1156
9311
8447
6152
5097
2149
119
5530
4625
9374
1539
2498
1045
5037
7623
9891
6366
2050
4108
4165
1336
2668
9868
7134
2181
6933
1428
1388
3656
8246
4082
8181
4815
7157
5206
9994
4214
4295
9141
7726
4616
7381
5773
8730
3430
2326
7743
8362
7456
2672
4016
7433
7975
6078
8773
3182
2987
9449
9802
8737
9504
9533
94
914
7041
918
7616
5380
8007
6106
4231
9087
1659
2269
1947
3322
1291
6413
1216
7341
379
5121
2235
6292
3530
6091
4973
3436
2361
4964
4642
853
141
5196
9771
9459
6587
6509
3215
6391
4978
5521
6058
5252
8949
3562
1107
5435
2990
9752
3872
6454
9653
2731
8016
9372
6643
7895
116
3274
21
1780
2097
8916
3341
4117
4385
5042
8838
6208
9719
9292
9167
1963
2830
8738
2987
4120
261
8908
6613
695
6411
133
9476
2825
682
6444
655
7686
3128
9734
2962
9575
8239
1196
4670
1973
4262
928
6976
8946
5719
199
5407
5339
9408
3972
7015
7262
7936
8482
4457
5732
5132
8771
4310
8146
8157
5449
496
3165
7361
7382
1277
5707
8501
7653
6809
2938
5638
8231
6330
2775
6029
483
9262
5078
5150
4865
7989
502
9961
1665
6680
6226
2604
9169
5393
1022
2007
5383
8945
4852
5809
3017
1300
2233
1603
2776
6492
7969
5634
905
1625
6654
1721
3710
8175
9551
9081
66
1206
9960
1767
5315
7675
6791
2741
9672
607
8007
5175
5966
2457
2298
1605
9340
6776
1925
5095
918
51
2799
604
3298
4497
77
5747
2015
7921
5836
2474
548
7401
7877
7748
2240
9092
9997
7724
6723
4664
3865
2655
6156
3293
4809
9938
6952
6025
6102
2795
7323
9671
4904
7988
9321
6111
5481
9815
716
7030
1906
8632
3116
5805
219
9882
9555
1925
6225
7364
5047
2034
4661
707
8287
5084
7435
5166
4904
919
8173
7169
2674
6003
1139
9137
3865
8287
5113
7775
9421
7040
1833
1512
3582
8806
4304
4136
3605
6947
4966
2901
5847
2730
7272
7092
8150
7688
9751
280
6267
1771
6310
1267
3313
3044
6971
2618
4610
2061
8698
2195
2061
1447
844
9660
3535
9195
5055
5536
946
7002
4106
3587
2134
9622
8622
8541
2560
1911
2241
2306
3903
3471
5027
5806
4916
9495
1383
7038
4004
2235
2002
6992
3623
8025
7749
1059
5482
3899
3646
4780
6459
424
2733
2972
8467
7903
3089
8877
4790
5787
7120
2115
4103
177
3534
6843
8331
2517
3772
7379
7794
906
6451
3483
6
1285
2186
7720
9432
8043
3264
4551
2254
1851
7715
7270
115
9894
3073
4004
4050
2230
9842
7279
319
2228
4986
9667
2171
7512
7729
6863
5348
6250
7822
4310
1459
4139
6068
9395
9443
6148
3
3436
4671
1119
88
7236
5806
3813
1306
5569
1864
518
3529
653
607
770
5770
505
7234
4481
8371
5821
8922
1858
4916
4223
4243
9402
5183
7681
8943
5615
3545
95
6510
8968
4478
1954
2303
9087
425
2465
8243
7310
5649
7426
9366
4233
259
9694
4347
6380
1500
3410
1404
8377
9203
5693
6742
721
5948
6185
8864
1395
7375
1052
9943
4340
4560
1669
553
466
3602
4903
8710
9201
8954
2042
6454
4239
8985
1447
7577
212
1232
7582
2017
1299
1880
4055
260
5644
2401
1412
9681
1467
1045
3461
9699
136
4020
7963
1565
6472
4491
9822
4752
7499
6929
9876
1785
9132
1489
4486
2923
4826
4759
5730
9629
7516
4751
5728
882
1993
7416
72
6651
4612
325
3537
4454
1122
6650
9180
4896
5444
4874
1702
6206
3455
361
2861
4329
4240
9684
9075
6161
4984
4738
4770
2181
2568
4938
6620
5722
3060
3139
1259
7366
169
8689
1237
4074
1609
3866
4617
475
6486
8239
3869
1865
7878
8514
1137
3774
2803
6279
4044
7750
6122
1970
3054
6384
8052
7043
6574
9509
2078
4440
1774
6416
9933
3061
1408
7883
22
3478
4090
8295
1990
4635
994
9922
9136
1878
3621
3388
7034
3369
7674
727
1912
4713
7138
7372
6213
1685
4027
1995
3563
3321
1317
5385
6167
2937
6700
7571
2740
5140
8260
462
5190
3557
3640
2128
2378
6929
3995
8362
830
2154
1881
172
3211
7373
383
7878
997
1487
2854
3004
4483
2946
2788
4248
6926
6061
5175
7772
9714
264
3670
9886
6552
4150
6762
4072
4517
392
4796
5275
2859
6630
3760
7826
2094
7703
3383
4433
9877
5502
625
5338
3017
2223
5696
2008
8673
5283
2531
5554
2021
7907
9547
1064
3538
7525
5809
5178
7188
8303
2131
4473
4908
3158
6407
2103
7351
2234
6210
7621
5800
95
5882
9275
4910
2031
3183
2099
9857
9576
4341
4286
2345
5324
7649
7951
2612
2156
7378
3566
5227
4319
8647
1768
3031
6904
884
427
1414
3106
4671
182
1664
4523
3237
5226
3910
4342
6662
5129
4873
9662
3009
1991
2870
9083
2820
5704
7415
9948
3742
7829
9844
2681
8080
6440
8
6983
751
377
4657
288
7383
9786
3625
1465
1119
8939
3987
5216
6822
7276
1012
2544
6371
2994
8788
295
1183
8041
4315
3438
4113
990
9348
5296
5595
6230
8862
2586
1895
156
2660
5323
3100
7022
6253
8168
9692
4261
3292
2175
2683
311
9244
3332
8093
4009
1796
5347
3849
2118
4415
5677
6733
1422
3921
6629
2795
5723
2725
9095
9724
9896
7283
1051
5838
6557
8275
3114
4874
2638
1835
1632
8482
7512
538
7412
2163
9637
1694
5549
5625
5227
8517
5888
389
2500
2932
5861
4531
8555
1402
9838
2881
1431
8541
2661
8515
8691
8811
3481
4108
2982
5274
4666
5169
3460
2674
2058
1927
7025
9479
6773
2308
3987
7167
6556
1859
6414
2941
7042
4152
1774
6723
2962
2099
7006
9042
60
5908
3866
4797
21
66
3868
5881
2555
5735
3747
3450
2601
2493
133
9976
5594
1330
1816
8702
8116
9512
1284
5019
1195
9433
651
3742
8215
990
8835
4872
1879
5314
5369
987
2024
2206
2049
6205
6884
3716
9436
2746
3345
8924
2805
6825
1465
5386
2103
4709
3091
1832
9819
3083
7522
7460
2226
4314
6085
2616
2668
6647
9819
5330
6131
8558
3654
1657
1402
3545
3043
1584
3676
3279
144
6740
4747
50
7179
7115
9793
1974
7738
498
7045
1891
2842
6437
6813
7753
636
1811
1921
2873
9107
6347
5838
1129
1666
5802
3078
7972
8125
839
1886
1711
3276
3005
2858
1437
2892
3594
8005
8114
4847
2902
1744
9080
493
754
4021
2500
5111
6371
1257
2833
8290
381
3869
8601
8340
4196
8568
8574
2987
8036
78
3832
2998
1332
6063
6047
519
1910
5436
6003
747
503
8292
369
9250
9372
5373
4023
2619
987
3140
4647
59
4624
8057
7310
6059
7508
6357
7942
9204
171
8470
5070
6401
124
6488
9540
7497
5102
2222
2114
3785
7739
3162
6992
3282
452
5655
4687
6295
7706
837
4954
7869
1903
2236
7346
2858
3358
8675
4684
4392
65
6926
9756
7421
6507
2339
8577
6264
9669
9739
3644
3949
2104
1087
9561
9453
9486
6445
4526
1524
4937
7405
3755
4846
6949
3513
9693
5419
94
8073
6014
6522
7937
2222
7778
1714
3616
5723
4685
1479
3028
3465
7791
2285
5586
7084
6602
752
181
4705
3728
3623
8443
8138
5842
8396
4735
7095
3859
5040
1922
3449
4538
2770
5803
2950
5445
9162
1678
4455
9144
9954
7290
2333
4920
2409
2666
4621
9543
916
8527
8285
3057
2694
3494
2919
6405
216
3074
4790
5838
1052
7765
7703
8968
9340
9756
1497
3899
7046
1026
3193
1494
9639
9418
1572
5881
9184
159
5622
2609
3677
8063
5041
3084
1766
3839
1013
1336
7472
8744
3119
7350
3951
8406
4854
1255
8942
6123
9573
765
9600
9929
4986
5558
9442
3622
4694
1863
9482
1090
7586
566
8907
3662
6732
2693
1693
1059
4633
1920
4834
1609
1466
8103
1504
7268
1109
462
1967
2309
6960
1356
8343
4490
9719
7097
7537
8302
1068
7237
8918
8263
2648
4260
1888
1525
6742
2725
9980
5403
540
9648
7735
2323
624
4206
9633
1397
9915
7978
5523
551
3681
7910
6680
1688
2422
2244
1985
1143
9292
9551
7078
6847
273
1345
5860
4058
6954
422
1829
4851
8030
2071
8104
8897
2822
3926
8380
6185
701
9421
7349
2251
7596
3639
2598
8573
9940
6079
4943
5593
8811
4023
6545
7962
4223
8455
1575
3551
9156
7672
4567
7342
7623
2886
1958
1237
9025
8350
4855
9647
8476
8690
4582
5316
6618
3800
5633
7271
6216
3986
5104
5545
9825
5927
637
2689
6142
1233
3867
3745
4043
3946
4803
1831
7676
1740
9674
2251
4750
6581
9817
7258
3201
1829
4102
5900
8628
5481
3011
5669
588
409
7956
5508
8427
2487
9936
6754
8859
8475
6696
7431
2277
7015
201
6630
3903
8077
2740
7905
8582
6301
2542
4593
5319
1364
924
677
8844
9730
4296
2590
9035
7749
1308
2668
5660
6885
8580
1091
3999
1159
8734
3252
7750
9339
5121
9989
9416
5762
8020
8313
3638
9454
224
442
3066
9290
4784
1388
4874
6707
9514
2593
3576
9083
6455
910
5516
3644
5243
207
275
2238
4573
4587
7643
9419
1877
3510
5606
9616
9878
3425
7543
526
9829
5356
3902
5595
911
9704
3436
6816
8731
723
2809
721
1588
4436
9812
903
2794
329
6660
1353
5381
5267
5
9491
6040
4060
5633
6453
2246
1647
7850
1909
6628
7745
5727
1960
2473
659
9157
82
1352
2150
7819
5233
5730
188
5636
8650
3723
5169
9224
6322
8215
8995
1957
9377
6560
3135
4276
4895
3890
7386
9256
1759
5534
1823
9801
7712
6926
6620
9609
7133
1049
7878
593
3249
3808
4285
6674
2787
9339
9745
1490
8803
5704
58
8011
7849
5813
2051
4091
631
3975
8816
7205
6882
3839
7317
5229
51
9231
8483
64
5311
453
3534
7528
1193
1310
2403
4610
3327
1382
7588
9591
5017
9501
5001
129
5325
4910
8445
3303
4858
1247
6702
5372
4797
6477
6671
4367
1576
5139
7718
5586
1028
9278
2462
7480
5320
2675
415
2547
9516
339
6526
5476
6182
2629
6878
9675
6078
8885
4799
9487
9194
249
5410
7182
7251
7640
4282
1984
9367
6648
8890
5602
6741
9637
7534
371
1876
7893
7563
3186
932
8996
5877
5312
5760
590
1272
1510
9786
7378
4161
36
8538
2312
2152
3808
8431
9562
9857
5693
7750
1671
5388
4115
2279
4944
9955
9657
6091
9566
410
2947
7164
3733
5017
2797
7099
1747
6589
8143
9685
8359
5057
5964
2110
3140
9931
7957
8243
9577
7536
8235
2221
7635
3898
5071
2228
7138
8909
8125
195
6844
9141
6671
473
5131
2630
4426
9003
1222
2593
3823
476
8006
747
8436
31
1153
3042
6618
8917
5273
5495
6528
3152
176
5051
5391
3569
1471
4163
9174
5036
3604
8736
7635
8659
9225
3049
5900
1677
8581
1010
1357
8806
4212
5343
2996
1444
9681
7437
9092
1160
8669
4453
7025
8485
5091
5584
6560
989
7361
187
7552
457
8040
7936
424
4079
1404
1999
5752
6272
1242
5930
9226
6278
1577
4176
1826
2559
8474
9927
1919
3427
8866
9050
6493
6098
8397
7686
9380
451
3173
892
2691
4559
5186
1115
5626
6423
950
6182
7601
94
6215
247
1065
6103
3042
5132
8047
657
3520
6573
6747
9762
4694
1836
6740
8043
573
7533
3253
9701
9046
6331
5667
8358
2766
9019
2519
5267
4194
5544
345
2096
1778
7353
5841
5166
1034
9399
4528
3769
4285
3539
519
3644
6863
6998
8845
5848
7500
5464
8076
880
5137
1141
1257
4164
7131
7178
8931
3380
9610
3391
8753
7438
6703
4687
4301
5488
6814
3689
5287
6007
8845
2725
5551
6830
6810
4763
5378
8126
4095
4510
4846
2089
561
6710
9765
1180
6971
1991
969
4587
9149
9140
4023
6208
8762
1788
7512
6710
8572
680
2979
1849
6768
1911
328
5759
6900
2261
9965
4485
6771
4257
5637
7759
6151
8809
7959
7522
132
3675
6928
7806
614
7313
7582
7006
4735
6965
306
9355
6547
6308
6863
4171
1402
1003
5832
7073
9121
2181
392
1879
1314
6419
3371
2777
8868
6124
8138
6760
7332
2079
7387
9772
6962
176
96
9376
3600
1986
6321
4265
1122
2779
3002
1096
4757
116
7907
9245
6257
2584
2510
2322
5090
4990
5173
6690
8681
148
3590
1262
6203
8897
6788
9468
4671
3121
6668
9570
9453
4319
1517
3767
385
2368
1462
9877
8923
1494
382
617
2637
4634
7086
8547
5030
8268
2847
9020
3412
7887
6774
302
5705
5370
9036
2448
2123
1917
6482
9372
1802
9241
1953
6613
7799
3573
2093
9252
98
4527
5593
3227
7312
7401
4920
6927
3354
8199
1767
9013
1029
7374
1136
8314
543
2046
2715
632
949
7530
5699
5876
6585
5156
8657
9731
2333
5065
7136
7167
9634
7653
3044
9978
2477
4107
7192
5976
4122
4330
9887
7525
3464
9296
9113
5009
7518
1805
4904
5878
6508
3608
9482
5962
8095
2652
7182
5460
2471
1715
9630
4426
7861
2643
6360
3534
1285
8488
6240
1278
9817
1671
2325
5963
8318
1656
164
4116
588
277
217
4576
3036
2390
1245
1847
8584
330
201
6773
7318
6802
7760
388
6339
8614
1042
2346
6581
6985
1889
8342
4473
9549
3031
965
5227
7162
6188
2360
3236
7195
7177
319
6563
4412
9227
585
2371
413
5525
4487
9447
3070
3179
3227
6603
9773
7877
96
2644
7711
821
8730
704
941
8948
6325
3168
9877
4523
7293
4376
63
487
2356
7504
6121
199
1245
8248
2019
3082
5
6127
7135
1497
8318
4171
4183
3924
3299
1287
8616
5155
5449
6005
6371
9987
1718
408
8687
1083
4819
4904
2519
3192
3752
9326
6353
768
6487
8240
8058
5498
2080
1860
1297
9706
9264
42
6027
923
2152
50
2784
5879
2290
1830
7929
2209
5632
7331
2335
9703
4643
3143
9899
3569
4245
9955
9204
7487
4662
9516
8000
4304
4890
3935
2284
2594
4322
2545
6925
3254
3665
3081
3380
231
3941
1859
5376
8206
9317
1090
2956
5288
2484
8147
7551
8818
4796
1379
3188
1543
2598
5088
2347
8715
2463
5646
6667
539
559
1433
7842
7521
8063
8713
8504
5068
9464
7056
6343
2494
3002
2020
2466
5557
5089
77
6125
3569
2808
8691
39
1285
162
1911
4535
2517
8441
1846
6176
8041
4021
7070
1302
4638
7330
9792
3077
72
9969
406
7301
8847
3695
5586
3258
6286
5462
2470
8101
824
7191
3090
3117
259
3752
631
1163
6243
983
9494
9071
23
7013
7785
6482
4800
6917
2760
6423
6170
891
2863
545
8980
5506
9277
278
5559
7569
11
32
3768
752
3979
6823
974
399
4951
7227
5536
4675
5437
2342
1585
1924
7783
2961
3567
4980
8639
3909
9978
7523
2442
9459
2802
1800
6126
1553
8548
9353
3663
5971
6086
7864
4685
9086
8625
5009
8317
7302
6730
6331
7829
3737
2029
4079
2296
8360
4316
2276
1621
5513
728
3095
3341
3175
9564
8526
4003
1541
6217
7951
6135
3106
8886
3447
6966
168
6395
7373
5292
3595
665
2110
8954
5052
6030
9303
3129
5431
6986
8932
2059
8238
9424
5412
5020
398
9795
246
4817
6208
3867
6162
7622
6022
1126
8436
6129
4958
9304
7146
1480
4648
4692
2610
1666
332
6031
4901
1180
2477
7311
8437
287
1349
5604
3134
6292
7185
5283
1033
2534
6707
2645
8391
3086
8889
8433
928
7809
8638
2378
8602
2016
1896
9349
5411
1233
7482
5181
2940
3750
9273
9521
1637
752
548
6622
9165
5800
5786
3643
7647
8833
7733
6534
6650
6973
5623
1864
1197
7803
5007
4859
354
8953
3138
5309
7429
4437
7166
1170
1270
4847
162
7707
6357
3509
4678
8644
2797
172
7314
9209
4672
8998
2921
9354
8998
2691
9577
9806
9122
3659
1471
3821
3857
2238
1905
3517
2308
1820
4319
3737
7305
651
2519
7267
5903
1751
38
3670
4642
8777
3100
2555
5548
1071
6731
4230
2116
9642
2763
3618
1255
1168
8469
9691
9836
8399
2804
6257
4680
6286
6553
4330
5096
4664
4670
3003
7796
9750
5684
2353
7621
3566
4805
3953
1539
4950
8166
1117
1723
215
7148
5600
9748
9215
8816
1824
3017
4982
4679
6976
6528
9989
1781
493
4538
6121
9460
5595
5297
1771
9762
6618
6591
9326
7572
2612
3295
2879
4518
3713
7394
2529
9507
7412
9779
318
5236
2415
6361
9217
2734
2891
8082
283
4595
4900
1551
2202
9322
3756
6770
6214
2106
6014
8057
6014
7461
988
4044
9807
4279
1227
9783
6299
9130
8034
893
7370
5242
6782
9504
1645
5620
6224
8001
7069
8109
2835
9024
932
130
2500
8447
5461
7738
3430
6617
2559
6746
9605
6865
6625
7849
7838
7882
7556
8999
3153
3518
5991
4408
2905
9312
5770
2130
2556
3220
7458
7683
1116
5884
6281
2427
2427
4910
7732
758
3329
1663
9162
8149
336
720
5993
4025
7645
466
9561
3179
6573
1497
6205
908
9414
4661
3497
3551
6903
4846
2233
7059
204
5289
3517
2893
5880
673
2297
6431
6226
5823
1206
6531
161
7585
6130
7226
7608
6354
6339
4183
8827
7952
8320
2754
497
8154
4157
5420
3452
6600
8744
6874
1302
9011
8855
3273
269
2583
958
1301
1322
8510
4325
256
9730
1043
211
1841
9000
2933
97
1970
460
8207
5017
4146
4221
5690
185
2249
6980
5805
2552
2103
4375
600
2460
5073
2149
6378
7021
8170
8517
1080
2138
484
6385
6832
4076
8281
9006
2145
9207
9856
8583
9860
1107
3359
9609
9815
3579
3624
9113
2482
1960
5866
9016
785
9044
6301
7523
2943
2683
4935
7569
6417
5962
6866
8723
3410
7073
9032
8515
1412
6646
2425
2942
7185
4078
6804
7142
8980
7653
1343
4572
8077
6405
1640
7344
3085
1197
7608
8592
2420
6641
4744
6251
6082
4392
2075
5159
7211
3321
4603
9957
7418
9080
2946
6819
5352
4688
2315
5866
9145
2348
7216
8988
9280
8063
6493
7370
3977
6068
4411
1428
8883
5539
735
9785
2789
9206
2319
6248
8198
9044
3548
6129
204
8801
4521
6367
2092
305
608
1961
957
4144
4541
4312
1097
7042
5069
9864
8387
3871
4256
6572
7523
7648
1245
3972
6613
6866
2166
3811
66
2490
611
238
2680
9990
3025
546
1956
7205
1178
7549
7488
5057
6825
9431
6354
1696
1576
9617
9149
198
8203
9004
5614
6872
3935
6810
488
2839
894
8555
4850
9443
1745
8267
1074
6418
9184
5186
5526
8086
7121
6830
5187
3519
399
8031
7025
1687
3295
9763
5836
3210
5020
993
6683
7131
1006
3922
7054
8820
6434
4095
1241
708
2216
1650
6258
857
157
5718
2398
1564
5846
465
2478
5488
9894
6720
7889
5691
8819
3892
7123
2365
1243
8198
6930
3330
8290
5767
7850
8757
7730
106
2616
7507
6168
4719
7597
758
3022
9389
3328
3323
4017
6577
9756
1336
829
7399
9634
3186
4495
8948
5581
1352
4221
5845
3871
4623
7532
5884
1239
9421
810
8967
436
719
4724
5668
7593
380
878
8605
9194
9031
4770
5605
8839
4034
832
9857
4461
2645
7457
3264
7420
7416
1039
6153
1774
1489
5622
9244
5230
8223
6611
735
2182
8275
5360
6297
4535
2778
6085
590
6094
3451
2871
2674
7853
3478
4932
157
7880
8860
3304
2224
5150
6657
4572
152
2390
1676
7102
3462
1619
1103
7396
315
6384
920
5906
6354
4008
8851
7794
8554
6329
7219
2876
6189
7516
4240
5581
2524
7708
3872
2138
3485
3136
8293
1734
7470
8547
3927
7895
2389
6889
4482
1133
4184
5167
9314
9827
1160
5159
898
3798
6876
2067
6489
9583
3631
5273
9844
4943
5843
5446
5403
6001
8516
6121
903
1796
3575
2730
8329
6263
82
6998
1177
8136
7190
4883
7672
6809
8599
8063
7628
7326
9655
5079
3227
7103
1961
9215
5784
4785
3189
2037
2572
5448
7580
3969
8405
186
8535
6155
7170
5528
1380
6092
2302
4808
717
7058
6734
1810
420
7822
6731
6347
6445
7932
4472
1010
9912
6867
3560
846
9232
4125
1815
8708
3817
246
3701
5117
7846
2501
1304
2444
4896
3130
4812
1313
7985
5223
770
5297
8708
7458
2755
4458
414
6499
5331
294
6704
9023
2944
9911
2723
4570
4941
5386
6474
4982
9073
8519
2498
8392
9663
587
3759
6333
7014
5177
9586
6908
5283
2236
7245
8855
9921
6457
6866
7471
9173
2546
1475
7785
6198
9451
3725
1272
3094
5519
5464
3581
613
6914
3390
3017
9431
6927
9747
8547
5219
1967
2259
9847
7781
7781
6225
2467
3854
2497
1187
5905
4205
9495
360
2753
2505
323
430
3125
8584
9391
5186
7091
8931
2115
105
3007
6582
6566
8693
1756
7451
8201
5181
8753
3136
4759
6038
8935
887
2330
7547
2178
3523
3614
3271
2223
3717
4594
940
4089
1121
4420
2133
1412
6403
7978
7517
4059
7177
1555
8440
6848
7100
5636
6253
587
6124
9263
4271
5790
9039
3388
4936
7732
7031
7467
123
1297
8992
708
9755
7221
9740
2475
764
470
4075
2751
95
5221
9502
8443
5470
3701
8269
208
6346
7738
4708
2157
5439
5858
1223
6373
4011
3760
57
5863
3096
275
7096
4109
1168
7926
8021
8548
3204
6887
7565
400
8797
1981
3431
3236
4536
6906
5946
6980
8653
6783
8848
159
714
1974
2358
2261
5661
8871
2691
7819
4561
2484
2728
6034
9302
2346
5834
9039
7310
5550
6933
1066
2155
6818
5064
8298
1863
2996
4500
2147
1322
3640
1206
7132
9300
3685
2037
4780
1952
939
1466
6336
4199
4753
4241
8217
2137
6905
1383
8902
4658
7163
6547
940
6020
1356
230
6981
2
8897
8864
4456
6509
5741
2818
8878
3429
6514
2142
6037
7150
702
3001
5300
7563
6840
4776
6446
9840
680
7422
3901
7456
7754
4507
9806
1520
6416
9670
4901
4852
1061
4918
4570
4014
9888
1004
6885
7794
2615
7657
5656
9541
576
5233
4587
1037
5337
8327
9010
2665
766
2052
4562
3102
5902
3735
9614
3115
1733
8673
3723
1789
4120
4618
1839
3887
9060
3681
9736
4754
4020
9951
7091
8684
5566
7576
6130
1296
809
3796
8290
9324
7641
7501
7371
1407
7816
1618
7509
5147
1509
3242
8633
9022
7845
1321
3829
6219
8747
5339
8790
9053
5485
792
9532
7303
872
728
3499
9098
7895
4458
1570
3712
4168
3192
4754
8979
6513
3882
620
7192
3114
5374
9678
9743
8709
9332
2656
1073
2639
6785
4602
2731
4335
8771
6826
7190
9017
8236
3868
1723
2389
341
7898
2711
2414
7020
9310
5489
7678
8545
6102
8933
7305
5903
5496
8150
3390
4123
689
2020
8405
2453
8100
1067
6128
9268
5901
1975
2802
2090
3450
237
601
6738
382
5211
3500
1854
2120
2417
8626
3477
6906
5227
6201
7616
2576
9771
4058
9075
2484
174
5040
5410
4942
8512
2895
2122
6391
4540
8611
2056
1338
5253
8386
1284
1464
9107
8463
2521
1018
4907
7984
5684
9377
1334
4315
7241
5045
8522
9859
5117
5141
7053
2320
9376
5620
6238
535
4018
6342
3900
5996
447
759
8891
5050
4052
1876
6571
2941
185
3842
5193
8796
3201
9210
7146
472
1669
7710
8383
9485
6299
2296
8882
6858
8707
3491
8226
6315
3101
1367
6841
1973
8723
4050
3402
4344
3631
470
3928
5383
7954
2625
2026
9280
5755
5670
8444
6860
9089
14
5754
8853
9862
5081
7481
6260
3882
7285
4351
8902
1735
757
8287
2453
6339
710
9462
2709
6868
161
8847
3700
9778
5810
2033
3253
6609
6391
5472
9832
4932
5071
1349
6292
5504
6173
7586
5265
5912
4571
2345
2539
3105
9412
5256
4444
7862
869
7650
6684
5489
4880
7662
6054
930
6118
9975
8321
627
2003
3192
209
2020
768
3564
4863
1892
9696
6208
1085
7376
5770
9165
5137
2378
1375
7671
1280
7268
9562
6945
5401
5247
5177
2939
1231
9783
979
1671
5705
9390
641
608
5304
4566
2840
2344
2607
2812
415
1296
8150
5471
6909
5312
3
9389
340
1167
8220
4133
2693
5441
1341
1487
5135
9842
923
1602
8946
2560
3297
634
8636
9403
7295
4297
6221
645
8990
4585
1640
9270
7545
1334
135
501
1576
2646
9215
6873
1577
2668
2863
376
7258
8817
406
9690
5108
3686
7200
9751
9674
3300
9046
8406
2943
1323
8560
7047
3742
6912
3743
8519
8535
1281
6550
2669
9260
1130
7275
7623
8825
7839
6917
943
2142
8117
503
726
8464
3926
9974
4629
1428
7482
5148
3014
9702
2799
4157
1603
2019
8889
7194
2354
1705
2521
6679
8316
1850
9781
5592
5152
3054
6660
3125
979
8352
9408
2630
6485
2956
1476
856
7514
1219
7228
329
1409
7591
3460
7896
9986
3310
7138
4125
5039
5709
4001
8347
2533
4455
8583
7663
5409
2395
121
2197
1408
6396
5759
6190
5061
7910
1888
3241
372
5205
6190
8599
903
485
4457
6674
626
1055
3431
9502
6084
8289
2135
7941
1337
1905
8420
7974
2133
7230
9731
3046
4674
6792
78
5132
8445
9635
3578
5827
8745
1271
3329
5104
8358
4964
602
567
9710
3823
7047
7244
1570
4005
9787
4973
31
1684
291
5731
3249
8664
6598
333
3986
3222
2930
9158
2211
6594
9536
3718
3003
2056
1315
6103
9081
2854
3024
9495
5713
6239
2881
1431
4924
5178
9283
4501
920
5785
1616
8470
6877
8015
7950
1410
2062
9949
7655
5996
2424
1660
785
9353
699
669
9143
140
1630
3859
4167
3463
6678
258
3956
7451
4248
4542
520
8350
9162
5267
8729
8926
8612
8813
7780
7591
2254
2701
2682
6260
3512
6711
6905
9320
3391
9949
5722
2109
9984
6416
7607
2254
903
9948
4323
5027
9457
2756
5447
7077
4906
2464
1441
9591
3173
1882
3741
8717
8113
8279
410
3422
7982
8128
9764
1720
4749
9760
8517
6022
9455
8705
9467
3273
1805
6198
2954
3882
4404
3633
8832
6088
8481
7947
7153
7472
2225
5867
5846
7096
1837
1588
7904
8420
3171
9305
5425
4282
4273
7621
4050
930
4522
4946
4219
9117
4431
7219
1180
1034
791
5168
8974
5308
375
40
1822
17
2582
1816
6298
314
7252
8332
835
3994
9984
3778
7580
3878
71
8388
8989
859
3550
5776
9375
8442
9009
2219
6017
300
1251
8071
9342
963
874
1120
8852
6995
3168
2612
7371
6886
9599
6438
2635
6540
7838
2780
9666
2840
1925
5237
5865
1187
7950
6063
459
8907
5978
2658
1021
2315
7549
968
9149
8279
3812
7185
4771
2817
4325
8628
5562
1919
2370
6851
8795
5718
3702
5319
226
3619
9495
6665
3641
7273
2415
8807
2861
2417
6359
5568
969
3522
8860
5444
1720
8569
4429
3530
6201
4059
7000
7966
7395
3016
3158
2346
6555
852
3375
8497
947
9154
268
9994
6978
5411
7785
3874
7736
9298
2138
1225
6807
2903
375
7370
8593
6856
4542
7496
2026
9363
5904
6532
7345
7230
340
313
2101
947
8498
4503
4616
4226
9768
2120
934
2623
4323
6763
3803
3877
4252
1736
8484
1776
5196
7214
2146
6990
2672
7225
2887
3397
4766
8227
3063
835
9765
7739
1993
3346
9938
1767
5395
8827
7172
6218
8458
5314
6421
4777
8590
3255
4139
3195
3289
73
9316
133
3363
3879
5080
3543
7975
8251
1141
4997
9019
7524
5207
7634
1968
5733
8516
4378
1662
3077
7768
3804
6499
3088
6628
6600
6786
6524
5623
5237
1321
1482
9463
782
2965
9472
861
8769
3331
498
2612
2536
9370
1837
4401
6368
1509
4051
1930
5084
3703
8916
3308
5265
8883
8593
9078
5584
4631
5406
411
5353
8212
8541
1395
5114
9566
8647
4679
6098
3094
3208
9386
6057
9421
4158
2334
3353
750
7859
4251
595
9904
6062
4039
7297
9707
3525
2737
7102
5437
3842
7914
8406
2440
2499
8184
3742
3642
2435
6299
4147
6762
1219
289
2315
4457
6180
6359
8299
2968
1626
8227
3019
9426
4797
675
6841
3365
8586
2546
1250
5282
8936
745
7842
7016
2470
7173
458
3335
9527
6857
5404
6828
322
5424
570
1307
4894
3099
1820
4656
9074
1706
1549
2894
1946
2451
662
7404
7164
8913
9616
9578
5460
9436
1430
9374
4108
8871
2047
7430
4591
3539
8852
3214
6765
7554
410
9211
1049
8583
600
4396
6419
1167
2419
6507
7985
6538
1027
2543
5478
4303
9378
8264
6583
157
3363
7793
6818
7336
7453
8855
2466
4219
4217
3719
7244
8598
344
1409
7420
7617
8720
5085
3246
6236
4198
7976
7742
5687
6188
6252
1203
4088
6179
4284
9945
7166
9013
4380
4251
4995
219
5075
4933
1142
6545
715
8285
9661
9750
7004
890
2406
9867
689
6322
1210
982
3116
400
5865
7131
446
4280
4722
4411
1440
8481
6625
3851
3929
9714
6783
9024
7421
1874
1686
9206
9118
7742
5334
8809
3620
7453
2909
9644
934
5931
1910
7507
2078
3003
346
6037
8640
6084
9045
9228
6063
8998
5415
7826
9624
7553
1295
189
6702
3882
4745
1613
5654
5618
9039
6983
7647
8480
1206
7879
6860
4881
5344
1192
4916
9172
3471
2522
8412
9412
650
4210
3977
446
2916
2669
6509
2354
4426
4104
6720
319
9628
4250
9867
2408
8365
3846
4267
3521
4066
1415
7508
1978
2210
9577
8096
6354
3428
7388
1084
7591
7734
8821
2959
2146
617
802
3024
7357
5371
2897
8190
2971
4748
1226
4309
6147
3683
4333
368
6767
3514
5809
277
5752
2963
3002
973
2355
4680
3871
3510
4307
4056
7475
1526
5156
4168
2945
3600
6707
1625
7672
6383
1405
5513
2115
5915
2941
1576
2718
5716
5704
1358
503
5985
4206
2931
1430
6302
2118
7093
7721
9275
1634
7532
992
5976
3997
7443
230
3601
7616
5152
9578
7365
4757
7321
7868
4673
6706
9359
7829
6963
2357
5976
4178
4783
7659
5629
6733
1198
8056
6842
4350
1534
7246
3012
672
2751
2187
4508
1613
5569
4167
2894
7230
86
1598
1046
8142
175
6848
7752
1996
2509
3221
9633
2253
8967
4237
704
2889
3011
8583
9765
5109
4757
9095
7218
1212
6574
6741
4213
7257
5561
4326
5568
59
1398
8917
8689
4310
4355
1581
4484
9713
3002
6170
3305
5784
5721
3670
8848
7201
8939
3160
7504
2807
6926
1553
5489
6824
34
2966
3315
101
6824
9266
4055
1783
8413
4734
3516
9615
860
7246
3858
8489
7595
3200
6884
920
8458
963
4862
8997
7325
577
1323
1216
1065
4109
5957
5683
9292
6281
457
5879
4119
5819
8191
8067
6257
2396
7718
4119
5967
1331
9146
174
8609
5132
1208
4764
5707
9766
8906
6958
52
8443
4705
7907
2678
6253
9734
1308
3570
4473
1431
6035
372
7467
5868
2558
1075
7387
3522
4211
1576
6213
1628
4824
6527
8379
4603
2973
9842
9741
6404
2513
1139
8576
7121
7802
9113
1347
7859
1660
1311
5290
1806
6693
7336
3890
1179
4105
1120
5384
6121
7036
8620
1667
9957
3240
9753
6160
7728
9580
6094
6577
2334
2730
5489
3070
8182
8895
186
5507
7516
4909
1572
3411
1838
6822
1475
8915
3151
8137
9313
3162
190
7299
6216
5802
6014
1785
4547
4521
3677
2462
8362
3111
2207
1127
4935
4906
7561
3841
123
2904
7648
1163
1361
2605
1731
4558
9727
6953
8199
5501
7570
9070
3583
8039
3559
7623
8212
990
4506
6239
2436
5354
7128
8287
6371
4054
504
3859
3880
659
2170
395
7359
5866
1939
4649
8929
4629
7627
8204
9108
363
3767
7176
4989
9037
7084
4930
3502
9001
5282
4587
8292
5194
759
4704
503
8219
2595
9219
4060
1420
6267
2041
6857
6669
6039
6128
5208
9962
4318
8643
9841
6724
2047
7586
6343
3748
6643
9415
6929
8760
1611
5128
7717
9912
5170
2969
4071
9293
7729
7473
9430
2244
2380
5298
1366
1060
2332
4263
1344
4473
8936
2114
8600
9631
2447
1351
2067
7408
4277
8263
1405
6844
6284
7846
6855
5679
5843
6994
7859
2308
5455
5733
4931
8350
5736
6351
9514
4214
9059
3860
5106
3742
8755
1150
7106
8644
1370
4168
3016
8135
1477
4153
7432
6259
3277
77
331
6625
3860
2616
728
420
8142
2694
3515
6489
8886
1099
358
8546
7665
726
2520
5195
2865
7668
1463
1843
7859
1635
765
6243
561
7224
9586
1728
9653
4899
6925
5220
1654
6174
4859
7115
2057
7640
9247
2578
2432
9452
7634
4150
3338
7669
3664
1078
458
4792
3374
7455
9365
4148
9510
8482
9896
1773
8666
2854
3942
5857
2292
5825
6389
2298
4308
9568
9737
5407
3688
7871
8000
3064
1184
8868
9375
8717
968
9166
1222
3272
6899
5280
4783
8109
7733
3513
1276
9067
6864
7510
3495
8051
9609
449
8677
2885
4445
7384
9821
5536
1317
438
9652
4295
8692
1677
3690
5133
2781
862
5395
5858
8884
7003
8133
2652
5378
6157
3768
5843
6177
2325
7919
6604
1758
159
8543
1704
8347
8924
9614
3028
8124
4350
531
3877
9949
7165
6461
7758
1144
7635
7142
448
8492
9022
140
7820
9590
2664
2977
9002
3398
9687
33
153
1152
1169
1100
4445
2001
9347
2331
3178
6135
9395
2336
9024
1996
7179
4043
6918
2955
238
3861
1949
5497
8809
3862
5145
6124
5182
7013
8768
7004
1079
7093
5578
952
3877
2146
950
5523
8686
3535
530
1479
5983
8430
4089
3057
1254
643
9074
2205
7614
8195
342
5742
3669
2071
7299
2446
2220
5624
3217
9602
8876
410
1602
5545
7700
9187
308
4678
7784
8614
4680
8555
1102
6415
1156
4446
7501
5112
7033
8179
8431
3552
7605
1312
8578
7251
4746
9679
3634
1624
460
2511
5124
7579
5283
258
2136
197
9201
4245
2386
1953
1528
4334
9504
9295
4793
3720
7304
9165
2430
3224
9706
554
3044
7114
89
5835
3922
8390
4219
1329
8676
1108
985
4110
4734
5621
4899
2531
5858
7577
4796
7518
5750
148
1008
7479
6620
7121
6750
3559
3544
527
4647
604
8297
9830
7304
9446
4166
6994
5259
2322
9435
5764
2993
9070
3608
9904
4946
8960
5154
4559
7264
3329
4341
7317
8271
7353
190
3665
9879
916
3489
3189
1020
3575
7314
3486
2681
2018
7835
39
5501
7805
4309
63
5234
6732
4203
8519
4089
2006
1590
943
4861
5885
1526
87
2247
6345
4678
1965
9840
3517
3910
9996
5273
7708
5826
6250
4718
4748
7349
9454
2792
7976
9484
2819
1510
2907
3022
1409
876
481
5035
2389
8950
5503
9279
3053
8947
4236
7874
6566
2810
7935
6220
4840
1887
2355
