7161
5074
9338
66
9251
2712
5384
952
7274
5622
1690
3370
30
5516
3563
286
3626
945
9527
6973
1688
2801
5219
798
2699
1371
3242
4362
2324
1223
6608
9891
9559
2813
7969
5905
5120
6749
135
5
1427
1858
8816
3857
5687
4868
5799
5959
5685
4034
2352
5975
6518
8346
5540
588
945
3255
8451
6322
1315
3720
3899
6184
280
8103
750
6158
4777
6923
7270
3217
399
1019
9276
552
2566
3353
6834
8675
5425
7900
6408
4258
741
6303
3070
4354
7967
3514
6525
1138
2312
6923
434
4181
429
917
7711
4538
9374
7893
9352
1305
3073
7758
8480
3883
7042
1734
1349
1177
5836
2593
5185
9248
5530
9064
1636
6761
9116
3495
9368
616
1727
5799
3449
3268
1118
1833
5509
2771
1425
8774
6414
1432
9061
5336
4884
8480
5653
5203
5170
2633
1334
6908
3167
6495
3715
6705
6543
5332
7727
65
6151
5544
1387
1589
3876
6299
2131
6926
8197
7358
8223
6181
4037
2187
1764
6951
1411
8507
2679
4279
318
210
9231
4483
9078
7980
9463
4787
3559
3204
1191
4968
111
8613
8577
6425
3717
9491
5382
4631
5618
824
1058
9752
3290
7255
8358
3810
6162
5611
2386
4079
2513
5249
3390
2114
6310
9462
3478
8241
2915
3429
6265
2757
5472
163
6551
6882
1048
2958
1576
4125
1149
2467
1539
104
5451
1272
2500
5090
7208
2519
2897
9540
2856
3741
7994
5314
3352
8787
262
1285
4460
6959
4166
7941
5897
1424
2621
9101
381
542
1428
8914
3819
1026
9736
7793
8186
2019
3067
4421
2817
5231
1916
208
6362
4572
1892
4349
4629
8861
6025
1795
277
160
2771
9980
4490
1799
7003
7710
6177
3370
2849
8211
2955
8351
4459
5607
6389
3127
6145
1246
976
8384
6880
602
4486
6245
5291
8505
408
6060
8373
2346
4473
7355
3488
3545
9361
4427
4352
8478
3568
6356
3878
6600
571
5333
5744
1639
6274
4545
2787
1153
2835
4585
3441
3325
6262
3994
5748
8346
5650
9895
2984
8251
2059
3321
282
1378
1169
3466
2162
3858
2490
4463
5991
390
459
565
7006
3823
4268
9967
7364
3949
5989
4086
1075
9211
1570
2172
3693
622
9028
2552
8455
6182
3717
1320
9956
3379
5544
7687
3230
118
488
432
2757
2624
300
166
7806
4865
8900
3336
6535
8136
7723
6202
2218
2935
3138
43
960
4595
5697
5746
6831
9661
8828
3076
9073
5382
6235
5693
8302
8601
713
1986
5437
808
211
2903
3044
7830
9839
2697
1803
7702
2240
1958
5485
3340
5240
3248
2706
5569
5879
9702
4443
9270
465
7836
5756
4698
635
3293
5704
1443
2863
6576
633
7194
7463
9605
2184
8621
8507
2561
371
1445
7582
8384
5607
8618
6058
1547
590
9875
190
7846
9811
8681
6945
3478
7236
905
2205
247
3155
2122
7131
9087
4827
8362
8634
2162
8071
3947
1011
5350
8514
2980
436
1775
8840
1141
8541
2030
9688
5697
3504
2774
8512
7665
4868
879
3461
4427
171
4609
3571
9569
5007
7081
4378
2294
6932
9660
2398
298
6424
5319
2369
7171
115
8150
1244
7021
7040
8259
9942
9731
9776
2099
4410
3413
4960
1279
160
3338
4841
8084
363
9499
1001
5890
3991
4777
9624
9305
2670
8907
5528
2821
1549
322
4274
1497
6047
6072
7929
342
4938
4356
5836
4127
8612
4161
6562
3148
3280
5435
1699
147
2813
9038
5711
7360
8739
4993
927
5521
5178
6893
2391
1317
5366
9506
3463
6406
7171
6705
5964
2511
2299
8482
8189
5301
6929
8817
9138
9858
7502
417
3964
1124
9014
4245
7537
496
8725
5980
3082
6604
4540
2411
880
5459
6897
6942
6729
3429
9480
2363
2798
3739
5202
4758
6774
9590
4967
903
2984
7384
1245
5721
7521
3713
9815
7893
6831
9138
2567
5377
7745
3711
7859
7882
3524
7902
5339
5402
4854
3978
152
4505
9569
8562
5775
9095
6977
3480
7953
4351
1733
678
5046
6086
9850
1593
3401
1250
9768
9649
6205
407
934
1478
2756
1777
615
6036
6368
2100
4852
9387
6966
6774
2522
7743
2372
8724
8560
2295
7056
2749
3533
2757
6510
3734
4667
8652
1523
6124
8276
4124
4383
9698
2708
205
7673
283
8067
1643
8991
4867
8535
3086
6313
579
6489
7676
1008
3553
7426
7187
3744
9538
9311
8302
2303
4022
5707
2120
3728
96
8861
7977
6618
9613
3831
3932
4835
8873
149
4308
3936
6250
1736
1051
3390
6824
6928
2134
3745
3695
945
5471
7792
2532
6983
7857
6239
9320
2405
3947
9920
6083
2757
5919
5334
4480
9766
15
1872
1674
1485
5909
201
3555
7746
7672
4781
8911
6705
6793
4395
6338
1506
2340
2907
9039
6151
8289
8801
1924
473
7954
64
3334
7105
2899
3412
5607
7450
7475
8451
64
583
1576
9241
7163
7572
4365
7888
1695
7747
9452
2173
2112
5740
3395
8149
9973
4491
8809
135
2225
409
6959
8312
9862
6560
2747
3095
6973
6700
5268
3778
6970
9152
3582
3708
4438
5789
3228
3870
6662
9356
2284
2079
3181
7507
936
5164
3489
992
8699
6891
9781
1910
6679
8212
6296
1824
4670
1104
8288
6482
3293
8801
9963
1892
3656
4875
2672
3693
6442
268
984
8226
4923
848
2340
9322
3203
332
2277
1606
4771
3528
2160
4877
7672
1306
668
9286
5629
5486
6427
968
6764
4777
5939
9662
3953
401
1347
7392
6177
2095
8001
598
1608
3467
2135
6861
5790
4701
427
4877
3011
628
821
445
5531
1476
8695
9008
2253
631
5306
9083
6366
896
6232
5861
9523
7298
1532
3916
8143
3956
8940
8814
638
5289
4839
4343
3797
1704
2128
2956
1639
9764
9024
4704
6334
6020
3057
644
7521
4285
4169
4103
8161
2611
1569
3674
8849
9796
1383
4759
3865
7795
556
8166
6483
2368
2023
3375
2478
6149
2009
5215
3005
1408
207
4882
5560
6640
7859
9131
1900
4071
7724
8093
7672
99
191
5579
8298
7046
5094
1462
4017
2711
9063
7229
313
9682
641
7084
8363
6617
5495
5340
2169
5299
110
1363
3027
2618
5498
3184
6764
1336
3963
1545
5586
7883
244
4104
5284
4880
4976
8530
6166
7806
4890
6768
7333
7983
2336
7846
5137
5281
2774
1549
3031
1159
605
9263
4953
2545
6351
5289
8231
2798
5519
7457
1835
2437
10
1164
5172
7796
4143
5085
43
6205
726
4995
8548
4974
1963
7769
3702
9023
6582
6300
9934
48
9744
9352
92
1927
2355
4331
7900
2760
2757
784
5344
7795
3881
3979
2681
5040
8636
4493
6610
8668
5469
5576
7202
7057
9923
9859
997
4772
6773
113
3617
9939
2667
9181
7417
7635
3931
5535
3607
2734
896
1966
1924
5158
3750
8562
9292
8782
7260
3875
9100
9362
2051
7671
5080
5134
158
8862
1670
7594
3879
8050
2728
5574
5725
4589
3698
5882
7396
9828
1054
2334
8690
3413
1095
6618
7744
4683
9930
4214
4681
3159
1298
9505
1262
5331
9975
4130
3883
6504
4306
2379
4341
1597
38
8982
9694
5609
8215
6897
8009
7320
8971
9493
316
3633
4486
3153
433
441
2526
4535
270
1481
7940
2616
55
1543
5987
8161
7497
6944
9234
2415
3753
8708
4404
6653
8932
6964
4800
1986
9981
3928
3350
2420
9957
6244
3970
4453
4534
6101
3241
9269
4321
6894
2256
2899
6442
9947
1009
6178
7749
7466
8426
5302
6908
5424
4166
3777
1111
614
648
7945
5082
359
1104
1420
8667
1742
4879
8056
3904
4654
4432
761
8441
2865
8888
5921
3258
6679
9043
2707
228
469
2997
2889
5987
1513
2114
4145
1238
2088
6908
7579
1746
182
818
7692
6373
4990
8178
9675
9456
2786
7744
6910
2191
257
9521
8320
6688
9686
8918
405
6651
4815
6399
436
1786
9104
2756
1383
4025
6520
8531
7470
3747
3027
896
2521
262
6891
5974
5719
4009
364
1161
8383
3244
2275
2497
1489
3569
6923
11
1998
8881
5937
5784
3483
8854
5258
5150
8724
997
1343
8425
2120
1477
8973
2771
8731
2884
388
5520
6391
2825
3158
6581
8398
7102
9375
2422
5566
1760
6667
770
380
243
6603
4535
1670
5276
2542
7847
1505
6976
6623
643
9188
8541
4897
6278
6644
2916
1440
2853
9341
4941
4084
2936
7461
4201
1950
4564
3515
802
868
9901
2637
2938
7521
3352
1484
6783
9315
6358
1578
5824
2297
3095
8086
9071
4810
1962
6997
7007
5290
1568
4852
314
3190
9400
9076
6089
8279
56
481
3705
9449
7158
7118
7696
8688
4998
4391
4903
105
8722
9375
1119
9627
7398
1551
4415
5221
834
926
7255
8096
3505
7624
4233
5497
7590
879
8705
5711
3089
4922
4044
2669
4458
4192
4891
8013
6614
7478
9333
1747
1835
6328
5490
9692
9271
9841
6559
6672
7612
9032
6332
5329
5599
329
8061
4777
3131
3350
413
4144
5685
8852
5390
607
4261
6063
2892
5959
1973
3950
8765
5348
8595
6005
6108
7057
1867
7652
2283
7334
7906
2542
7239
1749
3851
9886
2741
384
5779
2463
8750
7984
6191
3922
8338
8751
895
4157
3166
1635
2963
730
1673
5001
7470
1804
7731
794
9950
8003
5291
4343
9798
2984
874
3980
3052
9598
5627
1602
6222
6478
5612
2640
3783
4612
2665
8632
720
6087
2790
2391
1911
2224
5762
7470
6208
3605
8938
20
8086
30
7188
9102
7679
2361
715
2705
7981
9969
7945
2002
865
5689
8770
8889
2241
6743
175
5970
1616
1147
3143
7073
6853
2847
8003
316
1346
8275
7269
2945
146
5822
6256
6274
6369
3340
4284
9426
6416
2276
2473
5323
8393
775
7422
3374
9475
5251
6898
2761
5306
1077
3329
3117
183
6821
4910
1358
6250
2290
9542
514
2287
5286
6434
4863
5618
904
8209
6795
3274
7165
8341
5612
9960
8651
9432
7630
1020
2346
4750
4424
4482
3614
2484
8110
9733
3106
1663
731
1149
7942
9996
3268
3278
7074
9198
3453
7751
7664
1051
4988
3446
8542
9088
4667
2710
5683
4349
7869
6309
8112
9042
6893
9080
8439
37
323
3606
4299
9082
4869
831
8976
2776
1563
7983
5502
6355
9465
6088
3246
1113
5672
8319
82
7352
8746
663
1240
5367
2155
8695
2536
8089
1518
1494
5647
5119
1757
289
8773
4531
7172
7199
5320
5574
6308
3938
2140
1698
9057
3060
5439
5772
5395
9738
1354
2396
7383
6116
9800
6975
5161
154
3526
1191
6449
2028
2458
3901
3507
5994
5395
3608
4090
8501
6363
9387
824
5191
224
5402
4093
9423
6838
1344
6823
912
835
11
504
7424
7832
8634
4253
6716
615
6507
1297
3736
5557
1781
6378
9635
8884
2651
8845
120
208
1146
4564
8601
2863
9847
1827
5036
4378
9525
7086
7129
328
9595
267
9132
365
9421
1440
4178
3449
8761
7392
4492
4805
146
5793
1915
4986
3512
6639
1562
9272
1247
6181
8763
6992
3001
9818
8120
7689
3073
3735
8200
2467
4247
2846
7306
3458
3604
5382
2646
9327
284
2095
7689
1075
937
2423
4206
3155
8698
2558
6034
7533
8810
6520
3986
6014
2822
9157
3808
1104
1740
1528
4826
3597
548
3514
5642
8733
9677
2432
8390
3617
9821
5296
4546
8360
7819
4548
8869
596
5564
8049
1199
8222
7645
7510
1376
4703
5423
6055
7385
5319
8349
596
7540
1118
1871
3186
2073
8182
2748
8289
9265
7636
69
8335
1799
3500
5031
3102
1294
2683
6313
3345
7053
1827
8007
1134
9274
4342
3955
5848
8198
7691
6392
3919
3764
362
4448
8452
2667
6014
2645
5532
4236
6541
671
381
8761
3382
668
9931
3366
7272
2925
4433
8590
2789
2919
3805
2768
8653
576
4477
1232
469
4825
1920
2396
1063
3254
1834
8254
1396
3940
9417
2721
9916
9691
1575
9228
543
4584
8966
4790
1268
8627
2436
2134
9026
8827
9656
341
2767
6005
8030
4883
791
9075
5043
4630
7568
3878
2211
858
9525
5446
6109
3349
1804
4892
402
8192
892
4870
4606
6287
5087
4712
833
6032
4091
2312
4059
2355
1782
234
2616
5333
2012
9814
593
6305
5239
7074
4158
845
3493
1514
1622
4055
6767
4038
9315
8449
4585
5553
2484
5183
9285
9198
6086
7737
2380
2340
5962
5356
6740
3698
8789
2135
2570
2521
759
1781
7630
8553
7028
5584
9150
478
6932
4237
2828
7635
9543
3717
2050
9276
4258
4484
6952
5178
6142
438
5883
4889
3986
8787
5957
1891
8588
5558
3865
393
5213
5178
2060
2917
3648
747
4246
336
2553
1663
3095
8423
7523
1599
9058
8863
5898
9696
4895
7428
8955
6972
5210
5128
7790
6727
4926
1243
9264
2128
5515
7402
9518
9127
4321
1211
5587
1208
8610
7728
8319
4473
8368
9635
2582
7030
4464
8654
9209
6869
9529
4836
9148
517
861
5544
6421
3016
6319
7116
5463
5548
1866
267
7586
8608
3134
9924
5191
4652
2113
5383
7785
5624
8517
7343
3802
488
5639
690
3713
1235
4001
1804
2605
2531
8322
9170
8845
9515
2586
8415
9805
2624
3475
5098
3
5428
3241
3839
1561
347
7430
254
1254
5475
8399
9994
8147
8389
4534
5165
2261
9608
402
5825
1631
8104
2136
3988
2149
8859
6163
8486
2379
3448
1427
4187
4037
6109
4053
4489
9019
7950
4183
3341
8116
9649
1783
9258
8948
114
5619
5832
3932
9699
4561
7193
4578
6280
882
5443
9348
8659
4394
5409
5829
8161
8733
7282
4569
4327
6598
3848
5315
8242
8432
7842
3228
2848
4949
1435
9988
9960
1334
3860
8815
9665
4759
7285
9276
9064
3571
4627
5182
9022
2397
8011
364
5409
8193
5314
4788
1212
8526
8434
4095
1058
7156
3099
4957
8103
5377
9053
3469
6991
7144
8683
7554
1006
686
4497
7929
6274
7791
7870
375
356
3955
6251
5568
6901
7488
9398
7778
8815
9992
7824
7204
3767
2234
4236
8787
2700
5504
9214
6068
5962
7802
1355
9151
275
9339
2279
5695
9087
9986
2855
302
4639
5449
1746
9089
3167
6822
697
8989
6018
7665
1238
4427
629
3085
9171
2347
8227
784
3261
231
4115
7980
1517
2766
4186
732
4569
4588
4307
877
5031
7781
1713
7487
7977
5598
2102
4872
4193
1918
4688
1992
1407
427
3851
6073
9901
6240
336
9877
7196
8465
4584
8959
1860
277
9564
9459
3114
3149
3838
4210
7484
8970
3364
1516
5554
2462
9344
2466
688
2455
6305
6655
3622
3648
2746
8667
1751
87
5640
8405
9688
7165
1349
1132
6702
5416
3202
2687
9583
5070
6107
5489
3293
1098
6402
18
3840
5107
2864
7499
4619
8187
9030
4281
8843
7957
840
9125
7595
2409
2576
209
6444
2714
784
6262
2939
6816
5772
3635
3460
8157
5626
6899
2585
537
7738
457
5989
3866
8199
4800
3357
877
2058
5277
7758
601
7635
2731
4884
8159
2997
5428
8307
7505
5161
6176
5798
7910
5679
2923
9775
6646
8900
680
1983
7676
3868
2720
5152
6567
4713
3160
8077
1677
6860
4233
2576
5149
9329
2865
711
77
9280
7110
3097
8297
8008
830
1911
4114
6511
5534
6737
6271
9612
3153
4821
5663
6633
3346
7982
2892
2683
4032
1211
6953
8324
6728
5264
9256
8089
1866
279
5727
1108
9613
2711
1472
4186
2465
4808
6854
4878
8690
7669
4069
5931
8909
9489
5099
1263
1361
9777
1139
4572
3682
2170
6235
3600
7242
4147
8098
6733
7093
4600
6884
4087
5232
6957
2008
6044
7390
1145
2257
9328
4168
2492
1582
6439
7795
9295
2907
1930
7944
6195
9815
1764
1761
3375
5964
3040
8249
7574
6915
7565
1427
553
442
6200
1122
1888
5018
5616
5913
833
596
605
4412
4627
5012
9088
546
3903
2122
7733
2967
447
5161
6521
9835
1297
9958
5476
6433
3524
1570
6936
6033
3546
3153
2608
2942
74
101
2199
5456
6387
6737
5352
9225
6787
1258
8053
8699
6618
402
9828
8755
7390
8660
4320
5163
7601
8678
1555
4127
4381
6744
6872
3550
301
283
9878
7646
1714
6324
6412
4795
510
4664
8994
240
4005
1273
4449
6647
6959
57
3786
3757
7500
1721
6139
6002
5672
3586
8498
5702
8627
770
4187
3663
4032
7403
6080
727
7687
9046
3155
1199
8323
2036
9153
2027
7364
6725
3165
4556
5257
1192
5723
7872
573
9828
3774
9247
2444
6571
6448
4508
3704
9693
3324
5237
8660
9465
4568
3642
954
7702
5124
6246
5366
400
9604
7699
3436
1445
8226
4562
6360
9659
6605
6222
3276
4144
5983
4429
5122
6319
3337
9074
6874
3467
2656
9801
474
2647
3974
7895
8419
1960
2807
8660
2049
4118
5955
3147
9343
9947
2830
1532
4357
5238
9097
6145
2893
6724
934
6806
1411
2690
9377
3395
8372
1170
5489
7872
4101
8104
8731
7622
8345
8914
1706
1255
615
4041
8270
3001
7371
4832
6640
3311
2611
8964
8273
8052
5572
4530
8680
9745
2506
8249
6256
8990
911
1587
1248
7480
6200
3652
7299
3487
4249
7625
3772
2854
7345
4320
2222
2239
3347
7625
5215
2593
7703
9475
9944
255
5557
9285
6253
5135
5647
5142
7334
3728
2696
1215
2193
4799
284
321
6668
8746
4680
6354
9610
403
2297
4304
5670
5267
7047
9535
6113
3487
3084
6971
288
5509
8697
7215
3757
4869
1253
7293
7756
49
2140
5714
6585
7335
798
8402
5384
5044
5148
9100
4187
6784
8197
567
1912
3609
8462
1270
291
3744
8493
2850
4017
7915
7745
6579
4456
5334
9191
2936
4908
1931
370
5526
3097
422
6966
3654
9286
4063
4100
1078
6130
2472
4024
1223
9372
4096
1894
4260
8602
2354
5291
5305
2558
9613
4500
42
8244
1136
5881
5972
2099
996
5274
4
4690
4986
7135
5689
8626
3158
2144
6108
5298
7825
7356
3008
1190
6628
5621
7723
2466
2794
2782
3021
4486
711
2691
7951
9303
9327
5380
6071
6143
2396
414
3846
7603
9235
5874
1099
7685
6949
1214
3706
9364
5936
4727
1978
7837
5927
2095
5480
3417
2668
5871
8342
5776
8524
8603
9419
1430
3741
5387
9047
1454
9967
2029
6568
8204
1607
5946
3707
4268
8186
5953
2447
1484
4878
1294
7219
7482
3713
1310
4689
8173
2851
787
7986
5274
6798
708
2331
8237
2731
1666
7397
1927
1463
1394
5942
5189
8646
5756
6073
4753
5105
4389
6168
6031
1512
4555
8846
3512
4355
5699
8336
9536
1024
2172
3523
4911
6924
2868
7014
744
151
9265
5942
3772
6527
7704
5446
1976
3760
6808
1720
3622
3932
7175
7592
4408
5600
8053
2433
1921
3723
5683
3469
1762
7709
6290
2203
7397
3419
1663
3122
2947
6249
955
2843
7563
7612
3219
5640
7339
9121
8863
7007
780
8964
8171
1192
6181
3656
3106
5718
6442
2124
2444
2064
756
620
9921
2032
2397
5451
155
6880
1621
8050
7981
6865
1638
2399
9659
4417
71
9008
1882
5922
9266
3722
9276
5288
9617
5789
3814
8198
5902
271
5276
9684
2909
2798
4388
5770
7874
2814
9891
8753
2184
4781
2909
9483
3772
1270
9448
169
5049
8382
2032
2438
7293
8172
7313
609
3911
6336
2747
2686
4629
52
9749
1449
1481
4564
4787
1288
4113
2664
7233
4692
6749
3582
6343
7834
8983
2190
9327
5454
2959
9289
5900
4557
5349
2218
1418
5368
9236
9444
9020
6376
734
5253
2077
8588
5838
4666
6381
5842
8020
5730
5563
1746
2357
7172
1067
4861
2352
3899
3724
6568
4742
2793
4735
6957
1800
2856
6773
2468
1543
5189
2683
4997
2654
3790
4119
6142
6551
130
3176
9073
9406
7849
4518
8866
42
1483
1274
2774
4802
575
8706
8076
8388
19
1677
4113
6829
4255
1541
4554
5585
5562
7669
1231
2953
9784
6940
8371
4035
8475
5739
9123
3501
3081
6576
8116
9642
581
6275
4014
3772
2275
1873
8265
2250
1724
4041
9317
5362
645
2063
8069
2933
8639
2806
188
6630
2678
4589
2757
3873
3465
4914
3005
3143
4676
5075
2097
119
4697
9347
1093
4368
7407
5595
572
5609
9985
3197
2015
676
6791
1883
1438
791
7581
2505
2644
59
1862
4582
8665
1173
3518
6754
6196
7259
5038
473
552
9382
8407
8819
7434
9100
2699
5046
2548
323
3149
8793
4534
6148
3725
5207
2841
8433
3235
4595
9460
8064
5320
1101
4019
5275
5966
1910
7001
2412
2229
4184
5842
7156
8863
358
8382
9935
443
1570
1359
7830
7525
4099
1955
8826
3880
6411
9425
5331
2279
3674
1674
2764
2540
8043
8505
3938
8143
8189
8397
3988
8409
1590
1694
9583
9035
4954
9908
7424
920
7892
4136
8381
1162
5282
9735
8707
8141
5579
4582
4574
2859
9067
3834
6372
171
5841
6286
7161
3903
7281
8867
2083
9625
967
2903
6578
4085
523
1598
8134
8031
2708
7364
4761
1051
3815
9810
9562
3297
2696
598
6211
2993
1173
3528
2955
6756
3573
1915
8212
7919
9880
1398
4150
3221
4181
7427
2560
6231
9356
892
9785
6110
9477
9769
6304
3697
8808
1299
6701
4221
3419
8698
1399
2738
408
9748
9397
3736
3298
1202
807
4018
9336
7652
1045
1869
9409
7760
8732
4592
506
5185
8084
3779
2264
6285
7695
2016
7500
8625
5108
8571
899
6143
1809
872
2328
1577
9424
4663
9450
999
2903
8688
4238
9803
9359
8592
3221
7400
3518
1475
9618
2743
3524
9049
489
6617
638
581
490
432
4657
571
1054
2760
8684
1359
913
4184
2818
1528
5506
7258
3068
2808
5873
906
4683
356
115
8113
9504
6314
7920
7064
9395
3855
586
7349
737
7891
1242
393
6068
9643
9087
5878
3143
6274
5078
5999
3728
875
7259
2221
3705
8829
2619
5067
46
861
9589
5335
5003
2866
3610
4051
9083
7567
5650
8638
9782
3619
341
5707
4218
5633
9247
6052
4494
465
4918
4622
4193
7417
6624
2354
6371
7978
4816
6978
7245
7555
2303
3632
6189
8100
952
4550
964
5970
7346
4433
7096
4298
6283
6255
3975
994
2366
3413
1431
7324
6193
9647
6439
7951
8203
392
7464
643
8084
2176
3949
715
615
5272
399
9955
4537
5378
7851
2000
4296
1394
1513
8868
8152
4980
1853
1780
5943
3638
1393
2826
6539
3961
3408
8547
8733
208
9940
6987
4040
6531
987
5229
839
10
2484
7358
4986
2829
3865
1958
9345
8674
7092
8219
1143
9553
2274
2751
7592
7630
3814
2229
8173
1410
8386
5222
2414
5950
2547
7832
250
3233
6752
1479
8431
7846
9915
5802
4949
800
5915
2848
299
9911
2751
227
6421
1192
953
6248
4334
1920
8391
1350
2645
5101
6981
1723
1883
194
5224
5105
2935
2831
2553
4776
5581
3798
2514
8627
9842
7217
2589
8645
3012
7887
7554
7575
5690
5554
8706
5578
2680
6082
7589
5294
1740
1931
3737
9481
9773
2371
2354
575
149
579
5776
7533
4819
218
124
9292
1728
1926
5210
3780
5582
6887
4195
4499
1561
8644
3635
3235
9576
9116
8363
1293
7391
1568
524
1725
8219
6811
3692
453
2298
2243
913
5556
6385
9827
3669
4594
5929
7548
3834
6087
536
2743
1750
7287
4942
3270
1251
8765
484
3048
1927
562
537
3236
9848
615
3881
3070
6887
9836
3752
5100
2385
7599
4065
3216
1840
3253
1569
4008
1959
3599
628
3351
7994
702
1972
7479
4549
4892
6563
3671
4021
9046
7612
191
1917
1885
6416
412
5726
1929
3884
1959
8551
4370
2856
2933
7439
9777
7823
9367
2102
5595
3308
486
8713
7923
3132
8996
1535
4899
779
6014
3264
5766
879
1949
8514
3304
9037
147
642
4884
1418
9427
8513
2818
9938
1226
8518
9464
4306
7487
6227
1049
3597
438
1835
5558
2488
2632
9027
8877
8685
2721
2848
1709
5576
1197
4118
3441
2979
7300
951
291
5585
2756
9770
1250
1226
4460
6382
2750
7508
1847
1260
7263
3664
9072
2052
1102
7784
820
2673
6639
7157
3867
5173
6411
3004
6483
1792
7182
3684
9578
5657
7390
5872
9710
9980
8251
678
7776
7973
5617
3904
1844
1567
7348
7911
6699
7301
3532
558
8298
2844
6
4941
4203
2865
6211
954
6515
6715
5019
7945
7156
9829
3132
8466
5224
8020
9853
7422
1252
6074
5950
8903
4076
3675
3033
4066
9521
7612
7157
1109
3273
5793
8525
7924
1669
6972
424
575
7544
9371
8548
2411
4458
3909
5227
8693
2899
7962
5422
980
7560
8233
2252
8649
6783
9191
7227
5637
6951
7994
8685
4823
8778
5132
5289
9697
2379
6242
9692
9129
1242
7934
3417
3031
800
5392
1489
9329
8671
4381
2292
7929
8323
8203
9193
4279
1393
5810
662
5566
9909
4771
2198
3233
4539
7275
8966
2798
4202
2664
1699
3336
7423
7019
2551
7224
1146
4285
3396
7960
9983
9472
1442
9348
1006
3255
5516
7050
4049
7035
3768
4835
1003
2712
3606
1969
3778
6276
1231
3660
5097
1306
5808
8279
5396
2971
9866
321
6595
5842
3628
1276
8292
8436
1312
3482
3139
2981
2092
472
9271
4952
6962
4543
3597
3677
5598
4580
9911
4482
9507
5230
3364
1128
70
9338
5126
9213
2281
3546
4203
7113
9389
2235
5223
6511
8477
2713
2972
277
5129
4075
5716
6558
2056
6356
5845
2455
9933
1490
9658
5780
6920
8726
802
3239
7553
712
3090
2176
6413
8384
1126
3378
2335
8550
66
9176
407
2943
6407
8561
7943
8301
4731
9427
7605
8062
8956
5599
6516
9847
3218
5779
9644
4931
1766
7488
651
2459
4022
9232
5282
4936
3244
1799
1702
5499
72
7962
9855
2449
934
9692
5364
7765
3781
4338
9055
9566
6599
4459
1746
7561
5235
7404
2209
8726
6754
857
8012
2648
6515
2594
5283
5539
3726
2500
3807
9261
9631
3791
4472
6864
4315
7911
7269
357
4254
5985
2359
7916
3660
6295
5694
4162
8507
853
35
4948
4849
6995
7272
3471
4629
9945
446
3317
3681
9069
2791
3919
2287
2980
3600
4000
7272
2050
6511
7093
8197
2283
3511
8813
5471
1379
2996
3962
8385
4996
7280
3106
2090
3975
9949
5503
8171
2167
7368
363
916
3013
7531
2119
8890
4882
4609
973
6787
5482
2957
4094
7305
2939
5690
4553
3781
4176
9370
2184
7306
7672
2124
1978
5093
3447
36
3954
5497
8246
3993
3476
4249
3529
8994
8007
4989
5752
4838
8748
470
3725
4301
3651
6397
2740
5381
121
3202
43
9234
1727
6580
6271
9940
3606
6043
5157
4806
6308
1569
4787
6524
4472
4402
7975
8460
5969
1841
5215
4714
1856
8356
7193
9196
1637
8615
4120
2648
5273
4082
6
7427
4175
8044
2344
3287
6697
5196
1576
393
484
2682
5773
6375
9541
6946
8382
7784
7158
7238
7959
5234
213
3427
9147
6730
3943
1093
5215
7766
5089
530
5115
470
6545
6637
3726
881
9561
3914
4421
8397
3459
2455
406
361
9819
2869
5818
6467
1958
1848
8354
4400
7478
2606
2456
1109
3535
7103
713
4471
5911
3213
4123
4728
2201
3875
2232
4180
370
1435
8547
9200
4193
2640
9289
8982
4312
3695
9600
5192
469
8787
7021
2545
1434
3102
6133
4227
3838
6607
1446
7579
2396
5616
5177
6777
2683
1443
8759
40
7128
8977
5636
4127
8229
7980
8764
9235
9897
2832
4864
3331
2590
9942
993
6204
4131
5023
8434
9245
3910
5962
7941
327
70
5635
51
7288
616
1530
5209
5353
1777
2823
5228
3172
4762
2762
5071
3978
5859
7978
6434
9023
4573
3703
5897
1052
8930
5770
7954
2709
6068
623
3353
99
1234
9061
6232
7931
4219
2600
9121
7948
5696
9104
9204
9417
1010
347
7449
9383
7879
5242
8122
2272
3357
3697
2826
5779
5067
9002
7699
9085
386
1922
1282
4522
973
9100
8019
4714
2281
7882
8248
1974
5119
2767
5309
9757
984
7813
7232
8868
6505
8322
3288
1714
4753
8965
1895
1457
3145
6408
2840
4122
8955
4298
6767
8285
2320
3961
8705
9049
1340
4860
7015
8730
6708
5036
7387
5501
4830
3480
5551
7618
814
5684
2839
5400
4732
5346
2111
2177
2415
1954
4295
2030
7968
9181
9272
8274
1111
8553
8118
1533
9979
6500
4078
1291
5792
5071
9827
7232
806
7893
9375
5194
4622
1789
1542
5601
155
3834
6349
6196
2740
1175
6652
299
2404
2665
8837
577
7031
659
3538
9695
4766
691
4374
9147
6020
5508
3401
4126
9767
759
3976
8416
4243
7501
4
4299
3407
6357
3491
8366
6665
8541
1935
6089
3444
8319
2104
2767
1983
5729
8488
7860
8437
9345
7286
2432
6701
7802
6202
3937
5035
9686
359
4306
1509
5448
5713
4399
9675
4105
8566
5222
1904
957
3450
2428
9456
9499
7379
1480
2482
8935
3614
6513
5948
1602
1444
5711
2966
2315
6817
8144
1727
8934
2631
8639
3102
7199
3392
307
4110
6515
347
1988
1835
7272
3922
9226
9312
5046
5116
2133
202
870
7120
4310
3959
5331
1669
2142
7815
1764
4066
4375
8356
2324
8294
1719
5026
1855
4403
289
1864
7187
4567
8631
2307
7737
3035
5535
3820
878
4437
7216
1000
2628
3730
6024
6063
3166
6393
7389
8975
326
1680
5779
6875
5852
9553
2810
2853
5482
9570
4584
8683
524
2825
2266
7558
8603
3950
1327
3652
5140
9663
7393
3669
2108
116
7863
489
4601
1069
2328
8737
9980
8153
2376
9791
8755
3899
6620
9677
2587
7469
9987
3173
3745
7974
1796
605
3040
3697
4470
2469
353
7753
521
753
5105
7221
4729
8364
1210
2912
9332
4698
9665
9785
4761
8551
541
1409
5865
4860
3145
296
5157
7175
3830
8391
853
3801
5586
6921
264
2476
3615
4091
8791
984
7016
2571
1567
2192
5178
2381
3958
4726
8784
9502
2033
4525
6123
1855
6598
167
7381
5863
7498
8654
7362
3341
3559
2603
1993
7288
7800
6875
42
2440
8305
368
7664
5543
1418
4064
1481
9378
8499
2754
196
1886
1169
1518
1519
8284
1854
261
8
1515
5607
6249
2644
1466
8051
6092
9970
1619
475
97
4673
1351
7367
7809
4546
8761
3288
2079
3446
1745
951
8711
232
643
3809
5774
1403
7883
2828
3549
22
6160
2102
2731
5656
5460
2714
3550
2404
5205
3201
278
3373
617
4556
7437
3590
8524
9915
252
2440
832
1862
14
7409
9785
2049
8819
1381
8464
1763
950
5292
5434
8223
1838
6386
4934
3986
588
1092
3242
8042
2979
7621
1923
9806
1629
1888
3203
6627
4728
777
7479
8497
1493
7241
1955
9949
6399
4837
8430
550
6757
7151
666
1955
3085
792
9511
2515
2667
7813
5519
3310
1425
2437
225
5221
3188
9478
4469
1575
7365
4068
829
5405
2734
7343
1973
4057
4762
9450
9463
45
9613
3968
1325
9818
6642
5832
2160
9132
7789
7855
6441
8025
5113
4555
4077
8726
7791
9869
2708
2184
7208
7979
3177
1615
90
5289
1821
1126
61
1913
983
1340
9753
9417
1082
7427
5981
1339
6480
4825
1940
3339
701
8117
1805
8450
6738
9703
1789
4188
5200
6606
1782
7682
4728
6465
4859
6361
9903
9064
5690
1150
6197
6131
2367
2105
3751
9510
2081
8711
155
9669
4259
4679
4519
9903
8140
7097
5837
1385
1362
6860
290
1569
4577
3962
8466
1675
3004
9284
6641
9970
4336
9197
6309
5380
7859
1104
3140
5578
6146
7544
8679
7699
4474
1067
561
863
7875
1707
6208
4525
966
5878
2591
6510
4108
1228
4697
6802
9729
3928
8989
4832
7470
9730
4977
2801
8503
9974
8175
9430
8868
9495
9689
5529
913
2990
5953
2308
9922
306
5415
8957
683
8693
3072
1865
1716
2695
7040
6853
18
6501
6583
6436
8373
5206
9074
2571
1114
1257
2357
6601
9444
9063
949
8256
1028
2879
1861
2851
8166
5801
1512
6138
706
9049
5914
8797
3645
9684
2599
3575
8803
1030
3624
4907
5790
2625
4911
7321
3242
2697
7746
6645
2851
7038
6273
5484
7379
197
5771
2595
3572
6933
2423
2297
7247
2078
9801
8491
2733
2017
1995
5010
6303
56
3189
9035
3550
3307
6827
5641
3536
1090
6453
8250
9394
7913
6574
6687
8980
3504
1515
3684
2087
3274
1907
2602
4581
745
2832
198
6717
1213
8001
804
6826
536
7413
7777
8735
2789
5454
5817
8789
7760
2303
7797
5770
9682
433
3526
1125
6415
5333
6641
968
1728
6091
1784
9376
3808
9799
390
2448
40
9861
5093
4062
7817
4631
1024
9938
6631
7082
3870
7350
6028
7131
8573
1148
3185
7919
8114
426
7267
7783
6494
7090
4309
7293
5830
1445
9508
6258
113
3407
5236
9283
9543
3301
1050
8898
4789
1048
1020
8994
356
7510
409
7746
6138
731
5701
3553
2492
3519
2801
8832
6028
2010
9898
6489
1309
5351
4464
681
9498
2430
4817
9247
4022
7460
3578
3213
1554
6496
835
9082
346
8713
3416
2673
6911
4876
407
341
2529
3984
1300
2722
884
3229
8422
1658
9680
5711
1223
8811
4520
766
5541
2529
880
2660
7882
3982
5074
1042
4133
6737
2153
7528
9351
1074
6163
3542
3010
837
7646
7423
1330
353
6781
124
8054
365
2834
620
5441
1005
379
798
7
2211
7465
6478
466
4043
3786
6035
3123
682
5822
1032
9647
887
2590
1370
4263
1371
9528
6704
6609
9010
1624
8683
1664
5665
2513
1448
965
9528
8971
836
4297
2032
1977
3009
8519
7848
7572
7392
9029
6273
231
9114
3546
7240
2223
1548
3612
9238
3696
8048
9112
3447
2260
3689
9919
6184
3274
9328
8222
3617
7772
460
9958
5781
6792
323
2054
7999
1440
67
3019
3716
8238
8030
9213
5137
915
8868
2389
4874
9986
3815
1053
2744
2498
341
4918
6764
4698
1985
4776
4148
1338
9926
3294
8476
9451
3851
1830
4113
6906
1976
3229
8682
2412
2507
4000
8725
3451
9909
7807
7304
9686
5616
9892
8023
6343
776
360
6376
9015
5046
1140
922
5141
6129
9315
1909
2392
9232
2759
3359
1952
2128
2849
8467
2485
6507
4228
425
9906
3266
160
5793
7571
6584
9578
6889
4524
3157
6318
2329
946
483
6724
1746
3561
3161
6253
5772
8673
3376
7222
9147
2505
740
9783
275
3778
4535
88
3664
3088
9849
6260
2587
6117
6158
4744
997
9177
9097
3499
5140
8393
7782
9002
4632
9077
1276
3966
2402
3529
922
3391
6473
7852
9284
2814
980
7589
8089
1650
186
5431
4667
5678
2639
4632
3309
8805
5723
6525
1720
7212
500
5842
2614
3122
2006
1790
9014
6752
980
5691
5079
7589
1148
5740
7819
380
5870
4045
442
4935
5155
4026
2940
1013
207
1319
4790
6929
622
1878
3820
8800
4956
5483
7071
5659
1420
521
6475
9264
2841
4185
2931
2122
1623
656
8408
1593
3389
1649
9723
2226
8785
2744
4801
9339
4566
7138
4798
3086
9301
8093
2738
3950
153
9843
9488
1870
2502
8333
435
7858
3464
2923
2933
7469
3019
6264
2808
7978
226
9722
2300
9095
7483
6566
956
2047
20
1631
8978
4322
2496
9840
2285
2041
3817
4441
1292
2100
7697
9588
75
7694
1766
9136
6414
3575
2709
468
3756
1960
3765
3176
3160
5387
5209
9843
3298
6266
1092
8873
5197
4036
2169
2708
7168
9482
5785
7107
4497
5909
3089
1366
4381
2608
8221
3381
1569
9791
3271
3661
1432
1138
1791
9320
3929
7305
8081
2291
1811
28
5460
5398
4528
2168
2526
2209
3354
5663
3488
168
9634
7738
6693
94
3096
3671
465
8495
3145
6424
9943
9574
3971
9172
7052
4656
3020
2081
1977
8193
4138
8255
7785
9514
8
6458
8501
9115
1072
6919
9467
4646
1892
3729
7965
9455
4392
9972
9061
6062
5668
4178
3073
7038
2422
8161
5203
5289
505
9299
5397
7569
6939
4284
7147
6036
6568
3664
2493
6410
7104
689
2944
3425
6420
8182
5828
5510
3494
8235
4376
3280
6747
2337
5538
1664
717
2450
1752
7838
2690
8319
4331
9493
6991
3336
2072
4075
4375
7357
8954
4099
325
3907
2268
1991
5192
5968
4530
2061
6868
7464
5180
5470
502
4033
6398
7267
911
3491
8436
6181
6430
4297
2022
7124
5136
7441
3573
5214
6167
5555
2416
4043
5907
7222
9670
3101
1300
4451
2238
9635
3534
1196
3860
4720
268
5010
2920
3738
7152
9121
7579
5291
3566
6851
8860
9503
9838
679
8969
1255
4912
6337
7453
4617
622
8293
7860
4224
9645
3011
8153
940
3987
8678
3317
9909
3920
6451
807
9255
7160
3383
6322
1633
1994
4100
4116
2394
6994
212
4343
1214
5526
5566
4971
5878
8722
1534
5675
5434
433
9594
9497
8477
3346
7791
5009
6992
8598
4419
7662
9450
595
443
4732
2338
9617
3555
9062
3363
3555
4762
6070
9286
328
9723
4845
358
7533
3008
8679
1475
8106
3975
3594
3724
7401
408
5399
8565
6209
4710
4122
2181
4145
6515
8103
9969
7731
3573
1161
7214
9194
4503
5156
8650
9662
2222
9392
5707
1008
5143
1642
2074
9473
1270
6048
2306
9389
6492
759
3428
1200
8211
3553
7216
426
6491
458
6205
2984
5753
9202
2620
7678
5788
2894
7032
6880
814
8121
4255
1153
6002
3818
4234
7477
7782
7170
8239
2847
4240
2288
3539
4015
4171
6990
1201
8010
1276
6656
4545
2935
3404
1731
1730
5159
5714
8881
7354
4412
5851
3332
1085
9681
8746
5104
8979
3517
8461
5519
3144
1917
8442
2530
7340
222
6635
3246
5808
7982
8683
6323
4196
7116
6251
3968
9064
9293
410
4687
3184
5572
156
189
5364
7661
931
3031
4167
873
6867
4803
8645
663
8371
9937
4218
2440
129
4878
2412
9624
3043
6591
7328
7263
1888
9863
4876
6592
9325
3701
2276
5450
7924
1969
4325
8365
4353
3607
3409
1381
1475
6615
6020
3445
7635
7188
2550
467
3669
5494
5447
9920
5621
9442
1096
5195
9149
9694
6563
7304
4909
7416
4057
899
5556
3026
1234
6325
4702
7754
7614
2329
6859
8908
7031
4839
5802
1146
8049
6042
2061
3421
8758
7395
3215
8230
1550
388
2650
4974
2002
5164
9508
6443
9986
2629
913
7447
3190
6593
8916
9071
6727
3513
9450
6339
3725
859
9941
8053
3956
4954
9632
9221
6514
6907
2751
5045
4918
1976
7555
1377
7351
6101
3144
1624
2235
2521
6479
1613
2722
9589
2003
3611
7456
1920
2142
5064
8591
4578
7695
3642
865
413
9025
4882
2372
6903
227
1974
9756
4047
7472
6959
3897
9642
3169
3351
5028
7843
1326
947
9042
3115
4988
7265
9548
250
632
2765
5993
5324
15
1719
9548
1506
3297
7926
6409
4676
5804
3703
893
896
8843
5050
4512
1915
8991
9091
2087
7868
3837
484
1480
341
8899
3121
8541
7597
7867
9152
3645
7012
1375
4295
9945
6931
1388
3405
4353
6911
7829
1383
962
2131
1060
8361
7866
1088
2979
5867
4130
3703
5083
9482
1627
148
2595
9640
6417
4849
6694
9385
4384
7539
122
6313
871
3719
4619
4510
1857
7526
6039
5024
9950
1087
6473
1876
4502
3747
5187
2941
3566
5467
7806
2523
4065
1165
961
8105
5111
3194
9356
8302
1941
3163
4122
1719
1434
109
1970
5000
1173
5018
205
2137
5408
1790
2846
1562
1900
5562
6839
6870
7876
6333
3931
3962
8724
9824
7993
4696
4554
7445
3119
7359
5122
4582
2599
1818
8813
736
4408
9823
1569
3215
7164
8140
4304
3549
102
7407
8764
6658
1221
9409
6112
3803
8309
7954
3321
2614
5184
4814
6399
4985
938
3600
2997
2933
9477
4179
3757
9460
8368
1707
1454
2159
6537
6026
7516
9349
4813
6263
9602
2251
8532
3605
3878
4569
2224
5171
1753
4039
7529
5056
7315
3081
5078
4645
9684
4467
1988
8279
3868
4932
8494
5136
9287
7973
2231
9634
3804
8693
6221
1022
1894
1427
5633
2322
5319
2708
2802
660
297
9330
7539
271
4040
8393
7747
9539
5057
2107
1484
4691
2134
78
6975
7534
5123
2115
6879
6972
3285
3921
875
559
2663
395
2887
4552
7876
2592
4439
7035
9502
3947
6929
3900
6440
339
2418
5805
12
9554
691
3418
5473
7500
832
5423
730
2894
4190
1885
1796
3231
2964
7479
5228
4889
5507
2639
6035
5798
2021
66
9446
5306
1172
1182
2770
9304
9611
2289
746
2345
4247
3874
6109
7821
2303
4770
4494
2803
6360
3296
3710
2706
195
6161
7194
6345
5793
716
13
3485
1453
4275
7659
132
5346
2447
3347
5737
1717
6171
9682
3209
5495
8277
4664
7404
1834
9112
3850
651
5578
4403
1034
6372
6896
256
155
9732
4629
498
6323
7819
6433
3267
7069
6257
9501
5679
8631
2250
8731
6859
4248
821
7238
1589
7698
691
6127
9369
6414
6605
9526
7587
44
6503
9727
6601
5427
6283
8135
3410
2683
577
2426
6872
3838
2442
9496
8964
4231
8864
1062
6685
4854
8364
1275
3192
8462
7270
9346
7067
2544
3831
9295
1554
348
9019
2546
801
6058
9688
1663
9281
3755
2504
5615
8551
8623
3374
1285
7928
3828
9934
8638
3552
4874
5558
4457
2401
6925
1345
6990
7424
156
4345
375
6766
4624
788
9266
2237
2811
8266
6414
9616
7690
8770
845
5047
9878
7257
636
4076
6110
7224
2226
3547
1565
3544
8256
477
7482
4467
6216
6771
125
1601
599
5679
5583
8193
3115
5954
4516
7174
4858
3690
5017
5125
7952
8904
459
5248
7767
2051
737
2986
5059
3535
2100
6915
7550
9568
3405
4772
3535
1104
9547
7750
8837
1504
1405
2755
2940
4578
7282
3366
5979
5398
1506
3960
2356
9985
3945
2223
7371
9618
13
9468
4732
5404
5688
6684
6
1127
9255
8218
7554
3019
3062
1241
7896
6217
3097
7016
7132
2464
3373
592
2125
2789
2441
6463
569
2280
2943
5538
4031
3821
5425
4470
6602
2354
5567
5228
3387
2161
9666
736
9402
7151
2713
1892
7219
2969
4419
8086
137
2284
6579
1284
9395
8344
9089
4610
8789
1384
3937
1398
8521
9240
7143
5829
5319
8193
2158
2735
2549
5114
7495
3677
8885
7762
9944
7223
2251
3193
9912
2479
4795
7422
6436
8269
5221
2055
8888
996
8180
8086
6037
2393
3927
6766
3723
4588
1796
8300
7344
9411
2350
6324
8714
4897
3877
3205
4673
7794
9540
87
5550
7070
1724
352
6970
4179
6838
6705
8367
1911
3805
7591
70
3747
6893
222
7201
9967
8172
9686
7833
4984
8477
8405
7780
5367
2962
1395
5039
3294
2801
7960
6998
4858
9249
537
9206
1692
7732
1260
2675
3569
1544
3770
2660
1526
1969
2548
8787
5232
1887
1875
5044
7679
814
4016
2237
6777
496
5491
7083
7154
6666
1254
8085
7183
9133
5769
8268
4649
7604
48
5815
6685
498
7621
6742
8259
8350
5104
1117
9933
182
1409
5912
8683
1016
7973
8390
7041
1742
309
3976
3705
1309
4119
6789
4758
2916
7464
5902
1587
8327
6167
7359
6127
4780
1956
9622
7450
7348
3793
3788
7384
948
5449
4363
6351
6719
2075
5829
7693
9935
870
8668
3340
9985
6069
3634
1298
5557
5778
8545
1280
5635
7378
3017
7149
9446
7284
2492
8144
6397
931
444
7765
6967
6980
4957
1825
6157
8339
2479
3942
1772
8163
2025
7233
5007
795
6323
1134
1040
1808
6138
3104
2742
6830
4194
4417
6936
9116
417
3933
5884
5006
5875
5570
1740
9751
7802
5657
6850
965
6628
8100
5330
3099
8419
5787
5782
6527
531
6692
9023
4507
7587
4392
7471
2032
9843
2902
4587
3727
7876
3541
6755
7302
7526
1487
6399
1184
4029
8794
5746
9522
3460
6389
2863
9217
5229
9064
5606
6101
6740
2306
9227
7725
1848
2561
3916
5681
1292
3966
4709
9652
9956
2227
6527
8442
7646
4710
6356
8915
2407
4121
1505
6140
6344
6036
6720
5237
3243
1486
3982
3839
4427
8175
5818
3143
5725
5989
3744
579
201
7134
167
6562
3185
3253
7121
721
3894
1851
9262
6266
5479
1669
3012
6214
9633
3901
4247
48
4356
6993
1467
1432
5894
6557
3661
2615
5603
9492
7971
401
9512
5139
1357
85
4137
6148
5797
7633
2756
2208
1423
7301
6473
1918
6138
9171
1446
4130
1414
4814
1771
3802
2907
4198
9766
7720
7570
764
1605
5932
7678
8589
8733
3192
9019
586
2824
5578
5835
4686
871
9582
2848
6572
2048
1302
3849
104
3119
393
9769
3759
9512
8691
6580
7153
572
5329
6410
5410
3874
9353
1778
2968
4469
1917
432
9417
8868
3851
6543
6062
887
3506
2729
9164
1572
2557
4717
3110
6629
5242
216
5005
6292
8053
2979
5563
9741
7985
8897
1290
4034
2191
4134
9352
4767
8579
9039
4583
2490
8617
7471
1645
7847
713
6497
3254
6537
4248
249
3628
2851
2832
9033
4025
4011
7075
9817
7829
6852
6715
7627
9958
768
9598
9138
4590
5245
1728
5728
6091
1442
8993
9177
4223
4989
6065
7671
8028
652
2664
3333
1273
538
218
1049
8904
568
9477
8877
2601
3203
8551
8221
262
2625
5704
8331
8663
2567
1649
4588
4076
1657
286
8121
9581
73
1888
9955
9260
7399
1028
6923
1757
6688
330
614
8615
1034
6150
499
761
6571
9188
9887
8614
8249
3709
2208
2915
5338
1967
2426
6588
6502
5079
4787
5602
1903
6172
8738
9010
3568
3467
7615
7847
7
9823
2229
1070
2078
4988
4309
2342
5826
399
6060
6714
2427
3524
2428
7602
9575
2372
5935
9964
1280
1651
8523
6254
7109
4253
5629
354
8814
5961
1719
2888
5206
5421
2818
7702
416
2638
9983
3783
2318
1302
5592
7769
2032
9411
1614
5383
1202
2367
6524
5558
7739
5973
5128
9025
5486
9557
90
7294
5692
1499
8176
808
3171
8678
8019
3767
6087
4642
8750
6969
6245
7965
4355
2940
6403
1231
7033
1485
5569
3732
3776
7312
6295
7406
2134
6735
7070
9237
4279
4170
1975
6894
3845
1660
7977
49
6419
8488
5871
8505
692
1687
4544
5652
1393
2461
5444
3473
978
374
3673
4429
9288
9345
8048
7762
2303
1273
477
9656
1612
6104
7474
640
7818
8577
2244
4655
4224
7429
2516
5574
9186
2890
410
9681
2306
6972
2714
1403
1594
1770
8603
47
1487
8730
926
3814
7624
4919
4291
6946
4139
5517
7102
2628
1784
2637
1328
5296
7665
5986
1270
2926
110
5287
19
8640
3683
6269
9030
969
7082
460
5600
2666
9605
1329
850
2307
3068
7112
8729
8001
7617
6454
313
8407
7660
1560
8318
657
5649
8075
1855
4968
4546
8708
609
8043
2360
4828
8294
4045
4042
7033
503
3389
4634
1763
3317
8557
7312
4363
7157
5233
8679
2866
5726
5527
2405
5736
5411
8102
265
4576
8533
9678
7533
764
7456
7525
271
6428
6217
9088
495
2835
7300
6296
4643
8714
3162
2285
5461
127
3320
1212
5412
5301
6516
563
7306
7498
9153
745
5032
4038
71
5039
4723
1516
9533
4088
7331
7905
7933
1903
719
9131
5636
880
4563
1288
2246
593
8657
7702
5077
3433
7879
5
498
9854
311
8973
2946
4152
4202
188
4918
6438
2402
8529
6909
8653
8602
6662
2401
6834
4809
1994
5280
2799
3121
6048
5892
2059
4378
7116
5005
1526
1799
365
7348
766
8336
5850
7529
5452
3920
294
4037
9298
613
5555
2918
5359
1642
6678
1058
3521
337
6707
6032
9544
3005
4249
7786
8596
40
2590
3848
7923
7765
6411
5598
155
3137
7889
3050
6219
5401
6450
8155
4
7261
1569
1490
5647
3800
8392
156
8579
7966
2132
586
162
897
3769
8230
6359
4860
2274
3270
2829
5493
3744
1934
696
3749
2640
4254
5019
7290
1315
2254
8791
6006
6008
8395
9452
9555
9199
6037
4383
7098
4683
9712
2007
5484
1216
8451
214
1203
1565
9739
8169
8422
7972
3430
9550
4481
5613
6676
8811
6616
2483
9587
6185
3017
126
1211
6155
9802
4209
9300
8108
3110
3475
9394
1081
951
6241
855
8753
7553
2385
8172
2625
26
1654
2956
4729
1256
7563
2521
4322
7626
5754
4746
8236
3410
7462
172
1990
9589
3501
2760
3016
5179
9616
4774
4247
7724
1579
