9751
3363
4760
9943
9689
4554
2635
9
9317
2275
1965
574
5427
2871
6022
8077
7208
7310
5781
4364
3902
1488
9073
4583
171
2562
471
3915
6689
8763
182
5764
8230
2541
758
8437
6062
7410
7556
1522
9285
8740
9387
7759
7126
3216
2595
7499
3905
2971
8829
2302
6403
834
1533
2335
1563
285
2773
8134
4877
869
6560
449
4683
557
159
517
3830
6253
1426
2097
7659
2654
929
1500
1922
4587
1218
4902
6510
4800
7949
4795
342
7081
7890
1618
8026
8880
232
8170
4958
9814
3000
4500
5687
2572
2774
5884
8085
7688
915
640
7474
4412
4918
3107
1455
2503
5212
9480
9063
9459
8431
7488
8697
3614
3857
6316
9697
9130
8248
9450
6409
1373
8416
1430
8718
7296
6677
8306
1269
7315
200
7787
894
2241
6336
5536
1886
1842
3505
5416
8766
1315
3527
3540
4517
2659
3268
8287
6813
2594
9635
6864
9774
422
7593
9486
1693
50
863
6169
4880
4424
6503
190
6040
6235
5253
6995
7761
6781
4796
9336
5637
285
5047
7012
1947
3663
8117
1312
5361
2942
6396
6831
7937
6856
4898
7540
4101
7938
7051
345
9064
1225
8222
4933
8165
6903
3886
438
6601
1656
2526
68
4044
5080
8771
20
3410
4968
7449
4336
539
8629
5118
8508
6381
674
1884
7579
1994
9924
2984
301
2253
4483
436
5859
108
5731
2313
2180
5970
478
7747
3854
4594
8666
8100
6851
103
1093
4937
8806
7119
9859
8258
6159
6591
7369
334
8919
9301
2448
7313
8505
7458
1201
5170
6403
9481
2478
7403
6442
1293
2820
554
7758
6954
5655
7800
8013
8747
7105
4890
4735
1651
330
3192
1313
6278
1533
7878
2251
8745
6505
440
1693
5671
4480
8077
5269
1439
640
2445
6397
9540
7623
7966
1587
6948
7244
9895
5855
6944
9951
9417
2994
5334
7827
6804
8659
7457
2025
6330
3957
9720
946
3929
1367
14
8609
1407
8101
5338
6806
9076
8832
3048
3202
8822
3966
4724
5997
2202
2906
6042
5518
1554
3869
7372
3046
5403
4220
9517
6018
7473
8126
774
2279
4173
9575
5650
4098
4414
5532
8992
2154
8940
559
2681
3816
4658
1694
117
7178
6600
2463
4363
1442
30
1670
9528
5733
93
7627
8052
4031
3777
5285
6716
6199
3581
7247
8127
2097
7189
664
9389
9309
4310
9902
3846
549
1482
7836
7688
4141
5816
3610
435
8922
2991
8167
3659
4461
22
1728
9232
8701
7701
7995
7429
8933
6746
5121
7774
7957
8147
3169
7235
1807
9178
9184
7372
5519
9561
9861
3228
9463
6824
3266
4117
6018
1878
7255
243
8887
9025
6538
9240
8080
2722
7712
5741
2979
3685
5578
7076
9232
2531
4647
2237
5307
991
9296
9611
4156
4303
9682
1402
3691
3450
24
6383
1596
9113
92
5666
7532
8785
959
7349
1058
6667
4416
5444
3922
262
4419
4552
8648
6678
5651
5904
9198
5442
8889
7436
6620
2175
3378
2981
3670
4787
3654
3053
1645
8225
1589
750
6214
4563
3508
1110
5015
8009
5374
1928
6142
6774
4182
578
5079
7501
9093
4234
8053
5182
7476
2544
7547
1177
6949
1208
3509
4514
571
3808
3438
7033
2520
2554
1766
4153
8563
2157
2439
3073
4086
831
3840
6361
6546
2322
7631
110
6319
9190
9234
9032
6447
17
7225
7995
6581
5522
8587
718
4517
3039
1410
5512
2982
5235
4128
5271
2753
6472
9276
6262
9212
1045
4720
1769
3157
8513
2698
6516
2134
4703
4766
4707
7470
5125
457
9021
262
8517
4788
4508
7264
1671
4119
5988
5646
5681
959
1576
359
5774
8900
9884
3381
9256
3333
6685
3918
6154
5736
9469
7006
2029
4638
3203
4545
7124
6172
3796
4514
3792
218
3089
4213
5108
9682
8987
6321
3038
2515
2260
6942
481
1996
1426
2074
9468
3172
8648
4083
6414
7527
3261
8934
3489
4153
7231
2575
8048
2719
6236
3548
690
3209
2950
4036
949
6538
3646
9361
2110
8125
1915
1458
1429
8224
8241
6070
9936
1552
6401
6734
3468
2467
5308
7570
4907
1694
545
5616
9580
2556
6857
7021
6967
7756
4934
7833
5730
421
8096
7324
8919
7168
6651
133
2094
2463
7301
5487
9594
4834
8167
887
9834
474
5563
5317
9787
6752
8103
623
9792
1667
1683
1115
1400
72
4989
9219
4497
8363
9549
1594
9767
9648
4075
2856
6704
2070
2646
9579
6299
217
2411
3748
1579
8371
4732
9493
5917
6318
6150
5513
7776
4009
652
572
6344
2558
2676
8551
5609
3070
3935
4708
5664
1949
6449
7968
3082
9365
7701
4743
236
5925
9551
3281
7839
7825
9092
6310
2032
7742
6822
1291
6744
2127
1799
2581
380
6972
6721
381
9607
5617
4769
3489
2051
8945
8789
2870
7031
4895
6034
7337
4400
1555
4629
7997
4953
8713
1198
5804
2871
7701
6057
6956
1687
1131
3578
2664
7178
404
8622
852
4359
6633
3253
9532
5796
5810
2062
2225
1590
8630
6455
4207
6806
6114
5942
5066
3735
7482
3782
6213
7426
1829
5236
9043
5316
7042
3592
5727
4779
8336
4670
9618
1927
2
6060
3275
9585
3413
8524
722
7574
8049
9749
3597
1168
2692
7621
2211
1797
6370
4420
5565
1514
5287
5618
8138
4975
8587
6321
5861
932
5108
5132
6834
7406
8404
1759
5948
8088
584
5689
2818
2636
5409
2676
6648
1062
7798
3901
6987
2506
1265
839
5561
1116
1308
4537
9515
4124
6655
9631
270
1521
995
9775
3832
4288
6137
7994
6665
90
4983
4063
6159
1372
9847
9117
2171
7146
4227
2618
1364
9564
5040
350
3934
5237
7283
1804
4243
6010
1011
3204
5195
2295
6364
5210
1543
6479
393
9528
4455
920
4416
2864
7694
7358
1852
4431
3383
7642
1561
2616
260
5244
8818
7879
6458
256
9280
4464
407
8783
4417
7785
6655
9297
3335
9548
7214
3318
3530
740
4369
5102
4540
5043
872
3509
1407
7349
3613
2207
7554
2477
4419
2922
9732
4351
7360
8441
70
3204
8348
999
3740
3764
5973
7089
4786
364
9051
2048
1099
3891
5762
2436
6754
2631
127
4716
427
7698
4681
7867
9804
730
3041
7955
5065
5448
9888
8981
7415
5025
7990
9380
8237
9498
5168
1535
2455
4352
290
2368
9141
5012
7976
3807
2166
6029
6844
6448
9540
6448
3432
6994
7827
1034
8855
4454
1896
4186
4106
4056
3225
7579
958
7352
1949
8410
6522
2544
4307
1997
226
3298
4113
2699
6217
9997
3732
9429
823
4925
9186
9323
4350
3917
387
2654
6324
1342
1409
189
3541
6145
2852
4185
9148
6495
1664
6355
1514
9348
9008
7455
5278
4951
7836
1504
5875
7054
1764
6776
3015
8339
7411
8767
1465
67
6558
8250
4713
6464
4105
681
3878
8846
5974
9274
531
6859
9224
3530
8967
6404
3103
1097
961
9913
1078
6940
8183
3975
7566
8502
535
523
1321
6828
5536
4743
8541
7738
9292
7247
4069
5664
5986
2957
7214
3590
2314
5031
2410
5507
793
6308
7599
2630
9728
4377
1146
8474
808
7256
5929
8191
7009
562
8166
7234
747
348
7577
2864
6746
3545
8698
9033
113
372
9015
2571
2670
8613
1866
7587
1531
9432
8578
7034
7277
3049
3589
6429
8032
2307
9311
9223
40
1201
997
1208
2026
3443
3981
9261
9765
7951
8849
352
1101
4140
8873
7349
9332
7522
8798
3762
7295
6413
7781
368
6773
2060
2925
2516
1194
6529
3248
5750
9614
6372
7890
3696
1126
8055
7558
492
6325
5986
2534
9428
5963
876
9522
5440
1503
781
2261
6799
5809
1681
1139
2629
3525
9319
7132
6768
2856
4789
2021
8814
6802
7805
7216
7907
1346
753
5473
9568
6921
5161
828
323
6770
1494
6431
809
5931
4450
1053
7000
1031
7045
5246
5501
7939
1119
4989
1149
3065
2614
6745
5647
8494
843
535
9994
4003
5870
2055
6468
2452
5768
2810
1032
7220
534
6705
2989
6569
685
7167
7727
3874
3626
3011
7776
5464
6344
1036
9224
4992
2467
9662
1790
7886
1208
8584
8291
2026
1176
1094
6115
3430
2425
7084
4736
169
4066
6444
7142
4436
8944
8669
8910
797
6281
3510
1154
1956
2486
9614
6763
5863
5586
787
4374
7233
9058
1268
8323
7309
2974
8135
7610
383
2823
1590
6535
4532
186
9756
5730
6140
3756
8148
3063
6199
2283
181
6192
29
2522
8301
1657
4266
3016
9750
9350
1184
807
2487
9840
2396
4330
839
7680
8480
2543
1381
978
6589
2926
8654
879
9770
352
401
1379
2812
5260
1049
3558
343
5266
4983
9464
1513
6763
1380
1622
8
5160
4199
5724
2070
2057
8110
3020
969
1180
1871
8491
4154
6063
2912
6162
2867
4419
979
3856
2012
7408
7838
6099
1110
2657
7799
7306
713
1956
2399
4352
3120
7078
2898
1632
3216
6212
869
5484
3466
2274
2505
3659
6612
1202
4737
3847
9242
1964
4831
6198
3409
3466
400
2026
6514
3814
5181
3999
3479
6833
7117
7162
9340
5828
9179
881
7717
5958
3849
6681
1799
4669
1344
3310
7936
1159
9438
9970
4335
3969
2594
7388
7280
1161
1637
6949
7906
4234
1802
4261
9774
9678
8654
5746
1816
2181
404
3995
9518
9896
6453
2567
203
4379
2586
2326
545
5388
2425
861
7529
3402
192
2952
2179
5109
992
6047
978
6967
3655
368
6130
279
8328
2616
3309
8641
6848
5162
3334
4180
9224
4037
2490
2922
82
9090
2184
5315
3829
9338
2008
7814
8799
822
8748
9711
6423
7078
3892
2710
6474
7016
2694
9664
9284
8402
7087
2606
1067
2359
869
681
5720
981
5406
9412
8971
5108
8239
3302
8317
878
4572
1195
8663
4573
628
8848
4791
3866
3082
6221
8929
9868
4660
4879
6106
5842
5160
6451
7754
555
6335
4222
363
9791
7578
6427
8422
6577
9330
5975
7079
4094
9182
6631
6248
7281
189
9972
8437
7132
4779
8197
3414
8037
6784
290
425
9281
7274
8712
8470
9126
8379
6056
6920
9969
1489
2229
8999
330
303
4925
3363
7542
6645
5141
294
882
7194
2681
3463
8630
4600
4515
864
3238
9180
8472
3491
764
9391
3686
6999
1894
2480
1926
9899
8410
1081
2058
463
2105
8438
5218
3426
4753
2972
7164
8922
5740
9106
8995
8664
3375
1386
6438
2740
7010
8743
5765
7386
3918
8610
9307
4525
5518
2501
7834
7686
9515
9026
1177
8062
576
5569
4853
7813
8035
2028
9000
204
4658
4130
2677
6346
9444
4531
4821
1201
6066
9809
3289
4321
1134
1260
3857
8961
5603
5859
2307
8919
347
4729
1694
4868
5456
6678
9738
6546
7726
5709
3679
5205
8934
3788
1457
761
5530
9403
9366
5069
4592
6390
3506
748
697
376
5689
2598
160
1354
1107
8239
1108
9971
8673
9498
112
4359
8021
6402
2810
9356
8887
4148
52
2577
7182
2695
1756
3840
1607
8269
8651
6648
6612
7913
4735
7663
1073
9153
933
8407
9098
4318
5949
9549
1852
8140
2443
2822
5622
5357
4337
4833
1264
6468
2147
1160
4473
8496
3978
9917
5548
8517
9389
8214
5930
9177
2989
8801
991
6170
5761
5980
2040
8863
7466
7027
646
1647
9937
9198
3251
5333
9256
858
5494
941
2580
1455
8226
2438
3748
9923
7025
318
7357
3250
490
6244
5977
7324
1459
2501
3185
2222
8976
2746
6936
6775
3419
764
941
8034
4139
1308
702
406
8840
4656
1560
6470
5763
5056
3335
506
4539
3963
5706
9643
7540
8583
6120
8594
4003
6597
1328
6070
4121
8851
5906
3476
867
2688
9622
2042
4318
788
3629
4318
3051
8939
9620
5554
8806
5656
2029
3223
8207
7575
392
7665
5778
1687
5856
1859
1471
7941
1234
4027
963
2308
9689
9170
3904
8593
3617
5678
7389
3033
1991
4419
5380
2833
275
3257
2578
4929
4881
650
1218
5878
3611
5797
1623
1100
740
34
8018
4251
556
9328
4754
4105
4509
845
4736
7787
1206
2349
2824
5750
6541
1991
3024
5501
30
1451
5423
8306
1604
8055
1937
4176
51
129
8617
869
5010
4005
1120
8858
3194
6067
5207
7268
754
4520
4788
4634
1704
7435
5066
7183
7731
2313
134
647
4713
412
928
2150
7432
8723
1879
2991
9531
279
4088
9467
8086
3047
8789
1727
6547
4090
745
6304
2697
6363
8876
3427
6369
9771
2856
8589
4032
627
651
9233
4104
81
6008
8599
6978
4949
3621
7676
7855
5500
3301
9752
3354
9256
8329
3755
4936
4767
5570
2611
4415
5989
9611
3347
7906
9271
5210
8749
9819
2000
6137
1815
1814
3556
8752
1369
3217
6481
611
2370
6373
6110
449
8942
2098
2261
9718
7346
5909
2284
6239
2936
2391
7337
9973
2615
4853
6846
3401
8910
4450
4876
6923
1556
3954
6233
6458
7364
2827
5217
3541
4709
4317
6543
2498
8368
9530
6961
1902
6939
8490
1058
1607
7660
6864
5003
7615
3157
3494
70
5320
6010
3436
8955
1519
2640
3004
7689
2405
6656
3251
6448
8169
180
3470
1000
8916
568
4545
3520
2265
4489
6252
9768
3360
7500
9695
3029
6704
2921
6469
1126
9581
2583
7236
3345
7249
195
8432
9911
7992
5151
800
3514
5656
612
591
4006
7861
244
8807
3570
6555
8037
4168
2011
7815
6747
3856
2337
3914
9040
2661
2957
2903
3373
4651
9317
6116
2086
246
4525
1189
3960
5420
7612
3560
3633
7029
8714
6401
132
6716
7762
4078
9733
6001
198
8603
3722
8067
8610
7776
2515
4568
2775
6029
3351
1312
8151
1951
153
9062
4425
3721
9839
151
7528
6153
3837
4577
1016
6328
7373
6180
5740
8230
8268
5441
4546
1979
9881
3118
9392
7579
2560
9364
3380
3174
2123
7816
1623
6141
1785
7805
2137
9676
6472
7992
7560
2674
7833
2905
3689
583
8315
5547
6654
8928
4514
3659
1333
1995
8417
156
6060
5846
7650
4035
6324
3757
9608
334
735
3368
8550
7857
3210
8901
3306
7043
1977
9848
4070
5792
1312
6545
964
8661
8052
44
5413
1319
9322
128
117
5826
2356
953
3948
5594
8592
824
6842
2935
2463
6356
8510
9822
280
7948
4128
6155
7062
6578
6258
3453
2786
67
5662
1145
1482
4162
2963
3425
5639
4713
2449
4370
2522
7553
8511
7873
8345
5087
6702
6810
2055
9243
2557
4697
4578
5015
6509
6598
8778
618
2428
9216
1810
37
4127
8458
4461
1060
1924
6288
4452
3879
5420
9328
4218
2081
5908
8103
2981
7999
7985
75
8770
2643
2969
6635
5461
4637
256
1100
7002
1999
7385
7174
9802
6869
3731
5594
9875
7490
9660
108
7306
3987
274
3648
4599
9394
4531
3176
6016
7561
8293
7373
5337
570
548
5619
4483
8376
1719
2394
7298
175
2087
5252
4045
104
8341
6087
1193
4208
2583
255
391
5725
3083
1609
2272
5612
5791
2498
9941
7385
5604
7405
68
4260
2032
878
174
2240
4613
655
5694
3832
1323
7380
7609
3248
4185
6998
1574
2316
5553
6474
8047
5714
1604
7957
1429
3105
6418
4715
6435
2217
7639
9293
5581
7548
4086
9578
7821
2877
7603
5185
1938
3968
1157
2555
8082
6477
4855
7333
4843
2240
7678
745
578
420
9946
5195
1749
9764
3858
2045
1229
4302
9544
5244
2450
6486
1531
5590
7049
7327
3734
8661
1207
9336
849
1069
6347
5960
3229
8044
9361
5141
2929
8123
8919
3224
9095
7873
4497
5212
8688
6531
8101
6272
5627
7567
3288
7949
7788
9955
9992
4935
1575
8656
6263
9636
6822
7684
5051
6653
6034
6808
9068
2808
1560
2080
2588
4527
2530
2006
4501
3950
405
1230
9784
6918
1723
6732
4586
6343
2503
5425
9696
3562
2635
8872
8288
6239
4195
3627
707
4410
3821
6204
5119
4495
7054
2364
6110
7389
3022
3749
6600
9437
9232
9493
6351
9747
3664
9566
8890
3024
4703
9004
96
5316
2138
1545
7873
5813
9244
4335
3854
5459
2200
3797
1490
3300
4007
2297
9559
7599
3402
8229
8951
196
1534
6871
237
4117
7647
9397
2216
4392
5449
5623
8635
5849
7573
6439
1730
4693
2122
9437
4794
3155
4812
7898
8148
4552
7403
3860
3402
196
9900
8354
5226
2810
9045
1554
9322
3862
6509
4728
5392
4996
9147
8029
1201
3625
8996
7203
757
1311
6746
6313
2546
1807
7685
3860
2635
3328
881
8709
7396
545
6767
8571
5055
476
9620
158
755
1667
3838
4293
2035
4244
5575
7257
2754
9958
3147
7854
3613
8747
2744
2863
5809
1288
8567
3813
8248
5453
3256
5010
6525
4063
5530
4028
1095
8138
3915
9804
745
4527
6816
3246
4468
4033
8014
9248
9121
9660
546
8535
7972
9725
7947
5246
2344
4600
4951
3135
1663
4884
3509
4319
304
9271
489
8933
7374
5068
4096
3962
5855
2333
4172
6172
8924
2752
7859
4216
481
8905
9690
5547
7968
3600
3858
7948
5678
9244
291
4236
270
146
810
7037
9564
5285
8704
6415
3318
6751
8377
6494
4711
4146
6337
1618
1456
5302
2714
763
8547
9186
2320
5857
3995
1381
8509
2905
5627
466
5759
6507
8557
2790
4839
9736
3969
6114
2276
2956
1787
1228
2084
4572
2818
5314
6430
7042
4309
425
2277
8056
6521
9575
4290
4646
8700
1231
2179
7057
9750
2991
3590
2807
7739
1137
5720
9142
20
745
3143
7995
8932
9096
507
71
6967
9836
2943
5118
1409
7137
1977
4137
9598
5262
7833
8609
5273
1097
5383
9573
7500
6678
547
5533
7526
5342
8695
5793
9619
8554
6276
1479
1152
5886
8065
6056
7478
5494
5326
7587
9987
7000
2807
2839
86
3083
8631
6177
3262
257
7935
3491
297
5388
2941
2005
3757
7542
6081
7306
7820
4630
9108
2180
2483
6275
592
2657
785
5467
3903
8049
2587
1776
2362
2458
7506
4357
3398
9286
2083
8297
9110
6469
9003
1029
9811
2523
4231
6950
5669
3446
9197
2976
4156
4374
8711
2762
1750
4491
9295
2189
8725
4171
3391
3114
672
291
5105
222
1397
3252
5457
709
9244
4547
3246
6201
9115
1654
438
8960
6316
6757
1981
103
1693
3036
5025
2440
9405
6671
4050
7473
9362
2711
3707
1656
8644
5253
886
5335
713
1396
3793
7552
4305
1530
6638
7376
539
8340
9844
6445
7394
7331
2217
8207
2732
7635
9467
53
6171
6927
2221
3600
3372
4847
2423
1587
295
9873
285
7587
6037
9139
8224
5709
3892
532
3411
486
9336
8277
2024
4278
3978
5388
4150
50
1183
9355
6873
4213
5628
9236
9534
5259
5710
7366
6619
7549
6202
5686
8069
5036
3690
7171
7599
7396
3576
8801
1229
3302
2890
2707
4409
9160
1768
9062
9903
2075
8069
2481
8046
1626
5399
8249
629
1313
6618
3771
1849
2758
9875
1351
7945
9718
9137
1091
6211
8425
5911
9288
1090
7980
9814
9779
1453
6200
1426
160
9662
681
9871
1059
7006
7726
3427
2672
7455
5791
6277
7552
1789
2984
7706
2690
1341
3088
7828
4054
9440
5228
8758
6773
5488
6650
9490
2664
3019
8952
8201
2017
1276
2145
3098
5722
2417
8510
8829
6827
2614
4240
5383
7418
9200
1793
4753
5395
4362
7790
2147
3150
5797
6125
8044
4571
324
2263
9362
919
5898
8118
2554
9231
2505
6119
7764
5781
422
6798
2552
1683
8207
7628
336
1852
2581
2536
8569
2499
9438
9858
3542
4802
9738
787
9161
4448
6069
1680
5794
2609
3119
7550
251
1095
3728
701
2689
8302
7491
530
7617
129
8068
2152
2042
5509
1485
9823
5314
6065
3630
2468
1176
3212
1692
328
8945
3324
9337
439
2985
6822
4052
2790
2833
2743
3624
9303
257
4642
3066
745
3377
3069
2117
8959
8586
756
3114
8263
8661
810
9994
7309
4770
5114
8649
6759
8492
9490
7854
3756
1655
3312
4686
3723
4298
335
4107
6154
8066
1047
1399
707
1511
7626
4546
9701
1195
8616
4369
4122
6774
7569
6246
9644
8724
1271
765
1655
1116
3399
1591
2270
3783
4234
5658
6847
1100
4866
780
4882
9554
4559
9368
9047
6316
2503
3319
5773
308
4784
470
4384
6917
2717
7995
4218
2372
7404
9980
5408
6016
918
5502
3572
5227
4398
5720
3313
9038
8240
474
2352
5819
8000
3404
6125
3749
9370
5137
76
9883
8323
1474
1550
6041
7416
9235
1411
3028
53
1955
5784
1386
6240
4024
8315
7531
9605
6091
8554
1626
8313
4634
8160
3858
5576
6813
4014
161
7179
3610
8893
2501
4497
1371
4234
9410
5988
7718
1022
5675
9461
4621
4384
9331
1297
4831
5752
3132
4608
4569
7860
2072
729
8289
6978
5894
1798
1303
6105
3422
5956
1360
9788
8328
8444
5848
9585
6099
7258
8389
5742
5609
8868
825
8780
8867
7018
8567
5434
3482
7859
185
6255
6683
1795
2302
8319
603
116
3248
2216
6716
6765
1993
9390
3220
5294
3712
534
2305
682
2964
7648
8169
4319
4724
1733
1771
3170
7773
661
6981
7875
6658
8105
8016
3289
3727
4223
7371
9003
6180
8215
6786
8847
8481
9568
7564
4360
8676
1389
3383
126
7811
4508
3765
3801
6114
7742
9795
8141
4222
5458
5647
7494
9585
5537
1431
2464
1140
7615
2544
8401
2724
5838
2540
6689
8332
847
3957
7407
2383
505
9205
6540
7105
8199
6617
829
6543
1467
1425
7648
8719
243
1839
7498
6245
3686
538
4953
1235
9208
243
2623
8500
384
9394
6446
3535
7892
4490
4676
3981
2175
1065
4355
8084
1735
6499
5295
5735
2630
5275
1959
6265
7650
158
2284
4662
4326
4542
1928
4129
5891
8319
5356
3356
7918
5238
7752
7976
1990
1549
318
2903
1837
162
5543
5224
2656
7062
909
6352
2814
1997
7488
5200
2886
9996
2579
5287
9477
1142
4871
2233
6172
1071
3070
81
9802
6639
5837
2121
5891
529
8098
6328
337
6677
4418
4640
1743
8456
4259
94
1346
203
235
4233
3424
8256
5519
2605
406
3450
6143
8538
3059
6340
7150
1191
1446
6136
7830
5273
3742
8540
8897
6011
3901
1942
805
7774
6583
7609
2645
9958
131
6152
3604
6299
3833
744
7098
4889
1223
1564
6593
6074
54
9221
9328
8295
688
7203
2972
3769
1405
4789
2825
4403
2968
8631
141
4634
8342
4172
8850
7978
1602
2019
6919
3801
6188
2047
2589
3402
97
3580
9726
6770
2319
1422
5851
2171
4583
6490
7207
7833
363
3382
9799
5491
114
5953
5891
9301
9329
419
4358
2597
6010
3313
5572
2109
8758
5381
3268
8837
362
38
5007
7858
5395
4253
5869
3933
1241
6436
1999
9426
8884
1668
1622
5796
5925
6309
6660
1685
4157
7960
1
6265
5563
1227
8414
8556
1298
9965
6361
5020
7163
8701
1950
8391
7277
360
8603
8510
1801
2962
9850
9301
2961
8799
9606
8203
6592
8099
5413
7543
5686
4637
9203
7718
6472
7880
7245
1806
960
2342
5585
7231
2410
9521
3528
9835
7405
4658
9863
9526
2369
6727
5684
7528
58
3126
2985
8814
2530
847
7213
1920
4947
7290
4865
4011
7609
1294
8475
3533
9144
8145
55
6713
706
7952
9464
2703
3123
8274
1903
1710
7517
8380
8117
121
5314
6654
5909
7256
4086
2948
365
5803
7217
9649
2412
6654
857
9
4055
6798
4360
3749
2706
2079
9885
6066
2745
74
7214
6854
3154
3935
3005
9398
5790
731
1205
5852
7010
1810
3838
7518
9244
4109
7963
3916
4313
8128
7789
6548
2423
1938
1405
4901
9252
7154
7858
2799
8016
2672
4831
729
7193
5784
9959
476
8971
2364
9026
9083
9704
9554
9461
7495
4288
8563
2839
1517
8050
453
6224
4143
9253
8429
6927
5727
3197
9861
3093
509
8870
3811
4450
9742
347
9151
308
9479
4074
4114
5990
5033
7830
1175
9221
4951
2899
5637
8698
1249
8833
3109
7231
1817
5215
7325
5446
1784
484
8042
2595
3053
6310
9133
5305
2539
2480
6297
6421
4521
4866
5750
9733
9915
8294
1121
6468
2551
7680
9706
240
7625
1228
835
5443
6695
9942
9061
8125
4383
439
2864
7968
1996
5227
6695
3633
6446
457
2644
9834
6334
4408
7891
4306
9309
2513
1770
5297
5539
4959
7432
3195
651
9332
3074
8380
3966
9922
3671
1276
5892
5995
3598
7984
1149
1290
1654
4580
2698
9223
713
2373
6162
1314
9789
947
4062
116
1258
3001
6987
1986
5969
2424
1804
5765
1174
6177
8672
6321
9252
9632
7936
4893
5659
1974
3936
934
6514
9352
9609
86
3558
2342
227
5244
6911
3892
7132
8423
4542
9105
6689
4729
2925
5864
6581
4618
2035
4812
410
3671
6969
7811
8405
7320
3807
1455
1885
6864
8080
2882
2242
7231
2220
3703
3713
8645
8521
1711
28
2138
466
4951
2023
8189
403
8475
8091
5344
4966
7151
5933
5953
5996
1278
973
2007
350
9266
6178
2907
1185
2361
6166
4897
3975
2557
716
1574
8478
8255
1373
2727
6000
3459
4936
9462
7600
5032
2330
503
75
4503
5990
2137
3265
6339
7008
7072
9417
3698
2006
4573
3011
6760
1145
1553
2190
7378
6277
2417
7890
5647
1887
8246
9247
1060
892
1958
6088
3425
922
2225
2992
3308
6554
7266
5457
2959
5941
8834
2953
3963
9638
6595
780
6893
6418
9669
6750
1776
1522
1620
3926
1677
3757
5577
2724
7103
21
2897
4020
2604
4267
1680
3308
9914
4749
4216
7249
8647
1157
7076
8794
8186
2909
5804
4442
8757
2480
8950
8499
2539
755
7480
4971
5795
2159
3065
8454
1814
5061
6439
6206
4639
7690
3745
5315
3521
7093
3700
4190
7263
1371
1538
2006
8154
8208
6613
5725
9685
4975
3608
6772
6592
291
3897
7938
8258
1789
216
7068
3799
6966
125
9292
438
7562
9078
27
2202
1899
7982
8288
9913
5328
2830
251
2503
1379
5493
830
5714
364
8256
2338
1802
7276
3507
5105
7056
4834
1780
5620
3496
53
3257
4659
8402
2622
4527
7302
7850
4125
4111
740
5099
7132
2484
3598
299
7088
9828
2417
2213
5991
1230
4767
917
5959
9061
555
5279
6281
4161
4594
7178
1202
8671
6496
3972
5536
7945
353
6665
9506
7576
3449
6164
639
465
2574
9785
6855
8904
3293
8010
2890
5055
8491
8126
9617
138
6027
7890
6591
746
2850
7797
6228
2510
8908
9393
5344
9342
7851
2178
6166
6972
6212
6289
689
9302
3919
1975
8989
578
6024
4639
1399
8098
2203
3953
5481
70
9455
8869
1155
3044
8219
5369
2068
4985
4807
9386
3853
1866
2322
2137
2502
8790
3611
1011
1999
2734
8054
9115
7623
9655
1242
8348
5437
3471
9659
4166
312
8709
2410
2312
6469
6751
623
5244
2806
3555
8197
697
9326
1247
3695
6699
7072
7621
4671
7840
5608
2906
9298
2339
6852
5133
1646
3080
7060
2902
7350
9236
5200
5270
1621
975
1679
5409
1945
3109
5403
7854
3616
295
352
964
919
9230
8844
4861
723
3658
6638
636
6605
3259
9451
9168
8527
9848
6603
1241
7168
4316
9675
3046
4172
615
6378
9949
6684
7257
1044
668
3368
4826
877
2622
7536
9084
4505
2281
263
9159
1965
7952
4662
9359
5792
8075
1372
6534
6996
7288
7319
139
2130
424
8693
4764
3127
4292
5706
884
1268
7314
4527
8575
6316
1822
9381
627
9499
2765
1207
9491
1432
1507
7123
5055
9206
7363
9435
7481
2396
6990
3594
4155
2695
152
2877
3716
9721
2584
9509
644
6809
2032
3910
4760
7050
7405
7933
5695
8711
8350
8704
730
3456
8169
8069
503
4000
4170
1073
9563
2239
579
6392
107
1407
4220
4877
7847
3699
5006
5637
3760
7302
4795
2749
1327
5122
5170
6256
2045
1219
7395
8402
766
5405
3815
7730
2705
4687
9856
7629
2322
6906
7419
4294
6581
1012
1208
9276
3533
1128
4003
8970
9244
7336
3779
3922
7985
6455
8204
1925
9046
5308
4060
1614
1512
1190
9045
7286
4666
2296
5315
6076
1158
5171
9470
4530
4166
6284
3971
920
6778
4339
8998
4395
3165
137
313
517
7589
3864
8461
6153
2382
7980
816
1685
9802
3106
5606
159
5358
9640
5009
7140
1961
2914
1359
7800
8252
8772
8069
9020
8295
5622
6098
3882
3348
744
4944
5502
4438
4943
1787
8984
632
2506
7825
3019
3375
2806
5569
3701
9580
7385
5457
3068
3614
4605
9066
2502
464
5898
6017
9097
5930
7308
3074
7641
8555
9266
2465
2757
5913
4959
1451
5137
491
4349
4969
7644
1376
8506
8873
9196
7339
9395
5113
4862
1250
8534
8721
8645
6558
9368
1371
3231
4701
7771
6570
7248
4332
9121
9166
20
9229
4529
8870
6490
7310
6293
6937
4156
2903
4829
8235
629
3092
6427
3914
1243
8244
3932
9340
3288
9444
3559
8117
6436
8939
7875
3954
2352
3414
1563
337
7471
6343
2149
5134
37
1281
9184
3981
6328
6395
6919
3706
563
7296
8272
1326
9022
8969
8060
8421
8692
4604
1514
8679
4527
5461
6952
2798
6674
4477
402
7867
3856
8902
9296
5928
5703
9522
1474
2219
5936
46
3083
1604
3450
8790
8735
9279
353
8032
3185
6921
8364
5325
5605
9262
9551
3799
2606
8345
1956
2081
2139
9355
546
6023
2395
7497
8935
3487
2016
453
8934
1414
4865
5560
6945
1003
4271
6779
6151
496
8267
5554
4467
6620
3810
2390
5088
4266
1237
5796
9980
7918
2682
1916
5617
9682
2381
5265
2351
4452
3530
1537
5694
2026
9267
2421
3941
8163
6653
8921
556
2508
1666
7650
8153
260
7719
7327
1134
7461
8252
5846
5684
2047
6787
7093
9824
9227
2625
6821
2209
3477
2475
1041
251
2362
3983
4041
155
1766
9684
8372
9110
2612
5899
2063
2763
3506
4460
7557
6975
4516
1448
3210
8336
3120
7657
5429
4796
8716
1025
6946
9545
2623
4499
7971
5047
1598
2251
7777
9701
812
9410
5306
6982
2996
1050
3020
3547
7811
8172
7579
6833
938
4804
2038
6089
3456
7313
8900
7116
1943
8869
476
9429
4621
9027
7071
5666
5228
9022
183
8750
8396
723
4849
7739
4977
4829
9999
2436
2054
3673
4998
4368
2629
6825
8380
1645
7655
4888
249
1480
7391
6741
7815
5191
2164
126
1105
4780
9513
1873
7080
9349
6248
5756
1463
4984
535
9919
306
2286
1203
6120
2092
1724
4507
7250
7517
4779
3193
9828
9903
3036
8570
527
9345
3861
3173
3810
4043
5823
5116
9003
1960
1603
8158
2541
9960
978
2976
3656
1995
6392
7645
8637
2673
3618
4260
9927
2623
1661
1074
2483
5250
8950
2358
8567
1661
6486
8896
3638
5906
77
1465
4688
7534
1318
5210
7801
6647
595
2813
7373
1696
5215
9705
6145
8284
5665
5962
7205
7963
4885
5651
2465
7648
3083
5885
8838
3603
6817
9263
1971
7263
4955
6020
1257
1963
6278
2367
444
3909
2254
3054
5654
4529
771
9447
542
2360
5452
7186
3498
7632
3026
1916
7388
3980
6990
3000
2620
3823
4398
9200
30
6147
9121
1642
6369
5396
9252
5503
4403
1701
5150
8816
2421
7527
2195
6249
9741
9436
6457
4009
945
4347
9160
7545
5566
2274
6976
7164
3547
6385
3445
7384
2204
6195
3625
7507
2233
3703
2789
1299
3138
2470
9787
4984
7652
9233
8728
456
2238
3255
7479
9777
6857
7918
2809
8630
6485
1457
316
471
9123
1229
8117
1987
992
8244
564
3545
2703
4042
9289
1694
7721
1203
856
3528
9151
6175
8165
1562
2829
8172
204
3012
9509
3204
4195
7095
6591
6585
6714
3802
7427
7664
8776
2568
9651
7814
1343
9917
4685
4984
2519
4872
4637
2867
5946
8125
5155
9276
1236
953
731
4715
3270
5889
4655
5893
957
5276
6530
5634
1169
1448
2396
8513
9611
965
950
5880
8982
5165
7252
3337
6304
326
7211
1813
2743
6620
2883
1468
419
8279
7588
1771
8575
3745
9785
9782
7553
849
2039
9755
3109
1928
9875
5221
6925
771
186
8099
723
2484
1237
9755
2046
6166
4533
6180
3563
7313
4915
4233
6660
5269
2781
1123
6865
2315
6267
1624
58
4227
219
5503
1941
7870
3475
6185
8922
806
620
7262
6195
6203
8466
832
9830
7092
9770
7434
6808
6066
9827
5446
6121
6987
4237
5342
6178
3995
4012
218
7284
9480
2163
9351
7122
1072
9171
5577
7058
6341
7653
9949
4579
554
6744
5735
3613
9876
5502
2660
8841
8796
7221
613
5316
3074
8996
6548
4201
1757
3217
6329
4332
5483
7417
2694
3374
9173
6500
7303
3666
6538
1003
7182
8600
343
3037
3220
4812
5813
1828
9392
211
5518
1207
9551
6028
3441
5621
2181
1283
9207
9059
1222
3870
6231
6392
8153
5045
6119
8932
7441
780
332
2973
1642
2397
6389
9603
1478
9597
9313
3254
3701
1074
5989
2554
8135
6126
3559
1836
8123
3011
7387
4538
5391
4982
5647
3806
1620
1976
8778
9818
3534
703
1868
7162
728
5529
5197
4893
3918
1445
5699
8199
3436
210
8526
2959
8800
7437
5235
8799
525
9670
4138
5294
5537
4943
1557
8150
689
9135
207
6797
432
8154
6867
9593
9149
259
5955
5877
4861
2451
5420
5154
8860
4654
503
1187
6758
8829
9967
210
1895
9176
9809
9269
2165
9409
6960
810
4495
5601
928
3078
4275
5594
2125
9687
8644
3242
9033
5833
8689
2849
778
514
37
5135
4472
1700
9405
7100
8649
9233
3274
2064
4271
1590
8594
747
5511
6618
7536
143
4152
3599
5350
5781
368
742
394
1689
6551
2341
2634
9720
7716
4487
7552
9268
1948
9591
952
7643
1967
5167
3372
5728
8487
5867
3395
2106
1406
8581
6507
9206
4386
8229
7195
5626
1173
9016
2811
4358
8064
6302
603
6166
8778
95
1298
5365
5980
85
3317
8470
9708
5431
336
9816
9454
4186
6375
9744
1251
8281
8065
7955
2569
3874
8643
1515
9379
1342
949
4687
6406
2692
503
6457
94
4589
3636
8400
6517
5140
1015
3842
4969
885
3940
2165
2003
9812
4018
865
9529
6366
5989
1695
8473
1656
8706
4830
5515
5429
6057
4862
5570
6922
3377
463
1685
7278
1339
9140
2381
1539
7965
6845
6565
1304
192
2370
5611
146
2385
422
8129
7563
2140
4151
9034
4759
4500
2864
8198
5132
4473
8442
714
3082
7560
815
1547
9059
6043
8591
27
9842
4870
1010
2478
4128
3279
4616
9749
1951
108
5865
5322
4176
8190
5255
1538
4217
6104
334
6621
5035
1209
4495
3089
5337
8623
6976
2571
32
6088
552
5042
9322
7979
2917
9423
1836
3239
4375
9188
1026
1775
5375
449
9580
9240
7996
3093
1487
3845
7832
850
5901
4193
3577
9823
5519
1626
7374
6597
8225
8334
7879
4797
9043
4228
8606
6353
6811
228
153
7769
1510
2244
813
1613
3827
7424
5073
8287
3376
804
3376
671
3870
1770
2569
1915
6382
3021
2307
6920
4161
4830
5102
8614
4816
4074
2682
9787
3159
2660
8302
2161
768
3809
2218
9869
1815
7085
5750
701
325
1645
9958
8633
1562
6718
9737
9629
1988
6088
5063
9989
687
9044
8316
5827
6087
5718
5412
1487
7608
6911
6245
9794
3283
4158
8852
9190
1292
9541
8548
870
3825
4448
2192
8430
4826
3201
9490
9519
12
4093
4945
665
1977
3036
8537
7893
7925
8167
7394
2662
5238
8115
4314
9640
3526
8645
4984
1591
8481
4827
6246
2148
7201
8080
4003
1467
8807
8714
1876
8122
172
37
259
6424
2683
2948
9540
925
5607
1654
7303
4604
4010
1907
5237
275
3128
2856
5391
1827
9855
2982
5948
2775
286
3736
2279
3199
3456
2115
2067
2943
1607
3115
2107
3476
3786
7259
7309
4127
1978
7354
299
2094
9185
7910
6412
9539
7663
4035
6313
3943
3457
4552
4668
2654
8180
8905
2683
6288
342
4376
64
484
7405
2154
1418
409
6149
7554
1318
16
5551
4636
2169
7501
9841
6521
4079
9110
9547
9574
472
8790
5544
3007
1383
8538
2908
4208
443
7691
5054
6737
2427
4707
4070
3428
4464
4407
438
3178
50
9084
3773
7488
9397
1188
4462
2639
1339
8093
1154
4809
3438
4836
4379
5106
1555
7630
1360
3546
3771
5484
8343
4850
3742
8229
3291
4560
3466
5955
2314
4783
5957
200
3898
9394
9668
7749
602
6568
3824
6478
9762
480
9500
7744
2783
2418
1584
4238
6855
1631
1840
1130
5821
5810
6366
5416
7202
527
8801
2494
6738
9641
1856
550
2794
8648
1646
1721
4378
5794
208
6546
8635
2579
4714
1680
8491
1517
8002
7145
8786
5132
5569
3664
8261
4901
2333
352
4927
1156
4806
5443
6941
5983
537
7828
7362
9691
1824
2780
4589
3453
7981
1626
1934
639
8383
1127
5256
4087
5198
8951
2365
4634
2422
3908
3271
7216
606
7387
9110
7292
6943
5750
4592
2324
5078
4149
7715
4710
4160
5387
3345
5638
5919
569
2178
3640
5655
7268
4042
6661
5017
5013
2033
3574
3931
1923
7640
7730
5184
5607
6276
2764
8834
729
9192
9131
6683
9025
3173
2147
8165
7632
1691
337
3199
6558
7397
51
3637
9244
9231
3325
9738
793
625
2517
9920
9863
6926
7998
8067
9936
9478
7458
8505
6387
6658
1832
8373
6898
5435
7204
6386
457
5854
5649
7681
579
4958
68
299
2465
3062
9552
2448
2776
9522
2357
2479
7478
7876
6985
787
3431
3167
9682
7306
7368
735
1467
4290
2803
9797
2653
1176
4771
8089
3301
2066
8838
6241
2998
696
3362
9861
9376
5721
5313
3242
356
9665
8806
4827
2613
8555
7136
1625
5266
5236
9484
3206
3227
3167
1928
8475
461
1618
5830
3100
6894
9178
5113
8571
446
7850
2966
933
2221
5804
2568
7035
1768
1568
2592
126
7137
9590
8256
115
9790
8858
6273
6978
3173
2187
474
7683
4533
4462
2503
146
6188
7096
8122
1380
6131
6226
6293
8806
5493
7241
2226
5270
2440
3269
4803
2187
9867
835
1307
5287
8720
9744
5377
6033
620
2470
1925
6978
2460
8523
8032
7419
739
588
1833
5133
445
3452
9286
9586
2792
4464
542
4874
9908
7551
8789
7218
4998
218
9263
8685
305
9236
7458
5818
4719
1914
7687
7214
4813
182
2484
4372
5459
1
562
586
7464
5057
7669
2934
8430
7855
1107
4278
1993
6865
8984
8425
2048
1581
1216
1603
5349
7673
8029
52
1165
747
7331
4252
7064
7461
5670
8457
6727
2119
1788
3883
1999
7828
4018
669
3022
8829
8867
3578
4673
885
5980
7416
2309
1135
4585
8876
7622
3551
1573
6167
356
4369
9942
5044
1285
739
2794
6999
9772
4194
4138
7754
4898
3513
4612
8346
5762
1724
9233
5503
787
7125
9994
9090
6238
5405
6912
1064
8877
6482
1802
9828
6986
1469
1035
7831
5189
4673
1031
2198
8810
8613
461
9646
6008
581
2252
2826
3755
7344
1951
3472
8076
9368
3768
8977
3704
9998
1999
7548
2771
5161
2389
6047
8990
614
9379
3573
8110
5875
6867
6490
2774
1172
4609
361
6582
4927
6647
3113
3767
3539
8768
1925
3363
9421
2430
1271
7705
5445
3635
3811
2053
9196
9452
5455
3463
6816
4919
1915
5247
9959
7515
4161
2674
5073
3336
5223
1194
6171
7435
1002
9565
4296
6250
9731
1102
5813
9918
3887
7972
5486
4312
3117
1643
4582
8227
3057
4753
7920
4112
1716
5037
692
5487
8617
1193
2820
776
7967
5174
980
6331
5772
5205
6021
9681
3514
4800
7716
2343
5956
6638
1494
5585
7664
8715
6776
4071
513
7621
8206
6722
5162
8182
6098
3909
9931
9057
5435
1362
9847
7131
6581
1746
2989
8305
9456
1097
9498
6809
5574
9540
4510
8654
5798
4847
3298
3104
3223
2845
498
7190
6622
8445
557
2788
1265
7175
3090
5233
9188
7188
558
191
6039
3870
2418
1658
559
5910
496
2086
3508
4484
632
1034
4642
3299
2891
3383
459
4775
231
8886
7245
6583
1389
5956
8035
3186
1456
286
7495
4386
2628
2464
4999
1765
5170
2821
5561
8008
5794
363
5664
8900
2068
6786
4763
7672
4653
1557
3267
3920
2499
7459
3369
5589
2689
7465
7011
7351
2574
8373
4411
8151
6553
9128
2042
2322
2915
4861
9970
8128
6111
2207
634
291
2217
5142
1670
1593
9288
5553
6144
2275
9073
7619
8147
7576
7545
1059
8842
2190
7595
9765
1347
6692
290
2965
7587
4271
5311
5823
7643
8502
7024
5361
5934
2816
9496
4832
9188
9763
5794
106
9624
5692
5018
4613
6107
1468
1572
1297
6643
3920
5661
314
1001
3987
2450
6998
1927
5736
6962
5339
1784
8971
7104
4559
3207
1696
1791
196
2081
4874
911
7411
3866
401
9224
7771
5790
1159
6506
1831
1244
5485
8423
4860
7403
845
2862
8153
6934
8639
5030
3262
3894
7897
4146
8436
7902
3320
3065
7622
8129
4559
337
3653
7777
3578
7592
1638
8454
5156
3303
6632
5190
5688
418
8153
5098
8657
7910
9150
3137
9927
2088
597
271
3093
3135
5216
8451
3041
7845
8863
8589
268
892
3246
2823
1446
5988
4913
8875
1889
7890
8486
8121
3651
243
8398
5769
5533
7534
2262
1786
9353
7692
628
8887
7676
5988
3897
299
7667
4201
5766
7572
3847
8274
8488
986
6370
8881
486
6558
3916
4294
7615
3646
9020
2912
2669
7579
1928
4338
9865
3897
3921
1044
4289
8200
5850
947
671
3881
34
2996
4298
9105
9704
5766
1951
4098
1702
8263
7359
8435
6647
6172
2737
4159
7149
472
5185
9949
8509
9481
4035
8932
9339
8533
3315
9703
7656
457
5293
425
8111
4609
6156
167
5257
5461
1448
8426
9970
6332
3673
1587
5748
2880
226
4361
9985
7001
7744
9888
8455
5030
6292
4696
7120
9291
3007
8984
8087
5880
345
450
9555
6176
8310
7034
8179
6245
2151
4904
7981
5757
2655
2796
367
4317
3031
3781
5340
4982
8321
6848
2506
1926
9987
5064
1410
6106
6695
971
7199
7255
2947
9182
4496
1604
4834
9229
6644
5135
9743
9221
8026
2549
1556
956
3217
2126
2236
1139
6036
9678
6940
4942
1101
6104
1675
8944
8430
4681
6824
2785
1450
198
588
416
4091
4468
6345
3336
8846
1023
4128
1782
4668
2887
5388
7342
1153
7485
8871
6696
2181
4782
9631
6056
983
6024
3092
2709
5022
1097
6489
124
8661
976
9305
4256
8109
7864
497
253
7361
1951
409
2075
3863
9702
5734
5422
6639
9050
1956
3132
6480
7947
3730
3845
9891
6151
1894
8473
4557
9824
8692
3218
4930
5418
1873
1073
4684
9427
5146
5415
9542
4521
8093
9990
854
8780
4209
5356
7898
4549
3949
3446
3810
1181
1530
3155
8053
5667
8349
7341
3841
6092
1240
567
5297
9634
8793
4533
5507
6479
77
4736
695
6566
6879
7687
7116
7369
2653
2049
2655
3157
3722
3721
9635
3337
6469
3522
7673
3765
5738
2576
6160
4434
5049
1601
4600
1729
4877
3111
500
4171
2537
4535
3166
8460
6240
9524
5468
7705
8896
4192
589
9479
8333
1954
679
966
1306
5725
4126
426
7417
7946
4051
8483
9245
1625
6676
8776
4040
7182
1682
1755
2828
401
2605
9018
1040
6471
8529
2539
8811
8172
8687
8639
1605
9634
1016
3503
4645
6591
9974
4994
9735
7407
5075
678
5690
478
7186
3281
8215
7530
550
3946
6291
7250
8630
4636
894
4267
6235
8421
1144
1548
5834
9553
9234
4294
491
604
1344
2158
1691
5468
6939
4695
7262
1018
7916
6314
3768
4653
3743
282
7585
8990
7126
9191
3407
7762
3675
7673
8823
313
4716
927
3259
9970
94
6782
6303
5517
8783
7387
5580
2336
5071
860
2567
839
2422
2621
3395
8650
8511
9789
120
4596
1707
6808
8473
784
1389
153
542
5936
4747
8511
8824
5365
7130
9569
8263
8968
3105
4492
6925
5197
8961
1145
399
9428
1719
7101
7465
3644
9131
657
9059
4136
362
787
3585
8103
5737
3583
3904
3448
9719
967
4782
7428
7043
522
4802
3039
1950
4352
9194
5147
5528
6361
7430
8070
2398
556
9520
6998
1837
3442
9125
5989
9087
3227
2598
5395
2567
6316
4535
812
6788
2431
6662
7266
4723
3145
6193
1737
6900
3937
8365
2096
581
9296
8133
3832
8073
4621
4230
273
6222
3049
3800
5451
8031
9901
5418
932
5923
8214
5252
827
9379
7332
1066
8962
7639
5782
1284
8860
8424
5820
2672
4395
147
5624
2746
4810
1445
166
2472
8794
3001
1359
8859
4981
3473
9613
1903
2241
3916
9079
9740
4698
714
3700
1827
6294
6885
1944
2655
9408
6261
3457
2170
3617
6171
4872
8859
279
4621
7637
3792
5713
2846
260
7671
7343
9508
1248
9410
4308
5002
1073
4260
7
5549
3474
7230
4086
7822
4393
5953
221
928
1475
7295
9603
5281
6552
5073
7566
7557
7881
5391
5108
6904
1702
5113
8746
4993
7480
1881
915
5978
9914
9089
4153
6563
7896
4344
3749
3845
1983
2463
6570
4340
2846
6390
1833
9457
1934
5461
3335
7439
4696
1419
562
2055
6284
8921
3220
1302
5649
8913
8598
1613
829
9340
5029
4814
2658
9600
8913
6940
4449
8473
4912
9801
5148
903
6481
6331
8602
9748
4020
2691
684
6365
8676
7499
8224
2043
5055
4816
9346
8111
8310
784
2617
5549
7504
4364
7094
7511
181
9757
598
9129
3378
6357
3698
1894
8263
1647
9786
8729
6366
3992
2184
8003
5863
5257
3562
1460
9102
6680
9589
8876
545
6492
6279
4967
4018
6460
1518
8560
5531
3721
3288
6432
7049
6521
4741
2558
2193
6871
3732
1710
4946
6271
8463
8989
3141
8507
1026
4420
2446
6441
1578
7100
1679
4578
8193
7521
1030
8346
8589
1839
7387
9791
7042
723
3522
9606
8162
8796
5929
5780
8409
2780
9499
9970
6098
3407
2847
2415
9967
8283
3575
8168
1420
842
8983
747
3203
9639
4734
7544
9238
8905
2119
9019
4303
4525
7930
2492
8175
824
3132
3739
938
5462
6614
6474
4170
3284
5285
2013
513
3383
3352
5925
6989
2299
2819
8867
8533
3308
5529
7251
8390
5507
9602
633
316
3938
370
7914
8899
95
5324
1167
2515
9204
1079
1501
6388
550
1253
7511
5074
7558
9251
5059
6313
4975
3434
1768
4995
9885
4902
1730
2096
3321
663
3639
2106
3861
6711
7471
6096
9828
9059
1934
3642
4902
7646
4079
10
9671
4518
5153
5164
2919
173
3945
9452
9881
6856
328
295
8597
1933
5473
5982
6245
3898
4628
2879
7171
4375
5711
2750
1648
8152
562
7606
2080
4676
7558
5181
9071
6486
7676
816
3676
7658
2017
8292
3608
6237
4408
5334
4162
6754
7507
3238
7099
8483
5452
4996
200
1316
2336
6285
7313
405
8061
1081
525
1626
4224
691
9402
3895
8459
8808
6654
7285
887
9887
1148
1833
4675
6741
5442
1503
5721
3929
3567
6988
1548
2835
6986
8879
6879
7174
7635
6372
3868
3292
8370
9888
4181
4547
4647
6265
5612
4708
5832
6283
9239
3431
1924
9281
674
7317
3137
3705
5643
2487
9423
8056
3380
9826
3065
1573
6339
7534
4647
2403
6644
4252
1587
5767
6025
8164
6748
9780
7632
6135
6879
3760
9199
5018
2342
6495
9960
1746
5433
4179
8111
8839
1991
1059
4939
4795
9483
2666
5274
9652
6528
2988
182
8003
2893
7818
9795
1035
5189
4509
340
2421
992
3044
1174
8158
380
7997
2391
847
3999
74
1899
3761
304
1660
5703
1429
4590
8032
9062
8651
6401
7304
4862
7860
9119
8113
8511
6270
576
4239
1915
8553
2817
2825
3635
5004
9218
6254
5412
4825
763
2613
2576
9112
7614
3486
9009
7782
9409
2078
9841
2335
273
6893
9321
4434
6227
6441
4575
1822
4346
8026
2115
6616
6143
9472
6916
427
5276
1818
1791
515
5728
8494
327
424
7187
6048
3507
421
7030
2210
4468
2531
8238
8185
8496
7512
8464
7499
5431
3218
7317
9123
7449
8191
5049
4567
7533
4184
8834
1357
5449
5784
5285
945
281
1882
6959
6146
8327
8983
8471
6822
4268
7831
802
7879
8780
6250
20
2396
1514
5465
423
277
475
9774
2575
8198
3469
8682
1579
5956
7563
6945
5739
4880
6780
303
5963
9855
8035
1125
1256
2963
930
4533
5836
2259
896
205
7095
5194
8130
3945
3773
388
7444
7994
4839
4549
5885
5265
9878
7400
1084
4887
5283
6321
734
5109
9742
6370
8520
7367
8738
9316
7920
1766
2470
5891
2200
7880
5899
6801
7832
3486
9688
2920
3772
1291
3028
1475
9437
1520
8764
899
3067
785
1529
8559
2747
8663
6023
1502
2960
5298
2011
5850
5353
5411
4890
914
3268
2813
4269
282
3207
1116
8595
6710
3186
2284
2539
4726
5930
971
9326
405
3958
4728
1999
4428
6522
3927
9615
776
9003
9117
4344
4034
8713
4134
2733
1402
9671
6176
5864
7299
7202
4619
8161
8668
2196
404
8556
7646
543
1305
6959
5630
5430
3115
2440
4139
7398
3259
1628
8753
6699
168
2360
7002
1221
9014
714
602
2785
4219
5079
5715
3809
730
9464
7776
8120
7867
5965
3994
8701
4020
5329
1834
3817
6590
1460
3981
5208
9020
2452
1686
9762
5337
5955
7979
6131
7249
8868
7265
763
6283
6100
6372
1454
8892
8997
6789
5201
9511
2787
5389
3720
425
8199
7036
9101
9539
1389
6641
9277
6240
6789
7396
7272
6916
2421
1717
5747
3863
4728
8551
9630
2697
807
2773
2142
8537
7348
1983
8240
8335
5602
4172
3656
7074
7430
9887
1005
8424
4162
9769
5255
3075
9250
5102
7010
8825
1210
3506
8169
7
7382
6617
9900
4032
6698
9271
9395
2379
9685
7919
7200
3877
7396
1887
9864
655
9354
1984
1254
3717
4112
9691
8241
8644
5774
9454
9399
8463
9664
3193
1255
6640
8883
8877
6568
7567
2607
2337
4250
5866
4748
15
8786
1902
3623
4047
166
4408
7492
4335
1385
9402
6840
5509
2121
6701
4092
4633
6091
8480
3484
3723
4444
1182
7265
638
6119
3666
3442
3045
2298
4631
7199
7421
2017
63
4081
763
4315
3407
1804
1332
3739
3356
4670
6411
1999
9757
175
4892
2166
5424
2013
9732
2043
3899
5712
666
1665
2591
8512
9552
5854
6692
2350
9122
2105
54
5309
8662
6104
2716
4884
4719
3217
275
7327
9534
1806
9098
5907
2840
533
3065
9240
3235
4819
2784
2600
3993
9743
8875
8271
1505
3544
7523
8582
7557
7371
4994
1846
9183
8037
9238
2025
4511
1322
6861
9486
7106
9687
1728
1620
8735
2002
5997
4322
144
1826
7969
8318
8550
1605
3437
1679
7994
535
2129
3252
1036
2137
1106
5815
1298
2134
3802
6333
1380
2818
6127
6743
4285
3259
1163
8387
775
1885
5525
4394
1656
993
5314
3199
187
9543
6803
4404
9818
6612
1636
7241
2333
2194
4457
1867
2300
9256
6423
7956
7513
7255
635
7186
3111
7420
6604
4837
3779
3157
1681
1540
538
9449
4249
7851
5925
3148
6482
966
7194
445
8105
3545
3964
197
8612
8748
4798
5378
30
6400
5235
4226
2322
2792
3497
7335
9436
5337
2651
6310
6793
7675
9231
1312
6206
4145
6099
5723
3617
9035
6256
3180
2831
6849
2282
5739
2621
4250
1823
8020
5605
1159
9316
7524
9307
550
3361
408
1800
7451
212
7202
7129
2254
4956
4998
5795
3386
9549
8523
48
4405
690
9587
2698
4698
4075
5114
4175
708
1009
2223
4505
2122
7299
1215
557
2312
4832
8044
2386
7133
2749
9914
8798
6108
9608
9529
9690
1066
3932
9079
1024
1655
9947
850
5042
9336
8109
9936
1669
3135
9624
615
4766
5704
533
4779
3153
8661
5923
4193
171
7858
6505
6496
3026
7367
4298
9729
5286
9277
5014
5528
7086
2958
8546
2462
617
9208
1474
1818
463
5565
1313
4385
6870
5212
8008
5214
3872
1937
510
2911
2307
4004
2984
8770
7471
1306
1373
1011
8095
4304
74
1521
1515
3614
9416
8498
7913
2289
5885
1704
7638
3528
3565
8277
1078
2134
4149
1054
9556
6788
3081
9856
7677
5567
1574
361
2519
6562
2481
2870
9086
7050
2879
1716
3097
4736
3985
637
3542
9543
5779
6171
6073
6685
8684
1241
9763
3510
9661
9126
2747
7446
538
800
6058
3511
3755
1755
7623
2136
6396
1451
6860
2158
3418
4075
7826
5873
4779
8165
9614
235
2925
4814
2396
5677
7619
5145
3051
1099
1261
2163
1711
2640
7475
4235
3720
4897
8152
2125
6212
966
3911
9422
3759
3045
7771
7281
479
7915
5049
4124
8945
7878
6079
7687
5859
5103
565
7904
4428
628
9465
1589
6557
5469
7593
424
2148
2026
5490
9271
8323
116
7448
2801
4203
4454
1850
9853
6211
1334
2264
1987
19
4402
385
2509
2767
5219
2138
7710
2135
4252
8388
586
6989
9
3090
7737
7650
1843
3666
8575
2124
4384
2777
1389
8898
8393
1212
9582
5514
8266
4589
2907
1397
4474
3317
5745
2138
3879
6443
9679
470
8701
2291
630
2845
7454
6933
4910
654
4539
2731
4184
4181
6637
7551
4540
2511
6280
6891
7628
3851
6894
3417
6948
7359
2163
5188
4678
3639
7026
9829
600
5767
9818
3312
5421
1796
4425
3694
162
6906
4911
1373
6716
2185
4485
6276
6622
2755
1967
4525
8310
243
8117
7861
5232
6943
8242
7286
6571
7514
7898
8328
8048
1802
6988
3758
930
4805
8901
6214
3002
1255
7964
7681
999
6886
2704
4817
5785
9279
4326
4418
4918
7876
99
4617
1179
9513
5500
6668
5863
5985
4482
3935
4028
7765
3221
1259
4806
3126
8159
5208
4153
1819
2502
2360
9862
8705
563
1994
996
8009
1678
6008
5564
5596
4647
803
9504
5313
5072
3456
8404
7825
314
4103
1561
9314
6918
8378
7399
391
942
6151
354
1043
3984
2038
2332
339
5610
9146
5078
2862
4324
3450
6820
3459
289
7165
8168
1260
779
4455
9534
3060
8118
342
9215
8263
1506
7578
8098
1495
8494
2569
2675
3645
1249
3884
1096
9099
1152
746
3774
1831
2057
6139
2028
7233
4096
1933
3382
1240
4516
4894
8909
9610
2152
3279
8732
4245
166
6524
9842
3973
8723
1671
5974
3031
7164
6952
5805
6608
9011
2979
6763
3848
