4024
3665
4254
1380
3601
7966
4493
6135
1536
3255
9111
6679
197
6458
2313
6751
9371
5782
3143
3928
7736
3752
722
4182
5622
2164
5633
8076
6190
3621
2428
4719
9322
141
1685
340
5497
5099
3617
4696
868
9346
3880
6426
9649
1206
7399
2478
374
2240
8889
3935
1729
3540
7359
3224
7224
198
6600
3419
6402
6309
285
6083
4796
7500
8119
448
9051
324
8817
2842
664
2428
6018
8574
1331
1701
2200
8899
9838
4094
7380
3864
1002
3555
2434
1335
7862
1028
9038
5235
5910
5820
5057
1387
3371
3943
1699
372
3195
9367
5041
5928
7156
9599
4571
6844
8544
9372
3019
9916
9399
6660
8920
9325
6005
8942
228
3261
9686
9437
1626
1031
3455
9438
2374
2480
1980
3245
715
6697
7098
1177
593
6664
6675
4047
5007
2869
3416
8317
3825
2375
1203
656
2691
8038
5206
1291
8992
3324
5186
4339
3072
2504
2671
9656
533
7364
1915
4294
2251
2713
3604
31
6336
6619
9808
7978
7895
8552
4551
2280
7727
9593
8485
5533
417
6884
3995
375
976
8657
6346
6439
3639
7502
539
1958
776
2135
7167
8578
6039
9838
1494
1655
4372
569
9423
8191
6318
5089
8113
857
9961
6932
2627
1904
4378
3486
1972
534
2364
5601
4253
8083
7919
861
344
8791
1666
4893
4893
6843
594
4900
5519
869
103
7062
9506
8815
4884
2807
5175
8067
3469
5137
9196
8864
2042
7376
7527
5740
163
8750
2984
3723
8446
1009
4127
3322
5667
3664
5224
9517
6802
8390
5234
6786
9364
3818
8499
6358
4990
2134
8213
4388
5586
5593
1592
1607
5359
410
6669
9859
4130
6485
3791
7853
6776
6471
6131
9359
1562
9780
2162
6508
1740
6546
9585
5142
8901
7491
3026
5835
7520
5652
9651
6968
8064
8400
8346
7660
305
6649
7807
2666
3287
1956
7081
9288
7685
9763
9621
2585
4333
1328
8377
2625
8769
1316
6604
1250
794
5731
1642
3397
7164
2653
6797
2790
5105
8791
7449
9910
8710
6929
9299
5942
6352
204
8000
95
7324
8462
4495
4547
9214
9245
5129
2820
8544
6856
4462
5586
1795
4777
3535
6491
5620
7833
206
6913
6484
4851
3331
6551
272
2231
7203
3485
4751
6375
1971
1156
663
4308
5679
9761
3922
3213
9044
9240
25
7107
854
4992
6692
2652
8173
6811
9140
8478
1352
63
7199
8946
8179
7303
1693
6113
6573
1314
9352
3904
2328
2853
386
7131
8543
2015
3914
5834
2461
8826
3882
8559
434
1865
7152
3754
9689
4437
826
2697
3790
8924
7474
685
5247
69
8019
2577
7753
351
6018
3614
542
6219
8191
485
2321
5206
5560
4929
8672
5072
1872
9648
1507
6065
6678
8791
3771
3243
6935
137
2080
7511
23
6675
8958
6873
8699
2511
3319
170
6452
1644
9628
7169
797
4077
2764
6300
8083
8396
5784
5887
7987
4380
2196
4642
9519
8872
3770
2574
5802
9961
3785
5332
673
2173
2903
6437
2233
3860
2592
5508
7793
3195
5740
2033
3385
503
3831
4930
9688
3255
4240
9835
810
6700
1825
7308
487
8418
9812
9121
7676
1252
8776
1642
9217
5847
1320
9511
6215
6907
3716
4085
8708
1417
6629
6636
3624
4819
8965
9567
8662
9649
4078
6513
5171
7480
709
268
8254
1776
6586
7974
8895
1644
2449
752
7361
1943
9285
2191
5432
8539
6257
437
727
6061
6004
4628
5985
4389
6989
3327
9811
1325
7020
9265
7473
6665
2211
8662
3541
1643
5495
4448
7128
6325
8913
9078
9181
9295
9977
8498
8372
9836
5287
9936
7830
2449
4596
7637
2558
4061
9526
8553
5440
6791
9000
6134
5854
7954
1174
1359
8767
1797
9816
7577
5644
8585
3936
9598
8021
6976
3848
1249
3238
4760
9945
5577
2631
1755
3153
3845
2132
9200
6369
1050
1047
9379
1366
5516
5528
9644
9546
7919
6606
9402
5554
4896
7834
9912
2940
8314
8044
8322
4447
7475
6640
4329
213
6383
8060
8897
1871
1583
8388
4992
3979
2056
5120
4971
3732
8554
7255
4967
1340
8086
4280
9185
7498
5262
4991
1898
6701
9439
122
8750
9469
4404
5444
6727
4885
2365
5726
1948
3378
4327
5210
6660
6327
691
3618
7532
5868
6793
3505
1724
6587
6953
413
6284
6217
1016
6197
8582
3790
4514
4330
837
8739
3774
2010
871
9730
8423
3324
1450
6176
2148
3657
4370
8265
3723
7006
5921
9158
1385
3303
895
6338
4373
5193
4536
642
6350
1752
2613
5957
1660
3341
6639
771
7774
380
9902
1537
398
3468
9850
5642
3143
82
7935
6511
8032
7045
2254
3201
8900
2109
9850
3753
9501
6707
5149
8439
8818
1489
3193
1716
1179
9862
3318
2897
2654
8134
6565
4629
2183
8166
4647
8879
7608
8020
9328
861
363
112
4215
8216
2629
2535
4973
3325
7796
8393
4969
3664
60
9797
2615
8789
2106
6149
5692
6283
959
3891
3526
9849
404
2000
7722
4620
7544
797
5683
9645
3578
9204
2045
8454
9071
9463
2171
4031
810
8780
5067
8401
2461
9422
1626
3810
1875
322
9528
7714
7420
9531
5301
4280
920
2446
6723
7583
6579
2722
4346
9288
4560
4832
4683
2570
72
8067
3098
4115
3545
5155
1852
8801
3859
1677
7656
867
3148
4799
2081
6962
3546
6945
4057
5328
260
6488
9953
3952
8311
331
7646
7223
7162
6043
2707
950
5062
5253
9600
649
839
2666
7476
7574
5886
1848
173
719
6662
1893
3085
9107
296
4315
7236
2831
4256
4581
4790
8507
1138
4828
8679
3858
5981
5836
9257
5475
1521
5962
4963
226
6725
3725
9224
3352
4436
9552
2797
3869
7096
3002
1175
1794
9288
5196
5698
3504
2350
1818
3760
5940
8973
4661
8100
7848
5174
1360
4411
542
914
1674
6510
7495
9411
7910
551
7635
7453
3659
6119
1645
8192
4673
278
5380
815
6890
2201
1853
9910
2471
1849
5064
1897
3412
3936
2372
3690
6231
3885
8424
7641
4633
9851
4009
5607
1011
6243
4762
7011
3012
8158
1026
5280
3046
5535
2277
5932
5567
1654
3707
3494
5861
8867
9171
6254
2660
7410
7728
6534
9423
3398
8470
3478
9071
6426
4353
7505
3250
3110
8498
8191
4344
3717
9637
1876
2783
9327
938
2844
9007
3581
706
1627
8214
2726
6281
9435
6543
3271
6798
8322
3392
7685
6715
1276
2956
1994
3654
1621
8445
3191
860
2998
8078
436
8412
260
2546
8763
9276
3289
564
9252
1295
2268
9798
7130
9613
8345
488
9526
4854
5514
7582
1174
4437
9856
6302
8162
9071
3364
2723
5505
675
6386
6436
2307
4536
2286
6594
2141
3084
9483
332
338
3113
4103
6105
7836
1405
3514
137
7088
965
6085
8415
936
1771
3944
655
544
1324
5603
2376
6692
8514
6750
6949
7082
1642
9773
5604
1777
5637
1324
1000
4578
6862
1941
9868
1467
3140
6795
1641
5061
3019
5318
4879
4695
5283
971
1433
521
7021
6173
4121
7439
3566
9100
8545
5055
1843
7534
7154
4501
7263
2773
254
1698
4002
3499
3529
2442
2518
9855
2282
8143
693
1686
7355
4194
9723
1809
1829
2829
588
347
1171
7113
5388
2389
4547
224
4202
7591
2400
3901
7592
927
7947
3487
5642
922
563
928
8995
1938
5780
7930
9137
2029
3859
6978
1172
812
948
4947
3179
4664
1400
1500
7845
5823
9403
2463
115
4796
4264
8904
4541
3372
1971
5867
7896
7923
8350
8911
4809
3234
802
4326
4535
2287
8207
3963
6763
2590
2083
859
3284
3033
7998
8638
1420
8515
4017
2441
626
7195
5857
7978
5287
2408
948
3630
6623
9839
8770
1311
838
9382
8269
749
5326
5899
6590
3692
679
6522
9224
3558
7141
6408
6652
5814
2445
4266
6195
151
1688
7126
4415
2384
9160
4255
8503
2673
2806
6345
876
9926
783
2594
5583
1154
9674
99
6539
527
6990
9154
3760
2828
2528
2970
3715
2860
7357
58
5474
8310
5724
2633
8276
1832
5066
2745
8170
2492
5766
3053
7937
5515
9633
3653
3678
6170
2989
5066
8264
5011
1440
1434
357
7727
6113
2779
3295
2415
3511
8281
7178
4630
5353
8684
7011
5368
8475
7868
4080
5202
8600
3109
139
7453
8993
2185
9267
480
8397
323
5074
3919
8206
56
1230
2470
3990
1188
4271
5140
477
9004
871
3570
2203
4745
3582
4243
4844
204
2299
8577
5082
3930
2524
5337
412
4983
1495
8018
4285
8031
585
3849
2255
1462
4506
3824
1424
6624
2660
1568
980
2526
2467
1145
3579
3045
1932
8449
8368
5056
1483
5859
8122
8300
3348
9548
2253
7908
1322
4461
3700
3034
6268
3166
918
7552
1259
416
3582
4461
907
2689
2591
1023
7154
2630
8360
1382
8679
4175
8285
8736
2733
482
9933
2795
8152
7103
8103
7358
5244
6698
9094
5355
1631
4060
9324
1201
1430
4329
2172
2235
4492
9568
2684
3703
9943
3145
4525
8745
9426
1532
2854
9169
9068
1795
8188
8280
4103
8101
8733
2152
7522
2763
8308
7324
2879
7129
2161
711
923
3373
6192
2382
1947
9366
6252
2439
4544
4347
5881
4464
884
1016
7213
8226
9291
4453
2239
4853
9850
6418
1941
373
3710
5090
640
8925
6394
198
9888
807
3013
5272
7310
6781
3964
2374
4434
8988
7862
5080
4477
2261
8633
3914
4710
2756
6898
2926
4876
5269
1453
2069
4876
1374
832
9816
2875
324
3590
1984
1234
7808
1284
5594
2576
6027
8747
3678
8478
5617
9777
2528
2785
7417
6227
2628
9478
9928
676
4437
2679
2935
6625
3194
1547
7937
2255
8556
5491
2321
6238
4283
3381
8285
9316
4471
7746
8165
1110
4212
701
7658
7345
4543
165
8429
3784
806
6521
8024
8840
8001
4452
7142
252
3203
6560
6254
9063
6824
2238
863
5935
2377
6352
7575
9299
8671
7571
7071
2322
8210
6098
491
778
7559
6714
5497
1139
8545
5296
4256
3543
3596
2821
3406
8972
5210
2723
7383
2889
6024
380
420
5869
2401
3638
3145
6479
5933
7108
1839
6504
455
4437
6578
6064
7493
6171
9522
4811
6148
7547
3133
3119
2388
102
3615
1307
9843
4870
4062
7911
5802
5869
6423
2071
1955
2310
9968
8715
4768
1257
4729
9486
8386
6785
1155
7027
1861
7105
1159
3716
6303
1217
8977
4995
5537
5107
3468
5846
8655
8517
6688
4977
6260
3040
9312
7204
3691
991
1701
8895
7191
6954
2510
2766
5588
6678
1798
2568
9484
9909
5546
4833
2520
6246
5454
4312
6241
5169
6223
1306
8171
3455
1737
7613
559
3290
7676
9991
4190
4952
8007
495
9182
2217
4227
6440
5181
6953
4111
991
1915
7267
831
1242
1864
6027
2997
8259
3320
4734
7446
9585
1790
6797
2185
5066
9660
1538
8210
7279
768
9052
7360
7403
4739
6307
2583
2211
4723
6024
1613
7553
6668
2445
5873
1720
8825
1584
7140
7193
9988
6971
2300
9180
7522
8975
8345
4219
1984
8793
4803
1015
3232
7001
8312
4307
2508
1703
1089
1936
1425
2623
6711
973
7822
4222
1471
711
698
8216
3588
1527
4777
7628
5969
3158
4540
1736
4756
4198
3747
1914
4065
482
2715
3909
1728
8581
7519
1217
5574
3615
3677
3703
7630
6910
8961
3330
7859
1614
3332
3748
2681
7739
5772
917
4701
5004
6637
188
2876
6702
368
9874
6824
8579
5966
2627
7531
6828
5377
5627
7374
1076
9241
3827
9110
1204
6962
9512
2990
6533
231
4176
7003
4687
5147
151
9908
7835
5831
9419
8025
2004
1222
2003
6006
7331
2388
8113
4881
5774
9636
3698
4839
4370
9819
8040
2963
9282
7930
3979
976
1073
4243
9220
8316
5095
5960
8749
7373
1304
1866
742
2429
7904
3492
613
7503
4454
8657
3811
2608
9246
9407
8480
3731
8726
5058
4073
5258
7025
4313
594
1900
1864
4096
9563
1168
1008
8516
3231
7126
2598
26
2765
1220
3779
5380
6417
8294
8204
4591
8253
8699
1487
227
4701
2182
550
7951
9492
1532
5526
611
2395
4445
8925
6919
1783
1188
9165
136
701
7904
3738
8301
5770
446
8194
363
1175
2683
1766
7647
6333
870
6082
9484
187
3230
7610
7415
8421
3606
2848
6090
1883
9521
9807
1480
9114
6251
9309
5314
4221
3634
4454
5111
4125
3109
1299
6639
9355
1318
5043
6503
5247
8114
8458
1523
6995
3642
4464
9981
9545
5016
3960
2542
1050
2137
6140
7111
8656
3391
745
6905
2678
7094
7346
859
5521
7971
1001
2405
8226
3786
3414
8462
90
9828
7426
5484
4467
439
3577
5922
3495
1425
4333
1686
5550
9434
9964
9411
8552
4574
7121
3529
5036
4332
4314
961
522
332
9423
6128
9797
5665
6032
7352
2658
5551
5973
4812
6793
4992
4190
8998
3386
5916
5923
5841
2480
6975
5609
7449
6784
7
6519
9160
8587
5245
3755
9176
7230
7182
4961
2969
2873
550
2301
4623
2807
751
3295
3230
7402
3087
849
8660
4664
8793
3868
1074
4867
8777
4764
141
5168
4227
7541
4326
8837
4224
8590
2171
4801
3977
8675
4832
2451
3118
2208
5903
1527
2874
6202
3314
2552
7854
1890
7391
8589
6511
2040
6119
9712
3680
4525
5774
1575
5806
1651
9207
1951
6859
2825
3179
3788
4031
1811
8984
9723
2843
3034
3299
7937
5882
5070
1583
2854
8227
6062
6518
5116
4138
3804
6969
2391
1716
3402
6191
5913
4866
6815
3804
3346
1332
7026
1101
1539
6669
1258
6015
6841
4146
2817
636
474
4909
1500
163
9514
7546
9844
3515
2325
8613
4281
9705
882
7980
3802
3973
9290
6458
4932
7602
5038
7457
7441
2471
7140
1425
5143
8009
7938
5920
892
7559
3188
2590
8021
5807
4889
2478
8355
7534
8803
6729
9083
6718
3970
1561
736
4654
6402
6011
4283
98
5408
9851
6396
7885
1066
3319
7994
4589
1880
6134
4324
1442
6098
5665
1147
946
5189
6741
6742
4638
6895
1212
5471
5215
5878
4349
4241
7545
2050
8372
8830
4857
6512
2589
4947
2287
5657
7638
9911
3309
5363
6027
1809
5863
2791
104
873
7000
1369
7651
6739
3560
3404
4647
7222
2427
9049
7946
3285
3472
6313
8550
2116
7286
279
7741
610
2539
3400
8421
1574
4141
3846
1805
1601
1069
8315
6386
9320
3714
6478
6005
5906
3354
5909
6629
828
4661
6131
9044
2554
1162
7809
9848
6680
509
4574
7728
7234
2266
4367
1630
6936
2697
7329
6158
6194
1298
7351
962
5549
9863
6986
8288
9718
8432
7640
5020
6757
5302
7452
3505
1522
5969
1615
4308
5524
4660
849
8996
196
6521
2077
8645
2955
3977
397
2729
8808
7540
8638
4246
4818
8397
4379
1995
7906
1609
449
6228
1386
1162
5530
194
8374
8623
6798
2108
9726
932
6618
9203
9692
1713
5660
8436
4438
7294
1774
7690
8911
9867
360
4093
8319
2065
3772
4312
1495
265
1943
9508
1100
853
1058
9694
8945
2057
4694
8825
7271
4520
6935
7184
8569
5800
1959
5590
7171
8389
7068
288
7780
2211
1465
8780
7383
7498
2234
4314
9725
2416
821
2302
7578
8821
14
9418
2976
9817
6666
7856
6185
6399
4802
4780
8523
5596
6733
9459
2462
574
8320
365
5196
4861
6286
838
8517
6469
7338
9574
4520
3613
9977
8878
6480
1224
1325
3680
9868
1048
3108
3643
4010
3729
7187
4584
9037
6886
2589
4778
7000
6606
6941
7424
6289
6384
6700
6233
1329
2410
3194
6386
9025
1499
4673
6197
7636
7168
1949
4607
6480
1037
4487
2416
3980
4126
1091
6874
7251
6861
857
9188
3239
9896
7011
7830
6214
6916
7476
5529
8426
2183
4969
8329
8984
999
7869
5841
1604
9873
2715
8738
4598
1666
143
6536
1839
2717
3346
7801
4313
9855
1887
622
2333
6183
5068
2190
3756
5641
5483
6873
1799
2134
7452
4260
6012
2321
1760
3990
8435
6954
3814
34
230
8490
3202
4815
6785
5540
990
902
1502
395
7901
2574
2048
8836
7517
1685
5064
4452
8656
9984
1534
7467
9294
1634
5345
9666
2433
8532
4493
8540
4550
4910
979
9692
8870
7716
1879
7807
8596
925
2393
283
1626
1311
7787
1258
5494
5545
4504
863
5656
3833
4300
5154
3430
8969
5249
8150
2557
7493
7238
4680
6303
5997
6205
8885
1483
3049
6543
4283
2809
660
7846
3214
2866
2140
8427
7535
318
3083
7038
8729
4584
8863
2859
259
724
4633
6932
3094
4800
7173
908
7352
4009
9
1645
4872
4277
2159
1108
4937
949
5483
6246
6899
5643
9786
8137
3243
9578
8948
8148
9560
6158
8402
4410
837
2430
5325
8154
8795
5402
8937
2354
5016
2537
1566
6101
6236
6956
1141
9730
8369
6185
8502
210
1277
5362
537
9897
9099
5371
652
2832
8554
3534
6276
6703
7745
4674
9096
6060
7300
6406
422
1518
9992
758
4918
3903
6703
443
161
1143
4219
4755
6904
4277
5364
3562
2839
787
266
2984
4274
8923
6703
4756
7231
4315
1167
3441
8875
8773
2042
3244
6118
3050
9602
3554
3824
1240
2827
5209
6364
1037
654
9038
4915
3120
2442
7083
8674
2067
839
9126
2877
5166
2534
2753
4445
9631
1696
8228
372
1313
8640
926
6989
7829
8000
8857
4794
7503
8726
8172
4837
659
1011
5308
9295
1542
9674
3090
7447
4841
5614
9688
426
9702
2691
622
3435
4578
4597
5190
743
1974
784
6500
2508
1159
1791
5179
3233
8994
6657
7064
3032
1068
74
1775
7540
8829
6343
1099
4018
1259
1290
5204
6535
5888
8003
8747
859
6024
8386
9827
8117
8924
1381
4252
775
7144
5966
7909
7513
2753
6458
4242
2332
9759
2474
6703
7433
203
8263
5697
9628
7549
7229
9274
9307
3901
6975
2877
3270
9879
213
6219
5683
9553
5612
6481
4527
3955
9279
6656
7161
2478
9896
9835
5389
7277
2631
3853
4453
9277
3241
8808
4204
4125
4786
3478
3592
6228
4013
9522
4502
2242
3648
8840
4180
9404
5784
2270
4932
7086
3131
4890
5250
9714
3610
9973
5999
2737
2556
7211
572
7009
3842
2185
6811
3483
3249
6108
6736
6097
8692
365
1967
8689
1717
7893
6182
6787
9840
2843
4518
4582
7814
9027
4718
6273
1455
8760
3462
4522
4478
6857
8046
7037
8831
1071
9575
4890
5840
6501
6672
9217
9657
7888
8344
8586
4483
8828
1172
1681
8798
5190
9595
981
3909
2261
2374
6877
3111
1103
7742
9631
3626
7646
7672
241
8494
8034
7975
7349
6751
9598
2034
812
9775
8287
8391
4452
9882
8871
9857
564
6636
2172
5338
76
2891
2237
6138
2252
6430
5030
9262
5157
4414
6729
6104
516
879
3801
8013
2621
4694
7602
4507
2794
9607
3898
3439
8874
8457
7399
1578
9468
2864
2911
2882
7276
9126
7595
1580
1091
6396
1943
379
3253
7772
4024
7751
9106
4348
9329
4660
5497
5990
4913
5496
7885
8418
5577
4568
2866
9651
8334
7643
7177
301
6392
5932
8239
9886
2936
9680
9084
7399
8437
2569
3776
5039
3491
9433
8736
7323
387
837
5847
4105
9372
7688
5302
7663
7507
992
7010
7155
8911
8631
9034
5073
4368
5227
8385
5519
3744
3570
4258
5538
3432
2137
212
7628
8954
2628
8746
1606
342
9833
4388
4510
1681
3404
2981
3055
8143
4442
356
7433
1445
1461
820
9615
7705
5176
2205
5440
1282
1415
9075
9044
7657
9440
4753
7063
7843
1216
6887
5741
3429
1324
1960
7947
9464
7731
8062
5669
4674
2997
1095
1960
3056
567
372
1645
17
9114
2321
229
6568
9137
2371
2211
6366
7986
8411
8989
1335
1112
6014
3445
4440
9366
9827
7785
7725
3206
5523
2710
3925
2972
5674
4914
9661
7372
2100
4222
1785
854
1547
5354
7713
3009
4298
2510
7688
9334
5070
4131
9411
5388
6580
8155
518
8
7245
6908
7142
9414
7124
6440
190
2408
2435
1839
1634
4112
7346
1494
7299
7320
5756
2124
9307
6455
8706
5977
79
887
4754
4418
465
9543
4790
4901
7010
9170
6326
2121
6397
2957
5523
3258
7689
3265
3723
3439
9066
7485
2102
4013
8159
6763
9659
2980
267
7009
4599
1051
4255
1325
4539
4261
8809
4119
7859
7889
1201
9791
442
4775
3754
140
4965
7862
5188
7462
8392
3340
3095
4016
582
2769
6249
3247
4632
2268
1650
3085
8963
7605
3424
6316
5600
2651
1210
4551
1105
8529
2125
1777
4834
301
4527
5202
4603
2897
8935
9636
4885
3399
112
4623
9522
3338
4986
3290
7054
5118
1102
4618
54
2037
9217
5143
6807
9634
7899
3648
8626
9990
2377
6920
1488
7707
6481
9054
6862
1610
8061
7311
2335
5048
9154
5146
5456
8205
8493
4752
1296
4412
8707
932
5325
829
8916
2139
694
8749
9687
453
7329
1852
3621
7807
6805
5950
8864
6130
8534
8248
6383
7216
8131
7069
3865
7308
7645
4440
6448
5306
3884
4817
3714
4245
7948
1632
7547
3797
4376
6412
4047
2353
7860
3227
7523
3757
5788
360
7986
4340
7298
6230
8733
8057
6756
5832
307
9115
648
9238
6895
7682
3571
5829
3161
5779
1665
1009
8435
6512
6333
7363
5240
8050
1409
1689
7795
6482
1411
995
8720
3851
6458
3372
984
7567
5604
1701
5119
3627
838
9433
7313
4093
6329
2163
4894
1393
1195
334
44
708
2753
9029
5235
4303
4578
5462
7214
8598
6172
1996
7887
8815
8660
5309
5112
9123
8867
4282
9972
3892
9451
7099
3420
8132
8113
3626
7725
2814
5250
5258
3240
3092
3851
7429
2141
8441
5927
3253
5654
6140
4385
7100
1208
8645
1834
9910
7264
4869
5899
1101
2700
4108
2557
7597
3444
6822
5251
419
3512
7198
8179
1847
6046
1523
992
9415
8590
945
9880
5144
983
4635
5363
2648
7716
5217
7046
4357
8443
336
6113
6340
1307
8486
3061
2500
7897
4576
4928
2061
4478
2059
8338
4104
9241
2779
7868
8577
8154
3070
7211
15
8808
4616
3371
404
6459
3880
1617
7004
8188
8152
8055
1905
4320
8956
3857
3129
658
9157
3165
8500
2325
5469
6281
6178
7325
1760
1505
2677
2071
1109
6060
4946
1455
2797
7749
1021
1231
5849
5733
33
7975
103
7045
4255
2547
1712
6161
2511
9749
4769
2460
1570
8852
211
9835
447
4164
2773
7376
4726
9843
6808
2016
2380
1716
8451
209
6276
6942
2417
9814
2961
3075
9992
3010
7177
2441
2779
9189
5093
8989
5412
7335
3693
5007
4560
7586
5134
4016
9984
8684
5357
5791
1099
7538
7719
8379
4274
8664
8015
8232
467
3709
8216
2660
6491
5570
1816
8470
9932
4638
6060
7259
3640
1355
6564
757
7522
638
1765
421
6093
4856
8946
7511
8316
5967
4965
9214
1756
8763
3235
9301
1671
621
9141
5975
9575
3035
2109
3680
9199
9170
715
5094
1677
8562
3976
3291
1814
1609
1817
3368
8134
8710
5611
5985
642
702
8439
273
3503
3340
9120
957
3028
2071
8306
3504
5648
1420
9685
7621
5680
9560
3860
7150
9319
9944
8064
3337
6711
7520
9740
4787
9455
3520
7730
6715
8454
2850
5853
8967
9011
2505
219
9318
1130
9738
2755
8420
5176
6395
4031
3200
955
8256
2515
7775
9002
8673
9982
9648
5076
698
537
784
4969
8739
9574
6128
3392
2981
1287
334
95
3065
8137
2124
9223
4765
9968
8665
4820
6828
4103
7962
5737
1992
8071
8802
5556
7680
4723
28
4553
6293
5925
5939
2980
1090
6115
8093
1533
6450
3901
1449
888
8960
2263
2637
2904
8965
7329
4309
2609
746
2255
8471
4127
5152
9276
1390
1450
2962
8277
8499
2064
780
3049
6081
6982
9136
2610
5156
1081
2367
2403
570
4327
8440
9656
1619
9574
3638
9682
7277
7939
9484
4869
7741
1486
3116
4934
1938
2074
1926
1697
8291
6888
4079
8190
4557
6763
8589
4925
113
1360
5789
2878
4201
5541
9045
6147
7742
8490
3449
4231
1929
5316
9965
4974
7027
5974
4679
468
2401
3641
8443
9876
3743
6336
7888
7571
2146
4985
3184
7948
3909
7470
7302
2851
6237
5000
8998
115
6139
5038
1208
4208
