2320
3392
5742
9464
209
5202
6820
3745
4382
3659
8799
1318
7640
2256
3618
2127
8269
2698
1451
8918
3402
953
5045
7342
1495
2593
9279
2604
6997
7863
4839
1136
7703
8908
8658
2122
7311
5090
7308
9429
1136
5065
9065
5131
5413
6090
5698
8053
9098
8398
7324
9110
2511
9727
4579
3335
4883
5329
7802
8364
6790
7814
8219
7547
1868
8793
7226
6654
2514
1510
4855
2674
7828
6846
7771
9116
1772
3131
1396
7216
3116
3075
4483
1686
4559
6834
436
5894
4730
9343
2180
911
7033
2301
949
3969
4741
3209
6553
6769
7638
4820
2294
2356
7461
1740
2012
4959
5022
902
9518
7828
5160
6031
9187
2924
7500
4930
7120
3747
5353
3778
7219
9902
8599
8466
1063
2653
8377
6107
1867
4632
6397
1819
2964
9373
3564
3940
4817
3211
339
7791
1929
4134
1541
3814
614
8502
8807
5170
1340
4686
6056
9931
8802
8220
2773
5961
4623
3675
3377
5642
6636
455
1580
5813
4954
8340
4947
1790
3820
5687
8072
82
9162
7731
5217
8857
1482
5105
7913
718
685
3537
9683
112
2405
6318
7157
3242
4686
9146
7486
2667
1814
6970
9273
932
5419
6002
7111
1538
9154
6895
5058
6440
5423
5873
9791
702
5279
4016
3702
1185
4121
4963
2199
5262
5243
3524
6014
425
5413
1238
3991
6374
6916
1923
3671
1997
79
8027
9732
6713
5183
1040
990
4867
9385
1553
8725
955
1111
9891
2913
8489
272
1316
1747
6331
4596
184
8585
2157
4227
3581
8608
9697
1826
9488
7360
8336
742
7514
896
9842
6337
4198
124
7594
4498
4887
7052
9708
3106
4869
2237
4892
5667
7932
3631
5613
102
5765
9020
3206
7176
6073
9776
2712
8708
670
7585
8790
2731
3633
7562
4747
164
5749
5597
9581
4083
8640
3546
2913
1876
7505
1284
8922
2220
7173
130
2562
2755
6286
3509
5838
1
3157
5019
7879
5037
9088
2309
1784
2072
6981
7359
8033
9270
7521
9979
1389
3675
5242
9697
1637
8367
1949
1181
61
6484
6196
6302
1971
5224
1696
1037
6326
2501
4379
2551
2874
5116
7846
6387
6715
2098
2378
284
7303
1487
3429
4760
9361
594
8465
7952
4538
6113
9246
9965
5634
2493
9817
2405
1340
2076
9661
3363
800
309
326
9669
2461
8158
9227
6392
5173
8271
3506
4398
6937
4385
9217
1135
4829
9165
3261
9663
6977
9234
2512
6202
6342
8952
3643
9987
5089
567
5558
2687
6
4382
8084
2160
1518
2270
2264
4295
2544
857
3561
6732
2030
4101
3490
6369
5276
6069
5542
6585
2852
6690
3163
9990
7597
7426
6487
6341
8231
7141
6881
4103
7177
9107
7817
4270
1809
1388
3402
1397
987
3155
5107
4594
9781
8484
4867
9405
288
9168
5607
1484
6633
191
6782
8827
3422
671
6040
4379
5340
9705
2280
8127
3136
9699
3970
7963
7787
7567
1965
7048
1980
1383
8740
9736
7974
7603
9609
9387
3057
6769
9016
9470
9686
6767
2909
1634
2461
9861
8535
6497
2016
5539
9957
9003
3586
4542
8861
9316
3823
8235
7446
9020
1086
5693
205
6090
4018
3509
8237
564
9298
9144
2658
7090
8510
6769
341
5343
2001
5796
2323
6750
3347
9196
3050
4029
6809
2696
2561
8352
6534
4496
8099
9500
1389
4077
2759
1434
624
2725
9381
2228
2438
237
1205
9962
2293
2224
3697
2968
5006
4795
9293
7708
1087
5967
1642
502
1498
7455
7559
2526
1156
4499
6984
8521
5505
8818
405
5630
1285
3044
7563
8978
1895
3422
8388
4091
5958
4188
380
673
191
9067
264
1753
6578
6577
9574
1894
6431
8223
7107
1951
869
417
1516
505
6777
7822
3773
2557
1061
4808
4249
5258
5275
9128
142
1613
5884
4026
4160
2657
8999
9017
7574
7794
6057
9768
5301
9807
5899
5589
7130
5649
9284
3769
8566
347
5454
6696
1943
5209
90
4720
3547
1914
1827
1475
9536
185
4308
3560
7643
38
7169
9289
6911
5221
8313
6579
6252
9249
7679
1035
9379
5654
2060
7863
779
5955
5013
4012
16
6163
7125
1869
1921
8478
794
2193
180
7128
3057
461
6762
3138
5980
1419
5130
5586
1987
9122
2027
6304
9578
3516
6447
4734
462
4880
5922
8318
9561
114
2826
3934
5812
9757
7829
7598
8833
3255
7033
4449
8279
2046
7872
6604
2353
8360
918
4970
7518
3144
6159
5854
886
3183
6806
2166
6164
1228
6868
2142
7115
8069
879
4434
7017
976
379
4349
3483
3641
9882
7080
4338
4721
2408
6672
4645
9478
4250
5257
7795
4373
9510
5682
5755
5753
921
3247
9223
5124
8467
9131
3993
7455
7676
2296
6131
3283
1335
7548
5395
6877
4320
4711
8243
3215
7270
8475
658
8149
1214
7231
1698
1045
5137
853
4426
7519
7528
5009
6143
632
8183
3948
2320
1187
1452
8144
6203
7852
4218
9025
8802
7807
5287
1433
3287
2277
9309
2274
609
7975
1275
8833
8960
4681
1649
9542
5506
3669
979
5291
2863
340
2246
6618
4859
8923
1916
63
5504
6635
7484
458
4157
5078
6948
7567
2152
7192
1772
2666
9499
6848
3639
4976
9332
4171
1220
8721
3445
6799
8690
3173
4936
8173
8614
2583
3085
6590
8191
2167
9769
9942
8233
7603
1322
2669
296
7071
4048
5582
5030
5822
1590
5189
8248
8468
5110
1957
2907
4664
5051
2822
9376
5197
5899
2531
259
1078
5212
8716
6125
8503
3052
4260
7773
4725
6612
9472
2601
3814
2183
493
6255
5690
7195
4992
7844
3563
9765
443
6222
5693
8182
2588
9599
5686
5954
8995
8292
5919
7395
3058
2654
1856
2185
5537
3651
8056
9146
42
4209
2611
2946
4994
5690
3896
2913
2584
2769
1631
2840
8442
2360
2716
9261
7550
5068
8693
7043
7727
2808
6916
4604
670
5628
8478
4936
7976
2894
2988
8040
2147
7092
9985
5830
4549
7345
522
8746
8336
2696
4267
1393
6872
3097
8307
9444
6463
5841
8975
2655
4409
9169
2244
5858
6251
1394
2550
2281
232
2028
8476
4440
7055
8764
1034
8605
5777
3104
5672
3678
3223
890
155
1431
7852
6387
1651
522
134
3772
5897
893
1417
837
1745
5184
4064
9207
5777
6587
3170
192
5454
7428
9532
4191
7709
4433
6761
7564
3449
2103
7561
7553
2305
2852
7944
5359
3972
8916
235
270
1726
3297
5618
8232
1736
5712
9430
7012
1947
4967
6221
6223
984
2262
4231
5209
3988
7054
7351
6976
1766
4180
491
5766
5174
6448
7578
3610
4955
3394
780
7922
2939
9602
7845
8820
7528
1324
2859
6163
6397
7776
165
4327
5599
3673
1842
3021
9502
9169
1994
5620
4022
634
6228
1859
8531
6359
8315
759
5952
9862
3976
8307
4370
7386
504
814
7973
7463
9407
8701
3825
4399
3334
4828
6116
2776
3235
3347
9080
7700
1106
2628
2494
7157
5717
6041
5239
3887
9055
3019
8568
877
1087
9701
6296
1880
4752
3621
1009
1795
5214
6166
5432
9485
7172
6897
3580
2595
6252
1370
2092
5501
8297
3628
7471
7776
8121
4471
7603
7221
8788
4218
4978
9767
6743
6175
5605
3551
7394
7415
4989
2398
737
5608
7593
92
1049
6113
7891
8601
1391
9470
4850
1047
7419
8505
8247
4101
9094
1678
5889
5861
376
7530
2521
257
3699
5763
6531
9374
3240
1599
8471
7777
8689
2778
2460
3246
7457
4085
6985
134
9911
6511
2786
9660
5369
9576
3682
9915
2118
5435
6026
3089
6789
7516
9994
7015
1323
8471
8734
6836
6056
3568
1611
8276
9911
9643
3703
8961
6535
3687
9959
7100
7132
2543
5385
8198
6470
8610
1943
6935
1148
9248
5782
6488
3974
2426
8811
2312
5460
1146
3503
3261
6450
2613
2323
4795
5937
5558
9187
9975
2433
7041
5538
6555
4641
9937
8567
4409
5866
7546
9406
1986
6152
2893
1849
9990
5614
5415
653
2748
976
7078
2515
2853
6757
2086
754
4391
8968
2882
6848
9806
8569
5440
8666
6072
6017
7225
2476
1429
9723
1601
265
8843
1504
6248
445
9029
5936
2426
9047
2109
3189
1416
2918
8081
9377
529
8945
4728
7671
4388
5372
8491
2804
8380
19
7051
8198
5062
8205
2878
9492
4472
4456
5973
817
3825
607
5426
4490
6828
6988
7680
6426
9838
4314
2822
6531
9173
3916
3303
7789
4989
5819
808
4097
8416
759
8309
4247
523
4563
1718
416
9988
281
3856
5731
4529
4920
6373
1653
9929
5382
6129
9515
8376
3634
4734
7228
4326
8343
8547
6219
9957
1473
1751
5036
4230
6376
9653
520
2767
5404
7450
8928
8402
1760
9010
4472
9575
3521
4376
8673
6027
9389
1178
9874
4872
5570
9578
907
9023
9091
6414
642
9178
6245
6298
6256
9383
3686
3790
6150
4479
4397
7497
3777
2517
8017
3736
7448
3807
1899
1370
9702
2345
7383
487
6334
3936
8479
2746
5807
494
7058
7535
7086
1581
2435
7842
7985
6166
1824
8968
8115
79
4795
2709
6388
6562
5586
7373
4383
5807
1627
6747
4453
5207
7825
6829
3767
916
5944
9490
8768
755
7863
7097
8493
9399
3319
3100
1186
4337
1948
5492
9392
2677
4937
3253
3946
9431
8848
1612
9709
5088
6095
281
9930
2934
9900
7848
5375
5225
2543
1701
1137
6454
3813
1351
5147
2825
236
9785
6012
7774
2860
4188
7385
3406
9252
5185
3625
5856
3126
7666
4530
6534
8786
8276
9343
2873
4530
1050
765
9520
3639
8143
491
8062
9997
4672
7840
7450
4026
7838
8018
1266
3345
9954
9629
2604
5339
1174
473
5270
3083
1670
5452
2785
6416
5909
9568
7794
4205
5502
77
8233
9896
6131
184
8478
6625
8498
7691
1124
773
5332
5031
9522
1927
7230
6862
4733
3058
3713
4198
9344
6218
8528
7641
147
3621
8427
2339
2776
8611
1288
169
7661
5913
4137
4946
1603
9720
5905
5897
375
3381
3558
8750
1440
4616
6765
5595
2584
9968
7998
8490
7441
4035
6482
1693
5629
5674
7256
5682
9646
8337
4251
2418
2883
3275
6657
3144
6946
3554
1225
2288
1764
2998
9522
8183
973
9991
4097
7399
1086
749
2939
9075
9246
9014
2514
8004
7180
2379
3677
6019
5948
1321
4033
489
5216
1045
6777
6258
2990
1903
3682
3630
6274
7227
2655
4236
4657
993
8030
7959
8920
9030
6951
3218
2310
3764
9018
7204
7720
4337
4930
6395
8115
4907
6608
5230
3489
5936
697
1623
1258
6865
7149
1355
7444
908
7296
703
5128
7891
9297
2736
471
3550
1948
3891
6548
3368
4240
8506
493
4789
2134
6228
9132
3286
3195
9689
2157
4761
6076
6703
3478
4670
5025
8908
5744
3825
7329
5337
2193
4374
8310
2179
4389
5407
842
7373
3515
598
1255
6737
3038
5211
415
4749
3030
3295
6568
4751
6518
6955
3396
81
15
3497
253
6138
2136
3748
8419
1954
9493
7148
2557
2649
5145
6657
196
1382
3885
2056
4935
5252
7603
7849
162
5967
371
731
9605
6458
3823
5184
5065
6037
7262
6183
7977
5102
9722
3185
4877
4350
9531
27
5758
6466
3442
504
7635
1084
2576
3364
2735
4384
8973
1409
4124
9899
8225
5887
4462
1020
1456
6198
2736
9744
3725
6389
4163
790
1562
792
6948
2177
238
3983
7355
6673
3872
8836
4050
8518
1249
9745
1562
4034
8821
7660
2951
9365
8190
973
3259
5296
9718
448
6774
5702
5692
566
7263
1260
624
9011
2803
6932
2758
9505
2336
8564
445
7416
8400
1153
2586
8917
3340
5289
716
1639
1788
436
5960
2787
6756
6765
6207
5178
8193
1385
8424
4619
1322
5500
5367
5447
577
9031
7972
1302
8745
6953
9011
2021
3365
147
8227
949
2450
216
7363
3576
186
6081
6092
7786
5194
5975
4659
5109
8501
6599
9346
4406
489
4783
7569
2014
7568
5602
4157
5913
6766
6004
1644
4468
2593
2202
9688
1777
2007
1528
6719
8528
9213
20
185
7418
7148
3360
7522
2104
3669
720
2997
9979
935
2595
2136
9857
5717
1732
9738
2191
8132
7985
3536
4350
444
1812
2257
3675
1308
2536
2684
7648
8591
3136
5770
3464
8825
870
3399
8699
9097
255
7547
6886
8701
218
3388
5121
642
7859
7492
5276
1623
8252
3517
2762
9958
2504
3147
5662
445
1876
7944
9597
5691
4661
8833
9452
9396
3713
5736
6045
9431
8277
7214
7203
9730
2686
888
3704
9498
4251
4828
3209
5635
5441
860
7728
3512
2211
3685
5077
5021
6390
6408
5269
5918
9115
3285
8958
9669
8113
5756
9542
5901
7455
1762
6059
8091
2410
6198
5013
176
1224
7877
2813
5504
1492
3654
8174
6845
896
6836
2777
5550
81
2104
5441
5550
5546
2683
6124
4859
7897
4206
8689
7275
793
5149
5694
2893
1531
7837
7953
3654
8238
5597
244
4070
6785
8022
8822
9176
465
4174
6895
964
4829
758
5856
1292
4253
2937
5072
6716
9527
543
2324
6246
5532
9694
1628
9247
4974
448
232
6578
4750
7223
3451
8692
3820
9722
4571
5079
3538
942
3885
2257
336
3749
5546
8808
5369
5396
1948
2896
4009
6224
5900
9071
198
9813
5390
8417
6881
8031
2743
4640
6805
1178
1531
5018
7941
2249
1146
1161
1963
1196
5110
2700
7808
1617
992
5957
7635
9650
8858
7502
4524
9091
7651
2807
942
1106
2118
7725
989
2740
4278
7064
9060
80
1604
4123
9109
1384
2962
3244
4430
6464
1641
5524
9229
9763
8238
8750
1385
40
4653
3965
5528
3790
4872
2947
3160
9009
3605
2240
8200
6429
4370
9
3091
9961
1089
5839
6005
9644
8820
3350
3174
2334
2096
2504
8271
4849
8782
6462
6411
8101
5816
9253
2695
2141
1976
3390
8943
7865
492
8613
5092
7796
2359
7105
2199
2248
6790
3152
3641
3624
8513
4173
4218
3871
1214
8191
1152
3182
1800
9274
4059
1422
3689
8931
630
2650
8514
6277
6815
9019
5972
1346
4115
4373
101
5843
6560
8598
3820
9713
4507
2825
2692
4691
8018
7088
3278
1016
6385
9942
4064
3115
9352
9879
7958
177
6454
8824
4991
8325
5907
5829
314
1221
9245
6889
2418
7251
4107
2718
6246
7300
3402
783
5396
7714
9735
7812
309
2796
4039
4404
1220
1002
7780
3081
6007
6140
546
8638
9918
2437
1633
3508
7755
4108
7735
7216
7594
6493
6342
1110
353
1022
3953
396
5867
4975
4765
8861
9366
1748
6754
9243
3727
9689
52
8726
4857
2477
8022
4043
9597
5219
5391
2998
6975
5685
9519
8112
9725
3324
8425
3639
9758
3069
3397
3708
7007
6253
9374
5449
9489
1021
1302
5085
6828
8056
8122
1208
4430
2185
2599
4199
5952
8273
8500
7179
8421
507
3833
7839
2251
8680
7028
2236
2336
9211
5903
2984
7749
1027
6624
4472
3676
7017
5848
512
6012
3436
7718
4748
6995
2840
1623
9417
3720
9684
3197
860
1554
5341
8922
6963
9225
5487
5937
1851
1523
1216
3079
6995
1453
2387
6437
5661
561
6327
3985
5913
4015
8534
7910
5442
1866
681
326
67
6091
6110
6747
8012
8952
4071
5399
121
8004
9034
6364
8015
6755
1120
6439
75
2042
9819
8187
9080
7176
8383
4446
9388
1987
9545
9808
1017
8972
3155
2774
5692
142
5433
6950
6992
8983
5859
3377
7241
8949
5373
8086
6857
8748
1786
6192
4908
7776
1734
3283
4925
3018
849
9153
1943
3480
9932
9987
8075
5956
3726
3556
2540
3138
5955
3004
7244
1506
913
7303
9781
5374
9400
290
5897
4273
2838
7759
6610
5592
5434
9797
4050
784
6049
5677
9552
1302
843
3292
5557
3995
1265
6311
1587
993
9344
430
6936
8896
8385
5225
6357
895
7798
5973
4972
6231
4517
1979
2537
4555
7943
608
127
1165
3469
7486
2464
2377
6543
7019
2005
7012
549
6739
6304
3495
5095
5322
2362
8968
1953
6669
5188
4486
1403
4674
674
6584
2535
9640
8285
694
7531
3487
184
2734
8406
864
1553
478
3596
1812
5009
9178
131
3664
3797
6404
5708
8269
9651
8706
8266
7983
4557
8248
2827
7569
9263
9986
8060
6368
1670
3402
5886
6442
8558
4789
5968
1663
8682
9514
5533
9357
5401
2074
429
8294
2586
9763
9753
1525
8695
1458
9938
8224
6088
858
3715
721
1651
1156
5095
5096
3209
9025
6573
9602
3950
5083
4709
7173
5688
371
655
8537
4405
720
5498
3819
3186
3635
5821
9361
9359
9185
6222
2571
8874
6525
9306
751
1212
9580
4012
2402
6222
1620
5920
4838
2622
3697
161
5806
5748
3483
3373
7929
7447
7478
1263
526
5793
6542
2082
4687
6601
8818
4524
7390
5870
8166
2432
104
7017
7448
6242
7668
6797
8935
5943
3532
9189
2765
2526
6001
2154
2396
671
6168
5882
9768
1367
9372
2347
4211
305
9279
3792
7922
6163
6762
9039
9137
5253
5562
2983
1883
318
9679
3613
1560
7811
9147
691
464
8513
4224
5412
2985
8993
5538
8655
8434
8209
5925
3709
9400
1363
5100
8879
9829
8427
3389
1820
2345
168
9857
506
1644
9174
5450
7694
6524
2630
8251
3037
6306
4483
2243
8452
1617
3527
1964
8282
3567
9567
9581
3742
7627
8589
3841
3189
5491
3738
5246
2641
3147
1370
141
3077
4541
7737
7600
8058
548
2024
8413
6656
5712
7538
618
3482
1465
8879
5744
7304
8484
9301
679
1410
5091
8003
6082
3299
7017
1555
9547
419
7943
618
2420
9327
983
4850
5397
6107
9252
3422
2745
217
7130
4477
9681
1762
7915
9650
4489
8221
20
7154
4457
5502
2290
3735
1329
819
4237
4259
4077
6464
1967
2484
2681
7154
6867
703
1818
9286
1196
5349
3016
433
9008
2810
1850
6655
8521
8520
683
459
8227
2395
2087
7061
3039
612
9422
1001
1970
5831
6576
3449
6963
3438
6841
686
9257
2076
7139
2451
9163
1195
2771
4311
3554
8824
7554
7341
4430
6034
6026
3429
752
6998
1937
2608
441
7486
8433
4949
4587
3035
2607
8608
7731
9245
1445
9605
9988
6669
7477
5279
1222
2730
5326
205
9719
4201
3935
3676
