9043
8816
7524
7200
6644
1484
1730
2837
3297
6859
8334
1057
6510
3047
9048
5192
9190
9325
7745
2135
1683
6689
272
4741
5064
3692
833
4792
4960
6358
7256
1391
3464
8729
45
8712
8668
6883
1873
8410
5357
7037
4988
5734
5161
9519
8428
1851
6793
1529
4152
7720
2724
311
7034
9772
5822
6493
9629
4468
7130
9092
3912
9643
7585
9255
3347
7752
8144
4029
8602
2211
8517
3600
6023
7852
3587
2204
1220
8799
1038
1273
9468
3482
2633
9033
1394
4756
6639
9927
5590
2748
4022
1062
9055
8146
2094
6771
3056
486
6420
5098
255
6927
5859
9685
5505
9451
6031
2350
391
8195
5824
3618
327
697
6271
3675
8336
1195
674
6845
1211
5775
2948
1611
1401
9163
2214
1676
3086
6104
4321
4971
5368
8242
2195
5214
9694
8699
9758
892
8036
5399
7233
8912
572
1065
3973
2460
6285
4051
2005
4811
3795
9135
5473
7214
226
2424
1406
9340
2018
9088
2991
9437
508
5930
5802
6167
8224
892
4767
7746
121
7096
477
7713
2574
6283
2187
9858
9238
3289
7904
664
1691
1728
5123
1410
7456
8759
1929
9491
1019
4247
158
7661
4445
1469
5685
760
6623
2404
3180
4897
6791
4444
1184
3691
3124
7762
2041
3533
9444
3799
2895
6123
6031
4658
5365
8912
4444
7242
1319
9642
7565
6332
5133
9404
8585
9464
3192
8740
3799
4719
4311
7009
8889
2066
3011
7316
566
6465
6458
2759
8441
4446
5182
4421
4334
5426
1565
2694
4720
6416
5489
8544
6365
9075
2766
82
6847
1156
4502
4417
3178
8906
3384
6133
482
8843
4158
4874
3340
1232
1624
5341
4964
6020
4563
3560
6597
4741
4208
3560
4774
4606
2612
8908
3800
986
3094
1118
6137
6118
1441
1299
7558
4627
4790
7111
4063
4227
1429
2605
873
2231
3687
5744
6225
6743
7798
9567
406
2624
5683
9323
6291
8959
4200
7827
3698
4403
2838
945
8544
2235
1443
9637
8907
3232
9165
9861
5171
2073
6912
2047
761
7558
7169
6473
5274
6159
814
105
6976
3786
8190
7940
2185
5378
8014
8303
5919
4725
9268
172
4930
4905
9749
3137
7575
5805
3512
9321
6703
8797
1711
8407
7867
8766
2473
8951
243
5641
3486
3748
7095
9324
7061
8386
5573
7630
330
2107
7748
1133
2170
1698
3164
3969
7922
5033
1253
7595
1664
8215
4838
3266
7217
385
5286
1133
1986
3109
2719
6119
6398
797
6646
4847
5998
7832
3052
2562
7297
404
4627
4273
7794
4603
1658
418
4194
6142
3590
3936
3094
3238
211
8561
3520
1002
3593
6560
7683
3330
3694
1445
5561
1271
4800
2896
7926
777
7865
3972
9990
8822
6201
4976
5876
3058
7062
5802
9971
8993
802
5718
1645
7588
4040
6277
3833
2533
716
9588
7208
9996
6421
5190
826
3482
7211
4224
832
3285
7396
6944
3078
1943
6823
875
4576
6078
757
4846
5761
1049
4989
5656
5331
5789
8190
2826
236
1334
9972
6711
8118
4534
5005
9919
4803
1865
4832
9788
2483
4092
751
1560
4954
1656
4984
4317
1784
4035
439
1486
2006
4907
6160
4326
5901
5399
2458
3430
5125
5745
8748
165
7407
2475
6950
2512
9617
1820
7977
9431
1562
2755
2122
1556
6815
6697
2159
8314
6470
728
4762
3146
2170
7647
5371
7656
613
352
6237
8880
2619
9140
8293
7458
4536
4299
9527
5471
1798
9368
4856
5461
3567
2984
7867
9904
7963
2956
6971
6737
7829
4150
2468
5955
8056
6000
7984
6934
599
4212
774
3680
1347
7005
5383
2255
12
160
7653
3020
4402
2709
7627
9113
194
4315
7376
1712
1010
8554
3154
3682
4957
4986
4848
5485
2952
2849
7731
1547
2557
3856
3313
4259
6390
4057
1594
8894
7342
4649
8129
8652
1846
6197
8328
1034
8163
3848
8894
1993
5183
4726
8747
377
8605
7965
3485
2945
884
9651
4142
9503
891
7922
9077
2368
3591
9132
4610
8120
2276
9768
1943
1187
2951
2128
4504
4719
6011
699
1190
6417
5686
8911
9726
6568
6170
8182
7655
681
4665
3684
9918
4540
3979
8688
1022
2708
1638
1432
8829
5259
1902
2458
1033
5924
1571
2643
2394
5565
5821
3523
1100
268
3386
2346
2070
9158
206
8193
6105
6055
7651
2818
667
7295
939
7323
4652
8965
263
3788
391
4477
3059
8372
8005
6060
2011
9401
4478
3384
3974
8649
5874
65
8113
918
8628
5313
3343
2202
5558
2571
2507
7952
6082
5404
9051
9693
2287
2382
1130
5299
1246
945
9772
7461
8910
7804
1761
3456
9959
3002
2043
5276
1780
1426
9307
1463
1767
5002
8723
5353
836
1398
405
7214
5639
6690
6291
4904
2177
6180
8486
3450
7533
4545
2568
3205
5324
3864
7939
7603
7884
5950
1505
1691
7910
8455
1405
8825
945
5661
2568
7752
1821
7622
2628
8960
1936
7399
3736
2726
976
5926
9868
2033
9463
9498
7380
765
2718
8175
7107
9887
7453
6033
2899
7869
2809
7501
3534
1942
6206
4454
8558
2401
7720
1549
7312
6592
1237
7229
717
1742
6929
7672
4264
2008
5336
7501
577
6315
9669
9093
9446
6311
6901
4471
6948
8526
7680
3404
4653
3114
337
4318
4291
5126
1536
8996
6289
8330
6949
4073
8244
6362
1477
8329
2730
9410
1201
9337
5206
3905
9731
491
9640
7710
7109
2693
6169
8340
2760
5482
2247
7207
8805
1317
4490
6240
4851
1184
3369
2957
3964
3840
8720
9840
9202
6970
1106
4608
3464
1188
4174
2949
2068
4998
2102
2495
33
6439
5897
370
9662
9432
6547
3501
971
1521
2863
3912
6184
6322
1107
2204
6176
8574
2160
2391
859
4567
7864
8815
2679
9481
3658
4594
8494
2102
8016
9037
3602
4073
2651
2258
9810
1316
7413
8029
1855
7395
6594
7777
5944
4204
3356
9955
6159
37
5968
6540
7602
7081
6444
2834
9860
3538
6522
3231
1007
9218
8959
2824
2747
3004
4262
1814
2751
7914
9091
7128
5453
20
8510
5644
501
2817
7297
720
4390
7000
8118
2076
785
4871
2439
3436
8411
3896
107
6423
2341
5623
4108
9738
9774
7441
2026
8766
9390
7458
5840
4030
3530
5509
3985
7021
6436
9759
9170
7366
1484
6150
1485
5872
9791
7240
6586
77
6220
3967
3087
1575
8683
6022
7231
9593
139
5826
2720
2894
3372
776
867
5293
1067
5752
9541
8817
6908
8939
3635
1327
5241
2719
6010
3880
9804
9030
3519
8613
7300
4178
7999
3728
4788
1496
1792
2489
6527
2759
9415
7804
7846
5394
7212
530
3637
5688
168
6666
1634
1319
3820
2973
2184
7852
926
5955
4609
9141
5663
4085
4759
6811
8300
8675
7317
7910
5245
3486
4475
9268
2676
8913
9051
5518
1375
9362
2842
9982
9640
1203
6179
5227
8440
8647
3455
2104
9200
8030
583
2966
175
9765
8514
9771
775
53
6956
9031
6774
4274
8049
7049
8195
1445
4376
8082
4300
9939
6125
9047
8208
6528
7161
5572
1752
7372
7149
5861
7606
3806
6970
9559
9243
5029
319
6930
6795
7005
1291
4459
4279
6217
9316
3195
1737
6641
2425
2264
7156
3256
2758
9226
952
3796
439
8458
4435
7646
5894
5078
5979
3857
4765
7225
2568
4738
6898
1932
6895
6714
5985
1652
5172
6512
5215
7858
8997
2442
6543
4784
2748
8029
3615
1693
2444
1541
9591
9179
9403
3869
676
9571
3888
6225
8453
5385
3134
2191
4829
112
6537
4674
4904
9073
7865
2952
368
2899
2957
5406
2335
6767
5487
9000
5209
1102
450
541
7724
5382
4792
4707
2644
1447
5687
199
5762
1621
2244
8385
1959
1685
7057
1283
6610
1050
4959
1062
3851
5123
23
3257
3101
661
916
9560
3592
6852
2642
946
6262
2846
6564
7546
3889
5416
5303
8944
4145
9998
3544
6765
4604
8249
9208
9772
9979
8468
9473
7892
4725
1032
7877
3238
6215
4088
1398
9358
5549
8139
640
7206
6750
7974
9174
9880
2191
4886
6575
5693
4633
512
525
2229
625
2933
130
4837
9596
3678
6311
3192
1041
9413
1075
9048
8857
8725
3300
5322
7579
7254
4567
3950
2055
2472
6876
5056
922
2670
1701
8649
7497
764
9448
7672
2424
6081
4465
5149
2945
8356
6470
7763
4734
2186
8173
5734
6883
9776
3755
829
6713
4362
6051
2705
5581
2368
9700
4984
2717
9436
9909
324
2686
8425
6316
7771
7878
6879
1540
6879
6088
6574
3748
1211
8301
2022
4452
4963
4613
4364
8240
9413
8444
3638
1320
4964
2439
1672
104
7917
5537
8697
3714
2481
2343
3996
4786
2535
9311
7346
2207
6613
984
2380
7392
6969
9353
555
1078
8585
3885
9824
3409
2781
7803
7142
1617
5525
872
4065
7926
1424
3509
7663
4379
8669
3737
6282
4680
3195
9424
7753
361
183
7655
73
1117
420
2868
6391
8390
5262
8985
2206
2905
5243
6263
1062
5853
9834
7512
2574
4313
5774
3099
193
3691
899
2629
8406
879
2244
7945
3600
8174
4033
5961
3597
9261
9685
1340
7281
5223
1870
3415
1676
3484
3737
5519
3376
3664
7281
6872
4896
9442
2073
205
6565
9535
7520
7175
8220
3424
7359
4220
5154
3383
7260
7834
139
8949
9077
706
1036
2768
6474
1490
5623
610
8388
2319
6166
7063
1335
8717
2346
9412
5232
5872
9489
1360
9130
2376
8171
2872
852
4099
7334
4617
6786
5145
8579
875
876
1221
9265
4981
2519
5413
4139
5479
1636
4017
6249
8221
755
3054
2202
9615
6726
200
986
573
6952
4771
602
6123
8304
720
6862
7926
9210
4138
3166
7084
222
5653
8550
8245
226
3871
4195
4628
8068
6348
4028
7537
6190
2118
5126
2293
7381
4798
3928
5437
3890
5402
173
31
8497
9566
8813
7780
9419
6761
9031
4936
6308
711
3514
2018
5100
373
522
4602
6196
1323
6448
8083
5323
4146
4688
88
1042
1090
5379
3369
8546
8493
683
2960
6919
3070
7345
4834
5047
9082
1333
8243
7738
8130
8893
6128
9002
9913
4156
6481
9421
7788
4922
1851
240
6796
5766
1003
9329
7345
9558
5084
3213
9448
3215
9989
6254
1791
3205
2365
2612
1879
7158
1371
6228
7828
7077
1710
3263
5353
4651
9147
8232
4885
7894
3095
9140
3979
4845
518
7639
6911
3623
9818
7196
3681
6887
6026
6284
3421
9591
9680
3996
5792
2324
4079
8924
6271
4886
479
1473
1976
9917
3497
9529
9769
5530
1281
791
4849
9366
9540
8968
7022
6038
5542
1536
4078
757
3329
8362
9711
2886
3224
7902
6721
7890
1738
3620
5528
606
6766
5316
4130
7048
9259
1343
9375
5151
7794
4859
7315
9509
6319
157
3546
1065
8442
1461
32
1115
6501
468
2719
8495
7506
5090
1968
7328
6108
2025
7943
8096
4590
5405
7142
8699
1286
1904
6825
5525
8456
6412
7107
1781
1087
8536
8036
2724
2016
2437
7169
1676
6283
3462
5788
7721
3648
5532
5454
3693
2082
6838
157
4475
9086
4710
2927
3358
2733
9809
7070
8387
1329
8561
2341
1609
5846
4862
5044
6252
7535
1950
5570
9836
7574
7194
5156
770
3118
6970
1134
4666
4471
4315
8200
1452
7796
4745
9206
4232
8551
2425
1582
5065
2643
4907
7914
756
3634
3736
3239
5235
7277
4484
2157
3210
7694
6950
1103
3932
695
9436
7460
9641
3450
2419
3986
8544
4479
9591
9095
9728
7534
2179
1204
4051
2618
4872
5714
5377
6130
2608
1856
6962
8941
6640
9767
5353
1518
2682
1486
3670
1225
8471
212
4866
6160
1383
5739
2328
7714
8041
2762
3905
7179
7260
4901
1691
498
7416
8610
1778
9336
2303
8429
9522
2415
5728
4945
116
2043
7939
5953
8076
5192
4974
7207
9341
129
5648
7676
6780
8899
6739
6406
2050
9881
3903
5089
1220
7100
7801
7971
7778
1016
3368
7118
5182
1414
7622
5334
8759
6888
8781
8596
4040
1935
3352
8488
1216
1926
9466
2406
7537
2792
9572
5834
4661
4655
8760
3797
3997
6835
2636
9735
2336
2397
4563
4949
1764
4863
404
1606
2184
8216
9847
5564
4304
1038
4387
5234
8736
3308
1861
6000
9193
4905
4792
7578
4151
2027
1847
8331
3079
9962
4395
3229
9129
1400
8103
4092
6192
5177
5389
6201
4618
8189
977
1701
9497
6117
8755
2024
5562
3623
2187
8826
9563
9117
8564
5401
7036
4419
8629
2519
4803
1441
2703
6711
9669
261
4578
4554
7628
6971
6381
4893
8632
3292
4688
3956
7437
6241
3288
2824
6684
2060
9796
604
7576
1097
2908
5910
8695
5933
6154
1970
6588
645
6173
2742
2679
3585
9540
1456
2426
5362
3266
5948
6472
5176
6665
2843
1801
3175
7226
5910
4498
1455
3235
6140
7875
371
4451
5311
2645
239
8069
4808
3669
2012
365
7467
7720
1999
9967
1390
9687
5088
7409
7267
9707
5466
9962
556
5247
650
7756
8890
3929
1744
2494
6799
4884
9758
8963
8838
7309
9627
2647
6802
3486
745
3820
9777
8858
8047
2109
531
2183
8347
1452
5382
5577
65
6443
2385
6102
7297
4728
136
9469
2159
5303
7276
1417
7007
6808
8196
8967
3346
7619
9884
3830
1071
1411
6255
358
9067
8934
6784
4770
7931
2929
922
5982
7524
7176
7506
8198
2994
5857
2487
3713
9572
8624
2876
3699
3509
262
413
6751
7290
1184
1935
232
5187
6021
4483
3731
5271
1226
4101
9647
8699
5112
876
6839
9985
9754
1434
2620
5006
5536
5145
2023
3521
2111
9550
5644
2412
7470
1371
6698
7678
7604
3276
9374
6879
8328
3798
5844
7976
7566
1116
2312
7780
733
3958
3168
9650
9707
6933
3596
368
7078
1511
7054
1668
2487
9996
2797
2233
1029
114
9471
9567
8003
4657
7756
5124
8701
9135
520
527
4952
2162
1773
7217
4685
4038
3165
1173
4576
7679
7739
4189
170
6760
8695
5330
4352
4084
1192
4342
7775
4934
2221
5065
231
6172
1347
3849
7853
2359
9093
1069
6960
3023
9163
687
6659
6750
7094
987
5242
1871
1128
9475
1893
9761
5303
1952
163
2883
8806
3254
4312
2098
5794
1960
5822
9730
4889
892
5769
7751
8657
9737
3048
1835
5346
8742
8146
8673
8842
6685
9445
7257
6048
7527
5618
1804
4674
3979
4594
6360
1435
7218
767
5885
301
8091
7642
4833
6902
2513
2205
1186
565
2160
6344
8846
2111
5004
3905
5821
5073
5294
8020
3390
9212
6042
1296
3192
6066
4500
4117
45
9584
1358
9544
5587
3510
1997
6250
6831
4462
7275
7190
9809
4676
113
3002
900
4030
1010
453
8656
9704
9996
8717
2075
6534
5289
2574
4779
2450
9373
4400
4638
3374
7151
3911
5911
4680
5735
8054
1932
7840
5504
8185
8359
3984
6959
9587
7140
8094
6125
4669
5759
8527
9076
9146
132
4579
8977
2442
897
6952
7701
5039
633
469
8477
1497
7575
8094
6655
4007
272
6713
3013
5304
9380
2216
7039
3170
3219
9959
4834
8645
4737
3026
7986
9561
421
8315
7167
110
1212
4791
2094
7538
6891
6496
9673
2266
8298
4538
251
710
4756
6025
3036
1766
6983
6335
5814
7127
4755
6478
3024
5377
7728
4059
6355
9070
7585
9897
6119
4572
8881
8738
4595
8472
2739
4214
209
9691
2967
3131
2260
9456
2155
2195
6853
2387
7446
7922
699
2409
1237
6560
3175
74
673
773
6069
3685
5575
6786
5177
4635
1330
4716
5950
788
4125
7836
8137
6066
2007
3197
2453
2871
7457
817
4883
3374
9175
8244
8371
7154
3523
6876
9882
6389
3849
1640
7643
3674
3325
100
365
3938
9067
1981
139
1854
9340
8557
4237
713
7601
6078
8097
8819
8489
925
9953
2758
3677
1618
9853
9921
7139
8528
1602
369
7814
5293
9739
6187
9778
3729
8747
568
1798
9745
8027
7478
633
8403
1354
5544
6565
9929
8523
1827
9366
7271
605
6580
9802
8673
5171
1668
474
5481
5845
6309
7669
1963
489
5844
734
9782
9368
2980
8816
6963
9602
71
5100
722
5420
5975
2112
6665
2884
9986
3718
7799
6531
9329
9522
6260
8880
9542
5850
2640
4582
1650
554
106
2753
4115
957
7216
1939
4511
9278
5549
198
2151
5768
817
4906
3281
658
7015
9437
5281
950
7560
2237
4801
4528
437
810
503
8540
562
4657
7125
4721
8278
8792
7419
6094
826
3901
1382
2757
7014
447
1438
4624
1600
6328
1341
5849
7923
9780
3610
7853
4688
1458
4731
8325
5059
323
2235
6296
3302
7254
1401
2206
2576
8358
7523
4262
8279
7576
6404
822
5000
9589
7327
3051
4360
9196
628
3392
219
7365
9804
3483
5844
9198
132
4817
2504
8701
5920
7965
5082
8185
1154
8115
4810
5728
6677
1927
9275
8547
2212
5836
2181
6278
4046
5232
7343
1258
3784
5465
7979
6911
656
7449
2588
2297
9111
4757
5118
4169
8128
2511
5982
5269
8361
9953
1231
9235
7194
1718
8348
7108
8372
9059
6995
5081
7214
1513
799
5726
1377
9428
5837
1169
7748
4275
844
4426
5450
3073
7809
7007
4387
8622
1630
2454
8409
6670
7693
4948
520
8689
595
7994
33
8513
6852
1668
4116
9196
1505
1699
7860
9164
2118
4177
8446
3250
1659
9012
3157
4095
3198
6469
1113
6855
1481
2516
6203
6444
4669
1293
1489
551
8542
3575
5827
9227
55
8187
4873
7980
3360
7682
8719
2488
4239
3127
6442
5841
1420
8066
5762
3477
3968
7268
5263
663
7561
6536
5034
8432
2811
1709
7974
4810
8849
3916
1073
7013
5508
9123
3234
7726
2551
6797
1910
7638
8297
3689
8530
1789
6539
121
7063
7494
8170
1404
8969
4863
2516
3873
8298
4482
860
457
7601
7587
3936
680
7187
4227
4585
6441
241
2760
3662
8522
4488
7506
1027
1139
1525
9170
7356
2007
1243
1573
9927
7393
1089
9648
6301
2585
4428
2105
9636
8026
9214
2571
8322
7153
2354
3620
7111
8833
3964
7989
4053
1620
9994
4329
265
6064
6698
350
2179
3013
7787
5684
9215
3049
8404
4284
112
5034
6485
2055
2828
6655
7964
5435
9868
9761
4101
6434
2092
1220
4769
53
100
7292
9682
4428
8257
9598
5990
3416
4805
4756
5108
3609
3257
270
8715
8516
5148
6854
5886
4822
9692
1348
2767
4911
8734
6922
9609
9759
2609
3412
2378
9322
1501
3073
1392
447
6657
4083
1169
1063
255
7391
3295
6589
2608
5188
8298
1869
423
9031
7716
5998
9193
9186
6063
5962
8034
314
3779
6849
1534
735
9099
7330
5251
9099
3762
7215
4076
5467
5592
450
334
2857
7790
4327
7836
9195
7396
6999
1881
5344
8913
8993
8175
4494
3005
9925
7097
9438
6506
5308
4174
4825
1757
6366
1155
380
7845
2100
7897
2906
7863
3691
3528
1807
8355
2958
2527
2828
4640
4103
6430
4062
4699
1287
5533
7760
3438
2417
6110
6112
1341
6919
3650
4993
3714
6231
5100
3525
2825
3311
8054
4369
7288
6466
2023
5209
2860
7492
2864
4606
3881
2170
6688
2523
2109
6645
4746
4972
6069
4969
8740
7461
3087
5667
2522
5706
8125
4468
8556
2422
6232
8578
3817
788
8953
5968
5892
9384
6821
1697
251
5311
8957
4776
7465
3376
9262
4692
706
2780
5309
3441
2260
6691
3182
8203
1851
8913
8947
4241
1889
653
1130
7363
9347
6624
7018
9756
9638
7538
3794
8339
753
4441
117
9079
9231
7646
2662
2147
8163
1745
7761
8073
7147
5330
4957
8660
2827
3501
2239
8408
2608
9991
6999
6196
4063
1318
5155
3225
4880
8766
8955
9714
6847
6777
3355
6577
2426
1626
9763
8390
7312
5439
956
5850
1934
9414
1042
7749
9572
1597
6854
7876
5891
6423
9017
2053
8622
2045
2119
9951
2579
4327
6838
2799
4481
4960
5102
600
3104
1652
7830
6961
4779
9379
6243
5937
6583
8837
7816
7718
7149
3753
2257
404
9501
8206
3106
2952
1955
8193
573
2128
9965
7496
1443
2117
6228
452
4940
392
523
4074
383
1023
5838
3487
9551
1084
1347
7276
4009
4725
4281
8681
199
263
5635
2226
6776
529
9311
9110
215
1146
1521
2273
8311
2708
8260
949
4795
528
8167
1704
6365
5062
7440
4226
5917
8619
5947
1503
7681
9352
4244
3411
2225
1553
7783
4465
3124
2079
2145
3009
2889
3187
2836
4471
2410
1975
5945
3830
2722
8861
5282
13
9032
1350
2298
6841
4286
6580
723
1941
3987
2348
6292
7677
9060
4220
3980
9662
3447
4140
2683
5406
3343
2045
5344
4986
5818
8754
9108
9173
7845
5033
80
6870
4203
9326
7592
3860
8744
6948
6639
7234
8024
186
9552
8188
5353
9655
7579
451
5727
9308
3862
7141
7146
9331
564
2078
2328
5391
9477
314
8285
1835
6246
4810
7509
864
9926
9483
4477
4982
1687
961
7248
2300
2959
7903
4136
8419
4692
1711
4123
8599
6882
6553
5773
8117
9923
1408
6174
3169
1960
6115
6547
9177
1820
9474
6008
8054
1987
5887
8667
2047
1457
4299
5171
5288
2147
5243
9336
6185
6728
3453
7355
5340
75
9918
1450
6635
198
5787
5494
1493
8881
8162
9191
6581
6770
4258
4281
8985
6672
1904
6993
2717
460
4163
7908
3791
6199
6222
9796
5546
7268
4702
8823
5502
156
7310
4867
9758
8086
4319
5232
125
5806
6036
8530
853
5785
5070
1463
7389
7209
6190
1615
3229
3912
4370
71
6901
7480
5439
6939
6699
3505
8222
5010
2664
716
7104
8605
7224
6834
8812
8096
2079
7866
555
1006
1286
7514
2272
4531
4476
3481
6876
4678
7076
9769
7325
3340
4845
770
3136
8963
6172
5106
3853
4211
6170
7280
6586
6003
1670
5040
7135
9329
6499
6387
2462
9046
9490
3926
4032
7715
8236
6300
3143
9778
5004
1095
8802
9483
5885
2064
7260
8852
1333
7524
6987
1806
4848
9248
719
4193
1000
7745
88
8712
5450
888
6044
7771
7592
6603
1227
6597
9744
2415
2439
2571
2338
4496
4717
2052
2873
2095
3376
6056
1113
2014
8444
1913
1008
5778
922
32
7161
3597
678
1287
7866
198
4026
1433
9362
5825
4962
1671
845
7186
3651
8127
8921
2201
8371
4420
3506
582
4873
6503
2995
4087
916
107
2987
2694
3089
5357
8992
133
6324
7722
2939
9627
3001
7823
5226
3721
4712
6813
1362
5713
9606
7374
6410
4257
1452
995
356
7831
4666
6188
7807
660
5058
433
1644
4347
862
1682
1694
7931
5820
949
3692
8484
8490
6914
203
5805
4690
1922
6772
7447
3151
5857
9654
1336
1670
4088
4190
5707
1712
3501
1787
5363
464
4027
1436
7375
6928
3217
6013
6470
8667
2320
6696
2603
9597
9729
6532
9026
7568
8219
8712
1765
2188
380
6725
1266
656
500
3777
6573
4321
202
7408
8491
1206
1049
5291
6290
3771
1632
4068
1312
9878
4632
8894
2010
4586
514
2418
4789
174
1668
4432
2280
7625
4246
6113
6198
4288
273
4452
3227
596
1555
1856
9731
9198
3188
2109
8795
4155
4865
6543
4626
7387
1859
688
8629
233
5043
1758
968
6380
3346
9607
2652
362
1734
2384
9248
6962
2381
666
5033
3407
2896
2728
7121
1664
5777
74
1371
8507
7511
4287
6974
1006
471
2343
3640
6021
6303
904
7816
9309
7143
8486
1142
8829
7430
961
4310
6001
5596
6713
4826
8286
5179
2560
5830
857
6178
4477
5589
9672
8536
2806
5833
9054
9724
5852
4304
7250
7548
5575
4565
303
2703
4856
7394
114
3651
6181
1700
5026
4432
9207
6111
9456
2552
7200
2282
7359
5539
9774
1584
85
2998
4691
2278
7230
2360
4048
2577
2768
7481
4870
4426
1454
4780
6538
6024
4673
6676
9737
4165
345
2292
1594
4269
8878
7368
6869
5742
6218
7368
9572
7953
1806
9655
9547
3447
4664
346
2128
5354
9180
634
1749
8756
8749
2093
830
5007
8128
272
6785
3892
3315
2885
2625
1022
3513
881
7783
6792
8160
5518
8908
5396
3079
8008
1227
1854
1157
9859
2128
8518
5865
3671
7576
9671
9491
6224
6810
11
3081
1760
2963
3793
3719
8047
5141
7438
7271
4972
9453
134
3762
546
8905
3698
8456
2201
3253
4454
3852
4622
1197
7006
4732
3682
7601
1199
4512
3118
6506
8557
4520
5341
1513
8607
2728
5993
3673
9450
2678
3445
5487
9325
6839
6914
382
2470
1701
8675
5151
9287
8133
419
7878
314
9573
6195
5355
8556
6597
5618
1743
3241
1001
157
6702
7797
3042
8863
6067
2635
5093
5628
2583
7284
2710
5208
7227
5742
9105
9012
3155
6009
6856
9296
9743
4328
6683
7371
7818
1080
6946
3528
7833
619
220
1888
2886
2332
291
2886
841
930
7932
3120
2754
9558
7703
1506
4188
4690
4616
3112
6629
1135
6152
7765
1126
6364
9661
5706
2903
3429
8770
3257
5339
6454
2036
4997
5633
6872
5000
67
6950
519
7331
8504
3971
74
2317
6620
9736
7284
5013
1551
7132
1987
808
8416
5097
6187
9468
3492
407
9011
6152
7353
3409
7213
5116
563
8065
5435
8395
4647
6643
1833
7539
9321
4924
6928
9292
8170
1269
2462
3223
9516
5805
7534
5986
8984
3440
9717
5520
1331
5447
9964
3843
4693
1452
7305
498
4188
6701
9469
7680
4408
3208
4484
5661
9773
8155
2271
5991
5029
6123
98
5678
4896
8021
6852
6914
8840
6531
4308
9945
36
9499
8539
8084
1174
3141
4702
7733
1305
8951
7259
6071
3003
5414
4299
4686
936
4323
2332
1204
6356
4025
9351
277
6651
2417
2048
7627
3699
9852
5
7535
7986
7000
7576
5539
9935
8270
545
3478
229
5606
9679
1491
659
9136
9782
6709
6032
7090
6611
9788
3344
9933
6766
4294
7016
6773
4526
4699
594
4135
3213
9167
7608
5883
1920
6712
1950
7940
2773
5699
8974
9533
8561
4447
7197
3741
828
1172
5543
8111
3267
8991
517
3028
9049
2205
7232
5674
1752
6075
8203
2488
9519
9458
2489
6730
2572
5601
904
7325
9954
2251
93
3040
3302
8513
7355
1540
2493
968
1621
6320
7452
8275
7323
855
1684
4139
7725
6074
5693
910
2393
1820
3526
3480
7659
3160
2342
5460
5218
7945
7301
7370
8191
8745
3262
2253
5326
6648
3088
5648
5520
7737
1404
3531
330
8521
3421
5423
1022
2830
4080
3953
5819
294
7365
579
5205
3798
4474
2952
5435
3591
5199
7308
3065
913
9090
4178
1679
3781
4075
6269
5325
7785
6071
7801
3211
848
5736
538
8451
6485
7796
48
4110
1450
1111
6071
3403
4493
72
2925
823
7931
3469
8385
660
7177
4368
8885
6516
4774
5015
8481
5553
5935
2915
7124
2507
6226
7268
2646
1447
3542
8394
2596
6179
4331
6997
9392
5416
1011
5715
9931
9333
9721
6205
8429
5179
6387
9804
7034
6304
3945
4364
6278
6384
3896
487
9882
7499
2917
6896
1979
6232
2804
4018
223
2748
9575
6985
9352
9732
2921
2682
1891
269
5069
8399
8814
5156
6232
3396
6571
3679
9245
2365
2423
8322
1084
1108
8168
6557
9191
3489
22
6824
4952
322
2866
6749
2953
8949
1783
9629
2884
9056
1283
4237
1167
4397
3333
502
6460
8139
4553
682
3682
4953
9459
9249
1111
2557
6955
2292
174
2735
4881
1282
1102
8637
4930
5212
6111
6680
1902
7789
9555
5531
384
9917
2263
7188
5235
5093
7999
8955
5598
4047
449
9927
8610
2098
4908
6182
4839
770
4885
1960
8136
1268
2684
6971
5976
7642
8583
6511
4644
4668
6701
9810
99
5017
9713
4790
9982
7481
5630
4368
6646
5129
8339
1785
6273
8609
9743
730
5025
6480
3279
818
5706
9008
5149
760
5310
5342
617
8303
9630
6318
9506
4688
4811
1667
9307
3462
7647
7794
1381
9774
9923
1122
2283
1339
4108
2148
145
7331
1941
1583
7439
5317
1809
3314
5979
5654
9645
2758
4898
3192
6576
2444
626
8967
4271
5752
3233
5987
7812
7075
4470
8441
3028
4440
5286
1982
4174
6067
5876
6041
4734
7077
6974
9603
9991
7470
257
7611
4342
3608
1340
7683
2469
2307
7934
101
1598
756
6843
9310
7429
3717
5732
9978
3274
8940
7753
5557
6356
9757
6958
5600
6202
7526
594
4116
6040
900
774
5340
511
5856
5357
6492
1976
9766
8766
7787
3141
636
1158
7809
7867
7018
8339
959
3279
9142
1145
3521
525
1411
9309
9175
1417
9692
9776
921
2340
5613
2070
9909
4313
5742
1009
4095
6175
7201
9842
9241
5172
6616
9094
7679
328
2337
8397
9602
9066
2032
1682
2373
6850
9761
2208
4314
5238
7614
8058
2991
7619
2391
3118
5640
2611
5692
4009
9566
7831
4850
5670
651
2436
3983
1729
5171
2976
9265
3853
880
8268
9
9891
9807
1370
864
2923
3429
4557
2496
6665
864
3169
2650
798
4073
8689
5812
6266
2369
1944
8262
2295
8842
6938
6498
9237
7649
6379
7534
7232
1401
5459
2290
4152
7873
8712
3019
4210
6501
7671
6499
5139
949
2453
4242
605
5437
8375
7918
7115
5801
8462
1037
4757
1452
7444
1419
2054
3899
2039
9699
349
950
7742
5082
3923
6327
2573
8134
7162
2133
3568
2034
3646
5380
4864
4983
916
7855
9684
9154
4019
7814
5496
622
4417
9300
9146
8894
7129
4746
8855
5736
6273
7710
5082
2958
9743
780
317
5607
3941
243
7477
2520
675
9650
6786
6878
7622
9697
4993
73
2850
8471
9540
3998
2617
9533
4609
6031
6012
9433
1749
3360
6439
4556
3283
6218
6249
7061
7590
2114
8476
1092
5169
5250
6304
5350
8662
5351
1097
3653
8716
5924
3717
2411
9221
4380
8152
5463
8924
2468
8606
8248
5400
7331
2412
7570
7416
4999
5905
9345
8033
2002
4665
5446
9058
5198
1929
4591
5762
1355
8651
7095
4860
1709
8899
7611
51
7211
6793
1388
8416
7547
5450
9082
9546
1268
6970
7440
4165
9446
8015
6441
1158
7525
5149
7959
6969
1826
4021
1147
8210
5323
5279
6367
5088
7565
6925
3118
8466
7352
7390
1691
2280
3036
3719
5861
2071
5955
5997
9700
599
108
2674
3810
9785
6297
4342
8584
8862
533
9605
8384
8856
7850
4483
5462
9979
6195
1750
5119
7667
3751
5256
7001
6021
2286
2356
1949
2536
5333
8923
2206
1190
3887
6339
4900
9056
996
9244
1235
2627
275
2470
9440
1795
5790
4124
3113
9580
8449
8827
7099
8212
2012
2736
224
5513
9004
3151
4646
2671
2748
9897
3868
1778
1771
6518
8738
7810
1853
8607
2870
2880
5066
9732
6050
5220
9351
8779
5731
8121
2532
39
4487
2686
2238
166
5334
8873
1455
9721
3766
5350
1212
3528
9436
4512
2865
5313
4937
3323
8861
4031
3466
4045
9076
2750
2734
1056
4321
5002
1354
3929
2164
2957
5071
3068
5169
8614
121
755
753
3721
5487
7727
1345
9452
5771
4213
983
4014
7911
3315
7359
3589
3489
4837
1917
8859
6749
7705
3072
8602
272
3186
5428
1538
4539
9808
5979
3967
7052
3705
6850
4663
9233
3162
6965
3977
6022
2869
9465
4500
7506
1156
3071
4637
8541
2206
4427
913
2026
8618
2873
7472
5692
3042
4687
1962
3461
9621
8041
2865
7682
5759
3894
8001
731
1765
6424
1187
1736
9956
6175
5257
9165
1887
9102
158
291
8061
4449
292
1543
5362
7237
4096
4970
8878
3031
1409
5817
1710
1410
3020
7930
7158
6751
9001
4423
33
8118
9528
5965
7561
7138
3403
1473
8944
9986
7357
3188
4063
2941
6847
5234
996
1140
3013
7659
437
7341
8508
6779
1034
4476
1940
5813
8935
2700
803
5642
9664
1714
1155
108
300
2951
379
2184
7395
5277
2606
3229
9970
4904
7454
4282
1293
5780
4611
5342
7048
8500
1427
1097
3869
9622
8483
2655
9167
653
9590
1589
9800
1197
8925
6013
7184
9065
9818
8931
2297
911
5308
9223
9253
1936
2165
7163
1448
6397
203
7235
3022
1683
8934
7655
6999
1340
5587
924
9705
2152
2146
8266
4758
4188
7872
2656
8714
1693
8706
2520
8412
9391
3384
7270
5886
3944
258
832
5440
8513
7358
2454
949
2439
8817
9037
7849
2769
4710
2783
7694
9975
2906
6059
4263
8487
3818
813
2247
6460
9182
7694
9036
1898
768
169
4505
664
6159
7852
2370
5730
3742
6995
5789
3601
8374
5677
104
6372
3317
3907
9649
9773
5149
7285
7446
2188
3830
7144
2707
580
9758
7729
8247
7696
2803
4161
5983
1043
8920
5252
6740
3555
1981
3783
8556
1131
528
5362
645
1781
1416
2148
7696
4814
5032
2540
5668
4985
9772
5095
9317
9018
6677
5364
5539
418
6013
4533
2451
6483
5849
1167
8658
8456
8968
7075
8870
4957
9450
2340
6088
1239
2780
9919
4458
5085
6250
7510
9883
4883
3662
1832
1684
436
4039
8046
8689
3637
1840
4333
5169
6304
3308
8170
5770
1100
842
6156
3736
9611
7068
2512
382
4788
9539
4956
6637
1036
8166
3910
7098
4049
2415
8980
1986
3031
4289
3880
598
743
7392
3215
6662
6915
5530
5112
7888
8774
9870
1462
6793
7716
1383
5464
9320
7961
1991
8308
8518
62
4153
7462
4586
8948
8742
8759
1543
6213
2053
4530
3078
4029
2232
4935
7983
8756
6198
9986
181
6429
8063
4703
4466
3056
2464
1934
2234
2265
3612
6861
8891
4854
9781
8730
1291
6600
383
1443
8229
5148
5761
8232
8773
8120
113
6122
1878
3511
3536
1244
4029
2738
1146
5686
3660
7343
1826
6313
2828
231
7200
1237
5970
9605
9010
6031
2851
2898
3687
8630
4596
8116
2759
510
4651
7259
5084
7146
162
9035
6714
5844
9611
3890
5086
2768
3217
4676
8208
7678
9010
9539
335
5838
672
5892
3015
137
7103
119
6327
1743
1390
2633
5689
4620
6901
7130
8972
1826
2024
2594
3705
7943
7166
5089
4371
5398
558
4117
8775
5913
7047
6590
3854
5232
2327
2298
9148
4112
2536
5543
5898
4298
4090
3216
2521
491
4391
5548
1475
4515
1910
8985
4981
5735
9497
7676
1571
4118
600
7031
6684
8645
4123
3460
6890
7037
8722
326
4642
1617
7949
4723
5797
1920
1475
2059
3188
2738
4534
8615
6140
7359
5816
7800
225
6369
7761
5697
4693
6527
2601
5066
992
8693
1831
9547
2895
3602
3299
8280
8579
6164
7084
6697
7436
1915
9220
8122
1642
8645
4942
9949
7148
8274
7346
3432
3636
7152
1741
4210
8868
471
9878
8950
74
4791
1718
2140
7172
8001
5318
8869
6468
8939
1953
2059
8467
1484
8386
4454
1546
8206
8672
8722
6148
1141
7636
437
1189
993
8274
2431
6629
486
8240
1009
8084
2558
7309
9762
92
1258
2570
3352
6615
7880
3790
300
2506
9033
9336
3293
3757
3546
9559
6894
478
3059
5522
7305
2914
190
9617
2716
4815
8709
1983
2772
6769
1613
1163
4919
411
2431
9869
7196
7376
3066
4854
738
8299
806
1532
2700
2603
9591
7240
9974
317
4777
5860
2973
7646
5590
5562
6614
7307
9657
8758
4857
2446
1269
7613
6685
4694
2394
1364
4854
3054
889
2126
9197
1167
2452
3680
3708
7467
7769
69
2263
3210
9846
1430
1278
6160
7513
3246
8924
1160
2390
48
143
4025
2214
6501
3181
9341
5598
3537
7256
3047
3042
9420
7136
733
5802
2025
3144
1851
820
5791
2829
7788
3785
8592
589
513
2492
1588
6374
3626
9166
7333
7720
2331
1666
7431
1571
4427
1909
8313
9613
2479
4876
3580
4944
1976
2301
1249
2000
5431
3499
5115
4617
2627
5721
7233
3035
7672
718
5276
2311
4506
6138
2224
4465
110
6926
3416
266
7683
6290
7630
4889
3628
7161
5484
8113
9368
6727
9451
5198
909
5716
5088
2582
5315
390
3848
5052
770
5314
5477
872
7002
9383
1460
6009
3240
6520
6506
220
9690
2928
521
8484
9527
5725
7783
5104
7083
4707
5437
7414
6035
77
6280
2780
6890
5787
5939
1551
3545
6825
6375
2680
7999
6239
8344
3722
6563
4769
2444
5560
5108
2728
7967
1876
8054
1483
1868
8451
4429
2140
978
4613
6179
7745
1776
2607
3811
3287
1163
9269
5843
4314
7626
6392
9083
9528
4970
8455
4306
542
6354
7794
2155
9328
1144
4235
5582
6832
