1668
1656
8172
5921
1103
7382
4863
2272
9765
4826
7798
4800
3490
2042
9345
2443
3855
8292
1154
6503
5001
4995
4125
1120
3822
4373
9180
8602
801
5530
8506
8910
9148
2556
8201
7237
1707
691
9714
6560
2950
6178
5600
1155
9219
8288
4650
1445
5127
427
5569
1222
5497
5622
8435
6578
8053
50
628
4034
8313
4669
6662
8477
6004
8145
1480
2474
2508
93
4432
150
3010
1799
3882
570
6303
5611
2100
3387
5830
1752
5991
6658
9621
5952
9021
1244
5969
7219
2124
2778
8774
8150
9962
5613
1947
23
4818
3027
3606
9786
5675
5192
8312
8494
1084
8348
3195
4826
2194
9077
7798
5116
1521
5112
7686
3582
1588
1880
543
8702
5425
8709
8454
6809
7075
4208
4606
2054
3127
3481
3443
6845
6188
9047
6474
6104
1929
4421
5273
4068
3944
2225
5448
6654
1610
6245
2920
6859
7357
5626
9110
152
2805
3287
2851
7847
4159
3421
2970
6536
7162
2058
4286
8097
9026
1219
2738
2496
5000
2093
2690
1507
2060
8789
4722
3802
9579
1481
494
4905
7120
5526
3782
4061
5074
5574
8274
4468
496
6163
7995
379
2692
2805
8703
2555
5448
3171
2143
5862
2946
2546
805
9412
827
2977
978
5442
1367
8505
8407
5439
5874
1799
8647
1866
5506
3736
2839
6771
1711
3488
1319
8344
9061
4953
8647
1611
4714
9537
616
8002
9974
1747
6297
1991
5824
1369
6358
8165
503
1381
3495
5949
8517
1106
7023
1532
5359
7965
7366
7206
7599
8597
6618
1286
1904
222
3628
1732
8494
3015
3686
120
3955
4949
9877
3593
7729
1597
734
9028
6770
6722
6135
4798
2237
2948
4228
1395
5634
7290
2756
9798
4989
4574
6435
8681
7318
216
6843
6115
3529
8254
176
1670
802
2143
4630
2629
1021
6092
2003
4775
2180
7658
1416
9933
9840
655
5074
2820
1842
7388
209
7891
5891
2448
9474
5402
3076
583
5199
918
9244
7362
5045
8136
571
7300
4225
9928
7743
4540
7861
1483
6973
9536
4522
2614
6844
5922
5892
9053
5087
1807
2699
4172
286
9002
1172
7599
2490
3464
1489
9352
9716
9084
9907
338
5170
3405
4346
5856
9632
8948
2546
2287
2154
1848
4082
2575
4203
1434
7765
9891
8622
7868
2233
7560
6150
8981
2314
3972
1277
713
5993
5201
5714
4493
9200
2742
6433
8729
2491
9986
5097
5141
6146
2607
2300
6770
5777
1533
6215
7151
6994
5736
9221
7710
3679
2236
6798
9830
4535
1192
2154
1284
7141
9793
8310
2217
2223
5642
5028
5739
4712
9966
7403
9851
5758
3528
5650
309
844
6632
8411
1346
6335
4216
2275
724
417
782
2409
8594
6817
7416
8500
2291
4856
2088
5149
1089
8198
3824
5738
3087
1997
4804
7390
7374
789
6030
5124
3544
2670
5308
6384
2577
6145
8246
8308
6405
9337
1135
4492
6792
8509
3413
307
7289
4910
4780
7628
3414
5659
2899
4707
5197
4569
2372
4288
6409
3728
3566
6155
2753
7649
7939
5063
7709
7103
3915
9315
3730
6660
9989
3025
1071
8879
7433
74
2599
5699
8020
2539
4409
6239
8056
5452
8362
6797
6570
2459
7848
9707
8886
7887
4588
8075
8469
5008
5209
4861
5544
3201
2365
8127
365
2844
6812
44
7218
7956
6411
8686
2736
6780
8189
1109
5686
9473
2092
4901
454
7597
8338
3121
993
644
9865
248
8035
4928
6658
3081
6232
6733
649
5026
6192
3377
6856
1028
5319
9511
9554
6352
1996
2770
8169
7957
317
9786
7284
2087
1816
2163
8927
3127
8385
8175
5377
8501
3286
2300
1100
6606
5822
425
2540
2625
5832
3657
5531
3819
9586
8578
6109
4027
4439
8074
322
6583
6972
7211
4246
3266
3698
6186
3479
3594
5685
816
6539
2598
1725
2924
273
2175
4935
3532
6234
7027
8114
7763
491
2718
4643
7254
9234
5796
4332
208
154
1073
3730
5020
8126
9688
6413
3533
9667
2053
4427
8243
2899
6994
5392
6961
1337
7241
8816
3508
608
4584
7307
974
9805
8715
5807
3956
7816
1530
8819
1957
1025
2264
9755
2423
1107
8764
212
8626
900
6214
4179
6546
6297
5171
2449
9392
6387
1636
5131
5663
3067
1305
9891
812
5183
3108
7324
6826
5807
9486
7790
8921
8450
152
7985
3484
7249
7021
3314
4788
3240
2271
8209
7251
2984
9983
8310
7169
7166
7018
8193
2602
8873
9332
7369
1318
308
738
6393
4386
5233
9741
1659
9373
7478
3559
5802
6932
5568
1865
3656
8244
9825
3835
5398
53
3994
8273
5420
3017
2022
4981
8574
3524
5708
561
3110
7468
8776
8031
3873
3518
3636
4590
442
5478
297
2310
2378
1979
246
3578
3502
7185
5456
6496
1367
5685
2319
8741
2295
4209
7307
7848
5463
891
2860
5905
7973
1035
3446
92
3980
3721
4955
1365
6521
7344
2791
6508
2149
137
9753
9100
5796
8218
8193
3259
2438
4064
7536
1898
3277
8732
4438
3366
6025
990
9795
24
9208
6550
1366
8930
3963
9254
7074
867
5248
5884
9563
7484
7812
545
1542
2528
6576
9136
2668
2535
3575
2709
1786
6900
7843
9062
4804
3789
5667
8497
2616
2204
1415
6286
6328
332
4745
2078
486
3617
5044
9752
5798
5436
8563
3803
3816
3566
2534
1017
6974
4064
5221
611
57
3545
566
9690
8191
4402
968
549
9384
1869
2050
1813
5116
1883
7888
7904
8334
6828
2133
7572
2021
1299
7692
9471
2449
2003
2924
7605
3285
5827
7973
9694
4174
3715
7920
4625
9246
6986
1514
1020
6955
8688
1210
5657
4788
6491
3649
164
661
7869
2909
8406
9176
5373
6245
8563
1144
7477
1184
7215
9189
1455
9326
8526
7434
1623
463
9840
5424
9899
536
914
8102
1036
5545
3901
7260
7119
5243
3850
4053
1636
3206
5729
7379
978
386
7492
5980
6336
4356
1916
5132
548
8808
6238
5858
6855
2323
7056
273
3295
7924
9653
7947
9175
8767
2607
3147
9252
6156
2530
584
5335
9674
7403
7132
3381
7012
5188
1194
2646
4697
2801
8066
9449
9692
8662
9962
862
158
9513
1925
4600
915
8746
7392
8578
2163
9907
7243
267
9662
8373
5959
7645
9437
9194
845
1248
6362
110
6984
7960
2386
2081
580
578
3107
4079
3210
574
2224
5382
9434
2829
8946
1008
8330
5444
3539
824
9561
4182
7309
7476
6604
8082
5334
6604
8565
2594
13
2956
5566
4003
7896
7509
2831
8319
4231
3523
534
5801
4102
319
5965
4229
6575
8560
8692
7330
1267
9988
2356
1727
1757
1085
4683
9022
804
4539
3295
1264
6083
7823
5748
5860
1697
8574
4452
5783
8304
2285
8964
6443
6842
2103
9378
2293
9596
3993
5632
4532
5524
5354
1650
9822
770
1196
6201
7889
8874
6369
3811
4790
4214
3964
7548
786
3485
3056
9092
7265
5267
5141
7861
8898
4366
3633
847
5542
9577
5586
2163
9265
4810
8179
2818
6831
6448
6242
9425
5063
3259
395
1883
3495
2795
8522
9594
3935
4771
2589
3967
2563
5245
5401
7288
426
6361
4798
7053
5452
3223
7360
471
940
5134
7674
145
7957
5410
1088
7347
1354
8597
3807
3554
8579
4586
5399
3699
8807
756
6899
158
692
9228
5355
6145
4583
8391
1146
5470
4256
6242
8554
3170
2510
1826
1719
6963
9259
1413
6133
1953
8667
8939
8601
6509
7665
2183
1723
9658
160
3168
3399
1447
4855
3939
2748
4420
8970
9495
1552
4432
8974
3809
2724
1984
7489
2373
690
3673
1026
6757
551
7811
2079
9594
9278
5679
734
9924
2590
8133
8570
7858
1525
1788
8423
5341
4454
4537
7040
8871
3232
4656
7808
2220
2029
4686
5101
8962
5953
9401
4696
1726
3690
6162
2487
3430
2975
3927
6198
1953
2812
658
3628
1406
9369
401
2226
2568
5800
5237
4427
7134
5998
7064
6052
7064
6101
8795
3225
5567
92
1910
2564
9930
7588
5825
693
4894
4853
8905
100
123
2257
9923
2973
1256
6700
4520
470
5699
8830
1905
6944
7958
931
9074
9267
8531
8437
3165
8327
2396
4791
7689
8185
9752
5494
4868
1337
7124
9303
8010
3616
4280
3576
4102
1846
9311
5742
3047
5559
5539
4325
9430
7849
2786
7982
181
9069
5627
6014
5292
9231
8013
1753
4891
3662
4805
3241
7011
6447
8897
7075
3221
1251
7200
2099
8474
8252
7179
4654
2715
7897
6089
1259
2731
3015
8864
4742
8923
184
4541
1903
8967
2265
6960
2219
4654
9657
4041
3540
2155
8795
1906
6048
833
4324
2362
5410
2690
9458
9730
3062
253
4248
6183
8199
7217
5992
1550
1486
1486
4589
4952
3405
6478
2902
5533
2457
1263
6863
6557
4346
7240
3443
3051
8108
2930
7084
4816
4750
9347
2580
8446
8815
8093
7996
988
382
5812
5233
5069
9150
6866
7628
2608
9073
3374
9261
8500
4488
7122
7397
544
1467
4345
9393
17
122
1570
3274
4999
2609
7605
3462
6036
4173
7476
4301
1218
8296
5759
1896
2018
2964
995
967
41
6704
9500
5717
266
8287
5113
4839
9515
8131
8760
863
4286
6558
4731
2213
7136
394
5442
7937
2871
6496
3401
2502
2467
2878
6322
3637
933
7053
8462
701
4538
180
9053
1171
9854
8875
9662
840
5271
7957
9381
136
3408
4045
4569
1707
7491
1368
1598
9237
5569
8094
8837
9302
8181
6293
5777
9239
3088
6408
2567
2476
9990
8132
3108
9244
4446
4148
1336
1464
6235
6074
1632
5016
4904
2980
1976
7440
9008
8338
6666
7526
8460
7362
4095
2261
4346
4445
4950
7330
7914
9029
4110
9576
6557
999
3524
2230
2592
6220
5270
5214
7214
291
3754
3960
9538
2601
6703
6134
7623
7711
1955
785
3138
5415
6293
2900
9691
4651
3496
9958
963
974
3533
5726
125
3682
8545
9233
8427
4506
109
2249
8324
6767
9670
6707
7502
1398
4670
7734
89
6390
1603
3295
5660
7446
7983
5248
3660
4473
6921
5343
3502
6138
9998
1279
621
9309
824
5698
1340
508
1866
8945
5741
9252
191
433
2816
5729
4809
5459
7050
7829
2551
4956
2184
8266
8174
8297
9220
3472
5133
2479
7366
7201
2891
4529
3405
3217
8699
323
5331
5837
9717
1499
5277
338
5707
2958
5988
7294
77
4045
7336
7575
304
2293
7038
596
5973
9390
2472
2437
7199
6280
111
4107
5153
4917
4899
8471
8717
9449
617
1801
7816
5702
8027
7415
3078
7017
1692
7033
982
6824
7706
9732
7342
9369
9053
5740
864
2656
9895
3096
2036
5980
648
6758
6617
5414
9271
7909
985
3983
9652
7028
6083
3664
3390
6945
7240
6844
8394
6572
8912
8954
592
3457
7643
9778
5519
1368
8368
1770
241
7765
3245
882
8521
5991
7647
1170
6132
7977
3802
288
7827
7140
507
132
9928
6267
8996
2683
7147
7537
2105
8144
839
9837
7364
8202
5784
2678
3129
7332
771
7841
2905
9109
4486
4491
4231
7753
9990
4909
1104
2930
9836
18
7735
1449
2803
7913
6333
6540
6555
7741
8209
7810
7441
3596
1180
8496
2576
744
3915
7996
3305
4413
6422
6679
6264
3326
3014
9362
271
9671
9947
4370
3254
9266
8430
6444
8604
8251
2476
1465
9953
7012
5475
6136
1829
2332
2235
4997
5579
6028
1161
5031
6206
9347
1343
3447
1032
8330
7723
2467
5468
2421
1102
1132
6878
4312
6270
4061
8863
9182
4800
2519
4627
4289
6280
6334
6245
7386
8545
6268
7125
1030
4387
8070
2553
1135
1084
77
2770
7023
9218
4308
2183
8287
7589
6510
3794
4716
2513
3551
9536
9542
9982
8978
1068
1542
5773
752
1099
7098
2171
8582
9688
3917
9057
5903
9468
686
1668
1334
9966
506
6633
2143
5841
4859
3765
4202
6496
8714
8837
5185
5477
9854
5910
1169
9680
5173
4438
3171
4450
689
7178
1792
8322
6610
1137
4899
4346
4272
7983
4177
7039
4254
6509
9957
3157
9417
7505
5563
9539
2312
663
4267
162
1962
2575
4726
4160
2690
4129
4982
3120
7053
3572
4746
2861
5837
7208
9596
851
5686
3590
5347
9499
7242
8878
2110
5506
8998
8611
4225
1133
3862
2020
8525
3818
3120
7388
1676
576
187
4835
4962
4363
4912
5087
5572
6619
8555
3865
1653
7913
8480
4866
8284
1965
8136
5032
600
472
7486
4760
3515
9799
2739
7013
4674
1923
519
1373
9308
158
8186
9965
2348
1231
4713
975
9840
5489
3078
7709
5161
2053
7852
9563
5333
6224
6257
7929
1786
4093
9559
3240
9405
7417
5626
6891
5535
6694
5192
1701
7381
9512
3513
9085
4503
1100
9118
617
4
9489
5267
1901
2298
8392
3225
295
7811
4151
1902
1366
2533
8587
6990
5930
8708
3029
6528
5250
9639
8152
2758
1078
8309
926
1429
7228
3246
3627
4874
1658
4650
2124
254
7703
8459
4945
7280
3912
4232
6898
8683
2626
8778
2824
6367
8452
288
7368
8188
4363
267
635
2505
1026
7176
6600
5428
1807
3544
1185
5553
535
6930
8427
6501
5815
9235
3306
9211
4024
353
5241
8960
124
1533
8826
538
8638
3236
4352
3936
9191
6374
4502
8429
8694
7952
2994
8072
7846
2354
6396
164
8636
791
9396
5521
254
1998
1653
7830
184
9185
3207
8656
1483
6223
4481
8157
6303
7140
8670
8062
8013
4776
8993
2677
7408
860
7903
3929
4107
4594
6482
8166
1734
8088
8027
6269
7822
8544
7009
1641
2034
933
2356
4394
6993
4343
3311
3729
9281
8120
4724
4402
7169
7034
1226
2655
3581
7705
8024
9080
5716
1531
5901
6272
2556
5295
1769
6620
8617
2221
890
5815
7376
4346
8186
9395
2491
7052
8799
7566
6070
7191
920
8178
8847
5723
7019
4136
5984
9296
467
699
8950
8312
3404
7789
28
3975
5192
2761
5670
6025
1617
7480
5069
2250
4721
6273
5071
8507
6084
5833
737
4843
2047
6733
2878
8795
7853
8248
7677
4312
5100
7927
9866
1952
5742
9610
9051
149
1565
7006
1773
1205
4407
2554
5398
3113
4450
7394
4846
1269
425
6173
4426
3529
1774
7610
1184
4341
8955
1414
9312
2841
3963
4684
222
1106
9436
9052
258
9439
8260
866
6191
4924
1920
9370
4207
5262
3291
5649
4921
482
6517
4373
7377
831
658
1733
3720
1266
4805
8864
6780
6243
695
6143
2614
2076
1961
8148
5914
6686
7007
711
2156
2420
1969
6975
8450
2762
1963
9565
2711
5085
799
727
1556
5160
1246
1820
9743
5904
5700
6712
1482
4002
3811
4763
4665
2479
8474
3841
7030
2211
1151
9228
405
803
6749
4474
9434
6479
5043
8261
4948
6918
1636
6982
2848
5524
3945
7162
6016
6111
6693
7580
4666
5729
1528
4141
903
9787
5000
6174
6290
3785
8667
5387
6052
1205
9648
7188
8167
9055
200
534
8919
6389
3355
5801
6179
5295
3683
6846
6611
3504
4470
6627
918
9033
8199
6220
4306
2016
9710
979
6704
443
9344
6131
5100
8938
9902
4085
1916
4979
8173
4582
9496
1443
8340
6433
8827
2711
8966
8756
4856
3949
1649
8818
5363
3762
5575
1437
1414
5559
5729
4546
9106
2133
8722
7455
3612
2265
5020
2174
8019
7834
276
4127
757
333
9595
5479
702
9571
6716
8838
6753
9462
6092
9383
5429
9731
4658
8153
751
7818
8438
5998
2915
3400
2596
8286
8759
3387
1967
3666
5969
2553
4486
4816
4704
1456
9444
7007
6077
5894
823
7656
6509
8787
8346
8340
454
3863
2844
4460
6834
3500
9810
5953
2618
4016
4935
3857
8913
7667
7491
4919
1862
5543
7895
1478
5782
1321
1964
2555
1490
900
7787
6062
7673
4151
6828
9355
2738
8160
7527
9235
5609
2173
8602
9703
2064
3089
1789
2503
4961
9311
1186
7520
496
7255
6347
4080
8717
2567
7707
2574
9975
4105
2922
1258
2768
1454
4072
9485
3017
3262
3179
8572
4441
8306
2778
2274
5503
4417
7225
9101
1919
6603
7564
6120
5863
9718
6669
4193
4161
9396
1679
6168
9974
9197
9349
3120
915
6811
6945
1328
9960
2361
5066
5919
6602
4236
25
3944
5890
6573
9169
5064
9644
9377
5051
4064
7410
7314
7714
3280
7497
8347
1809
5606
416
9059
7177
8400
2292
2163
2873
2780
7218
5069
3328
2787
1928
1045
4456
2645
1212
1142
5971
1722
3475
3333
16
6669
6208
578
2238
2842
8589
5970
8674
842
4730
9520
3292
396
7671
307
57
4372
50
9448
8515
6077
8743
2372
812
7861
2600
8560
342
897
9396
6698
7749
1983
1513
4964
360
8269
5667
7046
3724
2381
4789
1450
7135
4480
2114
4711
7589
4005
7671
3344
6020
8439
6457
162
5900
9230
8105
9164
4194
9614
8041
7904
8766
6045
3228
9116
4930
5429
287
8673
2701
7379
9909
9263
265
9220
3699
5340
7680
9684
2568
8804
1345
6634
4391
4484
1638
7342
105
125
2825
7575
9370
1039
199
2681
390
4080
3477
5491
1046
4779
6876
2240
8908
5748
9992
2666
2880
1187
1843
2751
5280
8971
8134
4583
3315
8646
1334
1066
5961
3344
9982
2372
5847
5871
2849
2706
301
9822
3507
5883
9939
4233
4537
2093
2443
7607
3795
1280
2769
9216
5286
1182
7141
6011
2914
7947
1128
7952
8345
7433
8558
4884
7723
3434
7146
3296
5602
1292
6340
8336
5370
646
3783
8052
6513
3506
9728
1965
2981
7638
6830
8186
5129
2851
9678
9620
8198
4570
5280
7528
8621
5676
3997
3020
2793
3483
8002
1364
7369
6502
2023
4136
1675
1183
9782
8448
7938
9593
1660
5345
1833
8437
3566
1051
243
5153
6716
5041
9063
5311
4323
5804
7728
9794
5283
8593
2653
8359
9006
3014
6034
9380
663
4410
4646
8241
7662
9053
1500
2171
1946
3331
5894
6734
5987
4427
5674
8873
1472
2208
1095
9965
2020
9934
2129
2579
4249
7363
2765
4199
2665
1748
528
8230
3488
4403
9194
8993
5457
2077
1996
8342
1025
7357
5117
4654
7651
3024
2083
1048
5423
1107
8787
8544
7081
1156
1648
5868
3209
3994
4114
469
7992
9668
2316
1772
9405
6270
4945
7738
4292
8633
2749
4396
4606
5294
5902
9223
7105
7817
3497
2473
5826
2521
6422
5732
4498
3732
3066
2232
3340
9214
1919
8655
9225
9147
291
6699
4650
2276
3425
6758
8449
4830
3612
9162
157
4668
9867
2290
6852
64
6700
2973
3776
6168
7011
7380
2167
263
7633
9932
1234
215
1205
8613
4512
2980
547
8688
2062
6997
2554
7175
396
7705
4438
9592
6
3574
8882
3047
4896
6048
4437
2567
8751
776
5422
2149
7787
1030
1462
395
97
5068
7657
7976
1651
4156
559
3323
8053
3622
1337
9961
5730
3351
2701
1252
3751
5455
696
6789
7731
8963
2976
2407
785
2391
6806
5788
3984
576
1962
4631
7731
3224
3380
8777
2869
9436
2444
2288
1215
2586
3211
1848
2276
2373
5028
1669
5852
4829
3535
7562
9921
7913
9431
4906
1566
7158
9813
6801
1543
5288
2854
5002
8523
1484
419
9425
4158
5653
8102
9268
4387
5475
9879
5897
6475
6128
7714
2809
5085
5765
9361
2115
9697
5751
7055
113
4170
5284
6903
8803
8113
4517
3931
9433
6529
4873
4773
5149
229
159
9535
8212
1065
8689
3997
6173
3227
9192
3170
9442
5554
2968
8243
1232
4145
7807
6855
716
3350
4370
6567
5260
4642
2638
3235
6157
6975
6966
7078
2975
5472
9940
5483
3822
7109
9838
8595
9048
5075
7238
9
9316
1725
6780
6648
4081
3687
8096
5058
9429
86
6126
2915
6388
6856
5495
5288
1664
6620
4560
3009
2198
2000
4368
5469
6402
1063
190
1834
3374
5628
7424
5081
5154
3075
6011
739
7284
1609
7474
4771
9831
401
5969
3911
6027
3142
7158
3716
2780
6970
3575
3514
7326
4292
9099
820
9162
2785
802
4045
9842
2498
6255
9814
4052
7618
3950
8907
5479
5545
6884
118
1679
2633
2938
8708
2785
4902
796
730
940
153
5243
9244
1791
4316
6178
9537
325
4687
278
420
2313
1369
3450
758
3379
3059
6049
6320
3603
3859
3978
8136
4944
390
3145
1927
4294
7054
2912
5530
7914
6201
8975
4002
7522
7147
8229
6139
5878
9671
9256
3324
1334
7448
47
6404
4613
2968
6205
8556
4057
7290
6074
2140
4221
6977
9420
265
5878
4483
2709
9512
3448
7348
916
4182
2055
1892
1570
1791
6857
5672
3015
9449
6094
5715
3071
4453
1562
6547
5548
6711
4629
2294
4935
9822
9042
3140
7858
1463
4809
7898
6869
4160
6807
126
8872
4274
2850
8285
8361
4552
193
7230
2414
9689
5703
9430
2469
6677
1770
2242
2479
7370
2646
5386
7954
1180
5985
3915
5853
6179
4310
862
2927
3406
8080
1419
2855
6200
4065
45
3044
2441
3220
1663
5153
9656
2477
1645
2613
1640
5122
345
8856
6230
3064
4194
493
7936
8593
7209
397
3627
9254
6798
8060
2796
6111
2004
9479
9165
7497
1043
3797
8381
6692
4573
2202
6713
2048
5546
3966
5078
6573
9307
1910
4635
1921
600
2612
9730
9113
6931
4279
9200
1215
8310
9063
5935
6595
3854
5294
8196
5886
2880
6514
8527
32
8932
3463
8107
8855
7649
6273
5463
9286
684
1181
4278
9723
9312
1100
6374
68
8832
4154
7395
7275
9796
4728
8225
1375
3737
298
5677
9336
7932
6130
9468
8700
1470
8205
6101
6351
5811
9792
3227
7434
2721
1657
4374
3728
9242
4369
4151
2217
5579
6799
2661
947
5588
7573
3161
4786
9773
2371
4920
1955
3318
6973
3597
6501
8035
2463
4739
4600
2364
770
2113
3637
4285
7679
3395
2227
8565
2215
4274
7978
1278
3947
5637
4710
7796
6042
3287
316
4194
3085
1420
280
443
7070
4692
9801
2756
198
7990
5922
1875
2208
455
1357
1255
32
3707
2838
9576
8257
2514
2079
9163
6211
9307
7062
9882
896
2826
4977
6201
1661
6985
2923
6441
7634
3212
9494
245
4516
3325
3186
377
8222
3120
3591
2725
4760
5996
8555
2581
133
6841
6303
8198
7495
3237
2575
1245
5440
6261
7613
9060
7812
1184
3322
5387
3600
5927
5476
4971
1023
7225
4598
8557
2735
5160
2221
1897
1816
4291
2395
5357
7437
2831
5678
1262
1914
275
460
5956
4633
6176
3553
7785
9144
5407
6459
3126
9495
8543
4523
6367
7248
6388
3258
3096
1065
7939
8129
577
8536
1079
3164
6081
1046
4837
3006
5910
8735
9350
4987
1368
7325
6521
5121
2648
7538
6748
8136
8998
9362
1145
7697
6491
6742
9505
1403
543
4524
4933
2176
2812
7457
6029
9045
2583
7904
2861
1325
162
5255
2314
2945
6704
3921
3906
9099
1879
4433
1821
576
7914
9684
1311
2874
1276
8843
749
8818
8451
7125
2695
8894
7990
4517
6741
223
2314
3559
3687
1968
8596
8637
2842
4872
8318
4009
5374
8411
3682
3271
5819
5215
2446
3661
8603
7119
1465
1923
5577
1793
5502
454
797
7131
5432
1354
9949
7681
7609
7355
1397
408
2710
2633
708
8888
4313
2725
2336
5411
8438
7574
9336
6436
8827
3406
5977
4390
770
6911
3021
405
8271
4996
3671
2442
6097
4411
5909
1818
8419
1572
2223
3822
5180
3366
6399
2772
1636
1302
5483
7684
2468
3234
7870
5998
4072
8739
8112
9058
6868
9773
1900
4290
6539
7982
4453
7421
9688
5071
9640
6923
4290
6358
3853
6999
5902
2128
9933
3120
6324
9187
5450
6690
3238
3512
7518
1797
1501
8091
8712
6188
6602
9834
2036
345
7729
6929
8598
5707
627
8842
7637
2563
8443
6743
67
8451
9706
6144
3880
6434
7194
2001
7942
4484
1608
4079
3650
2648
1017
588
9580
8270
3700
7793
7251
8343
6077
8187
5615
3848
8289
1025
205
1411
7873
3422
6398
2960
2323
5459
9239
4190
9063
9342
8506
1948
5828
6303
7055
4870
2585
8553
7260
3447
7008
8441
6786
1176
8020
3790
2625
4989
3788
4588
3875
9399
6340
568
1842
3547
3809
4192
3514
7353
2255
741
97
2775
6371
8652
9345
5847
7683
2457
8956
4523
6888
1693
6087
9537
8184
2868
1909
2791
5920
6350
9339
6438
6121
6103
1830
4032
9691
6661
6145
9060
9091
7961
9758
6297
7532
9368
4605
1208
6739
2137
9038
600
8707
8836
9625
6369
3511
4620
7608
9616
2377
9158
5312
7719
267
312
1101
2212
59
4950
1400
9476
5942
3570
7218
4931
2967
703
4872
9222
4445
3806
4780
6154
5348
9016
3597
4471
2562
9732
4264
3943
310
7996
2299
2011
3136
6444
7473
3779
1478
1118
3216
6391
6577
6597
8706
1979
8373
7228
9980
4587
9749
5633
1058
2944
4783
3208
4704
9576
1824
6547
9582
3092
2363
9959
4578
9095
7042
457
9316
1582
6240
3817
1950
691
875
8074
490
5081
7336
3608
2252
6388
9282
1757
1710
122
2041
862
4081
7423
9818
3134
6716
6394
7541
917
2536
8318
6760
6729
2807
2758
3040
6826
2175
865
7169
2398
4403
6018
5341
5132
3799
3060
8383
8507
3343
606
4193
7858
622
602
542
4909
4854
1203
1543
8761
6936
7117
6311
3527
4446
8568
4463
9825
704
6488
4019
8698
5992
1585
1709
2189
281
2733
9060
7707
5202
1171
83
6221
4604
9213
8756
743
4308
4253
7922
155
8335
9363
4821
78
3174
9617
2054
3644
1506
1037
1750
1525
2631
839
4966
5350
4267
3404
2597
2138
8944
1554
1760
7768
9654
7113
7418
1475
6190
81
6717
3670
5685
4167
2130
1698
3812
8891
6891
7960
8378
1940
9085
5249
1623
767
6254
2368
6006
6876
9289
8450
3667
250
8735
2783
3582
3494
3380
6477
9782
8024
6786
1811
8077
3268
3898
3009
3129
8400
9661
9583
3497
301
9281
8687
142
6720
4538
3400
5305
5934
2355
1481
7894
7190
2402
734
8746
6179
6231
6216
359
3304
3958
7356
3081
4176
8010
894
7921
609
2534
6131
1228
5513
1565
3119
9820
3253
8210
7205
7722
7038
905
9826
3120
3218
5196
3864
1084
5217
1094
3512
5930
7906
2633
5303
8759
120
1917
991
8505
571
5269
8267
9518
1137
8460
3894
9133
9972
6204
9697
963
4602
2483
7780
9346
7065
8435
5761
9359
5488
8053
4665
1989
2672
504
9047
7853
5388
3245
8448
7427
7968
6125
4226
3171
7485
173
5983
2494
249
4968
3341
5644
6546
9568
3024
4773
161
3617
7793
2805
5159
8601
7895
7609
5646
1531
1777
6630
2681
470
2657
9146
1676
1714
8176
8079
5121
2503
329
6669
9171
3349
8515
4908
7505
4483
7925
2925
5126
947
9061
6872
2761
5516
5535
3529
779
4491
5765
7184
3687
4365
498
5842
5036
8144
914
7794
2456
9808
4315
630
9679
7172
3992
507
7464
3923
153
8585
6577
760
6177
7673
9827
9331
2661
794
3745
3920
8710
3244
308
2490
2781
61
3774
5554
1844
7290
6526
6747
9118
8428
9639
9301
4666
8375
9960
3990
8058
1133
3839
1942
1688
8704
4935
4284
618
1049
5874
3577
9022
8400
6444
7246
5899
1741
7485
8807
6122
5584
8320
5391
2218
6989
6051
3499
8398
1106
1790
214
1382
4262
6519
2718
4682
5386
9866
769
9812
7424
4286
5483
6735
7836
2041
5030
4718
1709
1483
6328
4152
6630
4976
8747
5067
6545
4640
9610
6220
9487
8569
6098
6909
5311
9192
171
7803
6750
4750
9236
140
5744
3084
498
5200
6815
2018
3719
518
4685
6627
8216
4494
2603
9832
1544
6974
9635
2853
1499
5983
7829
6423
4483
3479
2530
6975
2176
132
3256
9573
8536
62
7558
7570
8392
6622
38
3937
3148
8256
4271
1847
3600
1736
9946
9390
7051
9048
7895
7108
1036
1468
1565
5015
2661
5748
988
9243
1868
470
4263
4378
5812
1709
5138
9604
5014
8071
1323
7820
3237
4936
2831
3418
2978
745
7660
3134
1258
7697
1959
3809
1313
3199
4211
1162
9371
4084
6462
4575
2600
6706
3419
7905
8108
3123
4465
1748
5806
4442
1479
1127
9287
4456
7659
2912
7029
1133
8920
5585
948
196
4518
1339
3373
649
2478
7644
6806
7311
2429
2088
6853
8511
7707
3524
5585
4549
9148
887
1269
6563
8484
5020
1261
7870
4682
5610
5502
6113
7349
8953
5098
6371
6894
784
2848
3856
7412
2414
5208
1492
2669
7110
6008
2547
3777
8601
4743
4485
2184
7333
1589
2446
3198
8175
4570
9147
5998
9146
4943
1813
6133
3433
6638
4866
9592
8507
9258
2899
1422
4065
9806
5656
5276
8867
7705
9418
8817
2911
4897
6646
1255
1411
3637
7795
5398
6171
6830
9401
1394
8200
4791
5073
6918
9175
5077
9032
6321
8558
4686
8127
9056
8272
5672
6626
6479
6114
2247
9303
666
4819
2086
6156
9015
8409
621
2995
3372
6682
9614
39
621
7233
2559
5639
5954
6241
3061
4575
6891
2234
8262
9793
1679
1078
6068
5602
3685
8554
4885
6953
2742
1269
9945
8095
6500
8553
6214
4965
3037
9658
8373
756
7193
9824
3358
6232
1373
8777
318
189
9051
201
2403
2777
3740
8777
6073
636
6706
9744
3131
830
6619
1149
7910
7177
7127
5939
2939
8489
3635
2684
2252
8462
3576
8630
6443
788
3158
3815
6761
2984
5943
642
3871
4009
2265
3264
994
1525
5878
2619
9193
3402
6730
5677
4960
6070
2040
5927
3523
2382
4196
3026
8799
6042
4475
1575
323
5460
8802
7791
5498
9133
6460
7341
3621
9513
9739
7460
2310
6065
2128
8474
75
9283
5852
3550
5554
3381
3872
926
8927
9825
9646
8852
4706
8394
3098
5616
7352
1784
6491
1922
2695
3433
6476
1586
3258
7939
5792
7428
5446
7180
3189
1665
5209
8624
2994
4108
4964
2906
8720
6130
6596
6209
1624
1006
8450
1178
7328
7078
3347
4560
8205
2691
5316
7010
373
1360
6141
3583
7094
1280
2212
7633
176
1610
7688
299
8915
4028
9926
3581
8493
9583
6304
1095
1437
5922
4354
5483
3869
732
1939
5867
1130
6344
630
6661
7435
348
6648
6191
4917
8632
6829
1526
8275
8469
458
7271
7963
1649
9863
7440
6367
8485
9939
994
5421
3817
7411
4042
6147
5921
3848
3380
3741
3315
2695
9504
4287
4798
246
7364
4815
9379
6154
6129
9534
236
8439
9796
6014
6020
4572
3193
5747
6428
443
2324
6999
6700
3265
2946
1599
6899
4786
7583
2930
8631
8210
2578
6341
5742
3587
872
7885
1163
5060
7871
4573
5150
1391
1245
3935
2814
5953
372
1786
1297
9394
364
5430
8134
5401
1754
8519
192
4812
7600
3879
9645
8306
7041
7033
9049
6874
8416
8525
2516
9760
6733
978
2970
3439
8071
353
710
1187
9815
7727
3185
5285
1504
5239
9204
5278
7143
5306
9221
198
9096
8611
299
9236
2157
878
2711
8374
2047
852
1696
236
9230
7470
2093
8399
7312
3483
6371
5154
1925
7068
7663
2700
8742
1459
7057
6033
6898
9806
8235
5507
765
7084
8809
1760
3876
2416
1131
8162
3556
428
4777
3789
1214
4641
1205
9245
7433
3607
3477
2131
4374
9412
3486
3046
1628
2626
1410
6487
1859
5404
7869
498
9372
5252
9267
3305
6047
4839
3312
1405
8517
3443
3554
849
4758
100
2909
9447
4992
3111
5560
518
8757
3330
1258
1459
4955
8875
4542
769
6184
6473
1850
699
3954
2374
9778
2176
7292
2152
6148
3204
9643
3011
7286
9453
9730
7532
3025
754
2869
7301
4452
5718
6712
3604
3451
8959
635
5263
1702
3935
5910
5748
430
4815
6300
9518
7066
6448
563
6402
6977
5846
2119
4431
2667
4492
2242
8383
3947
3091
7637
3756
7918
1317
4679
591
5188
362
4930
5420
9947
9638
8387
4646
7808
4471
9071
8961
5044
6407
6164
1533
6162
2354
3786
1317
7260
5654
6467
3742
6771
6553
2845
9173
306
1134
7842
918
4769
5611
3960
6631
1387
9841
8835
958
1955
725
4952
1308
8345
3446
4693
6466
9853
981
184
3753
7211
340
7435
9860
6329
4006
3440
364
1863
855
5283
5325
3944
6540
5489
5748
1348
1742
7920
962
5172
3788
7782
2301
966
5627
118
5358
6881
1224
824
679
2413
6857
5912
2555
5050
8583
4654
5443
9780
8631
931
6223
3434
4458
9851
7003
2140
124
6117
8060
3203
3242
7220
8957
7113
8930
999
7975
33
9603
8485
6438
620
8053
9573
7036
6836
5311
8990
6441
1850
6708
6652
9570
791
1233
4007
562
4111
3171
3489
1210
7216
6630
5813
1376
1815
1996
5256
6875
3694
703
8976
5464
655
7302
5613
6228
2531
2720
818
8376
8030
9187
9272
864
2214
7736
3626
3737
8178
3588
7664
6508
2771
7915
4974
1174
8658
477
5105
995
8408
5495
8301
1098
3398
2189
7113
5185
1761
7492
1866
6474
3467
4336
2165
6955
9959
4456
8659
2300
4679
2812
3609
6566
9393
8494
3783
3861
8141
9363
1843
9696
1063
609
3237
6853
2167
1676
4716
4530
5940
5451
3626
1492
6244
7442
613
5433
4075
2905
3707
2854
6040
3501
4628
4646
8592
3061
962
3086
3993
5690
5564
1099
3830
4865
3413
8892
5401
2975
1739
9578
7275
6541
3069
6495
8330
4200
4801
290
3272
293
5471
2310
2252
2127
2964
405
8627
5030
7662
9936
5781
2748
278
9422
207
3775
1461
103
2757
2918
6765
5688
3725
8637
3323
5640
2285
2838
6808
8946
1003
9703
1894
3565
4339
360
2856
4355
2657
4758
1792
936
969
9771
8770
7359
4605
7863
2669
7704
6703
2607
3052
9880
4982
7411
7684
9905
86
3457
4770
2687
1653
3801
9173
8479
1407
6114
4655
4551
5214
3146
9843
1395
2455
3972
8837
5168
276
6632
8308
1995
6353
1028
5958
8903
8784
5097
8566
2877
6176
319
7625
8487
3156
1393
3854
3051
6054
3578
309
5837
507
649
2239
300
9961
5496
9159
2424
2000
2891
8910
4144
2487
5147
5429
8098
8728
5234
5099
8063
6938
9505
2240
4785
905
7735
9571
7173
6654
9115
5838
8805
5355
8003
4229
459
1938
9455
7863
5677
4437
5017
1696
3729
3129
5603
3269
5399
8647
7401
6986
548
2756
7668
2618
8403
4122
360
1372
8685
754
5044
2269
9556
6459
6246
7366
1954
5125
4359
8886
6261
4447
428
467
5961
1387
3112
9129
1728
2345
5700
9796
2202
7199
2777
5074
5058
3198
8303
2548
9263
290
8799
8797
9979
1304
4753
7239
8548
9415
5002
1673
4928
7627
183
8424
2960
8557
9644
9633
5006
6170
5592
3062
3680
4321
388
51
4652
2206
6520
6335
6980
1506
3131
2772
9180
7514
8909
1110
7814
1293
9167
6850
4429
3982
5519
3944
6363
8643
8566
3145
413
7885
9394
4642
9996
1411
6107
8221
3870
6874
1085
395
7481
6970
9324
1535
3600
770
811
941
5532
7725
7365
8926
1496
7296
1959
556
9440
4855
2715
6202
6536
1459
7475
1310
3105
8107
4455
5934
3263
4358
5407
2990
4793
4348
6944
4098
8005
1231
9519
3765
1653
6553
28
1642
7693
9033
6422
9370
1461
1351
7248
1030
3472
1959
8501
3808
8082
9134
111
6951
4647
9303
7727
3619
1092
6304
7963
9640
1259
2615
4187
1401
4
971
7367
7152
108
7336
4169
4238
6878
6359
1911
5266
2835
2619
9432
2916
8886
2726
9506
5864
4458
8495
907
6207
2524
2602
9725
4260
3023
3661
3538
658
762
7656
6141
7696
7434
8211
5837
352
9186
4752
4255
9192
6451
684
6566
7307
9895
5801
7338
853
5398
251
9071
6306
5042
5147
5259
3024
1419
6976
3802
1861
8069
4353
593
5591
7997
8513
9067
7826
7873
8540
9678
4698
9831
4709
8616
347
4622
2302
2271
7093
7260
6110
9455
3495
9332
6195
8183
2504
9567
3924
9529
949
7270
1998
7732
1931
2091
9919
291
321
2614
9031
8568
7413
7312
6817
9800
5761
5822
8114
8129
6706
6450
9190
7638
2351
2116
5919
5725
6088
7144
2536
1477
2415
6474
4379
877
1393
1731
6053
928
6865
3472
1377
1419
3984
3443
3153
5103
5070
3886
342
5526
9409
9435
9990
8118
5900
4110
330
3658
7835
2431
5988
8502
4676
8583
2671
1007
7027
2736
9331
2041
2587
3469
4548
3257
2874
7461
1004
3421
5698
8273
9857
1524
898
2701
1508
1103
8146
854
1481
5661
9655
2755
7493
6783
7386
6256
2356
6821
2489
6153
8960
1370
6941
439
3665
9454
2376
6831
1833
626
3506
8702
6564
9157
1031
8614
4660
1946
2853
210
1257
2945
2054
9460
7207
2557
7258
9485
1329
3851
1423
2344
7319
4588
8833
9938
164
2736
8909
4115
8636
953
1573
6274
3541
3829
3518
9778
7274
9295
7520
9395
7005
7226
6800
2616
3657
3116
2557
343
6892
7983
8735
4305
4812
5062
3468
7178
7865
8908
7025
8168
3527
7217
9942
9547
1887
639
5316
2600
7237
7658
9217
716
9411
2155
9692
3923
3848
6080
5218
5928
7893
3604
7919
147
2930
782
3530
2404
4825
1788
2119
8868
2434
8786
1154
6761
6315
756
2049
6827
9645
3069
8003
2846
6935
6062
7133
1212
9359
6488
7012
402
9052
7233
3942
4798
8788
1118
8334
6257
68
1013
271
3381
518
7650
7610
196
8586
6860
7085
3932
9167
344
3166
613
7111
4508
7454
1975
3575
1912
9818
2066
561
5419
8967
7014
1419
8480
9120
9632
1320
3292
8880
396
9093
6289
5085
4779
2119
4263
2524
4208
5936
1898
2615
4949
9075
1720
1500
4139
4141
5990
4859
5313
8512
7546
4138
5832
2135
8174
3869
6766
7490
3229
7497
1748
9628
5744
5811
5081
9823
4908
8675
7123
6043
6045
7696
9069
883
8982
6243
7101
3547
5934
7137
380
7526
5595
6130
6567
3583
4903
2545
784
6464
4240
6028
284
9138
1078
4511
1206
4459
1118
8058
6088
331
317
9756
2444
241
310
6703
7853
9451
9271
7783
8588
7470
5424
9410
8988
7941
6178
8627
1540
2956
7182
1632
7743
1073
6147
4770
7289
5172
9063
8093
6738
1002
821
9494
3853
2546
4084
1917
7609
9488
1234
5158
5312
5090
3423
8645
2455
6185
2232
8463
2418
6442
4448
7579
8995
5920
9864
8640
2527
315
809
2209
5350
9498
5302
8573
6856
9340
145
1076
2372
4322
3227
6346
6318
915
874
7056
31
9094
8717
8584
8473
6371
9727
3913
7237
9279
908
6613
213
8869
8966
6269
8673
7198
2087
5881
8797
6525
8857
495
6049
6181
4616
7424
9636
8705
8045
1609
2919
9575
1349
6259
1455
3638
2139
9925
2003
7278
3071
1389
263
9679
3622
1817
9995
5586
90
1746
9824
6575
6798
792
6535
5366
989
3108
2086
8612
6416
6334
9442
7660
7504
9403
3611
9367
8807
8556
6307
7208
276
5820
6919
4866
1945
5823
5599
127
9651
4839
4190
3978
3319
6032
9360
1089
1522
8503
4519
2837
8882
306
1754
1664
7332
9669
7171
7925
1045
6359
5612
39
3056
6321
2918
8294
595
5862
522
298
6019
8833
6322
5593
9310
1396
589
8759
7649
2824
6492
6854
816
5000
2293
7482
2743
4695
1702
7667
115
59
7165
4223
633
5933
7699
2340
6078
2960
8136
7374
6068
6495
2435
8277
1148
2048
6887
7667
4149
9922
5577
3609
2247
8824
6175
5326
6519
2070
6111
4865
7958
314
3709
6397
8855
6535
5666
2992
6414
8171
2158
7746
5652
5410
8968
9593
2182
396
3408
5527
3570
3042
9761
1406
1854
9148
9298
3857
6734
4254
6142
831
326
1226
5468
7439
7982
688
1673
3227
7271
2239
8078
3833
3929
849
337
675
5494
5301
2729
4126
8913
729
5550
5323
6571
5660
8334
7851
6312
5317
8499
6815
6695
8744
1149
1702
3728
4716
4495
407
8749
1302
4930
5594
6477
9876
499
3102
1759
1822
9410
4058
5949
323
1549
7075
6109
231
6239
2704
9150
8358
5969
4773
8472
9059
1693
6500
3871
5133
4685
9158
7399
1329
476
7168
5818
294
4518
1662
196
1114
3244
8031
1206
5068
6745
5993
2312
2214
9508
7430
9862
9365
9007
9087
5947
354
3076
1922
4732
1605
1332
4848
7788
6772
3644
8411
8972
4153
3858
1032
5868
7907
3915
6240
9249
6174
7562
2286
8514
5332
9054
8836
6715
88
7612
4984
6529
8507
6315
7084
3148
1452
1174
5325
1313
9392
284
8235
8556
840
7812
9991
667
5799
8780
4249
2851
5180
1632
6185
5756
1977
9105
3673
4361
1070
6986
9644
9722
1974
5789
7565
1297
9526
7799
8349
5413
7818
8879
726
7639
637
8786
8386
8508
6262
4966
3571
5612
8733
3859
4019
8723
3224
1578
4972
5392
3806
6384
4914
4100
8002
6699
375
2322
8717
8660
5061
5824
8206
6883
5158
5019
1508
5957
2568
1339
6702
9293
6038
3943
6206
2596
6840
1396
1071
8418
9871
8340
232
4860
5114
8484
6962
9832
5306
4249
111
7352
3595
2376
7785
1010
6874
9826
3419
8468
3648
9075
8307
4305
898
1925
5473
9291
9131
3388
8259
3586
2779
6400
8228
7459
480
4046
6009
5749
5915
8219
9201
8194
393
2673
8612
5341
7805
6071
348
710
1689
1860
3473
2353
8091
2723
7434
3592
2948
9789
4548
5353
1424
2384
6764
7916
9342
6439
5570
3534
5554
1145
9770
1739
5731
2095
8615
3694
1223
4157
9471
4360
7607
4120
7117
5462
5212
4359
4103
7108
5407
9268
3841
2192
2569
4210
4604
1784
2494
3965
6808
9752
814
9002
4887
8313
449
5677
4791
744
3061
8596
8113
4197
9980
9959
3682
4234
1506
7274
8777
8607
9052
3136
9941
2325
4952
1515
7353
97
9507
3649
4548
5757
4371
8564
8328
914
9872
6569
289
2750
1752
2665
6762
3651
9531
87
276
5890
4586
1504
5044
9393
9848
7637
5991
2532
809
362
7515
3340
4618
2285
5317
4948
2285
8515
6131
2571
4805
2342
7178
1967
7488
1665
9412
6658
75
8368
2309
427
2301
3725
3521
6920
1871
2142
1743
8065
2761
5008
2414
1886
8275
8933
1975
7224
5805
2195
8104
1045
6933
5881
7662
4958
2911
318
3153
6141
3244
1280
3094
8698
4266
4177
441
8028
6865
7663
5239
560
5368
1918
9724
3543
2548
6755
257
7162
9548
339
3347
6994
3782
4458
