9981
3451
1880
8044
2180
4346
4165
4528
1167
7071
6589
9036
1708
9593
3260
8495
1552
2965
6212
4115
9425
8858
2006
7239
2143
5034
1420
7065
8475
109
5880
5751
1686
7385
6280
7594
5636
4783
1367
398
1776
1756
2813
2368
4144
3788
3934
2089
6768
5786
161
70
3640
2711
2468
6036
2014
1263
1016
6374
5971
3674
2204
3497
9238
7547
4311
9914
3391
8727
8868
4639
1509
7907
2541
8555
5360
5247
2264
8110
3649
3394
4042
662
4204
9274
4504
8603
5100
4761
5297
2009
975
4269
949
6097
2826
4387
5139
9609
9145
7977
8949
5782
9083
1307
4937
8548
7779
6203
7962
9766
889
8073
2824
8087
378
8786
1334
6498
7408
9348
1287
8068
9790
1136
2885
8314
9611
4501
4028
6627
7838
1581
5527
1757
9681
3811
819
4387
3669
6888
9142
9779
7141
6194
1521
6391
1378
6440
9705
9453
7452
2266
3351
6645
9454
5773
6591
4442
1468
5699
7676
7225
3967
1922
1379
2712
8413
9771
4179
9089
5525
9331
9461
5938
5525
3354
7261
2325
1653
5705
1319
4916
6252
2647
8002
8554
6175
8083
4015
2767
4387
5909
7727
6938
9612
2677
5551
915
3665
7713
5231
8848
9059
2332
7535
234
3454
2923
8821
6291
5327
4156
6083
883
4047
3445
4843
5358
5525
4434
4526
8259
7751
7298
3219
9997
8341
7400
5744
5811
9297
1682
9582
5633
6746
1705
1839
1166
554
223
9748
5775
8044
8693
1318
9706
4537
4136
4579
6171
3612
651
5744
345
5417
4548
8381
1834
8745
2940
5289
5400
2162
8499
9913
7704
8518
5033
1230
2070
109
9737
174
3820
7637
5552
8016
9948
4582
5943
8946
3690
652
3496
2596
7427
4839
3653
2357
3269
9852
2265
1530
946
437
4683
133
2469
5906
311
366
9255
3718
8682
1764
6152
5427
7706
1928
304
5815
7742
8306
1447
668
9373
6572
4214
3821
8944
2831
7482
5224
8377
517
5388
5867
208
3602
7
4104
1994
1490
4977
5575
6539
570
2681
3089
7945
9386
3703
5336
928
9861
9905
3868
6834
9280
6819
1130
891
3399
3864
9886
3966
7684
6966
2297
5206
5016
9899
2749
3722
441
8345
3476
4040
1499
6093
4712
7480
3364
2734
3746
2495
5883
6594
4309
3598
3388
2114
2832
1671
6926
1422
1220
1541
3273
1058
5429
5511
1562
6549
518
1847
3122
1921
3149
6479
8774
7616
2734
532
6371
3862
6985
6495
2392
7973
4304
2789
6353
6657
6684
4420
8120
2720
2681
4273
8735
6048
6317
918
8260
6413
1814
8167
3740
1073
809
4271
983
277
2771
7349
6744
3483
9920
5914
2486
2186
564
2329
1395
9939
6603
5827
3744
8614
298
5283
7710
1061
5622
8967
4635
9390
1051
5912
2800
570
3442
1623
5526
6084
1050
2612
9562
1066
1633
2054
1137
5523
3183
8187
8080
4123
9008
7555
7372
8838
9970
2995
719
6755
3609
495
717
6588
5122
5550
6649
6318
3184
4432
1613
4390
3424
723
5207
7008
9974
1561
9577
8004
1373
7736
1171
1090
9862
3805
313
2145
1663
5154
1866
9332
8365
6839
4197
5395
3937
1374
942
4046
5894
7624
7270
6584
2994
2866
709
6759
8435
1612
5536
4291
7388
7283
4551
4575
8171
2441
1860
9949
7494
5500
1744
9179
8471
3507
4603
5705
2165
5613
7515
7627
8794
3732
8900
3325
9407
8375
1509
3861
8734
8501
1217
7760
2145
6109
8478
5721
2656
3244
2824
8544
948
9337
9570
492
6191
7047
3491
9586
669
2998
2678
8660
3971
63
1605
3876
6568
1354
1439
3383
3385
9893
8171
6456
6516
2795
8421
2535
9005
6395
6778
8198
6615
9923
6613
2261
6118
3026
5661
8950
4605
275
961
4057
9131
149
191
5271
4389
3530
5801
5702
9934
5684
68
553
5807
9764
8426
5237
685
305
238
463
4158
5212
7977
9153
9209
6584
8167
7452
3576
7120
3027
4232
1768
6704
759
9187
2637
7322
1058
303
1401
9539
4864
7106
9313
5702
7746
2770
5643
8437
350
5516
7886
470
4604
1046
7758
4464
193
7100
8870
7022
1469
1228
4556
6848
4511
5106
5464
7385
6677
2040
8794
6905
540
5353
2058
4400
1897
2667
9606
733
7103
5235
4462
1433
3079
3982
7518
3146
1858
8296
5735
8091
6943
2994
81
6067
5031
6010
1048
2591
5204
2526
3715
4316
3382
7018
6852
4249
5016
1490
8571
799
8960
9619
3170
3803
3349
5507
6666
9754
642
2
2601
2546
1946
1168
4451
7158
204
2451
1035
4708
9451
1395
3820
288
2591
6981
6247
8418
926
8864
9781
869
4660
9933
6120
5674
4909
8235
3619
2829
1878
2982
4417
4860
2384
6804
5627
9980
8142
740
5188
6772
9189
4655
8385
6374
394
5808
3412
2200
8095
7057
5719
2282
5075
9857
6577
3200
5186
4143
424
9791
5929
9939
6535
874
1461
5587
9525
3904
9483
8788
9581
3957
5654
6021
2986
801
5782
6448
5493
2702
3360
7041
5763
1973
9292
1604
4596
7723
5815
8518
2444
3353
9079
752
2202
2081
5172
1572
5451
6685
6860
4979
3245
6803
2565
8111
572
8340
4737
8066
3496
4659
9416
8216
405
481
737
7634
3250
4577
1885
369
1492
1404
926
6497
8791
9896
6616
494
8906
3113
4402
7487
9447
6686
880
8571
4719
5679
1964
4475
2014
5865
924
5077
7537
6695
612
2347
1373
3278
3790
4804
3888
9008
7163
7989
1263
7064
1441
7622
2050
9308
6682
8714
6596
3540
6333
7990
8131
1476
7930
3578
7710
4672
1078
43
3291
2344
453
4895
3998
2968
945
5827
2521
2906
4148
4470
2790
8362
1026
8092
8230
1595
6559
9866
818
5255
623
3505
5068
9405
5159
400
2682
1294
879
2073
5709
6571
6506
4035
1033
9486
9013
6577
4611
2884
5434
8143
6213
4862
812
8538
4825
6327
1664
6893
5457
6731
4855
319
6535
5770
8816
4676
1105
7193
5442
7613
5182
8875
4184
7577
1532
7076
7630
960
8004
4066
7003
4950
4759
1715
8435
3189
2440
9002
7305
8921
5347
5531
6952
591
2041
548
9502
8784
9425
9311
6802
5870
4765
7303
926
3816
5493
8491
7525
3269
4737
9353
8918
1184
5175
2255
1176
7847
7179
1028
1443
340
3639
279
2804
3413
7701
8054
6642
8445
3917
1426
9415
175
8021
972
905
4469
693
9761
9902
7982
8645
8257
4195
5472
371
8788
9926
5714
4411
9127
8007
9678
6848
7021
5083
3666
4302
6508
1740
812
6309
6896
8670
3032
9999
1573
3342
5118
6707
2559
1605
5167
7921
4492
4443
8939
6164
6553
8213
9914
8956
5682
6446
4946
6872
3694
7628
3227
1974
2727
5617
1274
2637
1127
6818
450
9094
5882
1773
9759
6526
5363
9428
257
6478
960
8646
9306
1614
6277
2789
1484
8858
4826
1578
2284
3499
2799
8459
6572
6622
2173
7010
2576
6922
4882
104
3923
5860
144
4856
6635
8826
8336
2418
4848
109
401
8214
7128
6653
5665
3759
1810
3264
396
1599
2474
8995
8646
9823
8119
1335
8928
6883
4949
6979
2358
908
879
7590
8006
3951
9072
7721
8817
298
4998
2038
1735
1954
3879
3214
342
2692
6518
3532
5428
4072
8976
102
6758
2003
6776
2479
5496
2131
2482
7708
5892
3933
9555
3131
6968
672
7533
2698
8059
3100
7914
967
2840
6903
3390
7167
9352
5247
8024
7684
8942
8652
6268
3320
5723
3248
1096
5301
8557
4267
6057
9478
6082
1909
3066
1203
3968
6629
9709
2773
2177
2693
3124
1371
6493
7510
1274
3547
9957
6557
4574
4960
16
8832
5601
1129
3307
4980
967
4092
4214
1214
7013
7858
444
5461
8972
6347
6105
6230
5602
9998
4821
3586
2762
1519
1635
9816
5759
6320
8061
8578
5937
5325
8397
5924
4111
2674
9930
7526
8211
6969
8946
6575
5801
7843
7880
9139
4678
1202
2606
1994
4793
9338
5453
3106
4981
6237
8487
8446
2479
2914
7267
7205
4907
1815
4785
7374
7172
1036
2128
4013
3227
5439
3357
1612
3977
6236
3896
7341
6290
6107
5717
4123
4402
9992
1028
5069
5130
3297
56
4985
2357
4198
4763
9827
7830
8068
3280
5418
2861
8889
5976
8616
1413
4461
6231
393
5443
44
3513
4704
5544
5380
8349
5825
2136
9397
6825
6546
9590
9101
2688
3436
7762
5483
7434
5696
1948
8342
7232
6613
3261
8282
8721
112
4
3860
242
9727
7615
5894
2073
1815
4329
8207
8035
2572
8124
3811
7105
7206
7248
638
742
9362
570
6103
6119
8820
2747
6126
595
5148
1512
931
3514
8631
5766
9341
248
884
2449
6733
7477
8822
9446
4815
3501
2082
3182
6370
2962
8710
5518
7382
4168
2697
6580
8393
5824
4575
7571
8073
2514
5359
9430
9731
6052
6846
7780
1178
3418
6634
1298
6965
316
5785
7599
5259
2542
8131
7932
6063
56
9372
9063
3711
5881
7104
5809
7110
8618
8209
8009
8586
682
3399
7139
4830
5377
2133
2153
6617
1229
7139
7314
9131
3035
5590
991
4880
3393
8533
7363
9272
786
6731
1585
2496
1251
7262
8680
7206
6308
5564
3462
7365
4743
910
6194
6465
9822
9830
276
6948
4556
6579
6043
6111
5791
6533
4719
4974
2639
589
7025
9018
5647
5119
1373
9717
7520
8694
8151
6456
9395
9589
9190
7948
3807
96
2501
1910
7986
7146
9559
5697
253
3118
1064
2936
3424
2360
2291
8097
1063
2013
580
5374
3479
4900
7496
3999
6428
3832
9514
4921
2248
7853
6858
2265
2996
9614
1045
2655
8373
3233
7034
9809
7173
5666
4864
1433
6517
4012
2768
2768
6377
1726
8251
3671
9433
142
8883
6759
3590
1264
7049
2975
9635
7369
6794
4846
9792
9779
388
4703
8641
2805
3342
1223
2864
2533
3513
8672
2578
1398
9559
6523
7207
4019
3865
4977
3837
8907
7241
1993
1232
3971
6437
71
2230
2251
5951
9761
5626
8607
497
1948
7673
4781
9432
8678
6020
2165
5210
5092
4327
8355
6433
6354
2951
4646
5173
5079
4997
2701
4584
5442
8918
8407
6575
5223
3056
3278
7636
7069
5647
7481
8840
7528
9686
5861
3524
401
689
8301
2830
3847
9101
1151
2768
7808
7015
7968
4763
8992
5036
2462
7596
6217
9804
3920
3449
1795
4960
8688
5425
5223
2906
839
654
4616
3518
8837
3714
7482
1766
8073
792
6983
940
1905
3739
8507
853
6660
1180
1372
2859
3717
8057
265
9267
9302
7661
8879
4135
9265
6106
5699
1222
5103
7049
4136
5555
1077
6526
4438
3077
7196
5511
84
8627
2049
660
8335
9507
5551
1055
255
7280
2605
3987
8064
7561
4655
2055
9879
144
6973
7280
1754
3474
8021
457
5592
3256
1209
7002
1647
7555
4107
2201
6994
7192
7441
6174
9139
874
4207
687
2540
9743
5266
1254
8132
7309
2570
2528
168
4485
7420
435
1351
4488
8606
2252
7730
3583
3184
6259
1098
3002
3556
4194
3205
6009
7192
1256
1395
5562
6119
449
8150
1564
1123
7683
7301
5612
2386
6781
4436
7924
1652
255
7298
8971
1687
7706
6746
5504
6669
315
6197
90
9844
2314
1022
721
3349
9745
6225
2235
3730
1615
3643
6824
9166
2105
7467
1047
8944
5807
5884
9844
5808
7267
5205
4317
2210
6989
3451
7484
5532
512
9554
3968
7931
7898
6486
6682
7479
8284
9968
5340
121
2491
4064
8509
811
765
3765
2396
3828
9008
3976
1572
3272
2695
778
2647
3397
5709
4472
3155
9562
2304
846
2433
597
4089
1633
9765
5863
3718
6335
5746
5656
4012
336
8740
2458
7127
6268
1147
5067
6893
4355
6483
791
1987
9582
372
6623
8924
963
9286
4920
1902
7034
70
8740
8414
8844
5101
310
9649
4881
6531
6917
4253
5935
5392
5765
306
7153
2225
9222
2188
3579
2165
2872
5491
2539
7904
3166
6947
3270
8970
2854
6815
3070
1394
9850
2605
5830
2933
5313
1149
9601
6331
1434
3426
6406
2782
3129
1254
3957
4481
3926
1219
4949
2479
9986
1866
