1353 2196 9781 7330 6424 5295 3655 541 5032 5986 7103 8362 399 3634 9283 9337 1458 9133 7095 5334 4564 4098 3284 2937 8439 7906 3003 6004 1604 4021 8371 1987 8143 42 3303 1129 7673 1977 6828 9611 8341 7581 6165 5277 3597 7966 2763 4356 4596 4668 1033 3544 9765 5183 9317 8729 4926 9097 9849 9049 9096 6474 5283 8899 6228 
1961 3609 1107 7553 1630 4592 5305 5432 5187 5030 6370 9444 6284 2993 452 7066 3754 3724 693 396 8922 4400 600 1605 1685 6963 7154 5547 295 1746 348 9805 764 2679 3640 7161 8355 8205 413 4353 1318 8615 2941 1734 3218 1517 1060 1292 6603 6156 5756 9092 7562 502 1085 5224 7591 2208 93 5586 5477 2936 1865 1624 1764 
657 6545 1430 9693 4996 4930 4296 1184 9384 8484 7989 8251 3341 7788 1284 2690 1183 2894 9513 2176 9910 2749 2250 8834 4833 2400 7612 9439 785 8514 8467 9433 1274 9764 8458 3818 6008 5606 6644 6715 7311 9442 8736 7179 5801 2990 475 4279 8964 3157 5318 3857 6346 1977 2583 2295 2476 5609 8530 6848 4679 4268 5595 6789 8926 
4622 5419 6642 4547 7034 7088 4755 6183 3334 2048 2779 6321 6781 3416 2379 8250 5216 3010 7944 6280 3358 8183 8272 1713 5765 2181 3057 6296 3566 9480 1974 919 6383 1722 7353 5637 2455 911 4158 1370 941 5393 6397 2711 7654 2614 4022 5155 9763 3909 9611 5164 154 8099 8588 2475 328 3426 6015 570 1266 2585 671 2272 6157 
2670 6568 2954 192 8083 446 5556 9230 3295 9046 671 294 1699 581 1011 997 1309 9646 1051 3064 829 2788 2196 1190 1213 6904 8559 8399 9266 2730 3797 3540 4252 4503 7927 8375 7806 2786 5988 2271 63 9395 5810 6350 3292 6155 9949 3132 8132 841 5942 5236 9731 2839 6954 5602 5080 1361 1213 8415 1405 2049 377 5643 3589 
9284 5966 4214 2044 4062 1036 4734 708 215 5735 6948 2037 7182 6860 2223 6429 3035 7879 8226 8868 8769 2265 946 439 4720 271 6529 3128 793 6524 1962 5652 6484 4551 7922 3597 9791 6479 603 9078 1097 9041 3309 7523 8522 4129 4222 1938 3290 959 592 2006 9187 9011 1309 2779 7426 431 9715 3422 291 8538 7415 4049 4011 
136 9615 9572 2143 3239 8030 8542 9277 9192 8951 5561 5806 8533 2107 8890 1458 9017 9938 5578 7148 1001 8056 9189 7081 9711 152 3279 9253 3631 6388 4298 2038 1592 8206 2841 5301 1644 8056 6376 5145 3321 8349 4743 9224 320 6847 3287 8339 5107 7586 2442 6227 533 874 8526 5753 9956 6762 5096 7280 4164 6614 5807 2338 9846 
8930 6730 7130 9533 7309 3751 4245 8984 9829 6377 2393 7294 2192 2222 5836 335 3111 7212 5617 7444 5480 1459 447 9562 3991 8502 6338 6272 7665 3869 8710 9758 7772 6809 2467 9067 1993 6899 6347 3284 4001 2285 8842 4860 3425 6956 7634 5420 8121 3957 6039 300 2894 8049 7966 5576 9481 7888 8328 7656 4355 1068 2750 4774 9959 
6377 1646 7383 1217 3883 9822 5470 3185 1752 6208 7572 7840 5565 4719 3015 8702 6928 6154 749 1909 9368 6682 3333 4582 7619 3154 455 699 9243 3279 5367 5014 937 8573 8644 4656 3293 9879 3825 4023 3046 1319 5510 1338 1730 2224 5900 8741 1862 6209 5400 7929 5793 984 6120 7179 344 4478 7364 3325 6484 9242 7335 5058 9410 
1649 3363 3025 9212 6946 5518 8553 8265 9221 8217 5970 3937 5405 4475 4276 1021 7001 8323 2644 309 7662 1200 5608 156 1068 3098 5253 522 6278 226 2766 1397 4515 8497 9615 6295 2319 3224 4469 7840 57 3842 5227 3429 8697 7455 2799 2583 2729 4316 4649 6384 1235 6825 4341 8150 188 4082 9399 3841 8136 3065 3550 3223 9992 
4823 1164 7391 5481 8075 6953 4280 7242 8318 8319 4226 6390 4625 7829 1375 1766 9163 9119 3745 2335 810 8690 2829 6974 8593 5518 8661 1253 7144 8938 5326 1530 8008 7173 3945 9535 2403 8206 4549 6005 945 286 787 1189 4569 4968 4232 8774 5007 9734 9818 4428 8741 2252 9417 3547 7466 4328 4919 7832 1806 4749 6887 7022 1821 
7402 6761 7617 1425 2949 6645 3554 220 154 2968 3018 8356 4133 7499 2415 6043 6496 6625 5424 2669 6437 3300 3185 3260 1068 722 1849 6643 3503 2229 5778 3717 2686 7108 2090 5253 7212 8631 5526 5943 2866 5144 6578 7974 2142 7002 291 4609 3118 4397 2667 1535 7038 3988 2318 145 9545 4113 7740 8109 8143 3915 7136 1539 4168 
1575 3066 9995 7810 3364 8315 2203 4612 6139 9360 6698 9805 1596 1621 1113 9749 764 758 4013 5893 1090 89 9633 3559 167 7722 2637 2742 3345 1936 4974 2037 3167 9517 6803 456 6790 6069 2991 5272 8792 9917 2989 3395 7377 4328 803 4906 2896 733 7577 6486 8617 5938 6548 5295 1906 1738 7188 396 3002 788 9754 5122 2046 
1840 8314 1756 5577 4003 4890 2791 866 4783 1707 5229 4258 5225 8651 9033 4180 9047 571 2250 8160 9230 9833 9712 2480 4639 4611 5830 4399 8019 1224 2617 5403 1320 5430 4958 1709 3823 4997 6695 7978 820 2173 2268 470 9749 2753 8938 8958 1853 9057 98 1496 1746 2131 1509 8839 1987 1418 6639 3216 3367 2679 8871 8301 7618 
3003 2382 1512 340 7415 7010 3926 1821 5526 1019 9656 693 5175 9877 1422 6181 1064 1426 3289 9459 6923 4795 2675 3511 4856 7847 2417 9568 8854 9774 9308 9752 5546 5941 5901 670 1870 553 4217 2102 7938 8514 6106 1121 9945 6968 4201 2492 3460 9908 2087 4794 25 9367 3171 3476 5776 5957 1533 5697 5980 6570 8814 5548 9251 
9314 620 5563 1181 4089 6079 7763 2861 7108 8109 2096 9409 1131 7983 6049 1050 2011 4250 8499 2372 7771 725 2715 230 2938 7522 1179 3749 6713 6064 1867 1776 9547 9593 8782 3437 9097 6048 3548 9606 671 4020 9897 4506 3149 1924 9388 1779 5886 3298 8102 8616 1886 8990 3624 5742 3104 8215 2363 2381 7646 4644 4538 7704 9385 
1335 6869 1607 3448 1449 5473 9820 8656 3994 3520 5291 7782 4493 3745 9004 1939 434 8050 7876 8772 8301 3367 6186 3355 9265 326 4948 3966 4613 1162 2280 3208 6303 8143 9205 2663 4199 2581 3049 8396 5550 1445 1537 7387 5230 4433 256 4997 5075 1314 7547 7825 8288 1097 5106 6992 1302 8874 6331 8411 9201 4549 5023 8875 7534 
172 2754 8391 5696 7579 9398 2534 7606 4932 8427 1587 6823 2002 9715 8043 2594 9595 8831 9998 2897 7898 9960 709 6826 8095 2743 3637 6776 4692 9447 5751 7059 5253 963 3191 2442 8384 6386 2161 8471 8707 1985 7084 4909 8901 3326 7007 9867 8822 8164 2298 8492 9853 6657 638 9358 4656 5793 4427 585 5448 9243 9458 7298 5144 
9186 6735 2603 2109 4851 4786 9370 427 9211 6245 6632 9291 5936 6232 3166 4168 1179 8177 8652 4110 4624 3289 1844 3341 9397 2379 4626 6788 6856 3719 5635 1874 9883 5571 994 9561 2727 1684 6656 496 4677 8522 5369 4491 1412 8947 3484 8069 9994 8048 1022 7519 8316 2093 752 584 9866 285 5367 2469 3239 8135 9390 9663 1169 
7854 2052 9697 9668 6888 3973 9123 6054 9419 6386 9204 7656 5053 2213 9514 2838 1277 1919 9689 7812 360 4514 7972 2511 3670 8810 1436 8134 894 9713 7344 9060 3200 9318 8827 5262 7580 3425 1672 5608 6145 3208 2114 2058 7325 5743 9902 5504 7135 2746 4957 1256 5214 8413 2643 1004 1924 5708 3362 7429 1564 2204 4971 2471 7028 
1921 774 6982 5203 9025 7030 5819 2312 787 1855 1220 6625 4179 1741 4301 6349 3533 3343 5173 8718 1473 1575 4299 2993 7106 8 9110 5645 1503 5669 7291 7797 7040 4432 4639 7637 8447 2485 8089 471 3371 4051 2456 5058 6361 9493 4011 8411 4141 4912 1440 1700 3597 8117 5228 6067 5653 2067 9469 3228 2543 7520 9001 6559 679 
284 9871 5551 5027 9338 4129 5424 1000 4171 8454 8888 9057 5389 7162 2662 3649 4900 7106 5260 8321 5465 5470 5662 9733 6278 5839 5818 8943 5071 3055 4523 6288 521 6411 2724 2783 8996 3359 2782 444 6500 1144 9567 3458 241 9434 8796 170 9593 5869 2961 4233 6127 8126 7768 1523 2559 1095 187 992 2545 9805 5847 8131 7260 
1840 6167 1548 8134 9611 6014 87 7017 1545 7103 2973 7493 7004 3585 7381 4359 2737 4807 5647 9945 2994 2542 7139 6837 4838 5909 3520 2929 7330 2365 3398 4170 9568 8393 9276 3131 3100 6678 1715 2827 8882 7438 9811 6427 6636 7240 186 4841 6379 1998 1902 4665 3901 2197 6793 5226 2072 7166 9316 1197 9353 1914 2538 1253 4117 
8677 872 6136 9134 6931 2768 2834 5884 7251 3570 8920 5691 1647 3050 5150 619 6941 9770 9463 6877 4210 8042 3257 560 7442 359 3156 3151 6258 399 6574 2652 2793 1555 2206 7643 9384 2925 8681 2849 7784 9916 9374 4877 6267 8278 5969 6855 3692 9793 2206 2126 7180 643 9101 9968 9650 9413 5130 456 9796 3030 1694 4601 575 
8394 8962 2649 4126 4313 2351 2135 416 6648 7525 480 7098 4654 1089 8330 9335 4592 4620 1459 5741 4974 6066 3675 9070 8946 4028 4566 6004 8364 6914 4514 9761 295 4794 7201 5388 268 7044 8680 6174 9754 4450 2369 4503 2735 4753 6743 9995 9461 9716 8128 8331 9784 3317 1218 774 9546 5661 9708 671 5104 5514 9772 5959 4228 
2865 2803 4029 1341 5655 1566 4608 4516 4860 109 8407 7603 9749 8697 4472 5693 9605 381 5992 7919 8839 7992 1690 3371 8947 6617 5941 3501 9492 2276 3679 6588 7353 5619 948 3753 1167 3944 2512 9078 5704 7429 5119 8221 3933 2578 5318 2566 4801 2870 2194 3358 3114 9730 8390 7060 8993 9019 7272 4849 2857 656 5343 9225 968 
4993 2495 9316 7817 423 793 5592 863 7562 7024 1763 4390 2789 5189 5306 1706 7613 7227 9970 937 1879 4366 8324 9476 3290 663 38 5509 3180 1112 4826 7953 8835 1444 179 9268 6685 6413 5604 470 1506 1612 4605 8920 3692 3122 2929 9027 3897 3185 6287 8312 6724 6570 2829 2053 1258 6990 2100 7573 4622 9442 3120 9561 3001 
7774 8232 8546 4766 1842 8728 2561 7977 1841 1880 7381 4658 3578 2398 2638 3933 3812 1334 682 5742 7187 5751 7093 5652 4527 1079 6089 4155 6592 354 6525 8791 3082 2253 8256 1319 890 4576 7337 8886 8053 8657 7070 937 7002 8957 5921 6397 3079 8105 6422 5035 2901 8074 1541 956 3832 3026 387 4902 3477 280 986 3008 759 
3999 9047 4558 8384 4766 3137 7838 3701 5867 7668 5609 990 2322 2745 7682 4858 4431 5274 74 3180 4796 7221 2139 8610 9426 4038 3011 607 8902 4034 3428 1577 9185 630 7277 7677 3039 9717 1402 1513 8673 9005 5012 3295 948 1899 5153 9160 7612 5071 3587 8716 4866 9113 7375 129 4839 5704 7532 5860 7327 229 7326 522 9590 
4827 3571 2298 8561 3601 1559 2647 6252 7195 4431 797 9108 5367 6672 7996 4406 9700 7272 7729 848 3973 4287 8137 4216 85 7291 940 1095 4839 34 8773 310 8084 3583 5722 1039 2561 3624 9747 7356 7755 5210 6898 6765 2806 187 3609 5533 3873 3616 4596 1528 9391 9993 6530 2418 3981 267 6609 6726 9354 2289 1674 3976 737 
4446 9285 1602 208 4030 953 3529 8880 7397 6926 374 6534 5483 9157 7568 3052 7893 7839 3670 9383 280 5532 1865 6367 2354 7772 2566 8607 4117 4442 382 4465 5178 8942 2570 5963 8679 312 497 4200 2592 3099 3085 7755 8909 5305 8549 7881 2104 2464 1797 2151 2027 606 4948 1243 5318 6560 4999 5697 8725 326 102 1328 3294 
3807 5235 2304 5970 9866 371 9713 3578 1259 7313 2277 4193 9848 4730 9258 6239 6359 2589 3899 2151 8824 5099 8888 9719 8425 4492 608 4065 3635 1416 522 9421 1882 6977 6912 6904 1052 4469 7030 7208 8955 951 1238 3809 4788 4884 279 8275 1412 2446 7372 4166 5253 3841 8215 9439 3582 7787 3478 326 4439 850 2388 3573 6999 
8770 9639 9673 2369 6081 7670 5611 9390 4644 2675 3166 1361 435 6921 8261 6832 3338 9063 9374 7828 6136 37 5005 8166 5697 1056 806 5188 4635 2334 5249 9413 6018 8518 430 8629 3555 8356 6567 9519 2307 9818 1090 1628 352 2841 8767 7009 8817 5113 8116 2910 3139 8488 480 8695 2331 555 4791 1635 549 4224 9887 4106 8910 
53 364 7418 6151 7444 6667 4810 3492 2470 9262 3787 7816 3598 7534 9127 5411 2219 2534 3306 2138 3204 8751 4884 5811 942 9396 1793 744 466 3896 2113 3576 9470 2565 4119 6531 8540 2548 7536 1075 9781 2978 9291 4628 2665 527 2626 6845 3729 5392 8348 2717 6347 1523 9376 131 3169 5546 4660 410 289 8586 5663 5197 4472 
2718 2617 9387 4846 6349 7706 1620 702 916 1760 9228 5598 5840 5769 9334 3962 119 746 8519 7476 352 5313 8265 862 7541 7436 45 202 7595 4524 6469 1805 2204 2568 6694 401 9631 8764 4429 947 7925 8506 5337 4609 7127 6947 1814 3860 8060 1490 6741 274 3766 4496 5548 3733 9069 5881 2778 3143 415 1045 1906 5979 1606 
8428 1326 1073 7537 2316 2890 3972 2036 2886 6807 7398 7555 5837 7045 1580 7588 5255 8394 65 7992 3917 4055 5209 6790 5568 9614 6501 7919 5163 7582 272 4874 6990 6537 3495 7139 8507 1150 721 2308 1335 1648 5771 5723 7940 3586 9518 941 6955 5952 7367 5248 5986 7511 9418 5738 7268 3139 2273 2393 1374 5363 7135 2258 8760 
1734 6576 5266 2378 5801 1511 4275 9258 1733 2374 7567 9885 5258 3071 2551 9276 571 9942 1410 5379 2024 3577 2949 669 2217 3901 8688 5486 8961 7290 8185 1278 5018 3635 903 7323 3157 528 4516 4404 914 9704 5759 6508 5962 8060 6414 4602 2299 5291 7114 7575 256 4264 6389 4372 6085 275 8491 6507 734 2293 188 8400 4415 
5900 3639 3924 690 129 1398 4919 7567 1829 8740 1940 8392 2367 3793 8043 8076 8011 2676 2195 9363 4785 7224 7973 9484 3714 6266 10 823 7438 1091 1508 3596 133 8940 3474 9446 631 5342 7337 2628 7890 9707 8256 4557 661 5360 9013 1604 3188 6392 7998 9470 8518 7759 9387 9467 9303 9430 2824 6439 94 5874 3723 1512 2067 
8323 8443 1405 3029 9935 8235 5042 8780 7632 9864 6988 1586 3049 6808 5116 7217 6037 1023 265 4890 2085 319 607 3878 8917 8299 3556 8090 2959 7933 5871 8196 4702 6873 4529 1173 5974 8360 1594 1003 5450 6152 5981 9006 2137 9201 3557 3051 2964 1370 8339 1444 5291 4546 9328 7851 8445 2785 8500 7373 2272 9080 7213 8380 3902 
142 787 1131 2017 6651 5115 3972 4931 8376 7030 8365 3184 6502 2107 5767 7054 3607 6486 6436 4254 7768 9122 3179 5017 3308 8099 7050 4360 26 5185 4002 3941 6378 1847 5829 6758 2435 8397 8287 2494 6074 322 618 3509 8412 1711 428 2388 1551 9284 7521 9705 3801 6840 8225 4730 3154 4587 2929 2309 6349 4141 6696 9996 1671 
460 9560 6180 5376 1905 5038 5993 6423 9729 5402 7983 5285 1985 1347 2749 1501 2 55 7723 7227 1180 2241 1192 3224 984 4521 2735 1586 812 1736 2074 1625 4680 5943 309 2912 2927 7184 1321 8696 7212 5987 3254 8101 7857 9224 6385 5811 7133 6972 6033 7604 1867 1114 6983 1197 4098 1662 6271 2350 3988 3305 902 1894 5572 
2547 3813 4521 1733 4882 6905 2044 1938 2341 5429 3263 9775 1166 1144 4469 8387 5228 5077 2981 9451 5822 6241 6556 1033 6257 7214 6962 4095 2563 5363 9102 4245 6484 9534 9161 7829 486 7877 2672 6274 2447 433 1370 9286 8315 7445 6966 6530 2356 7299 792 451 5651 6887 8104 6128 4925 6110 5550 7650 1517 9963 9711 2064 3267 
7714 5567 9124 792 8025 4009 2179 3152 2755 9364 1327 8589 5653 9336 6649 5249 5077 6979 6826 7124 1009 2857 6237 2332 664 5628 8214 1189 7885 8816 6136 980 1097 4537 2570 2018 4036 7034 4789 3697 4816 7943 5700 9870 8825 8916 2183 7301 7550 275 1663 341 3679 70 9196 7324 8788 7434 4389 66 6363 1770 385 2388 38 
8890 4850 2508 1747 6036 8426 8503 5415 5300 4179 3877 9452 1348 9561 3823 869 6621 211 2479 8803 7006 317 9583 2818 8252 4212 3593 1096 7074 3702 9540 157 7345 4259 1222 5430 3819 7027 7492 6529 5950 5126 6650 5133 5704 1822 2546 7474 5586 6512 9125 3188 4986 91 5920 9875 1588 5312 2983 6489 5115 7881 5599 7730 2830 
9176 1906 9100 2372 3687 9776 4688 9405 4517 9026 4470 8265 9939 9736 1397 4102 9166 4040 4537 5936 7879 9329 4994 4126 1824 7780 1735 5576 2199 9347 3029 2763 4628 7061 5361 9033 5321 3589 6462 5598 9254 8748 4486 6183 9602 7798 8830 8172 7953 580 7743 9987 8214 7151 8440 9392 5754 6169 1509 4073 6686 4300 2637 880 655 
4759 1004 3210 8711 1542 5701 3271 4874 3215 2403 2093 866 2972 5445 5069 3930 5796 8651 1016 6948 3142 2935 9918 7271 2845 2747 8143 7968 8224 5805 1034 2902 498 5343 5646 8596 4711 3755 8995 6584 1260 5038 4838 6677 881 2278 5338 3167 7003 8144 7840 5496 8219 3834 7956 1223 7227 3495 472 7184 5135 80 6896 1578 8880 
4049 2975 7620 4795 7389 9385 8760 8469 5137 679 306 4194 5619 5598 2132 1798 3714 3903 587 6399 5925 2501 6096 4721 613 8198 6435 1342 5114 7525 610 4352 1125 6280 7493 7395 3728 2850 3238 9637 7367 6766 1977 2981 5395 5909 7067 92 4980 7325 3879 5715 4263 3097 2974 95 7941 5521 3871 8199 7742 7860 5771 7152 897 
1954 9844 5608 4125 8944 2595 9717 1429 3009 9340 8963 5707 774 8729 6451 7394 9374 6487 2126 4736 8879 1087 632 7790 6648 2816 3556 568 6120 9729 5458 3397 6792 608 1904 4227 3983 3787 1901 9033 8147 4321 661 6673 3000 5159 3241 195 8150 9128 38 9093 798 931 4467 6829 9049 2250 7067 7853 8794 6002 1163 129 2201 
1984 2301 5568 7979 7634 7100 7310 6022 5786 1811 6226 9801 8580 4161 6927 6888 1441 2178 2036 2830 4877 1028 3761 1122 5144 4817 4180 9534 5254 3344 2617 5149 9387 5713 6215 8408 1170 2018 3049 3410 1578 6637 2934 5557 7874 6835 9091 4083 2387 6730 9316 8549 852 8473 186 480 6593 41 5922 9685 2839 7223 4434 9304 79 
9801 6501 635 5043 193 1203 6857 3818 9778 2876 3327 5778 6619 4496 2829 1998 1261 6646 8851 8122 4332 3038 9322 2030 4304 2747 1721 8995 7760 2136 160 662 5812 4413 3315 9194 6417 8711 748 5336 4089 9897 6739 7905 259 7034 5698 9188 591 3959 5043 8504 6729 4958 5699 5823 5054 745 7713 8964 9544 898 5074 6979 1750 
4504 1332 7945 8905 619 5474 6663 9558 6521 1286 69 6988 7722 429 1027 5243 2042 3843 4226 3985 3335 5273 8018 8225 2801 8629 6387 4489 6913 4464 5731 497 6416 6234 1429 173 8344 1498 1662 6925 812 8878 4093 5419 105 4806 3330 1311 181 253 9605 9668 1002 203 7678 772 5632 6807 6238 7243 8728 6592 2955 1092 7924 
4553 6319 8099 8778 314 9516 4092 393 8262 4975 5650 7752 5339 8646 9068 5040 7357 1515 8150 4906 5855 9126 2164 7876 7311 2862 5185 7886 8114 627 6174 712 6887 8800 9481 7686 914 3162 1673 1104 6034 6008 1669 9785 6552 4771 9634 9495 2164 7511 2192 8478 462 8359 2094 3874 4156 8622 5646 5085 715 6690 3263 3334 7938 
4548 7731 7959 1173 9810 7499 1302 8378 3119 8387 7680 723 8012 8323 8817 2185 8620 2973 7481 3039 722 8958 7590 749 2950 723 9178 4061 6938 3477 7692 1934 1974 3326 4342 6980 8766 1550 8330 3062 5618 9782 8296 5315 874 4411 7398 5980 3494 6873 8657 5830 5482 1580 8579 2222 8824 5761 2468 1391 6053 5007 809 3337 1548 
855 4292 1175 8842 6254 9551 921 3562 5023 1359 5998 1370 2117 7121 1968 3023 3815 8238 2806 676 9856 9705 4426 5707 2833 4533 715 4630 8118 7324 2120 228 8322 1968 5616 6208 1824 549 2225 4966 4210 6544 2550 3547 8337 6494 7908 8760 7207 5747 1267 9616 1894 2427 2612 3284 6730 4449 4293 4178 1494 586 2173 8434 3295 
2835 1139 1459 9177 7944 207 1284 8468 2395 2461 2505 7422 9083 2949 9604 3954 9037 912 4259 699 3905 5684 4995 2835 102 4361 9551 711 2198 5872 6725 7158 2034 3994 6944 5511 2114 9302 8561 9636 7542 4154 7157 7230 9621 559 4740 5836 8965 3057 5453 4037 2618 2341 1348 9243 4765 277 4521 57 1607 9306 3831 7784 2140 
1147 4564 9119 8869 3307 1867 3496 5693 2681 6418 5357 5182 8161 3233 2809 6985 294 2790 5125 577 467 5487 2533 891 9166 7567 8212 6403 2746 5521 1049 840 6494 4784 638 210 9449 481 8864 9536 3810 3922 7366 5803 8628 2063 1845 4111 7830 3697 3353 5503 9402 7957 5870 7679 7135 9315 4997 9218 7051 9314 8417 6516 7226 
8118 9025 8659 2463 6140 8725 9438 9717 7246 208 2453 8547 5959 3303 9664 5676 5791 1071 9245 9740 1233 9345 367 84 1489 9500 2284 6250 8447 3174 9459 9565 7584 9053 1720 5095 7080 4885 3593 5000 6722 3168 9456 7033 6884 4249 9423 3918 6058 7923 5166 7943 5826 9519 3698 6589 1833 9667 9721 8890 1296 5307 6328 2508 8460 
8787 5220 715 2587 2291 6338 9891 7207 706 5134 9693 9326 4199 5620 7902 1512 5736 9259 7119 4244 2962 3523 1007 6136 4146 5194 57 756 2545 7779 8049 3756 3685 2287 8431 7416 471 7505 8922 3506 9568 9038 212 8783 3907 4809 4377 9999 7071 5662 9187 8158 7977 8257 7384 9866 7375 2468 9718 2695 5686 1275 3708 6978 1967 
3660 9945 3653 9047 2852 7257 4955 8824 3635 5383 3488 8111 9747 4564 1242 2084 6319 1436 5687 2221 328 3334 9154 196 8563 2187 7791 1000 7233 2638 2245 9577 3717 3655 2388 9306 6630 6732 7617 3826 9682 6426 2027 6388 4283 9637 243 8053 4626 4375 7686 1028 1702 7360 7179 2413 634 5920 3049 5318 2545 4692 7116 6913 5602 
4858 4603 7603 1390 4867 139 3495 4078 5206 8647 8413 1266 3919 1872 769 3133 3772 6627 9788 6301 5685 9577 5280 5942 5611 1551 2993 312 4053 9823 6116 8834 7078 6032 600 4102 6988 9743 2327 7722 251 5942 782 8195 3381 9956 5438 1237 5704 6578 6647 9103 4917 4075 4684 419 9950 2958 6468 7739 8650 1327 9975 2599 3608 
8537 158 2706 7502 9985 5299 619 7049 12 556 914 664 3586 1351 232 7463 689 5795 4012 4956 6998 4573 5256 3353 1205 3083 5428 7090 9601 627 8794 9830 737 6462 8764 5187 3520 8234 9312 926 5458 8601 7590 7980 6544 4867 6056 9650 3073 5919 4622 4871 586 5469 8310 452 6948 1412 7076 5720 1519 2005 5236 234 6458 
1542 6041 4798 2498 6586 8851 4185 1167 5682 6366 303 3779 9671 7517 8639 2228 2295 7068 3514 4932 439 2020 6962 8727 1638 5656 7802 7793 549 7082 6930 3719 1002 7824 2673 8106 9757 9385 478 3751 3335 3580 7545 3080 8419 2377 1957 5267 4999 8885 8173 3851 1764 862 1934 4443 9754 3743 6465 6681 2378 3943 4282 5637 5322 
2324 7708 7190 1622 104 6763 4660 5920 4552 8999 423 3422 884 3060 5008 162 4082 8491 2815 3753 2839 7800 7375 8220 2225 5284 198 3197 7024 1919 5173 7555 575 5415 1494 5820 8646 4892 6293 8329 7319 2051 720 8122 7448 525 4722 9562 6940 8662 9624 2837 83 6893 1314 2440 2811 9079 3532 5655 3471 216 1111 4972 8369 
5236 9242 221 1564 4707 9349 2470 7261 5036 4206 8847 3095 4537 678 875 2864 720 4504 6735 8710 3577 4921 232 3651 2474 6532 1410 6910 2961 9752 1884 2599 8810 7715 2025 1704 5358 8552 4203 1888 8245 5904 3526 9140 8626 4061 4690 5268 2526 5924 586 683 2337 9354 9526 3706 5742 1100 6621 4440 9422 8349 3899 9847 7415 
7714 4588 3384 3747 3801 7457 5273 1357 2795 8590 880 403 3807 7258 6798 3410 6783 9614 4441 6170 8367 316 3042 5823 4329 6657 8096 2702 3088 903 9215 2884 8517 4510 8783 4510 3073 3235 4868 4582 2498 7885 761 4950 3918 4208 6214 5455 817 1030 8672 7583 9141 8472 5439 5306 6200 2400 7921 4914 9903 1807 1492 1081 6393 
