31 1738 430 3147 8072 9192 7034 347 873 5327 9827 2350 7070 4410 654 4027 5952 1385 801 5602 6148 8859 7914 5936 4873 1778 1131 2133 1836 1542 29 1376 2390 8617 4708 4748 6866 3330 8451 1162 
5233 250 2589 3445 201 9043 6945 3406 5372 2225 2542 9466 3304 3288 8691 4234 474 5930 4830 6428 8498 1979 8554 6953 5145 9023 3009 3974 9776 6194 591 7735 1849 4638 4985 1829 1204 3399 2166 7681 
9121 3267 1577 834 7753 3201 4638 6110 8018 9642 8780 8926 6606 522 6714 1954 4426 5688 1905 2232 1290 7306 4211 5309 767 6585 8114 1457 6489 7568 5864 3814 4913 6894 4176 7765 1048 8732 9362 9001 
2354 3741 6335 8187 9101 627 8085 7118 9789 2294 1456 2008 226 7544 4323 48 646 5162 708 1619 1919 9326 7761 9169 9777 9121 5084 3907 3957 6276 1295 9498 332 7226 7469 8775 8387 4313 2909 9656 
6884 1458 4159 7261 7657 2298 2659 412 3244 7185 619 4459 8324 9104 9583 5090 5479 6290 2851 4870 704 2965 6950 4049 9810 7264 9877 9665 7932 8285 9243 1871 2380 8833 7228 8477 4202 6291 6414 5990 
9331 6963 6245 3310 7196 119 2163 9571 5429 4939 4982 4816 8955 2628 8437 3285 4108 6953 7091 2937 1266 6462 4070 4148 2828 513 6783 8239 3154 9571 6285 1519 455 7982 9989 3275 1124 3190 4557 7560 
1290 376 5241 257 9304 1856 1025 1131 7600 3773 4924 725 4541 5534 5246 6275 183 8212 8743 2012 9369 2305 2856 6197 3165 1373 4965 7420 4816 4546 732 4636 9004 1436 1143 8026 9324 7913 6803 3368 
8009 5723 3841 7933 369 9037 7018 7007 4107 7447 9139 489 8839 5556 2250 5373 6062 9000 1544 5070 3546 5888 9360 8865 6686 3019 5002 9714 3709 6655 6099 983 4116 4953 5045 2435 258 5647 3610 7460 
1187 819 7955 2721 4275 1166 3280 9306 7170 3973 2115 5847 9899 8341 2450 415 4561 9746 1900 2389 2334 1651 9934 6994 1581 3284 3772 6395 5958 6899 9879 7046 3481 4931 2183 7968 4976 6806 741 269 
371 4480 3871 8542 5914 3899 9702 5391 9517 9086 9595 7540 4549 3711 1084 4775 3397 7180 975 1524 4720 1351 4629 563 7029 5384 4477 7225 1629 4553 679 7222 604 6957 3827 9183 7997 9956 7107 9179 
6591 4574 2859 8198 9577 8057 9358 5043 409 2983 7138 1197 5693 4611 3985 8098 3451 8692 6709 3801 4609 7726 5069 7030 925 1245 9419 8495 5884 316 6135 7062 6251 8272 9065 3641 4024 2034 1492 9163 
5269 6075 2547 8942 8740 756 9486 892 5158 3931 3513 4512 4426 1119 1106 3479 131 4970 305 4158 6232 4617 3000 7295 1998 7806 5800 1412 6073 9479 8876 7122 2550 8590 1262 1337 4959 9819 8796 6639 
9890 5901 8870 3912 7703 4941 8411 7198 3655 2983 3344 716 432 3018 5672 6750 7784 6921 2172 7537 8804 7267 9269 2751 568 9682 8861 838 3777 4104 4627 8677 3237 890 5252 1707 9671 6865 8417 9264 
798 8288 7143 6665 8235 7520 4178 1416 9439 7762 1220 8399 5913 80 9120 7604 6133 4397 1750 5389 1713 1039 835 6 5802 1543 834 2340 9700 8759 5825 9071 1544 5026 6033 9750 6591 125 3169 164 
3250 8658 3846 6553 1766 5900 7507 3380 5646 9329 2473 2976 6388 2292 6501 1391 9395 3158 2245 6702 6756 4328 2548 1523 9848 9837 7113 7669 4367 5733 9336 1659 6204 3175 1810 4488 1584 1952 4064 4777 
8945 7427 5627 3823 9891 9352 8822 1124 1427 9882 3471 2114 5008 3534 5612 7638 7275 939 7316 1265 1927 9758 3302 3208 6152 6525 5244 8303 7950 8174 4841 4707 8103 3010 9381 9214 689 4244 5916 8380 
8261 620 9985 6163 661 6070 7553 2697 4589 6587 9186 1798 3567 4272 8550 6245 1406 4429 7333 2829 4154 3290 7627 5187 4341 2208 2427 3015 4076 6345 8555 5872 2807 8072 6400 6171 1880 7802 3021 6317 
3707 9915 5880 6974 7324 3133 4268 5560 3827 1261 9614 6907 6491 7127 1093 2832 4799 1212 3350 9398 3717 2188 3904 9898 1405 2353 7434 2346 4525 4944 623 8926 4993 3909 9515 8804 528 5404 6640 3987 
2993 960 4007 152 8478 6929 8767 6222 8077 1389 577 9357 5898 7317 2822 1574 9881 5059 8221 7947 1102 3739 2084 3410 4441 6070 9557 5620 8948 7506 5234 3890 9614 8362 2610 5321 589 231 8705 7889 
3364 9133 3599 4030 6281 4165 1928 4477 8070 1935 9343 544 6666 285 4411 2565 808 2533 5998 3776 1622 4182 7839 4938 9498 2041 5974 5295 5082 5675 2205 3872 6240 410 1808 7470 6657 6835 1876 2960 
4654 5943 8139 5360 5918 6406 5466 2174 7050 1015 7447 1645 3332 3007 1172 4905 9022 8059 3812 2375 1133 8088 4009 6790 1794 7879 9287 8698 1286 8382 1528 4028 6152 43 9968 7031 5773 2347 7662 5309 
8757 7782 567 7899 7436 5150 4345 3434 6193 1158 8823 2029 1101 8085 9268 3165 4470 7005 2271 3393 8192 8241 5805 1545 8467 56 6482 1986 1674 4342 5887 8678 2375 4518 3913 7672 8124 771 8877 2162 
8091 2356 6946 1249 7202 4727 6615 8618 7160 3433 6083 2713 3252 5278 9495 377 8572 4828 354 8552 5853 6227 4518 4316 3090 8181 5346 5208 7519 1961 4701 1358 5304 6520 2898 5159 4455 7736 8 6931 
1841 3228 7663 7238 1292 669 5170 1090 2128 4302 7021 8006 3348 2091 6323 3476 4876 7477 4230 6291 2561 9227 3196 8737 9311 8325 4494 3259 6437 2894 4134 1357 1267 2953 1293 3825 6284 2975 5834 9596 
6872 9698 561 3012 7537 7865 4921 442 2639 8545 8713 8466 911 9307 9758 394 9259 5135 367 3482 3994 7977 9510 9344 8562 3217 868 7898 3809 7885 8474 2429 9589 4185 8876 6348 6418 8335 483 8900 
8182 4736 6867 1999 9917 1440 7381 1033 9392 3713 5536 8341 1750 9678 5684 551 2551 189 8809 9851 8472 53 3750 3804 340 914 7640 220 4753 45 3151 7495 4606 1140 4783 4462 4395 5954 4371 6760 
8102 7167 937 9977 569 6552 1810 6376 6429 8033 5260 8730 4898 6227 1313 8459 2214 4504 226 2913 6421 5646 9041 9025 5088 9171 8098 8774 339 6889 837 2291 7448 4120 3254 9124 1529 3937 695 9390 
370 4290 2195 6791 4075 4830 4172 1636 9950 8187 8104 943 3853 4153 8802 7475 2714 9460 4532 5363 2137 3891 9533 3887 3934 749 4646 2627 4650 8664 9701 5682 3078 7731 7274 477 6410 8497 8404 2984 
546 4546 2227 23 9737 7056 2941 5455 8824 5362 7334 8836 3019 3209 3432 3296 647 9285 6496 6373 4356 1996 6144 4716 6708 5508 4989 1664 9983 9312 4350 4858 5107 6376 7311 8880 3460 1670 6977 2165 
5020 1833 4025 7302 6604 5265 2480 6908 756 634 6390 4512 5999 3940 1034 6175 6949 6103 584 3706 1075 6304 7753 6931 5333 8678 2003 9311 8611 6219 378 8141 2386 7082 4956 5606 2827 1555 5787 6604 
5503 45 5835 1068 6468 85 2723 2946 9038 4922 9925 7133 557 547 5650 3055 7978 2524 5902 7867 8645 2603 5526 3997 5063 5615 9838 5561 9811 4783 3700 5080 5812 8860 2287 3342 6426 3456 3238 4680 
7202 3984 1848 7736 5188 9084 8692 7025 5765 275 9972 6071 9109 5979 4836 4260 2279 1957 9494 2938 6919 3063 5465 490 6359 1192 2669 6908 3860 7888 1029 7857 6894 665 1538 3223 5148 5671 8923 240 
6475 4882 3698 8093 4842 2000 1960 7685 6585 9598 5916 4505 3635 443 4666 1595 5683 1057 625 362 9406 101 6609 4087 2170 4358 2409 1889 8327 869 2545 882 1438 8051 6020 9729 3338 7337 3510 9348 
9669 9641 9912 810 3056 8497 8845 2570 7075 148 6994 4816 8452 6789 5641 8466 9589 893 8208 6634 1066 1883 4903 1871 283 7381 4720 2191 1374 9632 9683 972 4206 7174 3461 4056 5493 6648 3038 3183 
6971 8662 2041 9075 4434 8225 5544 6859 7826 1751 7452 9495 6059 1372 1508 4832 7685 6394 5738 161 6092 3984 111 8960 6106 5983 8560 4845 8213 4337 668 9067 6557 2025 4869 9993 8739 9498 7836 4755 
8062 8581 5424 3663 2211 1230 1843 7335 5991 582 1360 5866 1318 8435 6637 6509 8700 126 2793 6866 6623 5799 3976 3993 775 8728 9578 124 4444 5175 4112 8039 7525 5103 2710 4964 2425 7257 5555 1325 
8568 8673 6248 8857 3022 5145 6581 194 7528 9013 7753 6130 8344 100 2591 2995 483 7147 7505 8383 8646 6289 6202 3352 4417 6887 9940 966 8226 2208 6292 7538 5953 3634 1396 9964 2148 5810 9999 9654 
7579 5072 1115 8259 9699 5295 7902 5283 8722 3482 5312 4049 7268 3822 4515 9360 1896 9566 9444 4018 546 8447 5920 7000 2192 7631 1434 1931 4880 181 7472 4642 5234 2396 4756 8698 515 1283 7479 2978 
3856 4439 4931 3955 2882 8900 6780 9010 7523 8142 8071 6052 7204 2001 175 5958 715 2911 8827 3073 6635 4493 4803 2861 7709 838 8916 2444 2024 2814 6004 3661 6245 230 635 7845 8805 3537 7937 8605 
7314 130 9620 3653 7358 2008 9037 8385 5714 6330 4616 2173 5521 5424 7549 5016 8861 2010 7381 7232 5276 8153 1179 1152 8793 9399 2693 2262 8776 1503 1914 4759 8315 1710 1437 193 7688 8270 6892 806 
