4242 7734 9255 6276 7176 5640 4164 298 7907 9563 3619 7110 5952 6330 1207 3577 5672 1290 9496 5960 661 1326 3639 3892 5326 6920 5857 7867 3737 3165 7827 5137 9755 4051 2548 1866 2952 6638 833 6070 9457 9098 7874 8971 5839 1055 310 3328 1658 4250 
497 7824 2059 188 8708 6430 5612 3283 9035 7252 6336 7519 5266 3599 866 1473 4380 6924 2222 5907 3298 8048 8307 7699 3899 6559 5601 3414 9981 3188 6943 1840 6138 894 7896 1838 1523 8782 6040 9057 8937 5456 7827 6289 9234 261 6024 7557 7592 2847 
7971 2377 446 4255 2637 9498 1740 3725 8224 5454 1507 2100 6899 8659 1576 9431 9279 2196 2187 5662 6384 3291 4193 7122 3429 568 9188 3045 5685 8477 7827 7067 4311 7610 864 4049 5914 6634 4047 7657 6316 4212 4987 2193 3284 4929 2282 2251 8363 7168 
9248 9788 2554 4901 1060 3247 3196 4937 4064 6793 9279 210 326 8735 410 9547 6484 404 559 6673 878 6209 576 7192 5758 5603 5822 4262 1230 8515 5261 2969 7031 2001 58 8472 5509 7017 8884 5679 946 2776 4194 9530 4033 459 6289 8245 249 4708 
3946 3742 1791 4022 7110 1424 5252 5024 4410 4772 2934 4208 4868 8682 227 503 3907 7088 7911 2144 1883 389 1221 6724 5069 8660 2072 810 5909 1440 9025 4196 7722 1214 4350 6305 8681 9589 9584 8265 2825 2417 5758 399 8202 8423 5841 2592 2130 5159 
9475 1890 8534 3118 7932 7142 1924 9801 7206 3335 3381 4068 5818 9324 4421 4136 4162 989 7600 2478 6868 5429 539 4546 3601 8006 2228 9095 7940 584 2090 2307 3644 1305 1150 4458 1130 2915 3862 9172 3794 1039 9993 5776 4920 4655 5792 5637 904 2137 
6243 8517 8948 2760 213 6186 4231 1202 4450 8974 5229 4133 3177 6726 5754 1205 1199 785 1442 8076 7341 8293 8611 1856 1039 3455 7831 7742 8522 7161 2464 6500 5739 2141 5292 2670 5610 5480 9798 8537 4656 3168 6106 8981 7116 6575 3958 7281 8007 6053 
7365 8566 5668 8034 6734 4542 6886 3423 4112 8164 5995 4795 7235 5950 917 3842 8164 2794 673 4992 9159 3208 3186 2026 7571 8560 569 5330 9517 4442 5686 7718 5097 1395 122 4530 6368 9513 8192 3860 6326 840 3855 3827 451 1979 3872 8780 182 9094 
2884 1917 9912 9253 7789 4662 4362 4038 5942 1407 6593 9123 4729 6651 748 2312 3388 5376 3722 1534 2763 59 7984 9142 5263 1731 8177 8461 1748 9029 3126 5551 186 4876 4863 418 39 3250 7492 6421 4916 8765 5684 1550 4767 7050 8008 1497 8950 9856 
7020 9524 9552 7637 468 6141 7097 570 1080 768 3459 2798 1069 6712 586 6551 3445 5759 9894 9068 6979 8629 7185 7087 4044 1772 7116 921 4427 213 205 6020 5578 3250 7327 9099 4514 8789 5728 2812 2382 6648 2723 8301 5081 2824 6237 4898 7788 2853 
4035 1798 4719 3806 1407 9615 1027 4850 9854 3447 8903 673 8709 5243 4114 7696 6737 6152 2965 371 1277 3802 1121 1254 5449 3442 8679 404 941 6300 7725 2620 5875 9733 2571 7885 3274 4311 1724 9182 1665 2506 6641 5390 9232 563 2287 9373 5654 2176 
2807 3267 8232 4890 8198 4380 1031 6352 6428 6326 8767 4508 3691 2295 4161 4043 1148 5766 2842 5707 3498 5732 678 8904 7775 3346 6410 8598 8702 977 4885 5361 5657 7263 6684 7421 5448 9022 4785 1203 2129 5705 4011 3107 8434 4234 2169 7372 7998 3833 
5737 4373 817 4746 591 5103 2911 7824 1710 9468 2809 7943 1250 9278 3674 838 1398 6484 3054 4796 3763 8478 5084 4145 4162 6353 5786 634 8142 2175 2244 8876 4782 5755 6326 5165 202 9437 2507 3375 9367 3849 6834 6435 9436 9413 1035 7448 5208 6156 
9080 7797 9763 3780 9782 1371 1746 3845 4349 9805 3731 4117 2112 4449 1888 7119 133 8119 8566 4505 9112 2468 7752 3049 8061 5097 8193 7544 9586 6666 896 6107 5338 9130 9450 6303 5266 2377 692 2105 2075 6931 6903 2985 3955 6333 6833 4809 8293 4208 
828 4756 4319 895 9410 6277 2706 9112 9059 9973 2322 2843 6399 4301 1810 190 3233 6328 4069 1724 477 6710 6075 2817 6585 7812 7137 4650 9810 1183 8425 5216 1260 9736 1488 7100 8266 3352 8067 9212 5310 503 8732 5658 6235 8199 2777 1572 8671 9350 
1620 3125 3814 7153 1603 4714 193 4192 4484 1541 4816 3183 3899 9797 7769 3804 9939 3612 290 3223 2257 7232 7070 2653 1129 906 1787 2395 812 3154 2074 7191 5866 7220 8830 802 8769 9056 6476 799 539 5063 3389 9644 5446 8571 2032 8600 4546 8468 
1682 3897 4603 2106 6302 5886 3190 3361 8248 9488 2314 4612 498 2269 3822 7405 9544 7895 2743 8249 7305 2547 5827 880 3228 4455 9424 227 9505 4371 4194 85 3615 9249 4217 4584 6584 1334 2256 8495 6836 9009 7190 1429 1235 3369 3026 4130 9789 9999 
6679 6370 9376 4463 6723 6703 7448 3286 7358 7478 440 3159 4409 7641 1081 6479 2116 8672 7587 4079 3335 5520 8746 9080 7611 2432 1908 3525 6477 5599 8779 286 5602 6631 5758 3197 823 7417 7373 5671 1122 529 1238 7841 9777 4619 8364 2094 7821 4591 
6741 9347 7303 8761 5666 4610 4202 8022 8366 7699 9159 9041 1184 3569 4603 6433 1036 8228 7528 295 7994 7234 2778 730 5859 4649 9189 1713 1404 1462 2582 2368 583 2841 2003 9215 6156 7164 6675 2928 9575 2317 2507 5827 862 1147 3145 9439 1629 8888 
7866 7400 601 4187 6491 7739 2255 4187 1948 4207 2384 959 2961 4746 6282 398 7441 416 9998 7734 9837 1130 2516 908 2601 7540 3391 821 453 9499 9740 3506 2288 885 6496 6384 1593 9221 3746 5201 8704 4731 5614 1632 3818 652 3416 7880 7933 9503 
7177 8413 3042 4510 9628 8382 6605 1221 5101 7968 6588 9648 2881 9922 9703 1976 5587 3671 6142 1748 4871 9237 3936 6342 1710 6829 5168 3726 9336 9234 3319 7147 8618 4874 5290 6162 5119 2892 1838 9256 2938 354 8292 6118 8085 6556 9481 6364 2877 4737 
3594 1405 3718 1074 7243 1357 7825 8350 8744 9656 6808 5645 3906 3245 3803 7288 637 5932 7732 6321 7429 5386 6623 2958 1333 3792 9860 2438 1604 2996 6901 9162 7931 2571 199 7194 2910 9536 6755 4907 4062 6759 4617 6409 6262 8761 9044 9744 5232 5205 
5768 2249 8943 1128 8553 5869 1035 6829 2224 1268 5882 2138 7486 5948 5508 1113 9069 1279 7554 6691 482 5686 5910 5619 4680 5017 9137 5982 8584 9581 869 9753 7240 8828 3808 6670 1188 6901 2149 3988 3086 3829 5532 3665 3464 5965 8838 8833 4222 5249 
3519 5166 4285 9375 1323 3102 1188 5431 8078 6500 7777 6412 699 895 9493 8724 3485 6144 4699 2092 1234 7344 652 2999 25 2029 72 3644 2049 4563 8642 5578 3240 5572 2707 195 245 644 9219 2635 9791 912 472 1926 5840 9273 1788 7326 639 2898 
4947 1725 4589 5505 4162 8433 4766 7104 9751 6673 2362 7091 1939 5937 7079 6685 2159 7340 4222 638 7774 8151 2714 2744 5530 8127 6902 9176 3642 7167 6815 509 7028 950 5264 1556 668 9914 5338 4268 7419 4996 6750 988 5343 1526 6543 5024 5641 8961 
4565 4527 7662 4979 1435 8579 4948 4664 4363 8149 6461 95 5628 3837 9004 4522 972 7601 7104 8844 7099 687 3374 6597 3402 4039 2658 6255 3794 8571 5447 2016 7916 3715 7117 3554 2071 250 7800 9876 8780 4504 2989 2800 5406 6015 3916 3502 4817 8450 
4375 3286 7135 5720 1690 8324 3343 7215 30 4927 3910 4819 8827 9513 9764 2537 9328 7414 7277 5693 7902 3366 4433 7747 54 3616 7810 1514 2127 6001 6104 8955 9846 6683 2690 4 8706 1065 9505 2638 1623 7742 5527 1394 8579 9462 8565 8265 8575 6257 
2903 5332 6574 3101 4347 9738 1931 2602 5096 2745 9376 515 6041 5448 1061 3848 8395 3075 6791 7252 6851 9153 7997 6712 437 611 4108 7278 9853 9769 125 708 3667 2543 7992 8201 2259 1879 3669 8264 9876 2089 1159 2232 5121 6705 9705 8629 2422 240 
6629 6564 6600 2364 4629 6683 3228 6071 5532 4333 1162 9218 8060 1161 1992 1355 2093 6126 3222 6708 7904 6599 2588 1307 8476 9677 9025 5475 1724 437 6399 8734 9596 7157 3083 1832 243 8263 9766 2782 1452 3487 8083 8253 2439 3040 2984 7659 6820 9119 
9476 8885 866 9868 114 7865 4547 6820 507 8191 1433 5923 1180 9642 567 3021 1700 3894 7878 8157 4783 1752 6523 4154 1747 7898 7148 405 2593 1923 2006 1556 7923 2166 9436 9885 9810 7591 2206 1466 3089 8973 3050 4007 302 4410 3445 3257 2397 5413 
2749 7428 3665 6389 9094 372 592 1972 3718 5831 1245 7776 8060 8913 8507 567 7344 1451 5101 2815 6492 8833 8708 1434 3580 1545 1462 780 8358 5582 9003 1413 3531 3143 6967 3391 3239 209 556 6740 9530 7246 6725 227 8590 2920 1505 216 4763 8071 
4026 108 2630 7743 5093 4758 8371 9520 2911 8121 3623 1939 6046 9089 1935 4993 423 5559 5837 8310 3709 727 7122 3803 9373 1720 2814 1593 4552 9348 6390 7257 4410 5646 9809 6676 2819 1401 3940 8556 4726 6114 7975 143 3327 8047 4934 7439 8306 9118 
8131 3677 1493 4362 5864 6746 545 9977 6476 5063 3575 9722 5707 1812 4061 425 5534 7313 6082 8546 1300 7720 4894 5265 431 8139 1491 8488 5583 7661 3164 9273 7435 6397 2520 9116 6570 3421 6759 5444 153 4419 5785 8381 7868 2713 7609 1962 7964 254 
4209 1190 6984 3042 721 6834 8080 9775 3070 870 8735 4267 4505 513 6870 8812 9453 1784 4112 4759 8675 7344 8471 2534 3564 8722 5673 6091 9187 2288 3394 917 3209 7754 7530 7166 5992 4602 7695 5196 8250 1384 8397 3396 2314 3634 8047 5342 8756 6878 
5378 4628 1755 4359 4409 9687 4513 728 7306 3044 4943 6107 7830 6656 8817 5093 8925 7469 6781 3222 2844 755 9769 895 7629 2359 9501 2480 879 2195 3755 8053 9130 360 3615 2168 6751 6194 9480 109 9902 5675 6458 4176 1258 4655 1794 8362 7716 645 
9459 7982 3853 2556 4733 6579 4812 1225 2305 1996 3420 4358 9408 5930 4846 8622 8091 3955 9886 9031 5613 6480 979 4323 5757 4398 4598 5786 4862 493 3429 2240 648 8474 6345 3260 8700 9048 1419 3891 339 236 579 7696 2578 3497 336 782 5967 4173 
8683 3795 4261 8122 5000 5349 5479 7999 4137 1540 9792 5695 4074 705 508 9280 825 6004 8079 7748 6128 6402 9385 1076 2183 5936 7660 1290 6838 1845 2071 9301 2725 7834 6217 3477 4008 6155 8625 3943 6787 4504 5265 2356 1481 197 8444 9975 4167 4520 
5593 29 3825 4796 8644 3843 1297 1692 1114 1885 6202 5184 460 4596 3395 7347 4934 5870 1778 8503 7122 989 6327 1854 2397 1892 206 8876 7322 2544 9923 4709 6002 9616 8268 5241 2714 5041 2319 7535 3081 6804 5795 197 2052 3905 4818 4883 6674 322 
4272 3971 1867 9770 5923 1636 3210 1755 5796 7912 4089 6593 9901 9544 5724 3380 2108 4930 7747 361 8113 9455 9245 9760 626 5953 9515 5266 9697 1836 915 4033 5672 6757 7656 8665 7424 3772 2419 3382 7356 2440 8886 9915 714 1536 6270 4882 3424 7074 
7237 7077 9374 5585 3846 5788 6209 5488 4745 2397 3748 9879 6259 9161 9187 6761 2504 97 7384 1086 7807 877 4795 1291 5669 5954 9482 6512 4956 5350 7787 7240 3870 7519 3993 9230 791 715 2365 5647 4625 1426 7672 6959 6493 6208 1290 7522 8011 5328 
3423 8018 5048 6889 7730 3969 2978 5229 3120 2266 9095 9276 7974 6481 5610 3152 7702 4311 7296 6484 4040 6677 2708 4868 7651 2168 3430 7555 6249 5836 5914 3892 5273 7899 5321 9113 1275 7289 7993 551 39 8935 2786 6222 3783 9487 545 1436 5587 5456 
4824 1120 4240 9612 1877 3188 4239 3740 480 7343 4210 4286 4264 5426 1838 3162 5041 3545 8372 5509 654 6331 1719 5229 7493 4514 7658 4946 3398 4014 5865 4857 1370 9715 218 1112 2237 5613 3211 6259 5582 5165 2452 863 963 5416 7135 8963 498 3828 
5334 9557 2444 1707 1223 7509 3321 5794 8361 4692 684 4526 5225 7069 2924 3565 4237 1025 2037 1974 130 7344 5981 9211 3377 1722 5998 2350 9356 3471 9846 1450 9132 5389 4475 259 6211 3827 4869 821 1810 296 4 6460 6200 6695 5056 3712 5068 1325 
5685 6287 6154 5354 1013 4108 1434 460 3064 9182 7030 3762 4561 8542 7439 8657 7354 724 8450 9341 6096 9994 3566 8332 5134 6478 9994 3664 8991 3974 5512 7631 6058 489 4785 3088 7863 83 5926 3069 2469 5649 1649 7152 3968 1203 7707 6496 5572 2026 
6211 6275 907 6674 9656 6145 8002 275 8497 7512 8026 6539 7751 1003 486 2593 5609 2701 6231 9993 8258 7447 2737 76 293 9036 4466 2554 2638 4918 345 9059 5010 3906 1585 6345 5315 496 3420 8596 5791 160 9528 2203 5174 3255 7794 5367 4211 7207 
6783 1025 4842 6249 4019 6468 2087 9857 2008 1059 559 8219 7941 5729 6957 757 5041 8261 6426 743 8441 1677 9928 8682 7138 6179 4632 4770 2473 9770 3164 8132 762 955 19 7514 9888 8448 499 5893 1844 1680 4528 2444 3670 6894 9896 4242 3254 8602 
7517 3659 7704 9057 567 3632 4668 9433 7029 4076 7718 5154 7848 3073 528 919 4697 5341 669 6973 9837 1269 4945 5396 2893 2080 3331 6007 8308 826 138 1591 2074 6297 8487 5507 4217 92 8108 9448 5225 1527 2504 6872 2856 701 1867 1052 8926 9220 
2217 930 8874 3703 6226 9574 5303 1934 5060 7556 5980 9043 881 1698 7089 9330 7555 3342 4597 9179 7973 2536 341 7082 968 3004 7262 179 7439 8524 3775 7098 9449 5500 6183 5012 8039 4642 6712 6534 2627 3191 4646 7362 4896 4548 7262 7076 4268 6562 
3725 7361 276 1284 4311 863 4469 5662 8880 6609 5507 4877 6758 4131 8358 8142 9958 6801 821 5855 4703 4261 311 662 7755 7852 1039 1713 7105 171 3299 573 753 6682 4426 326 3323 510 7050 3608 9249 6026 695 5491 2377 1498 3251 7933 5212 8846 
1900 2043 992 4006 4489 8535 138 7776 4927 1203 1289 7730 7439 8772 6014 463 4466 5778 5880 4465 1717 7565 1998 4391 7726 1821 4974 1015 2303 9772 4839 7621 6025 5005 3385 6276 7899 1096 2330 2815 3957 6212 7630 1645 1822 3268 6493 5870 2128 1781 
