7225 8490 3686 1517 7139 8128 21 6639 2252 9287 3180 6330 1962 1883 6430 2420 8895 5773 3414 9738 9657 3813 1638 1050 1433 6353 7117 2043 1675 3901 54 3558 1668 4080 3618 7322 1955 5343 5809 3108 1887 3193 2314 7642 2389 2158 5299 6941 961 9231 2791 6084 7374 9618 3681 507 2323 4242 2219 4582 1828 8601 9966 1829 959 2020 1407 423 1607 3646 
1525 6184 6016 902 7395 3207 4527 7757 9759 3234 2943 8697 9413 3248 9869 4676 5386 5809 480 2484 5906 9739 31 9060 3923 626 4762 5512 1197 900 9212 8221 7210 4949 112 7103 2201 1087 8393 8884 1666 183 674 5396 8186 3178 3935 9824 4482 3865 6861 5672 5597 9347 8127 8414 5617 9959 5006 1330 9146 3901 2778 2630 1185 9708 9637 8532 2774 5373 
2929 2886 4207 1247 4894 1339 2123 3642 8194 1434 5339 6403 1757 3769 3591 3348 3372 6699 3895 4054 6304 6474 615 9640 4098 4407 141 7977 2608 663 7373 175 5782 5768 1850 8298 3854 3485 6420 7579 835 4741 2393 3212 331 7535 8857 9173 8889 4281 2619 3100 1602 5473 5864 6018 5470 8824 1476 7470 9314 6211 2101 3447 8269 5176 7161 9897 198 8460 
5138 1714 2173 4102 8231 2603 9082 1106 2028 5754 8001 698 3069 8170 9630 2086 5428 1409 6309 7276 3833 4600 1377 4487 8447 7587 8609 6745 7609 6032 5440 6757 2975 4829 1700 1068 5942 8479 7406 6340 4494 7086 5825 5512 7311 3483 2167 8391 5546 5730 1816 6021 2078 6596 8375 3856 9718 17 686 2301 4332 7667 8092 5612 8903 540 282 3958 1716 9471 
8001 1392 3101 8479 7967 3003 8485 3245 2599 2213 3921 204 2415 5666 6939 5297 9698 4718 9722 1574 6001 6382 9817 265 5267 3177 535 4910 9194 4255 207 224 4933 122 9695 784 3461 4518 6686 7365 9389 3008 1313 2506 6286 2220 2341 4434 6456 2093 5448 2554 8967 283 2328 1472 2829 6128 8517 1920 2334 4765 2877 3550 6686 3614 6555 765 6313 924 
3472 2200 4313 8224 4597 4606 7897 2375 9731 4913 1817 3386 2889 9517 5655 8652 1081 6856 7081 803 7219 6766 4308 2555 7535 6872 263 47 9394 9213 8000 7415 5146 6001 6619 1842 2908 5680 8738 7346 485 227 8439 8851 2760 6880 3240 78 3596 9754 6055 7166 9801 2039 3117 5525 3432 1403 2472 1754 1816 4035 6958 9469 8420 5331 7555 3988 1363 568 
5232 9880 4122 2228 7870 5249 9801 5200 9419 9093 8899 2162 1010 4112 8995 2971 3441 665 7546 3785 2957 8743 1592 2398 1469 6348 304 6501 5085 9756 1220 7118 10000 4288 5941 5378 3182 3507 169 7356 5087 1605 2630 9476 1930 8753 8158 2224 7569 5417 9789 8990 1075 5623 6652 2433 9885 4857 6570 2755 2659 4381 4476 5560 1796 5907 3934 8478 1128 8375 
73 1884 9688 4319 7806 1329 9561 2524 7321 4516 2301 7599 368 2330 9568 9934 2086 2174 5740 5084 7989 4333 5258 9554 5022 6434 9603 1188 1223 2337 3702 1836 7410 8896 7104 4590 8291 5011 6189 1275 3223 4775 8044 1025 7328 1703 4516 4935 964 995 3956 9308 9110 3231 925 9539 2343 7883 9748 4221 9705 9560 9046 2011 5667 9990 5191 5808 9664 8424 
145 8086 9142 5847 3375 1905 7322 5904 2848 8261 1414 7919 7583 8127 1737 5574 8009 8162 1901 9174 7053 4365 8005 4191 6757 3297 8757 6923 6362 8836 8287 2200 902 4373 5215 2511 7615 5220 8842 2794 300 6624 2756 9143 3988 6389 1157 5177 9364 9378 5427 738 5953 4828 9425 6266 7670 1456 2811 511 3610 4579 5710 4429 6528 3358 4118 989 8169 7202 
4760 3603 852 4462 3082 3719 100 2616 4413 3720 7008 5612 7959 4180 38 3836 2225 8093 7421 3421 906 2621 7602 8379 4376 5161 6603 5770 4782 6268 6745 763 4740 7537 2275 4277 7957 6842 626 7711 8829 9346 2318 3335 1918 8918 258 5323 1670 5432 2594 1262 2010 8335 6408 14 1606 6826 8729 4900 2358 4880 1140 6079 6513 3224 875 9560 2977 8477 
137 2230 9348 7633 5870 2652 9971 4150 4441 3926 1363 228 4580 239 5078 8845 5298 881 1342 8480 7817 5575 7421 9024 2076 202 247 9430 3529 3145 8424 5594 5200 162 461 4633 9612 6215 2551 9319 3243 1367 5038 741 4824 5443 5191 1218 2648 9842 1911 1230 4815 4013 5765 1440 460 8568 3813 9357 9102 578 9002 2954 9415 8049 8160 3707 5266 498 
7366 4932 3826 4689 6624 5321 7387 4121 7593 2459 5731 351 6422 7766 3269 1066 9688 9423 1706 8784 8017 3629 3848 4996 5808 3725 2072 9511 6079 9469 4218 4590 9472 4726 9757 3342 8743 6269 3290 9061 5561 2890 5050 4735 524 3470 7429 4748 5335 3572 7197 3871 7835 4778 6414 9815 5160 6874 6715 2440 3541 4797 1497 2699 7221 2660 9088 7058 6699 7348 
3052 7381 1245 3496 2618 7769 6965 4383 7053 8384 1365 8671 3471 8855 9238 9994 2716 9812 1959 1374 3654 4676 9014 9693 5055 6790 5629 967 4074 664 4322 7390 9270 6717 2364 6507 3074 4675 3662 8233 3037 2789 1221 4635 9704 3335 1924 7043 1908 9753 311 6315 9331 8950 9533 1961 5332 1856 3485 5724 8713 827 1210 1866 2181 5242 2029 2363 2584 6500 
3475 2183 6522 3214 9018 5567 3509 2521 2647 8628 220 7984 5068 3567 1083 2054 6540 8418 8653 6374 5638 9668 8399 3756 2729 8784 4054 2478 3713 5703 3602 214 7173 5799 4576 1569 8675 8548 2939 7880 8939 6639 6449 8876 8409 3445 7532 7567 3573 5997 3723 7473 8748 5133 635 2843 4947 8072 2349 1251 3482 457 8414 7240 6283 4070 9972 6458 2248 4864 
388 1667 38 2896 4449 1174 8371 4071 4660 4247 4261 6251 9871 6519 1203 6875 5621 1016 9701 4403 3128 9694 9988 9901 9292 357 90 3343 8622 5405 4996 457 8054 8241 7062 6176 1189 8952 3230 6673 3656 1351 600 8959 6257 9937 9284 1026 2639 3693 5706 1973 5509 1963 7614 3207 3401 8277 8861 2398 921 7959 6242 3330 4076 8270 5909 4954 2155 501 
7399 6978 1207 5569 5589 4385 3425 1878 6272 3888 7602 3738 6165 1007 7256 6295 6117 7993 6773 1910 7262 5081 8782 2689 630 3311 252 699 1091 1234 5528 12 443 4160 962 1712 4257 5877 5291 4448 2373 377 4916 1327 645 6162 3304 2713 813 9322 3692 9613 5713 3935 5665 2945 1585 6897 7164 8936 2936 4486 7891 3263 4132 5249 1315 7314 6943 8405 
1412 5201 4875 9972 7796 2451 4605 5054 2974 4577 7213 9874 5431 3179 9861 264 2940 7403 7637 8066 654 5001 6826 8357 5364 5503 1303 7564 9333 7332 3346 2925 7835 3959 1758 2653 5102 214 2763 202 2495 9930 8561 2435 7453 608 7485 3846 7451 797 9763 4185 6906 8544 4011 5329 1938 1061 8278 609 6860 1889 8639 8813 2501 6705 9726 3942 1777 2567 
9720 2674 3605 7620 7447 1080 441 6697 862 9178 7019 9100 9849 4478 9495 5491 8197 1029 3054 3405 3028 1596 1378 144 2550 1106 9380 7264 9559 6051 4480 9501 9828 4214 6376 2304 8157 4899 7003 4197 5085 2651 9442 7748 2467 5230 6228 8636 2553 9606 2434 510 6471 6242 7300 1257 9640 437 1063 1872 6769 6465 772 8741 7593 7106 7631 2021 5773 7581 
3042 5410 7417 3969 3875 7607 1333 7767 5920 9210 1437 2770 6205 9876 1041 4180 6652 1927 8847 468 4047 2311 1840 6138 2972 1912 1665 2433 5742 7036 9498 333 7639 7607 8633 7704 2106 2319 8835 9634 8075 1246 9689 5911 860 6666 6604 6215 3763 6134 4518 8120 269 4386 1746 9820 2775 664 7786 704 1964 7963 8594 3412 4403 8669 577 6511 8933 3199 
7407 5349 2185 5860 7977 460 369 5525 4294 7464 1511 139 2402 6833 5588 740 7849 7005 2093 8095 7101 3096 263 777 4714 5678 2359 2548 3006 2120 5089 6321 8464 2300 8586 2308 911 2701 2468 5370 8205 1873 3318 4122 3974 3359 8380 8695 326 64 6767 6790 6063 6786 4763 9894 6752 162 7421 4798 5940 5394 4203 4373 3152 3342 8345 3560 7768 9238 
1436 8873 2386 9812 526 5489 3136 2470 4997 8156 8721 832 7489 948 4515 5954 3064 4030 9020 1323 4575 5984 7146 1747 4282 1974 9209 9093 464 2256 6639 9561 8318 4227 9494 2949 9037 3840 1902 589 5120 5439 7333 7262 2839 9797 5302 7549 2047 6148 7370 6806 2724 5401 900 617 1528 9565 583 428 2042 2416 6110 4556 924 8805 804 1036 5090 7870 
449 6763 4286 9757 6744 9340 558 2556 4481 6681 5052 3079 8554 3746 1015 5035 7936 7293 9110 1126 1746 6303 6381 726 9206 4796 8362 1204 7830 5932 8726 2061 1736 2166 2635 3271 9158 3345 725 8374 2938 2707 6008 3776 2901 6083 3683 233 3234 8234 7807 2684 4204 6401 2837 1024 6166 148 1366 9729 1875 8894 3634 3715 7530 102 2163 6890 5553 7592 
3596 5473 9269 2535 3213 4500 6437 5990 2213 5498 9158 5614 6294 7074 3034 6983 5238 4744 151 1993 7107 836 5560 6863 3491 5909 582 9852 4010 7074 7665 5657 237 9540 1992 9167 471 6236 3629 3362 4712 7547 8489 3917 8073 610 6965 1063 9531 5244 2612 5253 3669 4980 911 3114 2003 7488 6742 5846 7456 5706 1997 729 3092 3448 7988 3348 9760 5868 
5344 5334 4052 602 7840 3558 9990 3326 5006 6509 6039 3175 5289 5026 3971 7289 8584 9448 1830 7050 4534 188 1836 2886 7086 5880 2278 106 4325 5615 4363 1589 1664 5820 1789 3486 1696 1495 5674 1040 8330 8661 3136 7242 5272 8553 8543 7493 8521 8398 8403 4174 4114 5013 71 2150 570 4714 6690 8147 3174 6306 4596 7472 5387 9420 2710 6180 5945 2232 
6973 5796 1892 5067 9388 4045 4352 7656 7125 9153 3342 2398 4178 3964 9353 3480 9498 5899 6084 6828 5555 7233 4814 4502 6804 8716 7176 4203 2021 7709 1703 4025 5774 7088 3980 395 7776 3162 4170 9836 4946 9539 9438 286 9002 6674 1451 726 6500 4345 3986 6292 370 4610 4690 6333 2623 2467 2834 6156 4430 4454 3119 2813 8773 1983 4610 4284 4554 2275 
2577 3692 918 5872 1510 917 4027 407 6401 2304 933 3393 6448 2552 8191 5224 3019 6837 4914 2780 298 1831 1920 5230 2526 5893 3781 8879 8315 582 2958 8324 4261 9723 5647 2127 3659 3068 3493 3059 4778 1074 9077 138 3572 4658 1081 6752 2527 9866 6599 1841 72 8011 1197 1491 2468 2639 5919 7651 4284 2832 157 9781 8651 364 9067 6952 9327 8445 
5864 3171 4476 1050 2103 6082 8295 109 9733 8583 7970 3966 4393 5725 3174 3980 8558 8069 8275 793 4621 9107 21 6696 3666 4421 9995 1785 5626 5650 9730 5866 1828 9121 1135 8819 1772 6574 6039 2231 9534 2626 3448 5408 5179 5410 2732 4188 5529 6990 3125 8072 5058 2074 9293 6296 4973 768 8052 9540 9766 9797 620 4810 7102 4894 9352 8347 2034 7317 
5629 707 4419 5850 1588 88 1654 7291 1562 8422 8480 447 228 4590 4964 3936 585 7983 1868 4812 9838 9784 3788 411 5518 2959 9990 742 1720 2974 1841 7221 2127 2789 7142 8149 9974 2775 2294 8342 7508 5642 5080 4072 8140 9150 3133 3931 5007 9976 7561 7377 1841 5455 3807 1027 4866 8835 3084 3000 236 8845 190 8819 4296 5956 3740 3633 6911 6202 
2096 8244 4701 1824 5874 9070 8488 6350 2992 2852 4572 2286 1472 2592 4600 7323 203 2040 3055 1693 9721 3866 355 4417 3420 8571 5314 4885 8882 184 2362 4566 5959 5693 7385 5358 817 7653 369 1021 5803 6018 6503 619 6900 5630 8340 824 6404 370 6148 9676 545 4195 4529 2610 4029 419 4932 3236 599 2850 5181 3884 7892 9852 5552 9162 9780 7598 
9061 3295 5493 4269 2427 8940 7360 1395 541 2838 787 147 1078 7639 5165 4493 9145 2147 6033 5013 4682 4240 109 5311 6245 6899 5067 9158 7772 4120 3888 268 379 3471 5292 7204 7996 7202 9957 4255 7606 6321 3446 7294 5324 5499 5941 5301 4923 3151 9758 9492 4859 6040 2572 218 4847 6696 6670 9891 3738 452 9855 3936 4285 6333 8970 107 9303 150 
8381 3581 8456 1155 5533 2419 4832 2378 8224 6603 6849 7883 3687 7823 3274 9431 6281 4529 608 2049 7051 8578 4177 7505 8218 5420 6142 1832 9048 8799 9396 4431 9350 8686 3481 7353 8632 3155 3694 9529 1363 4267 8492 1915 2750 1227 7099 5958 2188 6976 2194 6551 3072 2542 1197 8355 9479 7305 7391 478 558 3756 1337 1503 7179 6960 951 670 9360 5885 
2999 4677 4384 1435 1921 4285 9458 9128 1105 9399 9945 6471 13 6317 6137 6160 9010 9617 320 1121 4384 6655 6426 4944 9622 261 39 9095 9716 8837 5728 8940 2183 2171 1494 7819 559 7462 8161 3764 5708 8774 6329 2522 3855 7935 459 3697 8356 5061 5686 5857 1434 3950 8108 3468 4334 7951 802 320 5278 7488 5529 8633 7685 2842 4818 7798 9709 3245 
1532 7599 2777 5766 7755 6236 5589 14 3996 4082 7954 2638 7683 8998 3726 8800 6674 4154 6288 8677 1045 4039 9292 7426 7646 262 5134 2468 8200 2660 6003 4523 6419 3741 7941 1063 7834 268 1076 5961 9962 1939 1407 2885 846 9089 2118 1674 2238 6218 7867 688 9240 511 5549 6620 2573 9120 7131 1970 6093 4560 9573 9799 5315 2807 6361 3262 9012 3678 
9200 1500 5877 784 8400 2730 7871 6691 1088 9402 9375 3067 4811 9538 1742 2435 1435 4629 2055 983 7966 4201 1783 5047 6645 8961 4372 6167 6527 279 1075 3120 3623 8797 170 2430 3892 472 5931 8868 4847 5684 9257 2048 776 517 4057 3445 3220 6371 6407 9155 1615 6476 4092 5581 5449 2238 3978 5340 4169 6835 9479 8559 3167 8369 4623 184 6298 5034 
7000 6358 8250 2916 896 986 8177 3761 3475 6103 7000 6502 9394 4751 3407 4947 6249 8968 8834 542 3080 6287 8887 5210 8567 245 4970 4968 1083 3213 3226 5816 9634 1752 8502 2028 2665 3781 7662 1344 8801 6900 9195 357 5494 1846 7306 2890 2834 6997 743 464 8900 3102 2080 7819 2660 8014 2836 9403 7894 858 4851 5276 3210 2188 188 7827 885 4470 
5708 2156 5816 4719 2436 1008 2912 5883 1857 1623 608 6617 6396 9525 338 2640 3744 6310 6809 315 6546 3407 3998 6045 3275 7830 8223 4626 9281 2822 8953 8793 8858 2665 9028 5911 3030 1863 2289 3570 3341 8159 553 3043 9736 3838 1327 7886 5338 3785 5671 2502 3335 7210 7148 5974 660 156 974 759 4207 5614 1689 2521 4178 443 4872 9945 1352 3623 
8480 2573 3563 4218 8127 8510 7957 3812 817 7518 6344 2737 3121 969 194 8516 4010 7962 3683 520 1727 2989 3882 4404 710 8573 6193 8954 8628 4063 6342 7889 2876 9566 7172 7298 9507 8407 3040 6496 3664 4398 3637 4490 6414 4856 254 6148 4382 7116 1067 1103 4258 5332 1220 5040 3206 9334 3734 6215 733 9172 9927 4719 8072 67 2650 6226 3399 2447 
8137 8801 5630 2628 3648 1230 9157 2254 5280 3886 5616 9192 2381 9580 7689 313 6446 8812 5401 3479 6975 3428 4006 8119 1653 4882 1809 3101 6373 7922 1062 3771 8836 8835 6948 5859 1319 6881 4222 4808 6355 6370 610 2710 1866 9653 1759 7606 6512 4538 6325 462 725 8803 339 2773 9035 7762 7214 8732 5306 5182 4228 3685 8496 8178 5315 351 7953 3960 
3878 1976 4803 2821 1506 8885 5018 6239 3842 3580 770 9145 460 5774 2275 6522 8993 4200 8434 9340 6564 4787 4037 9917 518 3588 3133 5350 3108 8784 3003 8949 1677 4635 733 6612 2466 671 5350 7874 1821 5455 4821 1652 6679 5260 5558 3415 3738 1386 5730 3024 7572 689 1704 8970 4557 7095 8127 9105 5450 7471 9300 2171 1529 2913 3442 7788 6111 7406 
1022 2593 6804 273 488 4441 134 5334 3561 2481 4330 7084 771 6445 1746 2955 8039 7891 8539 4004 6125 21 4191 797 725 7238 2003 6461 5786 4684 4122 4355 940 7214 9109 4561 8795 1084 3014 5629 5256 4598 4446 6806 6410 8798 9561 8423 9631 474 8453 2081 8496 5900 248 8983 3340 5039 6818 3721 9477 8174 8233 2521 3165 2480 2606 3770 1620 8784 
4496 3427 7118 4051 2141 5826 5978 4276 4093 544 9949 9448 5604 303 5769 4782 5606 5076 6863 4394 8482 5118 8320 4372 1895 9760 1485 1339 9175 1210 4976 8634 4858 9967 8021 4005 4626 9496 2358 2148 3342 8607 2218 2666 3003 6756 9488 3215 6874 3074 3327 5974 6725 6732 9973 6355 1891 3025 6759 2324 6324 9865 8585 5838 7889 9918 5504 8016 2242 5410 
5951 2803 6074 1702 3998 1265 1272 8440 4 6524 2638 1539 4149 5747 6725 8553 9897 8971 9587 8311 3736 1168 7942 6811 6845 2636 1492 2171 4789 173 3785 875 305 4148 6410 3726 7536 6897 2763 6569 5669 9020 7715 811 8075 5343 8502 4071 7490 5952 6747 7189 2242 8924 7937 3012 2939 4679 3032 1089 8589 8153 3660 3245 5100 7785 3820 6181 2325 9663 
1994 2941 8645 9501 2770 9567 8382 6644 903 4641 6501 6313 5787 228 8167 8229 1610 722 6175 5215 6184 515 8373 3771 4831 2710 6648 7010 3236 9155 1217 7268 566 2644 5175 4090 7287 140 3714 3130 4030 4615 1063 1885 7269 5662 4084 2353 8788 6926 1745 9259 1030 1875 234 3101 3589 9371 7393 8598 9538 1062 7798 7696 4936 4938 2535 2553 6684 6386 
9527 6299 1172 9900 2789 6168 2285 1195 5162 107 5089 5823 8207 9098 4481 7362 3469 4745 472 8412 632 7037 3831 7368 9779 7012 11 4472 5651 2872 2680 6528 7026 410 2377 2670 4770 9648 5795 6831 9032 9593 5204 273 8452 7224 9958 1260 9918 1398 5481 6090 2828 5419 9845 1012 7406 4381 8077 7381 7928 3119 4131 7472 5620 9101 777 8743 9538 1346 
9252 210 3564 5550 1190 2266 2025 8734 2046 7215 5572 6301 6895 8660 7265 2780 5913 5132 4853 4912 7649 620 8376 7993 7700 5601 9481 6659 5841 6904 3744 4029 6059 2332 1596 4188 1850 2100 8626 6469 2279 2830 9995 6890 7676 199 739 4102 5342 5444 5163 6702 989 3028 5745 7648 9713 9717 921 7658 6877 3441 97 2426 4393 9036 5127 3485 9016 5150 
4551 9530 3819 1018 2219 8490 2574 3100 1105 6495 5452 9785 4754 9143 5718 9023 3762 1139 2763 3415 3222 7085 9408 9493 2323 5370 9664 1090 2658 3292 7362 7445 1563 8344 3377 8656 6357 9451 6007 1441 1213 6736 8012 2221 8357 7093 4934 8516 815 6612 4058 265 5296 1518 5183 41 5667 8385 505 4020 9272 5058 5770 3576 9061 5971 6136 7466 2846 1481 
7119 7942 9127 5227 6029 7156 3645 7041 3340 7216 7481 659 2260 7671 651 8309 9404 298 3228 5751 1674 8339 2758 2997 1662 5790 7309 7565 359 6315 1870 6991 3461 3886 4268 8988 397 8043 4881 6988 5380 5177 4989 3837 8976 6008 6281 851 930 8840 4805 617 8169 2791 5230 2236 6281 6347 5906 9778 6566 6184 5406 5999 7098 9991 7512 4236 9552 246 
4630 4761 3117 5778 9509 6063 1885 5866 4242 7171 3127 1488 5135 9635 2042 6797 5803 9068 3309 6849 8284 4543 5587 1785 436 9001 6247 7703 5617 5636 1273 7973 7539 1153 6297 9743 2671 1029 9571 7873 6664 3387 826 3796 2223 7976 4495 6130 2407 6951 8072 3163 467 8871 8985 805 917 9291 8415 5307 5950 3900 6913 2749 3155 4408 563 7099 2935 7639 
9660 2970 2426 1655 8774 2926 7776 4370 8378 4097 7268 7071 5100 6023 5372 1631 7532 7471 6152 4783 7455 2513 2789 9476 8995 8535 7502 7752 8653 6131 3729 3181 1569 5738 2538 580 8341 7561 9292 3484 1997 1921 5847 8082 7359 5461 3869 5701 6456 349 984 5109 3155 2207 3563 1795 4983 6977 6596 5590 909 235 8834 6928 9652 3751 8493 1853 7627 3561 
5538 7277 3934 9096 6452 2446 6184 4497 5151 6663 1087 550 8925 6085 9774 9116 3352 1619 1443 288 3617 102 9271 3634 9446 9125 4698 1326 5180 6072 8280 6538 7057 1685 5978 9394 1146 3232 4782 3553 4139 1826 2152 5480 9712 7577 5096 4096 4158 7837 8300 8617 1156 3924 3950 8579 287 2396 7305 7825 4154 8629 1319 4323 182 5478 6614 2494 3085 9082 
2295 9189 7378 6143 9106 6231 3527 3868 6805 7861 301 518 7409 4225 6513 731 9403 6770 6094 6745 9224 5438 358 2987 6752 8190 687 5941 4663 8355 3089 6108 668 5580 8048 6996 9765 6094 1578 1160 1730 9816 108 4953 197 1464 2850 9745 9393 5387 2549 7964 4666 7727 6628 4015 8610 4138 833 4 3759 8607 511 3480 7051 277 9772 8172 2999 1642 
4516 6402 5127 5100 6593 465 6379 1519 6477 4251 7980 3732 7911 2703 5451 6784 210 4740 6422 6871 8345 5013 4750 7455 4374 2498 5492 2144 6165 4649 3717 729 1522 3717 7119 4679 2467 2446 4602 4014 8645 4863 6499 4682 4067 1045 3098 6182 6689 6082 6873 5160 9262 5924 947 3852 291 916 7091 8889 8853 9545 8311 5562 6530 1452 35 1475 2551 8353 
7657 1135 2021 7798 4897 6793 8544 2298 7681 8907 9880 1441 7805 9407 1069 9981 9612 7204 7046 9876 4370 4757 1553 8173 1457 1660 5905 6826 9605 1348 3953 7429 1843 3642 7137 2210 8177 3441 292 3696 7707 3489 6720 1187 3938 9586 4868 7332 3919 6158 262 3830 3605 1711 1874 3604 7423 7616 3304 8608 1918 9741 6983 6812 9009 9654 1630 6911 7374 826 
1942 8912 2816 3066 9865 4000 8460 248 3272 9983 4620 7775 744 6160 3537 7995 9842 1139 4876 2028 4923 6807 9984 345 7263 1687 5145 8542 2509 9742 7912 9272 8129 3816 4474 8851 4859 8072 1201 5238 9206 5405 7850 7828 7756 5354 268 546 7803 3766 8925 5798 7207 6361 3733 5065 9576 7917 8754 936 1294 7469 3497 6371 6237 6717 3434 5321 8450 2478 
4138 5139 4265 7163 9262 2802 8222 5143 5385 1554 3377 8732 565 1920 7457 1368 3849 1715 5402 4793 3961 9215 1696 7762 6944 3850 7026 704 5134 7179 4847 1926 2984 4646 6593 9605 3027 6849 6921 8787 9189 2130 7848 3980 6298 8751 5162 6014 946 5645 6039 4349 3022 2382 6975 6645 7320 5115 7367 4863 895 3823 166 8235 7750 4385 9093 5562 2086 3057 
5527 6373 2427 8649 9163 1171 1259 6799 4683 3542 1086 5549 7296 7108 1535 134 7902 8580 2946 6576 971 4632 8139 6169 3742 4079 1557 3836 1148 5784 7555 154 5784 8548 8863 6379 4735 1010 5211 8010 3320 8028 3772 5500 9561 6974 4939 3792 3872 705 9091 4687 1331 4117 3578 7625 3082 6065 5687 4808 2076 3098 2044 1957 4828 3043 9199 5739 4889 5578 
4623 4464 3757 4988 6443 387 7569 9751 1706 7947 9457 2160 63 9136 8018 7996 552 3416 4529 1099 9473 603 5760 2492 5985 6517 5584 8050 8658 741 6249 1960 7507 1737 7890 640 7640 4767 6945 4304 71 9074 6634 1736 9521 5173 6018 990 3820 4766 3170 5243 9776 658 7522 1425 5583 2832 786 369 1455 3683 9146 5526 9281 9003 3062 4688 3454 414 
6613 4200 693 5710 7650 3816 5743 2724 2249 7505 7706 2186 410 4946 5750 8613 6330 442 965 2055 1568 9659 656 9104 9487 9779 4430 3596 6478 3467 481 5964 3671 1899 502 4881 9427 2084 2965 2723 347 7739 8283 9028 3047 7031 3085 5699 3754 9161 5742 5639 1334 9601 1835 9076 1056 9503 48 1587 687 3933 2502 5529 7259 5818 7165 8700 7996 3981 
2744 7878 5410 696 4581 7365 4909 913 3410 8187 5965 9215 7573 2120 8334 8542 9977 8011 539 1881 6102 9498 2587 4114 8862 6029 6664 2429 2467 3575 5652 49 6977 2576 1728 5013 9534 4448 8497 7796 3682 6860 9514 1331 9349 718 8704 2707 6305 4815 2043 8177 9064 7194 811 1632 9997 2078 1275 6730 4182 5249 613 5631 3332 9970 2655 1012 8588 3657 
45 4161 1684 867 3798 1565 7371 619 2121 728 1533 5442 4649 2289 2904 6296 2184 7114 5124 1783 6127 2463 7449 2032 1829 233 4757 452 3566 8543 4377 9006 2582 8644 6251 582 8169 6091 9930 1666 8005 4836 8129 2227 1727 3612 6866 5313 612 5117 3170 1121 560 875 9021 3411 2504 8287 6687 8776 9542 5445 4052 6350 1129 4502 4829 1938 7855 3836 
3251 1147 9771 7641 2793 3780 8578 6861 2628 2289 5557 6540 7604 6381 3595 2814 109 7915 6126 2549 9536 6753 4282 9269 248 852 8259 1000 5033 4013 369 6910 1172 1177 4059 6401 3147 7909 4586 3574 4698 9445 1931 5535 2263 796 2492 3390 3103 2285 7468 1427 6109 2126 4957 6172 1053 3146 2715 6706 4418 577 2529 7516 9010 6994 3709 4509 1563 6051 
5436 3503 6491 1040 2522 225 2642 5607 5429 2642 1386 1410 3638 3662 7358 2944 1436 7621 7161 4154 5093 1995 4065 8577 9105 3091 714 9317 3706 8418 1731 6686 7089 8150 6406 785 2564 5821 6135 6717 590 5200 4923 8543 2469 2508 3309 6706 993 1322 9977 6910 9127 9572 5059 7440 1128 9948 1409 3668 7293 8738 2353 2022 558 2074 9766 1649 3192 2634 
5907 7091 586 9676 7107 942 2639 392 2015 4692 2154 3433 2765 7533 174 8646 8677 5646 7905 7759 6776 4032 1668 9358 8909 5129 7061 3275 3600 816 6172 2517 9033 474 1411 4336 5016 7100 5269 277 6756 6729 9692 8556 7308 9691 4276 4886 325 4479 5908 6380 695 6647 7889 4482 4095 6015 3960 4398 7091 2400 4831 9634 6827 1672 7678 1051 3926 5091 
6900 7596 2173 8453 7826 2796 5060 9296 1176 4615 4655 1064 4147 9907 3205 201 1043 3924 6637 1662 993 472 4620 1391 6823 5877 9427 4787 9044 1881 9518 2290 3583 8564 7812 4492 9350 7546 6608 9628 349 3703 607 8192 4721 8181 1784 261 1013 4676 8000 3001 4109 6995 6418 1053 8754 3325 2225 5706 9256 9920 5984 7834 8348 5642 6819 9245 8217 608 
205 2463 1354 3077 7501 8453 166 4361 6698 7213 7843 1882 818 5155 9767 2427 9246 8053 8190 902 2673 107 6938 7261 9238 6613 6891 5751 1636 6421 2405 8248 6907 7628 9338 1446 5058 9056 1382 9752 5398 3181 1057 6285 3937 8868 5754 4847 2867 2317 2751 7932 2819 607 3325 5265 8653 3997 5684 3486 9983 2491 5271 7 4148 3704 6812 8137 6067 1462 
5792 7953 3769 5269 6551 6061 9140 8457 1971 177 8527 3975 2260 5240 1876 438 1234 3945 4614 329 1195 286 2939 1861 2810 1589 9577 8530 8621 2173 2920 5523 125 5714 9708 4724 3855 9530 6888 9146 9287 5947 9386 3071 2429 5649 3066 9398 8861 8341 3248 5691 9345 9315 9922 7690 7042 1883 7461 322 9822 318 3397 8606 8540 9899 7909 1064 8956 7273 
4738 5951 9799 6481 7081 8419 5754 6001 5856 8203 1668 9177 1304 2616 690 3759 6350 1815 9811 1655 3272 1467 6946 5139 6925 1743 561 7955 1657 953 6629 9492 4206 485 8627 9306 3915 6402 6542 5805 8637 1665 5903 6494 4859 7948 5147 6223 5961 9940 3926 4207 9275 3062 1458 987 2817 4159 7342 8374 9312 6602 7399 9295 1202 3737 9020 882 3900 9530 
8973 4279 1475 3088 9401 41 246 7139 7564 1308 8224 1297 6196 3083 6730 3127 204 9229 4449 9008 3106 5572 2979 6977 2605 9400 925 3669 7268 6851 4378 5919 3379 4144 7305 7228 7144 5408 7430 3543 9154 8592 439 4534 4779 8638 3571 6530 6135 9138 2634 3403 576 5325 1465 1834 4361 3452 2960 3273 3960 6304 1034 3795 5139 8227 2568 8395 3879 9610 
4720 6691 4696 8743 1458 8476 1717 6679 238 5191 5555 2123 4099 3096 9474 956 6372 3740 7098 5580 1158 1025 4174 2749 1974 3538 417 7005 4704 4809 4621 3444 1715 8983 6950 5555 2008 2833 6565 2779 4791 885 1439 7282 7005 137 297 9047 655 8287 6283 5705 4403 6395 2250 9818 76 9548 1433 6665 8098 6397 1335 2670 7302 7749 3655 744 4500 9646 
7775 23 9262 7899 1750 1474 5144 926 3927 4483 5873 8827 2874 6209 7223 685 9793 9944 3402 2568 8689 5186 2952 4966 6242 1 8267 6586 2792 5380 2228 6192 9255 535 633 783 1240 1163 392 8503 8342 5786 8936 4959 7523 9913 8795 4988 7231 8411 105 2322 9803 9833 5706 4892 3336 4949 5690 7644 453 4970 6844 5403 4528 9244 1667 1648 6939 3685 
