7297 7381 2 2537 132 4497 3955 2085 9550 7284 6088 6844 9509 7075 3821 9096 411 7397 7649 737 6118 7008 277 9158 531 371 6143 2543 2691 3860 9483 7742 6312 3122 2147 9422 2452 1661 5265 2099 4595 7022 815 414 8781 4886 7028 1166 1534 1254 6547 748 3232 948 3239 3486 4208 5012 8901 1469 2021 5124 5517 4376 5004 8334 7823 6957 7429 5715 1581 5637 2138 4197 5334 
1791 5198 2617 5120 9963 3362 3902 5409 7253 5674 1246 5635 4694 4829 7530 9483 2050 7267 2433 3792 9789 2144 5493 824 4707 1412 8570 6601 4432 1972 7698 485 5650 3312 2287 2246 8239 3380 4874 5042 2639 8443 1799 3102 5374 3232 2273 9000 309 9109 3087 5660 6016 3784 1849 4756 2326 5134 1538 9385 3750 2751 403 2137 3828 9990 8738 389 6764 1124 9909 1500 6581 9252 1134 
4853 9551 5544 2666 6623 128 8095 9821 792 3821 9086 2291 7097 5898 5345 8984 28 6570 8272 4347 6347 4723 1 9231 3631 9164 1883 8383 1075 7043 9417 7430 1369 2219 3337 2255 9928 1771 9060 4773 7173 36 7509 4970 4709 4059 6785 90 9628 1808 4560 9631 3547 7322 5048 4499 1077 2424 2367 6767 3755 6502 898 3121 5741 6043 2673 4940 1279 2699 7349 7395 432 4077 9455 
5093 1557 3133 60 7669 4868 2562 3630 6824 4423 2545 8931 889 8744 3960 369 4525 3347 598 9170 1927 1819 6604 8165 7015 5646 9360 8952 1561 5604 724 7986 4627 7717 7272 9417 590 7569 2986 9575 2878 3293 6372 9178 5625 285 9946 8934 3889 7275 5389 3933 6906 8226 1547 3234 8393 8288 8718 7550 9952 520 3639 6400 4522 1517 3838 6904 3604 4525 3033 9340 5749 7940 2538 
7504 2540 1974 2864 1848 5164 5653 1692 8328 793 9396 4854 7676 5570 5035 3061 3904 1286 9548 7530 8268 7929 1151 2210 6232 4889 5378 3812 5148 6130 935 7722 4549 1087 2651 5245 7957 9391 1667 2566 1035 1705 9919 3061 8501 2551 8492 9019 8038 6201 2595 3052 4084 6616 7603 375 1903 7277 4140 5725 1124 5588 8106 8944 6765 3523 2695 6042 7956 5604 1434 5147 2894 1923 8783 
2928 2240 6972 7546 848 3049 7631 5915 4302 5959 2023 5875 1997 7068 8861 8799 19 8508 309 5963 3521 9574 7160 7923 1707 4586 3901 4664 8392 6047 8759 2709 5198 7684 2917 6707 4101 5123 8736 2817 7658 3748 5825 4379 2139 9985 4862 94 2259 733 943 4813 1855 6988 9197 9026 5078 6458 3489 7100 3876 5674 6819 2106 4822 9719 5851 2417 266 512 7747 2365 2280 6404 1867 
8761 7474 407 9354 5102 9099 3263 7321 4795 2135 7516 2065 4347 8613 762 8746 403 3014 1181 7238 8339 8995 3831 9410 4877 9074 4270 9633 8810 9714 2638 8246 89 8322 8180 8956 7487 6019 8620 611 6036 8368 5183 2659 2232 34 9193 9197 8445 5994 7156 7674 5581 984 4513 6785 9191 5694 5146 8388 207 4215 748 9611 1910 5583 4838 1831 2139 2785 6730 5809 6929 2445 9552 
3349 5253 6965 6974 3287 3572 1575 7232 8991 222 6425 7168 7510 3139 568 1050 9321 7380 6042 2770 3402 2151 4334 2631 9334 451 9541 6873 6309 3410 2040 7613 4207 7121 9980 6843 2503 3325 32 1971 614 7168 9792 7547 5940 8905 2552 7326 5760 2740 7934 7173 1540 4454 969 5179 5053 4429 4501 9420 8515 7239 6869 2392 3281 2378 6114 3099 2046 8273 5296 793 8088 7671 8020 
7139 6732 5658 9474 8835 1945 7234 9446 1397 8121 9899 8945 5137 5162 6850 5654 4496 1474 3003 5721 6809 2204 6637 6869 2977 9934 7394 9935 6929 6666 8632 4467 2787 4322 7739 3112 3858 3981 4582 5780 844 6938 9842 859 4956 4064 6200 2941 3296 326 7706 5867 4243 2741 2439 3467 7537 8265 4587 9566 2346 5101 46 3495 5025 7785 6714 4747 8395 2102 1740 9086 765 157 9882 
5593 9421 2172 6194 6572 8686 1501 4553 5340 684 5188 8100 7556 8507 2596 1260 5531 9504 6673 8772 5738 3257 4411 7347 4010 2173 2853 3026 1648 7128 5894 9587 9727 5805 5610 2309 323 5451 5617 2649 847 9340 6626 802 2978 8343 1465 5738 5397 9205 9703 397 5049 1601 9851 7038 4903 2502 6351 1302 1739 8553 4206 1627 6669 5790 557 3676 9846 6235 4683 576 975 1574 6848 
9795 9630 4097 3104 2819 1780 9000 2310 8824 272 4652 4822 9349 8205 4244 7676 7591 5294 662 5472 1142 5658 3136 2721 6525 5157 7951 7757 9175 7584 1032 6399 9299 4143 5477 3041 535 3469 9252 7431 4738 419 682 1831 7454 709 5490 2702 8708 4786 1859 5872 8074 8929 3641 3652 5393 3253 1142 8195 7676 1369 1841 2511 7446 3661 9267 9368 9211 2888 4139 3691 7077 5291 1978 
3676 3490 8047 9718 5244 7652 7326 3126 1652 2444 6800 6066 1076 2102 5167 9564 3678 5859 6945 5792 5208 1259 2149 8542 2256 6385 2275 8138 9130 9458 8646 2325 6635 5051 6072 6361 4554 5304 4581 9420 7508 9067 2520 5924 9428 3312 3327 5805 8262 2040 3436 4767 5752 7294 9555 3411 5850 4115 3119 9816 1591 5775 5226 5326 5789 8175 6496 7750 10000 2100 1826 5986 8720 7088 8999 
2575 2361 8778 6474 47 5133 8915 2856 8957 7849 6663 7788 1512 6711 4385 457 1880 7554 7996 2021 5410 7141 1750 4128 88 9807 1733 9269 5576 3806 1690 3208 7570 2698 6742 2540 3670 9254 9012 3861 7897 9537 1685 8086 7716 4384 2584 8498 410 6208 8099 1444 472 7064 5545 75 216 8413 609 4788 7805 7948 9818 652 2216 9105 9214 9015 4362 630 3189 3503 1703 9464 6413 
3851 2950 9271 5311 5103 2261 5824 1928 3894 2980 3131 6836 2369 9334 5200 793 8043 1480 229 6270 559 9630 3197 3665 4165 2990 8201 7478 2309 8393 6967 3723 539 8711 424 4505 8099 2423 6601 7914 6536 4939 5900 7329 4722 1013 9655 6600 5419 7942 3552 7669 1338 2836 2702 391 3434 8253 1736 7801 5680 8944 208 555 2826 5819 8020 4148 3957 6478 5984 6479 6746 3407 100 
6200 8854 4137 1875 390 6051 3871 4002 5248 4546 4519 6730 4273 9280 9195 1217 1257 8837 7152 717 7666 8843 8872 5655 2658 8949 2055 8711 7746 1740 2403 8189 4322 7308 4928 9865 8741 2652 5763 3028 2852 9426 3754 859 3146 7254 1124 3521 1533 1072 4174 6209 8927 5321 2065 4729 3785 3054 1692 4429 9181 6464 8792 3691 3810 5743 8209 6830 9298 8979 8739 9540 611 2144 6552 
9018 3715 3924 7975 3043 9426 9654 6634 5713 2039 4585 9010 3627 890 7588 5681 1096 8882 8620 821 5347 3958 6291 8255 1391 6226 1864 7934 1120 1773 2622 283 2287 5146 2669 3894 8025 5896 7824 5584 2184 3253 9771 4729 6478 1579 2516 8901 3094 9666 2780 6443 6941 55 4000 4768 5016 7825 1514 6873 3348 5630 389 8524 7443 6793 6259 9442 9021 7691 8666 8387 1197 4871 953 
4200 8091 7272 3654 8699 4742 9830 911 3772 8780 1165 280 9096 8244 988 8592 7305 4815 6592 2438 7798 9710 9692 411 4753 8908 2190 4397 4408 7495 620 144 8185 6634 9483 4600 5970 779 128 7537 2985 252 1575 554 5576 6431 2176 5776 6523 8504 4132 8697 7872 5503 2310 661 489 6485 7805 3187 6631 4245 5894 3999 3048 8863 5309 5383 158 7868 81 8288 6695 2069 5326 
3449 8669 6101 6458 443 3822 7355 8991 2816 7313 5169 8784 1656 4064 1397 2717 1572 5884 2735 4439 4639 6182 6417 690 3628 8498 1604 5408 2441 9919 1371 1393 1605 8412 7209 8218 6882 4034 3186 1515 2330 8329 1931 8198 9416 2244 7483 5531 4807 7097 8714 2030 7060 1666 6413 2258 6097 8292 8065 3808 9148 1561 8463 1055 939 1249 1314 136 240 3961 9089 6139 9795 3021 9013 
5887 1826 4989 8738 1877 4431 2784 263 9257 5233 186 8075 1999 9873 351 6652 9991 6431 8096 1522 6865 3954 3686 3339 5835 2138 6059 8780 7483 4165 6667 3223 9091 6471 5011 3361 9273 4927 2019 4644 6634 2184 6990 4717 6348 1475 5933 5569 750 6013 549 9629 9691 2826 878 1355 1824 7073 6061 4877 2164 6324 827 4078 9460 1905 8797 7083 1651 5747 7832 3439 9325 7871 2871 
8415 6943 1857 505 7244 297 6884 9616 1695 4560 1487 3617 9562 2237 1101 7472 578 1070 1415 820 9174 232 3114 3694 8171 2154 6850 7118 3541 1262 572 5832 7439 8417 8527 7563 7239 3298 2162 900 412 8781 4652 7881 4429 8475 7886 3383 4530 1503 9666 9120 3741 5338 1471 7025 6866 7399 5646 8193 8727 8499 3046 2628 7639 6737 2 4385 2656 3149 9946 7405 8107 3307 7541 
8640 6950 53 9502 4213 1400 7329 5618 9607 5314 1148 589 8018 9503 785 1321 3720 8536 5003 9029 7300 1863 4562 143 1396 876 7350 1293 3482 3895 5574 288 3042 2966 4876 9302 4804 9429 1969 96 4532 1849 1042 3077 9318 369 4668 992 8797 4393 5610 8790 3907 7886 7391 7432 4889 3872 3018 703 8461 2554 4691 6654 1930 7646 6266 290 774 7094 308 6943 1943 7489 1089 
8567 1565 1067 7871 5796 8224 5911 3689 9054 3562 3449 7787 3805 7991 3192 625 4124 5493 4106 4202 8106 4219 804 5013 4933 1059 9819 1219 6428 4982 9026 1285 6208 2238 9582 206 2684 4408 469 2494 5348 7858 8848 5270 3518 1149 945 6525 3042 3479 9036 9672 1255 8487 7734 1142 7239 7900 5921 1 3818 1172 7769 7516 2323 2631 2832 494 6083 5854 7881 4322 8345 399 5925 
4763 1514 3681 1346 8594 1732 2165 4520 4681 5948 432 7457 9660 5327 4981 1710 9729 8454 1736 2701 1003 9845 548 5001 4530 2022 6997 4958 6875 7526 5386 9384 4827 1485 4095 4176 1922 1506 1506 3944 6092 9779 3300 6209 3519 6984 6081 2987 2566 7092 2081 2595 3576 4349 5235 8099 5484 5 7948 2003 4728 8179 6688 4618 9243 9302 7697 631 4896 1202 1909 6059 8010 8351 1646 
9079 9889 5726 9261 9929 2080 2014 712 7151 9318 5093 6840 1063 6777 8013 8967 4355 7561 2745 9557 6612 2112 641 995 59 6474 23 7660 8825 6803 7567 9959 4206 6135 2520 2927 5081 5316 3706 309 8297 1154 8022 2820 5652 2397 7456 8926 7887 8606 2311 3593 2642 9516 6934 3624 31 1935 3956 313 2720 409 2262 9625 4074 2035 7317 2931 9485 8136 6998 5601 5268 7950 8632 
9079 7076 9154 6074 595 9039 5485 4763 9499 3451 9709 9564 1361 5754 1898 7256 7217 5606 5593 1454 9337 9664 2137 3279 8512 8358 8951 1149 2842 1374 1026 6546 8100 2793 9717 5635 845 8111 7672 3542 6868 2630 3435 2059 7257 7781 8910 7808 173 766 3967 3616 7676 3710 8278 1711 7834 4206 1387 6393 5809 5740 624 2539 1040 84 5732 2507 2612 4882 2247 6039 5344 1235 4147 
5294 4209 2586 3889 654 7557 33 6500 4815 9340 5922 556 9831 3841 640 6904 7786 3413 6282 874 7016 5068 9468 630 3385 8290 2984 6002 3942 7044 8658 8336 8173 4030 2676 6417 8924 8991 1683 5018 8118 175 7490 8613 7975 7955 4003 1392 6955 3539 6918 7361 541 3337 5541 5365 5855 6779 2579 5417 943 1477 7761 7373 8090 882 1910 8790 5917 2223 4817 2131 1690 3620 3611 
6150 7787 9403 7859 2802 286 9415 7153 5910 4899 9707 9425 3999 6782 8066 1957 9900 7563 2113 2981 6149 258 3201 4655 1925 6546 9259 3954 8112 8551 8908 915 709 6433 1549 8942 6345 2233 7569 163 8578 5270 5337 8359 7239 6497 331 478 1043 7764 8453 8849 7236 8334 2897 7653 941 247 288 576 5728 169 8164 7802 8733 689 4217 1257 6625 3653 6028 768 1817 2718 6057 
7011 8742 6396 8448 5784 9752 2892 1998 5617 1932 9633 8680 4135 3078 788 285 4980 7569 5354 8003 6130 4521 7851 9721 9025 4212 7782 1739 3374 8530 2677 344 4541 6846 9741 623 9595 7795 5596 5688 6832 6734 9689 62 8498 3200 4473 1334 7635 7904 2083 8338 9788 2453 9609 1466 8050 3254 1947 3890 8852 3853 5097 5847 1272 3132 9366 7350 5621 770 7574 1369 2927 5048 2544 
3084 9152 5174 4182 3207 5329 6392 9266 3446 1207 6464 8981 2285 8945 8808 4184 837 346 5233 8531 5478 1435 3903 3691 6956 3152 8413 5881 7023 46 3824 5784 7436 5738 1060 4894 6903 9774 4078 1883 694 4133 8555 7544 9089 3988 8558 6805 4743 1765 1872 2615 9677 8249 5747 2426 4493 9196 7493 53 9913 8135 4147 1602 9027 1478 1621 3928 5791 3596 9563 7801 9556 1590 2229 
5639 952 2043 597 2166 2929 6150 7210 2576 4189 7100 2152 427 7860 1145 9783 8408 8381 7020 6965 6235 6267 436 1306 8368 6084 3771 6887 8917 3580 670 9298 7184 6826 735 3182 4872 3675 8891 9632 3592 4134 1123 5175 1465 2206 8993 7251 4132 4849 8776 3391 5634 4761 3302 4169 2571 779 5613 6099 3175 8262 8938 6320 9181 6997 7035 9398 8877 106 2184 5461 7150 9713 5184 
8886 4582 2139 7441 9544 2291 1885 1905 223 1572 1435 7270 8417 8060 3569 3820 8699 702 3730 6877 7778 9388 7922 1123 2162 8521 6553 5996 7423 925 1756 9768 6962 4621 8537 5657 2222 9023 6405 9325 5656 1383 4527 6374 2361 5895 9917 6485 2752 5220 3094 2074 1696 5797 9446 4249 2081 1018 8668 6994 797 3509 1907 5121 833 6306 7445 2210 4108 6694 146 2127 364 1473 6188 
411 7323 8695 7594 761 3221 3131 5390 9723 3562 781 6506 3761 8581 1991 5002 5159 8079 2943 114 146 1920 717 5130 7273 4029 9901 3290 5071 3332 5697 56 4327 2790 4817 8784 5648 2034 6077 2252 6825 1321 3713 2471 9709 5211 3082 9849 9969 9569 6934 1776 2137 7385 5963 6064 349 3660 8457 1993 2517 7763 4922 1758 3193 9911 3534 7408 1293 8277 7291 5336 1240 311 3521 
3134 4968 8738 3351 7730 6514 545 3941 2046 6443 1167 1854 2525 7899 2195 7950 3303 1240 5122 1341 3958 2247 6753 5217 4977 7251 9575 5730 4854 4526 337 3339 7119 2719 1433 1858 2621 1740 3211 4088 6876 9595 9717 5123 2811 9321 8049 7645 2643 3246 8810 8552 5969 6811 4081 8103 4750 4419 7086 1412 9179 8953 1437 8580 2868 8770 2981 8442 4910 338 5298 8252 5820 3165 8487 
3053 8105 2723 455 9620 546 920 6972 789 1657 3108 4406 6730 7608 6514 4966 6552 6539 2387 6238 3869 2208 3019 7827 4389 482 5934 1234 9845 4119 7911 1000 89 1974 3398 238 9431 2818 1805 8945 8817 5305 1589 6241 9076 4126 5892 1996 3193 5771 3412 4776 5680 617 8842 2031 4478 8057 2948 4490 1288 1014 2760 1370 3047 4039 1107 5889 5559 375 9448 9372 6413 9923 3067 
6387 2455 3529 2436 6775 3486 8231 4055 1747 1509 5296 2158 7599 2546 693 5184 3383 7682 5597 8387 2571 1225 4961 9381 2414 2136 4437 6205 2284 5299 3882 6908 3408 3697 7959 8106 5164 1533 1965 1672 3249 4173 3765 209 5757 2652 626 1001 1093 3083 3690 6908 2045 9068 7672 836 5815 3170 6482 4559 9691 5241 4859 5340 2571 5448 4788 5363 2301 6023 1975 6259 9782 2584 4168 
3706 8336 9290 6850 9281 7870 4082 7033 9441 3058 8815 7110 3340 456 2536 9715 8342 5118 9724 1094 8640 3061 2637 2168 3607 9598 5560 1721 3375 8660 5477 1832 4555 2867 4260 8584 4555 2061 4692 6695 1417 7407 2123 4859 4755 765 7803 928 596 6417 1136 3901 1344 1677 973 9423 7455 9396 7409 4085 4716 1321 8699 7435 2936 8268 209 8874 8814 9976 4142 2764 5483 2232 9833 
3903 3869 5904 9907 1317 3937 9216 874 3083 5285 9709 3411 1370 8995 7223 2834 8092 2000 884 6028 754 4990 9084 4436 7679 7990 7938 6488 7269 9297 7258 3593 8848 2779 2432 1338 148 1587 4420 9000 1631 2068 1742 3380 7323 6334 4138 318 1415 3824 5460 3439 4554 8822 8614 7563 4201 3389 2130 9170 4101 8094 1361 3643 6112 7325 7212 1026 1037 3260 8964 1820 5144 2994 3184 
479 8118 6054 4689 4322 8382 7891 7961 7033 6545 1316 8431 1321 2744 412 9526 769 4238 2015 9433 4555 7933 6671 257 7305 9216 6580 2483 8450 5144 8115 2710 2507 9905 389 8978 6895 5269 8575 3402 4587 6719 96 1266 5659 5007 2813 6897 6490 6388 1003 4454 8389 4526 4990 4493 3779 8562 5182 7151 702 6479 8261 6703 6533 6210 6393 2970 1927 3095 3039 4914 4819 3718 6368 
6070 4366 847 1779 9730 1379 2098 696 4358 2839 314 5907 3679 324 2751 8409 3524 6355 3593 8310 9745 9968 1531 2852 6864 530 7800 4487 8940 740 3440 5867 3772 6060 6495 3346 5936 2571 4006 1051 9447 8074 4897 5907 9887 4772 1347 4992 6013 1066 1499 4144 6328 6271 1760 1899 4093 5505 1512 2720 1716 124 4733 2107 8437 6212 4391 8076 2322 8622 1926 8538 4635 2314 1753 
3 9627 6646 6046 65 6140 2890 3550 205 1829 2833 2200 7020 903 688 1261 3613 276 3324 5473 4785 4438 705 8643 3162 5534 7395 8573 335 9675 3557 7375 4924 8056 4454 5888 2956 9383 8168 6382 8873 9122 6394 9458 6667 3488 1239 2447 3205 9724 6432 8347 1417 243 8761 7318 5389 1001 984 7841 5470 1304 1173 6676 6067 2843 3697 3003 2041 2244 8501 9529 9226 7299 2092 
8094 1819 5808 383 2190 1236 700 2097 6018 8204 716 4178 8539 18 5739 8001 6444 8326 7821 3891 2892 1735 731 4112 4654 6061 3790 1276 3648 2473 4913 9746 8602 514 1125 5032 7455 5622 8060 529 5537 6586 8880 9797 5926 6880 8394 2447 617 5566 8766 4662 177 1064 9458 5519 1545 8583 9014 852 1497 5455 4215 5480 6044 7961 9486 5732 7255 7261 8003 3107 3415 3167 8298 
9232 8964 6255 558 6354 8881 5596 424 409 3652 9809 1888 8749 7787 5224 5157 9156 1176 8558 1673 3739 4226 5726 3341 7462 6635 2722 7017 2478 8408 9992 4358 3706 1644 4827 834 3285 7074 9284 7731 6536 3821 8180 3725 2411 5618 3304 8461 3465 2698 2677 9911 7693 8178 820 8287 4562 5318 5890 5144 4392 4347 6837 8663 8814 3541 6276 4999 1413 6280 9651 995 4245 828 5551 
8439 5877 8302 9364 7385 5753 7934 3344 2557 3189 3202 4487 7641 8348 8108 3283 2652 7042 9741 9547 6066 1410 7462 3087 6771 996 7157 2486 4532 29 5065 9143 3387 6443 6306 6240 4530 1900 8639 3940 8846 5243 2398 4888 5464 5355 6271 4490 5470 3524 451 2515 9702 4469 4622 4076 8424 7967 3641 2112 2947 397 325 8302 5229 2762 8675 9054 1468 5205 1945 7655 5615 612 6228 
4947 2276 1076 3182 5292 3832 2878 188 5842 2888 5053 6837 5299 8948 2475 8137 6774 6948 5386 2090 3297 1453 3446 3079 1702 56 7601 6765 244 9787 5921 9688 9435 1398 2304 3882 5799 5576 9805 3958 8256 3067 4298 178 9869 6732 4656 1607 5061 2730 6617 218 1578 5677 1789 7853 8508 7215 2815 9940 29 9342 1858 7197 5057 6323 6509 804 1578 3306 6246 6349 2178 814 9875 
2249 8471 969 6785 4989 265 8680 9087 7535 9228 9899 820 5919 2810 8541 3789 7497 5462 4879 8254 4036 19 4422 7197 8320 2432 4017 6089 5250 2972 4103 9547 4702 487 6429 2732 5975 1573 1076 1940 5983 3799 6614 7544 447 4017 308 2265 6001 9459 5955 6173 6133 2996 184 5320 8177 3314 5596 2110 5299 2649 8020 4482 6342 8785 3163 4797 3303 9806 4057 2191 3537 8105 6755 
8207 4904 8990 4623 9122 3023 7111 8361 8556 4415 7700 5294 3882 3624 8650 3191 1407 4575 7615 1426 6469 8025 7119 9047 6374 7366 4555 2034 66 5145 4051 4074 7844 3309 6931 1456 5537 6376 3556 1594 4574 7912 9166 8117 3427 1349 2973 4467 4794 4551 6150 9384 5281 2668 773 2666 721 6098 2730 327 3031 1963 2773 2401 6466 1016 7287 6521 147 6920 9368 7920 222 484 1218 
9549 5721 108 5504 2447 8892 2436 6079 2354 495 4068 4640 641 5605 1671 1324 5398 2010 6425 5526 1014 7580 7769 6406 2785 9004 2009 9864 1665 4879 7821 6650 1960 5203 5487 8509 9933 1921 3389 5057 4449 851 3142 2333 8997 9160 5553 5743 3010 6983 8958 5949 2278 2129 748 1912 4550 8533 1237 9758 5661 3412 873 4006 2115 2954 5353 4247 9552 8973 7149 7976 9423 2314 7273 
8950 4869 9666 5770 6745 9672 485 4336 1593 4794 5392 3991 8876 7031 9870 4366 3563 1424 191 3593 731 2842 9531 8343 5405 7764 4160 1238 7774 3844 4953 4782 6905 4286 7606 5634 4492 1164 6403 666 6534 9968 8725 9591 7330 6656 2097 2793 1463 5259 5883 6458 3175 4052 5373 4684 4627 9945 261 4016 7369 4662 5624 1566 6177 6509 1736 1235 4358 9983 1711 9052 4919 7368 6336 
1251 3266 9734 8103 9078 14 6292 9794 1280 7313 8102 9503 8019 708 187 2180 8886 1248 3690 9249 1499 7443 3638 287 3081 549 3267 8807 2465 6875 2499 6215 947 6146 838 4235 1934 561 1411 2277 1436 7193 9270 7346 7807 106 7336 4237 2275 1921 531 780 8641 397 8027 162 4092 750 1736 6936 9372 647 8182 5046 5917 9484 4829 5918 7720 9479 8865 2258 6342 3748 8567 
7081 2805 5234 2628 3652 8332 7231 9013 2264 3881 8051 5062 6938 2599 8001 3975 4598 5433 6448 5075 9256 7308 6087 161 7743 8503 4189 4967 1975 8193 129 2184 6345 2584 4382 28 1208 483 4036 8126 8263 7250 5297 6535 8416 9698 9137 1368 1831 5071 3531 1989 4942 2757 936 2314 598 179 2506 7302 133 8240 2300 2829 3391 204 6587 3936 8354 7172 7078 8073 2596 5057 7299 
1569 6992 5042 2563 9986 7221 4782 3957 8781 1589 3807 5790 4460 8009 5043 4470 4575 808 265 5306 344 7261 8234 3700 4794 7149 3129 3128 5633 4900 2745 4614 7139 5168 4068 1782 6632 8219 2079 1026 8758 1552 9828 1919 2367 948 61 8160 6155 7764 6692 3114 9789 4300 8958 6931 8830 4866 1800 4336 9578 7189 2197 5889 7512 7817 5510 8077 2232 6288 4344 1486 4588 6308 3211 
101 5070 3891 9878 5954 963 1102 3411 4630 6326 3403 4200 8367 7153 2002 9843 5865 3492 1051 9926 9324 7932 7137 9726 7230 9062 6852 1424 2526 7954 9848 814 2460 3732 6192 1938 3122 532 3405 6686 5299 9552 5725 7216 5239 4175 9024 9570 276 9038 1165 1726 334 3060 7087 8703 9866 1352 458 5480 3910 4512 7600 7362 8817 5500 5510 4440 6668 5932 9032 3008 8794 1507 9728 
4822 9784 9572 1910 2410 8002 4260 261 8176 533 6463 3265 3017 5924 8362 1734 3785 4030 1411 6533 7683 8467 9746 4085 8674 2456 7612 7560 2282 9395 1666 5056 6982 7568 4397 3477 4344 1791 3721 265 4606 5505 5251 8444 5495 9728 5882 2384 731 169 9561 7622 6379 5206 6838 5282 258 9404 8728 7025 4920 6976 6547 1768 8781 1164 6085 1110 378 6622 3822 3404 5099 5104 9899 
2455 6165 7196 4961 932 1389 2147 3237 9524 4721 7057 6145 6733 3091 2937 1031 6491 331 262 5340 6289 6742 2869 8242 3322 3923 6523 3815 8647 918 9724 7727 3358 8664 1080 8011 8060 3159 5499 441 1536 706 8001 6175 6177 7738 5169 9857 2713 796 529 791 9034 3193 3194 1647 1125 573 9562 4336 817 8382 9937 5761 3424 817 5293 6126 6624 8113 3899 6590 4276 2560 9933 
4889 3240 8992 2980 314 5963 9139 1646 953 8897 3043 3538 5844 8452 9005 921 5185 2869 3358 6522 1225 8473 7830 958 8409 8618 2618 2794 3016 2825 4649 1067 1341 8259 6124 6265 3160 873 3460 5522 2494 1475 8142 9611 2843 7743 5278 4034 5126 5562 3706 3891 4929 1326 3788 4803 6504 2205 8477 4842 5566 4682 1673 314 9492 1476 1034 4738 2794 5051 9018 8290 119 5049 8020 
6961 4762 648 2446 5012 1377 5460 7003 6112 6692 438 5711 8294 1492 6044 2614 5655 1405 172 2699 145 9966 5800 6819 3022 8737 2806 9700 3194 3501 17 7286 8350 5847 6395 7727 2620 8881 3761 4059 3728 7244 680 5939 4104 3000 6099 8198 5652 8203 3383 2432 2066 6873 1213 3499 3110 275 8460 1088 1552 5643 3670 8936 681 7003 6929 2174 8665 1120 847 9483 9979 4047 4606 
1955 3025 76 2607 9290 7996 3231 9922 9854 8692 291 5068 4027 2264 6199 5526 8992 504 4740 1830 2111 6599 9853 5391 5155 5789 131 2610 8786 2659 1564 8837 6665 9741 7152 7684 222 4827 2779 2715 5570 6545 8313 5199 7892 3936 2043 7571 6234 2528 3944 8150 584 2262 2518 5197 5237 976 3076 9805 65 2061 1919 3761 8205 6225 3125 6018 8104 1273 7357 3561 2162 2554 3588 
7504 2857 8081 6451 385 503 9742 202 5179 6404 1566 9017 6662 8160 2475 7822 1608 9968 4593 5134 2810 6165 3037 6438 1471 1443 7627 59 144 448 9647 9189 1941 8218 5225 1469 1704 5789 6280 1014 8007 8084 2207 7636 2412 1350 3955 7825 5342 3879 5342 3504 7155 9657 314 6938 3356 2553 8268 9881 347 5364 7103 8650 263 6807 1436 4861 9084 1288 1024 4221 1157 2033 4818 
9309 7638 1180 926 6173 3565 4105 4336 1146 9063 4859 6784 9298 4683 5775 351 7944 8967 2614 6603 9499 3151 7450 7410 8046 5081 3224 9518 2434 533 3919 1690 1496 9619 4491 417 2903 8472 4292 8493 313 6904 1740 3926 1234 7404 9888 2173 8998 438 1210 4977 7854 6939 2455 358 7179 3629 4737 3959 6584 2331 9104 9661 4290 1153 6130 6627 4118 7728 5768 7695 7480 1515 758 
2599 3218 9114 3675 1893 9409 8611 2995 4994 9354 9345 320 4561 4996 9633 6129 6966 6796 2057 6584 6674 1394 1046 7789 3269 6798 6017 9981 4848 3361 8336 5556 7393 2400 2695 3011 5786 3228 2595 4340 3699 251 2199 4102 9079 7338 3137 3528 3543 8116 8716 8758 64 5958 9532 1485 3641 551 5556 7952 1239 1658 2410 6983 7242 9741 9974 6409 2430 2688 2896 4321 7812 8081 7810 
7315 163 2109 2275 3343 3050 8558 359 9840 8574 8187 599 2335 1301 5760 5047 9959 1726 314 6930 7229 1087 4831 6927 8105 8691 9565 4982 4614 8176 1356 3447 7085 7983 8649 3779 1267 5814 5505 5448 2357 9880 9770 3256 4085 179 3074 3521 6177 975 6951 5989 7539 1322 1462 6665 4720 7145 9570 5617 9574 1359 5234 2889 1228 8364 158 6018 7304 2637 1946 7735 7117 6763 5088 
1076 9167 3021 6014 7842 691 789 3441 3527 8868 4681 4947 1701 2512 6767 6417 3231 6830 391 1446 6202 1533 360 2652 1188 3084 7976 3518 8070 4681 2463 3308 3653 1946 3737 5015 9434 5975 7595 9415 9968 4892 9967 4465 1898 4547 604 7406 9576 7662 6674 5490 8316 6071 9388 1053 9054 4818 5133 7325 8651 4947 2222 4146 3000 1281 8023 2622 6633 9672 9021 7859 4231 4790 291 
8562 4487 6409 2663 9873 4582 668 6440 5109 6525 6292 3917 8469 6871 1453 6812 8976 6211 2448 6672 2818 3287 6298 7698 2008 718 1826 2378 62 8315 2074 1151 649 5463 6172 956 7938 3468 7522 2941 7602 6833 9818 6076 1816 4940 5742 9180 9928 5227 9319 7567 9899 8189 167 836 9341 2018 4647 6887 4788 5621 1576 1085 3468 8904 5147 773 6912 1726 211 4036 9235 9790 2355 
8506 2007 618 9527 2824 6030 5147 4708 373 3986 8934 1328 3595 4714 8202 4214 2495 6956 1182 665 9355 2940 3809 3251 3813 4650 7100 6594 5304 231 5236 8179 5459 1089 8903 859 9340 5333 3479 8937 8861 7587 407 8852 3212 6547 5883 5266 1178 3835 4908 4257 6158 4854 2733 1929 6580 6158 7918 3961 884 8372 4976 5355 5008 91 1646 9652 1634 5232 1800 5156 3105 6852 231 
95 421 7168 5048 9916 1526 4136 9090 7020 2701 9930 2671 3212 8673 6640 9805 5419 2822 7233 4836 8219 3781 3818 9294 3921 17 2559 3589 4609 9612 9124 1702 9872 4508 591 3736 5020 11 4544 265 2446 1424 1908 8821 5423 6729 7013 7104 3030 6401 4274 6116 4122 5039 737 1118 4064 4301 662 9404 8834 2537 7116 8841 1169 1850 4365 9996 8774 8396 8275 1642 9855 5021 5634 
5545 2838 2698 7436 2923 3835 4415 9106 5263 1849 8993 4297 9463 2434 1522 5245 2740 1127 4160 5375 1424 9136 6138 1341 9305 8967 3474 9323 4485 5872 5483 6950 8457 9321 6108 4469 1538 3938 6958 1984 4256 1896 2070 8039 590 4183 9790 4644 1711 1590 1199 9758 2868 5385 9930 540 6263 1182 7132 2244 7184 7685 1842 5842 3261 3449 8767 1521 7460 6309 9863 4378 3280 9894 948 
7638 9118 2882 3463 8434 8226 2030 8986 9744 5515 9313 9393 7836 1816 4610 9045 9159 6197 651 7986 7555 3798 5851 931 3018 5967 2968 1554 4296 326 6639 7720 7433 1033 2829 8554 6943 8093 5860 3591 2244 4101 6429 841 3041 6571 5855 1271 8762 3717 5021 2888 1916 6687 7424 63 6983 6052 4192 4785 2421 3139 9011 6362 3340 1961 3020 6705 2812 1247 3714 5031 7707 5431 7805 
8063 2262 7873 8884 9792 6234 4744 9423 2824 1706 7649 8154 4021 5842 1062 3488 1483 4248 1117 4455 9738 5330 4949 5349 9091 6752 7066 6792 9431 7628 9838 1970 6487 3229 2017 7202 2027 4622 1459 2737 2407 7515 5272 1867 1478 100 1145 5585 2735 4638 4430 8637 7964 6649 115 6797 8097 3079 5024 4450 4899 3674 5967 5298 1931 8675 6841 2903 1423 9663 3962 1582 8357 2574 9664 
9466 8273 8171 5659 2083 9014 9236 6065 3681 620 7072 1922 5092 7732 8655 2146 9101 4956 1033 2075 8895 9557 7490 9395 1356 9744 3497 6076 7325 7588 7585 3184 2368 8277 6737 4772 6170 7474 3794 7985 9115 7605 5605 7555 7526 2702 8910 6147 8111 9874 7905 9399 3279 2919 7733 8677 245 402 4766 7669 3476 9570 627 2350 2934 5226 2654 6952 2184 4737 2669 1008 7586 7892 3340 
2777 6146 6592 4664 2520 4995 9603 6275 2842 8721 7117 3177 2272 8923 1637 8143 8790 4142 4957 1 2471 1724 8239 5611 7727 7690 9340 3863 2590 9203 2200 9397 9274 6848 5200 7633 6531 3250 6219 3082 6808 429 1744 5813 6522 3476 896 3494 7372 2120 9987 2966 364 6979 1299 4938 9342 8743 841 1893 7771 3090 9458 2674 1682 2460 5494 111 7881 8182 2652 7815 8000 8107 1286 
1202 2965 1692 9402 410 5584 1424 417 8042 6655 9392 6136 1976 5051 3303 1637 33 4443 9466 4411 760 542 5442 6607 1491 6044 8297 8257 8929 2105 7561 7540 548 7592 8117 5796 5685 6964 4989 5758 1436 4628 1955 4132 9887 304 330 1094 2616 9760 845 63 3695 1365 475 9716 7175 530 7529 7809 1436 5158 2731 7001 9071 7607 1869 1706 1894 701 2822 2103 7473 6970 8077 
7287 178 3528 8622 275 8827 4182 6016 6559 198 4745 1837 6659 3642 6305 5385 302 7144 9106 3084 6142 2997 176 306 812 8645 8980 7048 8799 2244 2920 515 3596 1316 9311 8754 9943 429 9978 3032 9608 9407 8920 8248 7256 2284 168 5487 1651 7158 4979 6195 5283 411 8391 4980 1513 1016 5563 4472 741 4395 4350 3616 4747 9201 3808 1595 4797 1113 5001 9238 5457 8625 7383 
7958 2214 7325 2395 6053 4199 4983 2892 1032 4406 9424 9775 7172 4239 2504 4547 1877 173 8695 7876 8284 4333 7497 4888 3422 8550 5798 9171 8590 5748 699 6828 4698 1054 4363 3939 6437 2586 331 8400 1944 1603 2539 2019 6270 819 374 9340 7856 2111 6244 5738 6501 8932 9002 3440 7259 2084 8922 8667 6137 1508 1985 163 9578 3744 7144 6655 2609 75 3246 1924 584 8660 9214 
7274 6783 6801 6651 6883 9858 103 6190 1443 9556 539 9835 4377 4918 9099 2548 3910 4094 2497 5707 5308 9388 995 9341 4228 4124 4737 4836 3953 2779 7732 8284 3102 9099 1331 7668 8453 8501 4768 1487 6815 950 7553 7807 3337 3492 2814 3497 5946 2253 8857 3484 2132 7669 90 4083 6046 8736 5342 1219 9654 1712 221 964 15 8203 7353 329 8132 5871 9200 5356 4039 6785 7097 
5700 5479 3983 4190 7577 7574 4982 695 2220 2232 2945 4645 2522 6598 4381 6282 2276 9142 1527 2342 6871 5198 5268 3702 138 5270 1357 2548 2248 9542 3452 3654 9324 9015 7323 7803 2054 8908 4812 3716 7998 8814 6345 9634 3868 8433 6268 3894 7903 7756 7178 4965 9696 2484 7053 4217 4147 7098 3085 9680 3884 8707 565 9507 3948 4296 1273 3551 6943 1153 3254 4752 4386 6312 1656 
