9995 6550 3704 3652 8386 84 9677 8610 1898 6452 2912 9314 96 8305 8130 3456 2564 4620 5014 5772 
1070 9291 3158 4639 6481 5797 8233 447 8893 1817 9491 9755 3318 4969 5580 9921 5992 7377 921 6605 
8101 1317 362 5562 181 1218 6996 932 9699 1627 5284 3875 4806 8266 7718 9383 3996 30 7194 7408 
8686 7751 1251 9009 5277 9683 9063 7748 633 2046 435 4509 8165 8784 8636 8772 3579 6359 5744 7239 
455 9963 765 9297 1802 5216 5820 6469 2811 9420 496 4178 9529 2093 3180 2949 7234 610 7352 5589 
5808 4626 4728 3492 6383 7241 8270 5948 3349 7529 2749 9827 4572 5721 2384 1130 8358 6022 4316 4174 
2286 5251 5460 8465 1608 7313 5348 3997 3885 9097 1571 6792 5246 8738 4487 9760 7161 7785 4353 2404 
9441 7941 8055 1467 925 8303 1081 9887 4215 5484 9369 9345 2664 1291 1664 1508 4658 9498 8968 9101 
4208 8381 9145 826 5330 9287 9023 5500 6069 6506 3909 7199 7247 5095 244 1990 7526 1185 8467 9284 
3891 5605 4773 232 6077 6105 6119 4642 8609 4235 9889 8802 5650 5942 5620 8051 7423 3801 5890 2117 
9632 3996 8471 8374 3023 4622 4446 6623 8937 1294 8382 474 5705 8736 6132 8185 2680 8734 6825 9801 
7643 6667 8116 3602 8613 5761 4145 10000 8338 1443 1484 5462 4364 4525 9254 7411 7654 3072 7639 5575 
7445 4376 673 4575 8766 2873 5448 840 9725 8129 7832 6475 6731 8588 6174 4861 5108 5928 4386 6639 
3081 9008 3791 6027 975 737 4972 3851 3622 9016 2886 642 5058 8756 3358 5714 1015 4696 784 6933 
1411 1434 9644 738 9400 4541 8011 2594 6841 5429 713 1475 7630 2388 8475 4410 473 3740 3645 9207 
7852 9631 7485 4394 7155 418 6931 4087 1802 5409 8324 6594 4508 2936 8071 1744 4858 3946 8625 4816 
2844 4501 366 3909 1969 4204 6905 764 2564 3818 9480 7500 9960 4559 679 7285 3975 8026 2686 1146 
399 6508 5107 9132 670 6979 2770 7484 6257 6424 4810 3572 8515 362 9232 3613 8769 7441 499 4657 
1328 5661 6353 8716 7041 2577 3924 937 1624 2488 5091 2543 537 5998 3628 3775 7624 9725 5748 3541 
9458 9670 4710 259 6640 2026 9694 2033 4689 2211 2912 5939 8862 3920 233 5661 4518 8474 5401 4001 
