6667 1110 1862 2126 4395 7707 7772 4401 8354 823 1528 881 1979 4484 1962 2378 8195 9766 7275 2843 3601 926 7651 8649 801 9473 8362 4838 6472 4083 6347 3655 6323 3723 9301 6128 4259 95 9694 1842 3586 3302 1108 3367 9284 8928 3427 8545 5455 6847 4956 2505 278 1078 2388 7803 5227 7810 5177 2000 6627 181 7896 1304 9222 8756 3502 4532 9777 5428 3242 6906 1923 788 493 5873 8782 5891 3677 2047 454 8066 2446 1254 6091 1785 8549 5817 8524 2765 4879 4981 45 2467 1229 
9039 6036 4461 277 635 7371 6391 3510 2790 8845 7673 4458 1154 5853 6794 7799 1443 501 2428 3275 2678 1961 8947 4989 4600 8328 4749 1534 5916 7995 9346 6667 2857 5805 3920 5735 3491 8144 9127 5046 4423 6464 8862 8959 3553 3511 4707 1512 8230 2205 4145 2617 512 7951 5861 9448 6393 1635 8613 1336 6407 4299 4381 2608 8515 2528 7777 992 1500 1239 7387 1571 4336 9437 1938 5004 5532 5453 3796 1265 5213 6139 9713 9565 8450 7093 7325 589 3273 2789 208 5256 9231 9104 534 
8070 7366 24 8411 2667 92 6645 6076 7377 3393 3359 6726 6913 1291 7768 3266 5174 624 8661 9424 7118 6694 8048 4270 967 8077 1666 635 1226 4012 8605 161 2192 7493 1012 8691 5025 1183 5867 4549 7836 4744 8143 2458 2172 4722 2441 364 6664 3350 78 5367 4412 8642 1440 4437 7566 2212 6730 6007 7237 2468 2885 899 8097 8147 1213 8343 5180 1622 8277 1397 7196 4631 3605 4296 6718 6213 3348 9372 6887 4300 7314 3980 6568 6175 981 4174 113 2610 8332 4543 72 833 6767 
863 298 790 2876 5053 1452 8427 5822 1493 497 953 2821 8072 230 2437 4359 3503 6326 2074 6533 9395 146 6698 7662 6265 3213 3943 7465 6423 3075 7381 7729 1560 2261 9903 8891 2388 3291 7023 9151 8962 442 488 4298 2544 1625 3992 9679 286 6475 3957 2720 9464 5984 4606 5617 8455 9276 552 1631 8233 5894 3469 5065 8183 6247 9718 6987 8178 8878 8126 4970 5482 496 8124 5815 5034 2053 3184 5384 1714 6110 3431 4664 3045 734 7147 5836 6480 167 3996 1251 7371 5539 2202 
727 7558 1196 3335 8932 7981 5050 8075 4266 5999 3697 3843 2191 787 4190 8768 8050 5535 5859 9266 4290 3650 3253 6540 9780 76 837 8677 386 2517 5079 3271 8759 8794 5207 6627 1921 4761 6962 8642 2907 2132 7386 2937 4724 7252 8373 6825 4637 1301 5948 9388 4764 4048 5498 3846 4527 4950 2022 7955 5188 2504 7924 3742 9686 5661 9686 6777 3836 7529 4394 9907 1883 5245 3620 4986 1454 436 4346 2836 7513 164 2319 5680 935 4502 1092 6976 28 6979 1252 152 5652 1548 2069 
3681 1247 1995 1143 2081 2322 3334 5219 7973 8811 3106 4247 4738 528 8328 550 9666 6800 8528 9881 1011 8611 1239 211 3645 6099 5623 8569 7922 6794 3856 6212 9476 8705 5922 173 2682 8537 5448 1481 8728 2956 8764 903 4060 9813 1789 5652 8450 3368 7332 3019 3505 2127 4056 4110 2264 8215 520 9051 4811 6565 8742 1955 8660 4484 1838 3666 4387 9850 9771 5390 5055 8600 2765 3664 3936 1841 236 4210 8107 5620 307 9008 8190 5396 5145 9379 5712 136 5354 103 1131 2474 3961 
8463 4121 3257 722 8542 7895 5326 5482 5442 1772 3276 387 179 4838 4802 965 1666 6535 5550 1940 2754 9497 3509 1129 242 6093 4405 3889 9203 6300 3838 6038 5115 1719 4147 1839 7801 6853 1638 9100 8371 9785 4817 4984 9433 2116 8426 4011 5981 8458 9663 4396 8429 1795 5971 4716 4337 9217 2993 4448 7537 2181 9160 5231 1528 8763 4776 3780 7063 3990 8011 1870 4412 4680 5018 8908 4341 8873 5430 7440 5790 4881 3078 5611 4224 6744 9976 2953 5804 3061 4308 2924 1174 8914 3384 
6738 8415 2493 5671 1214 2703 5357 6510 5154 4104 2146 1797 7594 4654 4606 3881 6358 6681 3201 7752 2214 6397 9366 2587 7819 6059 9839 3564 9298 6421 4167 9439 1995 6836 7633 7155 9373 5647 4711 3062 1171 2849 5480 6067 1352 5023 4379 929 856 8131 2045 6514 549 3351 9919 9424 4700 805 3850 8596 7474 8709 1863 5592 3009 3949 7694 1227 9095 3404 8726 6309 9152 299 5393 190 6636 361 3609 4076 8442 9515 6101 7285 9239 5603 645 4832 3075 9785 8538 1967 1860 9706 3099 
6354 9717 8319 5457 1492 8955 9645 3793 5929 136 6580 5281 3120 490 4647 1881 3826 6481 788 865 3860 9545 1147 6845 2739 6041 4840 1631 6973 3583 2074 3530 9506 7635 9380 5666 852 5408 7405 1022 9773 8339 4314 9254 8803 3614 284 9377 7969 3201 3046 2692 6876 6613 2970 5317 4306 1180 9908 4775 9335 1274 5163 600 7688 7822 716 9429 5434 1986 9913 9195 4977 3671 5774 9855 3454 4522 1104 5135 333 1744 9639 2339 8168 9560 2433 7812 5769 7364 9301 8188 2511 323 1379 
4205 5616 1071 5951 2161 9066 3429 2992 172 8441 4554 3275 3541 7436 342 2689 1659 1258 3662 8114 8972 9227 2756 5372 805 8665 2734 4128 7657 5134 8608 4682 5153 8603 1611 5027 6829 2480 9067 9021 6293 2744 642 5639 1209 1881 414 9345 208 6971 4326 9939 4485 7597 1415 6204 765 4894 5155 5667 3930 994 6883 5011 5175 3547 1531 2748 5036 2159 8770 9339 8896 1107 5517 5613 4309 3392 6821 52 78 3268 8899 5330 9177 9684 6108 9082 8993 3479 2330 2546 9593 5435 6208 
2980 1279 967 1724 2998 5422 8022 310 7230 2167 2986 7882 8594 6156 5573 3232 1940 7073 9391 9916 8626 9890 7231 6574 5405 7249 1220 9832 9408 5689 6887 1808 7646 4250 2673 3498 17 1632 3974 8049 1853 8470 8035 4048 9137 6914 5623 481 7375 3980 1189 1875 4996 3377 6741 1197 2319 3092 8820 9097 6108 3143 8366 2696 1353 328 700 6182 2480 6158 7704 2817 6132 8842 8533 3189 5704 6706 5759 2673 4885 2129 5858 3933 1990 1474 2495 318 3710 8520 7031 3439 7779 9027 4507 
1119 8316 5557 2546 7797 3796 8694 6767 1372 3415 8236 4313 8169 8709 5759 1179 7787 4874 4598 7127 1654 8345 6262 9404 3674 2158 7730 7932 8697 7143 1759 7826 7842 4772 7209 6252 5178 9788 8674 6637 5846 9154 9330 9102 249 3661 9287 2085 5848 7756 9241 9640 3858 1670 3955 4995 2665 1725 4367 274 4279 7912 5172 4801 3453 4056 6161 4479 5651 4390 7539 1754 4021 8823 621 5705 8083 9649 9461 1333 6680 9810 4667 7381 4263 6605 9490 5156 7875 5759 4648 764 8103 6575 3079 
4553 3308 1270 2959 9347 4871 4102 6719 5514 1293 6793 2109 8745 2890 8218 2045 1208 4344 1452 105 3471 7921 1117 4482 4763 3142 3781 1202 5924 4491 2839 2775 7839 9252 9769 4975 3656 4059 3491 3094 9467 477 3892 1243 4894 301 8838 468 7040 2678 916 9195 2909 3567 3968 8182 4111 9876 3415 2724 9820 7291 9163 3024 9183 4019 2315 5752 5121 8864 9465 3879 9320 5004 2924 4437 845 7268 4477 8253 7001 2614 1343 5334 7335 3634 1012 1902 7992 6181 3372 4222 1654 7433 6861 
1149 109 900 3063 4830 2265 6056 3389 9266 3089 4228 8685 3443 5735 6328 4943 969 5102 8725 2447 4850 7446 7030 2795 6521 9139 7219 4469 2059 2514 2556 4139 6449 5126 6438 6605 5940 677 2444 9338 3342 8808 5900 2076 8264 7214 3108 2529 6988 8215 7278 7271 3376 9687 1487 7550 9389 642 1554 1223 7969 153 8746 9678 8158 9819 9835 3298 7301 915 7 359 4945 1006 5086 4179 7510 6629 7284 4851 4765 6664 151 9191 3202 7534 8274 538 8840 3023 3929 1073 2122 6948 1288 
6722 19 7054 401 1863 7020 3214 2044 4381 7194 5174 529 6772 3881 2605 5940 998 2859 7415 8422 7460 1166 9106 1952 2314 6139 5748 5058 5707 1371 824 8127 9675 6771 3087 1148 4103 6053 507 4182 6086 1172 8033 4269 8838 5643 9215 4126 7738 3107 4144 5852 8242 7616 8805 4308 7400 2773 261 654 7695 2400 962 7394 1887 5276 7940 4498 8090 1819 8084 8729 3288 7068 1391 5189 5922 6035 4702 1550 4607 8532 6299 9374 5444 7000 5196 9233 3271 812 3213 1931 1393 4595 1952 
2787 200 9712 1646 2754 7640 3265 1232 7004 5717 4808 2253 7732 3322 6900 6087 7365 503 3296 6380 9346 3502 6006 925 5217 5272 3299 2680 3398 5979 9200 1453 1616 601 8043 6601 6939 7767 2368 7940 8420 8343 9978 3549 1040 989 9767 404 2370 3024 5288 2107 4995 9918 8050 5534 3104 3654 4071 8380 463 9958 9500 4694 2036 597 4655 6473 8450 1658 8954 429 9946 8764 8718 3175 9901 7081 14 3529 6708 836 1771 86 6911 1863 403 2359 1940 4014 3627 6723 2774 5738 9235 
5360 2589 8792 4046 4502 2846 7425 7176 6440 3503 4447 6683 1226 4977 1916 1805 6490 3567 2897 9625 4921 177 516 8329 1959 5324 9851 9069 2360 3651 6818 4184 6825 5404 9035 6520 4078 4054 5619 6471 3226 2976 1450 5201 275 5103 2115 6090 8303 8347 8757 1687 6939 3107 9197 5621 521 7387 6175 4512 6341 7057 9651 7248 1630 7812 4324 4726 4914 6424 2705 9934 8920 9861 5308 7761 2517 9254 9224 4047 1341 2841 3756 6744 7262 9525 4636 8904 7635 1569 8340 5220 1679 4016 9871 
3832 522 6501 6932 6564 2552 2914 8565 9420 7247 5426 6260 5818 1282 6984 6278 7914 1586 6100 6413 1999 3940 5952 2279 330 2659 4314 6710 5001 859 8736 289 9781 5844 4491 8349 2947 1679 1584 2407 7848 2149 5989 2167 8599 9085 1855 4431 2204 6303 3543 5925 5675 3901 582 8144 4446 6101 9648 3472 2615 9511 275 9189 4365 903 4604 6700 4462 1302 8140 3466 6677 214 8194 1337 8195 4396 906 9065 988 5018 588 2275 5971 5632 2498 5135 1052 3106 2733 616 1831 6136 1558 
9984 9330 4873 7887 2735 710 1527 1246 1638 5663 5047 7261 4997 5643 5981 6275 7139 4004 6017 6229 1989 5341 8127 3478 6192 4270 3179 4888 5470 5562 6940 2741 489 8954 7963 2583 3627 1355 6188 9847 2824 8217 8746 1998 846 9064 6267 7398 6345 7673 1620 5103 2817 4278 6167 7205 3755 4899 4448 8371 3943 7014 2268 678 3361 3060 8809 5998 6557 9245 7567 3759 6751 926 1289 1904 4697 5626 3833 1791 3693 3100 6831 6569 4163 19 1379 4702 2665 8759 545 2252 4877 4078 9255 
6886 7288 2350 6450 4362 1640 7857 4953 9211 9136 7518 5069 7759 7477 9877 6425 3132 6639 6919 4718 3198 6036 4551 3394 870 7344 9292 8731 1660 9287 4235 6480 1732 2527 7588 5063 263 1377 177 8685 7662 9628 9477 2771 2976 4645 7242 9877 9450 6805 2395 8564 7434 181 6636 3811 252 1675 7453 7459 2061 6261 2200 2569 9069 5978 3237 5265 7528 7650 8387 3196 7155 3757 7965 9475 5237 3980 9465 6444 7721 1809 9662 7333 3646 7975 136 6558 7185 7309 4136 6132 7658 9945 794 
6496 7980 7696 1806 830 1643 4034 3431 6541 5352 5846 2873 1569 5827 5933 2433 2670 6152 2774 920 3910 7200 5481 9985 5170 3405 7153 8912 7406 8330 8893 3135 6529 2552 5200 1801 7974 4805 5080 8625 4886 1056 7019 4228 7940 7403 5922 9989 8972 4346 9911 916 9682 6595 3929 3423 3658 5827 5750 6359 41 8194 5919 3254 6204 5249 5650 3092 3660 8871 8008 166 6565 9266 2901 5183 8534 2401 8010 5364 2843 964 951 7672 9589 6048 8664 7536 7884 6250 8708 267 1718 1380 8454 
2921 7294 6872 1948 391 8966 7005 300 4739 5995 6665 1489 1197 9349 8471 1414 936 7117 1213 9627 1677 2451 4208 8313 6356 7770 8137 7626 6618 6668 2588 4105 1945 825 5856 2250 9670 1353 3947 7913 8710 3058 1583 5791 2228 7825 5891 5889 9312 1443 5393 7697 8226 244 3847 5190 5630 3744 8416 160 1413 7628 7627 5464 9931 2591 6122 6067 8728 6438 3991 5741 8431 3227 4402 9641 9430 2554 1921 3879 5329 1485 8315 2135 2364 9283 1197 2895 3669 1224 9140 8400 7584 3106 2249 
8192 102 2015 5853 794 5885 9832 4882 945 391 6693 6689 2657 2244 2754 3574 3965 6298 7073 6096 4662 807 1583 1000 9482 9485 3283 2959 788 6625 2667 3228 7757 5533 2123 8530 3620 5564 3479 4807 432 134 1212 9848 5650 1180 9717 9283 8593 260 6109 3143 397 2237 3064 4833 8732 8904 5585 7449 7997 217 2242 3808 5581 5713 2553 1047 8087 7573 5804 1377 7707 9050 9892 4392 1510 3263 8491 3224 3903 3322 7377 2367 9846 3113 348 5576 9877 3512 1383 654 3412 1028 9426 
6415 5912 2390 9635 2992 6135 8422 7675 3017 6505 9070 6135 3127 3825 4655 5625 255 5559 3270 6453 6824 1192 2047 438 9997 7246 9068 3644 1352 2472 6358 4095 4040 933 9741 2432 5428 6203 6298 6385 5492 1684 8958 9523 7123 2974 7385 4880 6573 1390 7253 2281 6243 2007 469 6411 4982 9526 8120 1850 2378 4815 3404 276 6938 4103 2903 149 6297 2950 9626 9700 1138 1434 7236 4069 4205 6538 5169 4472 4894 2515 9007 5749 5370 9030 3778 9284 6532 694 5398 5057 8017 5288 7998 
3868 5309 7445 9984 2014 5270 411 2318 4276 9717 7426 1176 4710 5490 6789 3493 6515 8771 9739 5249 6420 2524 9308 801 3002 7802 3186 6978 6588 2354 9993 1805 1136 4729 6890 9063 5160 8474 250 810 7738 4956 6205 8237 9941 9776 8300 4522 2774 2439 9328 1224 911 4451 835 1529 4554 9192 474 8204 3213 6495 8384 9128 6531 9331 2547 458 7989 4371 7618 9476 7934 7820 8328 189 5050 124 2112 5682 4549 3343 1654 3585 4265 8177 4526 6761 4544 7494 2057 7951 5400 4151 9222 
2720 2781 4211 7419 3680 3503 9009 5518 2108 9510 4614 5510 4231 2934 5361 8401 6781 5238 7300 7140 5300 1822 1769 281 3819 6357 6356 2246 7608 1908 6281 3247 8989 1161 3831 7559 2230 3978 3800 1999 4169 5482 6516 5717 9537 170 5286 2994 1969 8589 5993 2509 7974 4491 3790 1322 7206 5300 796 81 6958 7790 7989 7698 1172 3293 4199 3813 834 9559 5037 3443 5837 4805 5353 8635 7566 7121 2452 1122 9979 3073 8530 7040 3293 8073 9000 9212 1618 6095 8674 7132 8020 1500 9791 
9273 8819 3365 6128 2610 5895 9923 581 6823 1742 9507 632 3778 5290 5404 844 1950 4706 5148 6043 2778 7600 3232 9295 642 2340 6348 3300 4679 4003 4239 9214 5571 9470 1445 2215 4437 97 9847 3899 9592 6160 174 2523 7501 5199 1582 7237 9828 6686 9106 3711 1137 4372 6922 2325 1417 8333 5060 6156 4213 5362 5254 5959 6116 9203 3588 1470 878 5959 271 9684 229 8382 1321 2442 236 7855 8659 8198 1780 1186 3571 2947 1028 8749 5569 223 9592 2592 8008 5991 3033 3921 8023 
3710 1697 4184 5024 5170 4707 2879 4804 5664 9987 4190 819 8754 9979 3461 3666 7087 1164 2279 8003 7356 4658 1606 1539 5086 9681 6392 2673 798 1896 8781 826 495 924 8880 5901 7924 7619 5262 5429 4202 5530 2229 907 1922 6429 3300 1271 432 1299 2503 4395 9228 666 2989 1512 6781 7335 7559 9208 4067 6546 5759 7637 6343 900 8398 8959 4748 41 4103 8097 5745 3801 2416 7165 3024 3623 1228 2999 5921 9070 3725 9661 3019 7358 7511 7407 1739 3599 2528 1127 7758 8906 2901 
3202 6367 3889 7998 2461 5953 2527 1161 599 8936 5018 7598 4920 1037 5590 2460 4550 6036 4328 4840 6345 2695 5142 98 2422 8276 2400 7706 4729 1601 7526 9481 473 9003 777 3689 8849 8457 1066 9054 809 9047 3025 3857 5276 679 3415 2172 1309 3750 6532 9347 4294 7656 2167 9172 2348 4438 650 4846 3024 3560 1898 8919 5479 4678 6163 1168 2777 1785 7116 3794 4837 2243 3029 3185 1391 9805 996 7048 2049 803 6254 6470 9470 2196 6602 3179 5800 4930 8665 8595 327 7573 5055 
2456 1867 3654 4499 1514 5305 7654 6742 1988 9270 645 3217 9203 9650 6054 3203 5342 7550 3406 6257 4928 5274 1234 6847 2639 6029 8531 4599 3084 7818 89 163 8572 205 7175 2473 3164 8207 3830 909 1462 2166 6110 9359 2787 3257 5779 9538 5896 6241 3424 8060 2274 6617 4606 6437 3112 5311 8038 7001 5529 6161 3419 8748 8476 8099 538 4099 7484 6521 5889 2982 7518 9248 959 7354 4881 1135 3070 1472 420 7471 7371 9223 6691 9501 1355 7596 3393 544 3650 3933 6754 1411 7405 
4947 2825 9007 6509 1206 3214 1086 9601 6386 609 8411 3770 2331 1495 3551 2616 2235 6350 617 7849 7520 6816 25 666 8058 1345 7736 3044 9648 8385 7345 4174 942 9810 2752 8516 1033 5313 4738 6576 4798 9589 608 4360 8311 6217 4615 9925 8125 965 6777 4885 7258 7832 4344 338 580 4068 229 8284 3131 5599 8155 9114 99 606 7717 8149 2808 5585 9299 68 7602 1252 892 5610 413 7572 3383 2411 7191 2705 5815 5834 4115 7245 2659 8596 8999 4610 1531 4896 6150 9720 1118 
9501 2047 9464 3473 9852 6932 779 1171 9246 9879 603 772 3084 2875 4075 4288 5052 1553 7970 6381 6909 4654 8412 3826 4544 4029 8575 8425 376 864 5082 7747 4859 9784 1336 617 4509 2660 5821 613 5555 1878 2501 3576 3249 8481 1542 309 6137 7050 7277 6120 7594 6902 7658 2400 84 6900 9409 7510 685 1789 1083 1208 6403 289 396 637 9319 6876 777 870 9265 6262 8581 2027 3509 3344 1395 6241 1355 7202 478 1321 8346 276 7686 8219 9152 7691 6416 9015 4143 8781 5021 
3346 5519 5445 548 5682 7762 9433 916 1402 8281 1892 8959 6379 8068 9388 9447 6561 6351 3447 4161 431 5170 4119 9616 2683 349 2782 3938 7350 4694 5310 6251 2688 824 7067 2211 5261 5345 6923 1234 8148 2751 65 857 9074 147 2356 9909 2753 3378 3138 476 6057 3850 835 8561 3785 2352 3978 6453 6258 7663 5729 1044 3323 8493 4794 6703 3486 3708 5367 4344 535 1412 2174 6699 6911 1485 534 3634 5542 8894 8743 371 735 2720 5954 7645 7966 3342 5200 8598 5995 7080 6556 
373 6469 6612 3951 1414 7212 8395 4855 5005 4368 9183 8186 5411 5852 662 2747 1385 9250 8916 5029 7942 8820 5699 4017 8488 8014 2349 4424 3899 7073 458 1550 5005 4891 979 2550 3617 8738 865 2069 6378 7449 3224 8296 3960 5158 4894 5516 5450 2004 9644 4580 4363 1148 1572 3094 3813 1338 2497 7851 4088 1106 3394 6798 2380 4882 8157 5433 3141 4365 7173 8864 9898 144 623 6208 6362 557 3198 6543 9503 5656 9302 4450 413 7670 7590 7335 1009 7833 8561 2295 7362 3766 6596 
6806 9664 6263 7284 4961 2631 2754 6059 6897 1698 8957 8500 5472 747 88 9224 2785 449 892 3037 9463 7862 5719 2455 8536 5828 4626 7089 1244 1434 1996 9368 211 8297 9114 5562 2955 4719 3450 5933 6177 7778 3282 847 6166 6939 2774 872 7878 8182 5685 4929 7772 6574 2004 7869 6666 8772 937 1613 704 8716 8141 328 80 5259 3507 6270 6002 7737 5771 1469 2713 1521 4575 1523 3450 5475 386 4168 3530 7372 5804 2145 4919 7622 9465 4277 5118 3224 2284 613 1274 3757 1292 
8468 2710 2924 8774 1220 2070 9570 7665 6931 9470 679 1571 7177 1571 7014 1965 3941 3079 6075 8931 2630 9833 6190 202 5254 2759 3777 9619 1809 9898 8835 3871 7966 3051 9060 6194 9672 4304 4311 292 1109 5123 7952 7561 3580 6963 3837 8796 5158 4626 6282 6924 2334 6355 9241 1987 4480 540 9370 469 5872 8148 4195 2847 6886 9520 6337 6398 7327 5692 9878 5258 7215 7209 7399 5364 8302 9491 1877 4673 3981 8034 5564 169 7130 7757 223 9995 333 9439 5555 9225 9026 6955 6688 
2967 2070 1834 5175 6864 2211 3011 8219 1129 8941 1615 4676 8944 2767 2528 7949 9275 8155 3982 1395 2501 3661 1450 2720 3428 5272 2986 542 4037 1891 7284 2334 8640 7019 163 8097 1844 1004 7203 1328 7544 5860 5090 7885 7509 2929 3071 2674 5543 7844 3603 5123 6406 1053 2553 3501 5085 8052 1893 9466 5932 4859 1815 8335 213 6234 1809 1572 481 5483 5668 1680 1753 1404 3028 9488 405 8668 5619 955 685 1781 5756 9517 6740 2576 6328 6424 491 197 1005 6750 7942 591 6459 
6363 8999 3099 5938 7267 9738 8996 4388 1198 6229 1168 5812 5638 1705 7060 5336 1512 1196 3877 4680 7598 207 912 1702 3819 4777 7139 299 890 9200 8311 8606 377 1909 9167 7507 9285 3641 6367 6689 8648 6735 7713 3131 8696 5887 7711 7837 6197 4995 7939 8763 8532 4764 1824 9531 1304 7008 3774 613 9038 5324 1767 9339 2236 787 6448 9091 5443 7271 6611 49 5859 9679 8766 9761 3179 5460 420 8936 6068 3602 8123 8840 4563 667 9372 6029 5479 3764 4478 3687 3209 8682 7042 
9115 7148 6774 4852 157 5581 8950 8434 5172 9487 650 4686 4925 7799 2201 2827 4873 30 4081 1493 8047 1802 1336 1323 9818 8906 6336 4690 5572 5730 5563 5034 9079 5478 8557 8840 2864 3544 252 7746 5547 9975 3967 5544 6614 2479 6044 4629 2219 4101 2464 9356 5253 6345 2440 3978 1157 6981 8490 1202 7165 2077 3481 2578 615 2845 7764 4730 8548 2315 8040 5305 2576 3406 5463 3516 1257 2134 7547 7192 7188 264 8568 9080 125 3603 375 8317 6993 6035 4698 4212 5297 533 4585 
4597 3045 3431 4557 3960 5536 9173 6186 2526 9970 2900 721 3741 2745 5950 2616 6792 2364 5747 9173 9121 4319 5964 5323 284 7779 6780 900 1056 7732 8172 654 2554 6278 7512 8791 1273 273 4751 8964 3644 4463 5683 1021 5174 2687 8830 7448 2272 8907 8293 450 5768 4808 8670 2772 8269 1446 256 8340 7797 4226 5275 6230 3956 1517 3098 5933 595 3099 3477 834 5547 2523 3552 6593 9179 5012 6586 7143 5629 9999 7191 1505 1114 8984 6096 2206 7308 8145 374 399 798 8653 3080 
1854 2023 85 2952 824 1105 7189 4967 3029 6104 8566 9818 9313 1319 564 1860 7098 2452 5388 4112 6589 8893 3841 7271 8750 6371 3397 5793 2199 7759 8336 4758 5186 462 1729 7583 1307 5540 424 7875 6257 5373 3882 385 8757 6120 605 233 8944 7171 7376 4114 8687 8595 4845 42 7351 6868 3255 8443 4851 6384 7573 4248 8447 5957 3397 5696 6135 8722 6481 3779 1399 6481 8528 6227 1217 2593 6612 3902 4659 9612 8567 9118 6361 9382 8891 107 9342 3951 8421 9117 1501 4402 5905 
4972 6848 6990 2455 2369 1876 7755 5931 7200 2393 8161 3632 3222 7549 4562 6046 5926 504 5969 4747 7665 5797 5898 6818 6581 2408 7861 917 1431 3949 3334 5524 7910 8042 3841 7815 2461 4498 3643 3137 6291 5255 7827 8481 4904 5121 6845 3051 9955 3979 9063 5434 6268 362 6700 8681 1110 901 5348 8823 905 8790 5219 2879 5512 2141 335 9557 4998 6941 3142 2214 4645 3001 5262 2772 1364 4590 6269 8895 697 4582 5420 377 5237 4551 2010 3137 955 118 8576 5329 8699 882 7913 
7613 6253 7005 4021 7961 3232 4439 8171 5459 3687 5292 7884 2964 8946 33 7986 59 4230 8167 6226 5590 7867 32 2085 2249 4552 2106 6898 9242 4910 5550 5961 9993 853 6481 2574 4789 2897 5099 4333 3769 8451 5978 3750 3682 3738 5840 3248 116 6168 6702 9470 3812 9068 5859 4787 7593 4649 6663 8195 4612 2859 3845 6607 7812 4450 9404 1975 6280 6477 1983 3750 1734 4980 7599 8819 9269 6417 3368 1328 4872 686 7469 5864 4206 9447 5005 5101 6724 8185 9633 3569 7586 6383 3129 
6963 6095 5226 5080 4207 4385 2477 4705 3503 6329 4548 5176 4350 8583 24 6053 5162 6886 6809 8009 8971 7756 2546 8749 8775 1070 2078 3563 8605 4556 829 6077 8919 1516 5224 89 6029 6654 8966 2108 4907 9146 6379 2343 5714 837 5699 8949 4429 9994 3069 1031 9495 370 6702 7781 5879 5993 5949 9093 7381 3497 891 102 9553 7828 1689 5640 8148 7035 1250 6868 4997 7704 2243 4482 4845 3917 8138 216 1209 9929 5677 8395 5044 8373 5124 5621 43 1778 2971 8004 7144 583 9124 
5112 5620 7130 3608 4289 8222 4952 4980 2899 7501 8121 370 4877 9215 1267 4499 6762 6482 959 3829 1292 3624 8760 318 637 9151 2402 6381 2538 5676 8565 4108 4020 229 1419 9491 5719 9751 6653 6241 4442 2032 5571 2754 744 1796 2555 6598 5941 7406 3960 3394 4725 2598 4666 4346 478 6377 2000 2203 2355 4883 3056 3664 3228 5166 7995 9605 3291 3539 8472 3104 4636 5276 1684 2532 1325 977 2788 9640 3917 5073 577 9761 7294 7683 7372 8224 7872 9570 6352 620 3032 1916 813 
5536 5533 8781 5871 6495 6134 20 1360 8146 3591 1192 6697 1155 869 2370 8881 8416 9028 3371 2346 2976 4266 3905 7699 6533 8088 4015 8245 967 9629 5335 1961 5622 6230 3943 5903 1192 9348 4655 6363 4151 1523 7213 4175 5638 2736 8944 6934 4 6046 6671 3692 1560 3083 3841 7876 4844 8746 648 3566 2954 1328 3566 2243 378 5106 8252 6226 8779 2831 8224 8388 9999 7511 1446 6701 2678 3280 8849 8160 4868 8443 1059 3690 4064 4333 1984 9501 8418 8925 8069 7927 5482 844 7109 
9527 8271 7469 7850 6570 8245 2296 4484 4807 6138 1615 7215 4953 5903 1452 3763 9273 3069 8856 9547 3737 9338 5279 229 8713 8119 7275 949 3711 9721 4646 3713 3316 7234 1265 1289 4479 6820 1704 1908 4383 1613 6416 2800 8498 5229 8205 5349 7678 5670 8496 5727 3182 4398 4069 5953 6425 1412 3177 436 4038 7877 3690 7016 3730 3536 8549 7676 2080 5492 7607 2697 15 8903 546 8793 7429 6983 8192 5312 485 8154 8733 8295 5523 1792 6122 7236 922 1768 4231 7367 3121 141 7375 
502 6291 2408 6783 8657 5778 6173 6133 9806 9564 7132 9481 6118 3285 6223 6632 9734 2185 4924 4741 2670 6187 1998 1311 6454 9388 9473 7302 466 1780 3371 8085 7077 2298 3119 9545 6555 2802 4473 7561 2283 1454 9989 426 6556 9370 5921 4123 5485 9262 3956 2655 4562 9878 4690 718 3443 5584 5649 6185 1122 1306 7003 9128 6112 2156 7272 7223 8094 9240 8079 5357 1448 6328 588 6247 5237 3341 3636 7964 9850 6855 6525 1841 1071 9109 5805 1001 4585 3966 6377 3756 4095 1227 4719 
5039 3525 7277 3243 3141 7976 1653 5898 2625 5203 8953 4156 6719 3828 189 32 9192 3714 6867 3354 7521 4292 7548 5819 6066 3548 3685 4542 7905 6247 4882 5131 2869 9418 142 7203 2820 222 3834 8685 100 3736 6821 1751 4515 1701 6412 1162 1065 2084 7320 4958 1593 7287 9761 3418 1391 4793 2444 5168 366 1780 6653 385 7894 5344 6486 80 4724 7677 1484 2288 7931 6469 8359 8968 5344 9052 9252 5704 7449 3394 4261 5058 3505 1280 9344 7223 3998 1788 9388 9404 9013 5957 4636 
2136 6937 6248 7393 2301 6819 6972 4882 7602 6608 764 143 5095 1656 726 4531 5268 6241 6342 4677 6237 4875 3405 6274 3799 3284 4638 6769 8675 5574 353 9405 7327 8181 8810 5483 5755 6883 7400 9445 1177 2533 3362 7009 1985 7006 8152 5351 2134 3474 4488 9878 1831 6358 2435 2755 3278 4314 3681 438 2926 8082 451 7108 2028 3001 2879 7908 8285 2805 4535 1029 6327 6919 782 4695 4659 3129 944 6677 9885 4381 2394 3700 3287 9487 5517 4933 8674 2448 6688 7510 190 5706 6912 
4357 1691 8967 8460 8143 5841 7727 5584 7044 2288 4201 803 8621 8971 2094 8036 9680 4861 6956 8014 2690 9807 7810 3662 4305 6423 9894 8308 368 924 7462 4660 1973 7084 514 6754 5746 5250 328 4715 1669 76 1603 7261 8447 9213 8303 8284 2485 1710 1801 895 5616 5883 554 9010 7611 2197 9087 5503 7658 7561 8306 1652 503 7622 9577 2230 2745 4567 538 8773 5344 4355 2523 3085 8144 1992 6137 6678 8909 8154 5494 5420 3158 6450 2752 8940 4711 1056 8342 2581 3817 2294 7236 
7210 6383 2141 9447 6438 1517 5011 1566 1055 6127 8697 6947 3428 4955 6970 2206 8041 24 530 5775 3870 9443 7936 395 1347 2694 1599 7798 4465 8572 3825 2006 2332 7115 8023 1216 7214 7422 100 3983 1043 1504 4308 7640 4850 7256 6019 4274 9373 1948 9798 4690 489 9644 7840 7126 7448 2601 7691 6176 2039 3035 7197 607 5209 3846 7801 6431 774 3713 2339 7600 2520 8929 4848 167 6711 958 811 8283 6944 1633 7214 2927 1967 7176 5931 5157 1377 1692 8953 4419 8057 7226 21 
9204 9925 3308 8978 6732 2660 9926 965 6603 1902 8217 1949 2577 8077 9076 4074 733 6999 2 9464 7406 3839 5087 4189 4111 4412 1818 1865 7523 7969 1267 4439 6263 9265 1430 6958 781 472 4105 1309 2266 8977 1332 8932 9799 3301 2969 1172 8920 413 7476 1945 5245 4017 7515 7668 811 2567 3622 1025 9172 8450 8155 5298 1423 7152 252 6637 4156 6366 7692 7211 3524 1682 2123 9423 7771 1920 1550 8277 2593 3728 842 4587 6191 200 353 1148 2906 9512 9726 3842 5715 8853 3275 
9005 9405 5683 6256 1069 6625 8351 7426 58 9286 5097 1619 5661 4243 4432 1942 5531 7956 1851 5100 618 148 2688 366 6660 6577 2340 4559 1240 4551 4736 99 7057 735 9130 1284 5401 1227 5798 7271 8487 7630 867 894 3969 5204 3976 5557 1108 1202 2764 9046 5210 7146 2172 4898 3422 6761 5876 5986 2205 5082 5632 2579 2907 6652 8989 5371 4557 7424 2931 6577 6579 6138 3595 6470 6312 5145 8625 2002 5775 6671 3685 1252 708 1526 4980 8742 3052 7881 7766 5778 5419 9713 8175 
4149 4473 1456 4849 1803 7484 584 4339 4361 3429 9788 7318 9996 5949 1194 1654 3055 7389 4715 6308 4425 730 5404 640 7773 3532 8447 8021 2438 9501 3455 4321 9951 7234 524 3664 5198 6258 5511 9460 3307 9507 7694 890 7677 4976 7198 2885 7598 8261 4937 9731 5358 3510 9744 4658 3092 2416 9861 705 2802 8873 4034 4264 3945 9967 7603 2229 8788 5911 5435 8711 8691 4164 608 3692 9302 3952 3844 669 3674 9227 5433 8158 2581 5260 8533 2694 8885 8673 983 151 7455 8760 1958 
6734 7361 6990 3675 3022 674 1344 3433 4170 884 7135 2162 8395 8608 7165 7912 2649 5695 3145 6216 7031 6851 3895 851 9107 4165 439 8386 4568 1519 7576 319 8102 2424 5179 7348 3369 9683 2533 8483 616 6238 3507 4719 2271 7247 2629 8009 7894 5262 9676 2799 2826 973 5848 2878 7782 1573 8132 2618 7970 3840 8384 5290 3278 2033 640 8499 4272 7327 9688 924 5822 3557 3702 3080 6508 685 474 2004 4288 4129 4122 7792 8542 8355 1759 5927 1052 154 7922 306 7098 7334 5262 
9644 2014 2948 878 9305 7957 3612 6249 9322 6790 6939 4861 5738 7352 7052 1153 9433 8960 8516 8020 8093 3917 8407 6969 4632 5245 8670 9616 8081 6337 9027 2933 6218 1528 6780 4607 7123 8897 6975 6244 6652 2865 1322 7760 690 52 1488 4193 3415 775 4472 3553 2362 3049 7443 1613 7238 770 3054 6116 3460 9024 1246 4882 5113 7539 3486 4080 6465 9519 9607 4044 9350 1738 5596 5298 9956 6846 2799 9544 9884 590 6529 92 2093 7415 8811 9894 7743 1808 5430 4026 2449 8495 1353 
4097 9539 8504 7038 7449 3662 7169 7685 8427 5542 6955 3314 3116 5531 1707 2212 5113 3775 2814 7624 1245 7976 326 4042 6835 7473 4728 6810 7171 651 9279 2603 8978 8660 6530 9480 9184 2664 4555 4274 843 8297 9671 9589 8823 1604 5418 1095 6146 8669 8570 4899 5536 7544 9876 7720 2930 4561 4471 3019 1422 2176 4539 2420 3619 4159 4837 4098 6825 7127 7241 3863 47 7335 9665 1118 4240 9626 9163 6560 4701 3284 6213 7538 2400 6415 6949 1553 9540 1317 7661 5723 5910 3836 6979 
8122 3721 9390 8244 6590 4670 5275 1049 469 7627 6181 8804 8574 2513 4798 3380 8426 1393 9695 8708 4569 6361 3789 8231 6823 6759 9694 415 1097 7044 7568 7414 4028 95 2785 2250 5044 8643 5783 3243 6525 9552 9689 8576 8077 4073 6912 9144 133 1860 1209 8593 9231 7821 7357 8111 7124 1138 4078 9453 8227 4462 545 9548 4915 1411 7449 6956 3441 691 2751 9680 8948 5745 4767 8557 9480 2821 9943 3513 5272 8518 8201 6060 3845 7640 9671 279 2467 3522 3735 4021 4407 2307 2604 
3754 3245 7509 981 4654 3155 9994 6367 9565 4579 6366 5765 5082 5321 893 1067 2176 8674 9541 7223 3140 4960 1765 8393 8537 784 1814 3065 6227 460 4788 4338 7985 3817 8954 9782 5080 2575 3076 4967 1269 7782 4554 6794 1475 8147 2576 3071 6332 233 2571 8517 2505 9150 9657 5815 1355 7668 6302 1456 5235 5184 746 1455 4285 1995 5687 3759 2260 2112 2021 1838 2664 4719 1191 909 8439 4327 3361 2391 6762 7813 5454 5052 9250 3955 2818 137 8459 8731 6525 3118 4711 9670 2911 
5086 9567 2614 6607 7809 5736 5073 9225 5090 5241 9912 2183 7821 694 3581 2815 3999 779 1966 1369 8496 419 9631 5436 7858 8385 7967 1531 7115 7674 359 7765 9943 1823 8057 7489 4618 5466 58 6269 9986 4433 7381 1488 3697 8917 4511 5795 4615 9330 9386 4988 5665 8525 7362 7091 3129 18 1385 9595 4867 8648 6608 5502 9121 6408 612 6527 9241 6470 5494 1149 9177 1657 7066 27 969 9001 7060 917 4727 6438 8590 6905 6577 6343 2756 1236 7197 1870 644 138 794 627 8451 
9568 1497 1901 6999 5267 1020 5200 5382 966 9522 5402 8319 6829 584 1276 6775 4384 7390 3961 7158 4780 1591 1759 2462 9769 3399 478 5525 843 5385 4162 4572 7810 687 564 6701 2153 137 4765 5735 8373 6668 3162 582 1462 2304 1739 7571 655 9178 410 6926 1555 6509 1777 1308 9652 9231 1594 5407 1342 6941 9794 4415 8959 3112 6424 9961 9154 1622 4267 4991 889 7376 6295 5263 8303 539 4326 1627 7475 182 6840 7202 3989 205 4795 6359 9847 7351 139 5734 4880 1736 6243 
127 8216 1669 621 7363 4096 4225 3395 3325 4638 9756 1631 2566 5570 3404 4084 9359 8538 1920 2383 4623 656 5430 3782 4626 1659 4054 6821 9003 4827 6727 3046 3441 6814 7729 2373 2037 3281 153 8370 801 8972 2352 507 6388 9791 8388 9420 3331 7434 1591 2433 3256 9160 4275 2881 7213 7564 7683 2709 7342 4455 5045 7334 4824 9348 5752 3886 1446 5323 3414 7991 2145 1935 390 4228 9429 4000 4813 9376 1751 4756 2961 7372 9997 1539 1513 8850 7723 3845 9692 5179 4734 4510 5937 
4713 3234 5722 9141 9 7318 4357 909 1594 1327 7581 3756 4992 4146 9725 817 8994 8243 3239 800 2621 1586 7986 2778 5699 2863 8350 1440 3448 8996 8243 6819 3513 2081 6037 4412 6259 707 9851 2525 1246 8121 1642 8814 506 3817 1583 5118 2255 1280 1204 151 4020 3685 7889 8879 2681 9866 8784 6069 6737 9076 126 8279 5273 1497 2988 2356 8057 9758 6698 660 4856 9942 7614 3039 4744 3659 807 2705 9004 496 9736 4309 4311 7181 7336 1369 433 969 6080 3721 5775 5746 3052 
7436 6905 1943 5626 3454 7336 6773 244 3525 5749 1610 4203 6249 1998 6166 7084 612 3146 7899 7811 2449 8222 6792 6964 9310 5088 7587 8413 1081 6891 383 8720 7015 6773 7657 2022 3641 9311 4976 2129 2559 5326 4818 1477 249 515 3837 5417 5994 457 6886 8077 9335 1808 4599 186 8244 2274 8683 5204 4331 7788 7726 8417 8598 2176 6083 6344 6430 6407 3370 6213 1350 2501 4827 7416 2452 2570 3678 5770 8654 7474 159 7935 979 7639 9387 3089 1553 5533 2621 1280 2184 5796 1936 
2859 6701 2090 7655 6347 7075 1261 5282 4284 1034 1257 8046 8907 3799 6268 6059 8582 6034 2375 9849 6141 5889 7445 7975 7155 5996 7318 3255 1439 8607 1600 44 8718 7388 3668 6787 2406 4789 2580 7403 4438 6025 9938 6934 3488 7867 9721 3811 3221 4723 6645 8777 2139 1990 4865 4267 8229 1561 103 9800 7315 2096 3226 227 6073 6011 3792 9582 2019 5761 7270 1383 8986 2723 8337 4825 2952 2325 9867 8958 2501 4128 974 8887 1215 3371 6068 766 5494 8328 2659 5608 6257 1527 7214 
4406 3354 1342 856 7916 3122 5457 847 8947 70 5318 8030 1920 3276 5866 9414 681 8114 781 7213 7478 4847 9577 6394 4109 7954 4921 8416 1382 2320 7618 9847 1817 4116 5902 5345 8076 6524 3622 1687 9351 6008 5860 686 2684 8736 2257 1915 7024 6432 3628 5780 2581 933 6289 402 6937 741 2482 5768 7879 4359 6968 2798 6 8846 8504 331 8948 9690 2741 6122 2064 3126 9786 5948 2942 1839 9010 9433 8845 1195 1781 9370 5518 5560 5651 2573 8827 7075 1129 580 5334 6403 1064 
2517 8312 5080 1825 8864 9406 8021 2254 1958 267 232 4618 1529 6929 5348 2320 5279 5542 24 1151 310 352 78 1145 7494 5839 7473 7387 7378 1254 310 3714 891 2893 7727 2193 3920 7251 3305 1237 4288 2314 4962 7767 7274 1726 8233 5266 1865 8691 7907 2740 8950 6610 4750 5643 873 4224 8430 3165 6893 4060 1868 7936 2343 6921 5067 6207 4403 1391 1656 1879 4007 1073 2310 5218 3902 5428 6200 3678 9744 6461 4540 7400 7990 517 6019 1988 9986 7183 3416 754 7681 5461 7200 
2910 528 3428 7657 7440 4631 9662 7356 401 1784 5961 22 5491 3953 7260 6356 4981 9105 8871 5627 5613 665 6249 462 9944 3032 8312 9867 6850 3144 9924 6898 1111 1294 1683 4577 9416 7286 6641 2690 4540 3030 9295 2424 6894 8695 7028 1831 7456 5413 8455 1198 2619 5623 541 4935 8091 6655 7686 3609 6336 358 4648 7278 8911 6140 8597 7698 2653 1222 3997 2744 4775 4566 8166 3485 9871 9518 58 9567 1838 9059 5699 7237 9869 2155 1246 2429 9702 2492 7925 8315 7787 627 5484 
743 8456 545 7945 8822 4501 3833 2960 1008 7309 2746 1605 971 6725 7990 7281 4907 7505 1884 3341 1938 5592 2277 1755 5100 5164 8502 6844 6191 5550 6479 7096 4941 7414 9348 6946 2715 7429 8874 9701 4363 5699 6943 8686 4446 5151 9123 4335 2588 1857 6564 397 4827 691 9140 844 894 9640 3550 8015 4542 6228 3076 9120 6034 760 3146 576 2163 1509 4912 8456 4640 2333 3770 5455 1352 8236 3804 6397 5523 3429 2630 3077 9337 794 1300 8964 96 4156 3328 829 5608 4043 5186 
8818 5319 8002 2587 3752 7519 1657 9287 8596 5748 3476 8047 1919 2606 3158 678 8943 2355 4577 7829 5227 9272 5603 6839 2706 7974 5633 2438 3258 9803 8467 3219 9054 9604 7734 8803 933 9459 4556 3993 1485 8543 186 4549 7938 2525 5801 5387 5383 2554 9594 8814 3946 4062 3341 4116 1508 9586 24 5946 7508 2730 2460 2033 3401 3469 6706 2182 8895 25 3655 9762 7785 5904 7763 4689 4430 5367 5280 1467 1797 6309 1769 6064 7873 7522 8132 3660 7395 2698 4338 4826 68 6465 6021 
67 6958 8427 8017 5137 9342 266 2144 455 2897 4487 8103 1181 2542 9945 9993 3270 6060 9544 8126 3758 8259 4088 3674 5085 599 2683 3700 3320 9890 3407 2485 6932 8957 8774 8194 7810 9469 8406 6544 5118 2308 4335 6174 2457 5462 3863 2865 2018 193 9253 1727 5655 1679 8746 1780 1090 5578 9326 5316 5311 6507 9680 5122 7313 8823 1967 7620 9337 4883 4574 4428 2193 6104 2315 5518 9610 9269 2178 6180 2421 4698 5142 526 3952 7789 2677 9146 3368 1038 2678 5216 9891 3632 8942 
3806 6764 1524 8854 6881 4667 4976 4752 6374 5213 507 2961 2747 4871 8858 7284 915 7701 5071 5172 5151 5579 4236 409 2468 6871 8652 2204 5167 6098 7995 5718 5490 7979 4070 3227 1444 2631 3191 5460 531 3385 6241 2135 1934 7648 2672 1056 3353 2588 1550 8332 1757 4047 2517 2122 6249 8052 9603 2906 9592 5786 814 9967 9981 1360 2852 7211 8650 4703 2985 506 1856 949 8164 4537 2136 4890 9549 1903 3278 2516 2474 4589 8083 3942 1652 6856 5382 2883 2549 3970 1096 9706 7247 
6754 3954 6325 869 6162 7474 2612 1069 8104 8371 1178 2468 8335 7071 1051 2982 8 6270 4002 3738 3389 2244 9416 5238 860 3036 1267 6608 9732 3178 5477 4706 1044 519 7702 1034 6147 4074 1063 2378 9027 3315 1621 3137 4591 8179 7552 1569 1327 7668 4842 7612 4655 7462 7601 5129 1673 4810 5066 3131 4521 6048 2916 8878 5227 334 3244 8670 6289 7723 7693 7200 5017 2358 8562 1153 6442 4112 6571 4035 2236 1499 9688 6008 7219 5169 3632 145 8744 6491 8690 8772 3762 7718 8400 
2465 7415 9753 7648 2483 4785 3143 784 4344 7359 3467 3187 8966 4858 2449 8996 5747 9039 9267 9784 2169 8703 5596 5608 8960 5709 9501 6875 3119 7745 9680 2098 3265 5116 3510 1366 3875 9396 682 9517 1783 9783 2424 6500 6111 7456 1997 4233 1740 2477 2822 6428 81 6920 297 5454 9203 9719 8180 5964 5288 3749 7131 1200 3590 9545 1925 6033 8600 3260 2380 5138 9411 8512 5915 6394 7332 8170 3192 704 75 2859 3410 9810 8502 1907 9220 2059 9196 1201 1937 976 3027 4485 3188 
916 8827 7532 6259 666 9794 3212 9971 1208 4240 965 9263 826 7334 1695 5718 2093 9970 639 50 6783 1459 2191 1925 7586 1690 7598 7465 1924 7866 5732 8464 7281 2996 2199 9789 5359 9712 9432 3491 3943 2942 5007 3632 8839 2098 5885 754 8534 4388 8265 7241 5707 7890 8590 7671 4451 7071 5386 7335 3434 207 8713 1721 7351 2558 4508 4838 5404 4929 5319 606 7303 7336 5841 9616 3734 2266 9600 5487 133 5505 5882 6065 3071 54 3245 9767 1672 3304 4036 4137 3191 2737 1442 
7562 1611 5966 9166 9611 2684 7208 8236 4015 6845 7867 6885 4567 8807 4089 4320 3169 9122 8700 8786 8996 2653 5364 6190 2560 3647 4671 5825 6631 2260 3805 4768 9074 4983 7852 3609 3833 5089 3444 1749 7187 7038 1368 8733 2230 4458 116 6457 7014 672 491 6696 7643 5306 7495 617 9597 2716 5857 525 5347 1888 4050 1392 4185 3233 7900 9457 8226 3823 3613 7456 3774 8927 4990 5513 682 3966 7462 4394 2782 6132 8729 6080 8010 7123 9453 7999 9468 6645 7235 1052 1427 4570 6772 
7961 3564 3448 3947 9983 3903 3097 3367 6196 1110 4220 2701 420 134 3817 3295 5951 1745 9235 8460 1931 9098 5126 319 5063 817 8214 9903 8542 6044 439 968 9585 7936 1728 7144 6225 9540 9405 7696 428 8443 9137 8941 1144 753 9438 535 5863 9770 9441 5185 1695 5565 6372 8743 3969 6846 7326 6170 9921 6963 9677 1825 4623 4085 5667 6453 5619 7983 6479 9335 6343 6734 983 5839 6861 3906 1434 2763 8105 2357 1297 2385 5220 3658 484 583 8389 2752 1597 5100 1907 4304 8698 
6563 9974 7852 2415 9550 6417 4531 2127 6752 7580 4093 6262 667 9605 4798 5338 996 9299 6782 4292 9323 9957 2575 7684 1268 8825 6130 3635 3327 908 3141 4989 6351 600 1099 361 2628 707 158 6471 8014 6055 8716 5526 4631 3680 2621 1921 8016 9273 1439 8163 6345 6230 1906 6068 391 1775 8221 7165 3318 3395 6325 7978 7574 6253 2620 5662 2390 9650 5703 8733 963 7475 9513 4086 308 6278 1930 9603 6837 181 7320 418 114 6208 9088 4897 1288 5514 4930 1009 5262 7816 1366 
9013 8127 4463 4764 2506 7504 6443 2019 4112 5203 6946 4769 4388 1642 5023 8633 1495 5353 8603 9054 6067 2660 213 8666 9086 3664 6904 7503 2695 6729 2758 9067 4594 647 7873 781 9424 1051 8714 3252 1057 4170 3207 1098 2786 2192 3808 6429 4706 9535 6871 9093 9698 3608 7840 3258 2426 6916 8237 889 4082 4976 7634 4703 5814 7441 2306 3530 3140 2595 1443 4297 4402 8333 5278 1217 82 125 5006 1628 8230 6389 156 3046 4740 3403 1958 1785 4239 8918 5808 7413 4138 1023 1368 
4700 1605 6276 165 8724 1046 356 4328 5769 2910 1495 4239 828 9589 2830 2027 2848 4788 8092 8353 4061 2 2696 3713 4111 8460 577 7092 3600 3702 109 5018 3161 8334 2814 8635 7750 1334 2556 205 2602 6163 3118 8121 1057 5739 6731 1173 2760 7346 355 8533 8313 5204 7708 3531 6002 9593 5271 612 7942 8688 9823 2336 1678 1476 155 2854 6347 4722 4244 7452 9681 4197 122 2715 7970 6512 8573 9431 3396 9345 4104 152 8526 3130 9956 5153 7655 8951 4825 9402 2263 481 549 
7298 9519 9607 9536 8299 1144 9526 7569 3505 8090 665 7301 3892 8459 1386 6802 4871 9746 4984 2099 2637 8642 1020 3253 3830 9563 5329 5974 3399 16 8921 5575 5152 5027 9064 5504 5817 2526 9586 3417 7604 6134 4818 8681 1508 1529 6280 5011 8180 3809 3792 9160 142 3989 2545 9917 5582 7461 7585 6394 6648 6102 3361 2534 2168 5648 2003 6435 2113 1092 5791 1434 1789 6449 9005 1221 3973 5743 1187 6369 5712 3531 7202 2377 2023 1487 8041 4142 6836 4298 126 365 3109 2727 8576 
9756 5105 5795 4528 6780 853 9919 9419 1461 1811 3227 6538 6589 803 2360 9550 4897 6347 1993 232 3781 2936 6091 1227 3197 7267 9980 8734 9021 5988 3152 6374 3264 4537 4467 2045 1398 5888 5009 4307 8182 5050 4148 5977 1802 6367 6302 9931 4485 3259 9815 440 4713 8951 7371 448 9047 952 9566 1665 6299 5869 510 7546 7347 192 7346 9734 3426 2095 2421 3269 4289 7113 9494 2794 7618 3855 9114 8005 1675 8967 193 8241 871 6297 9301 8700 914 2643 4781 9405 4282 5347 6706 
4086 7501 7107 7057 613 9397 877 6944 8935 5013 3006 547 7760 8918 1380 8719 3488 5592 840 9541 8253 9925 4366 8669 173 6641 803 195 4329 2943 4274 685 7916 8961 5364 3281 2199 2037 4639 709 2114 4684 3195 6745 9267 3274 8988 6395 9008 8682 4684 5906 4020 6177 3797 2990 2952 5715 6224 6711 6411 202 9264 3217 4024 466 2199 1098 3101 2943 8936 8335 2600 1368 8079 1560 5136 3675 7000 6854 8704 1364 5246 9176 9896 7546 4632 1839 7080 3496 2448 7003 5882 5643 9925 
9099 32 4361 6790 61 944 4971 3263 9296 5276 7938 6508 2065 6551 4279 5181 2697 5883 6847 918 6611 827 9097 3740 1915 7992 3361 3767 3703 6316 4836 3731 7275 4428 7156 7716 7805 6067 6483 6791 8543 754 5222 5390 1977 6249 6806 261 5354 401 2812 8474 4585 1050 8299 1166 5238 5504 4583 1352 4761 9920 5712 5237 6029 9574 8488 7906 1324 9019 7562 3592 2692 6270 1598 954 4249 1433 3549 85 6246 1851 4778 4811 973 7943 5453 4514 6126 9689 4598 709 7756 8197 1563 
3458 6168 5844 4910 1817 1008 9431 7331 3100 8588 3415 2200 241 3041 3839 5928 5097 5377 604 915 3043 6086 504 4963 4466 7810 8411 6693 8423 4446 5635 7260 6986 1938 6353 2701 9920 6502 2584 8363 4720 7506 1847 3195 7663 8985 9448 3074 9799 8738 4473 8064 4363 1062 1229 9300 6755 5585 9189 3056 7715 991 4008 2670 428 2047 1538 3841 9330 5085 5604 1219 9546 4677 5849 7849 7515 2615 2895 2395 8845 7032 4612 8959 5438 3586 6674 3313 7604 7365 5415 2972 9784 1487 6245 
4986 4807 1385 8784 7512 8516 2744 8311 45 2649 5883 3978 9161 1325 185 7952 2036 1442 1002 577 223 6680 2908 9661 6675 3137 5891 10000 7525 7163 4194 8628 3186 2345 1359 8943 311 2292 6086 28 8372 1936 2318 3936 668 7527 9865 3011 6543 7798 6506 4001 6231 8747 4973 8228 6645 4909 7538 355 1451 1273 3467 1668 8736 365 2254 5877 2009 9083 6946 3582 2290 9186 2715 8648 2529 2634 3832 8952 2966 1248 4957 5516 2415 4652 64 3197 6876 5734 7208 4228 687 3727 4305 
8288 5446 2829 4363 5230 5928 9692 8460 2095 1982 4435 9595 5835 4788 8709 9453 1394 184 8716 3106 6455 4124 3021 6412 7804 2985 4251 553 5157 4302 4066 6980 8101 3881 1807 6641 1870 4530 2090 2263 3286 5591 2792 503 4376 8193 8021 4650 35 1363 7385 2804 7288 8595 9914 2411 4574 6703 9116 9624 7990 6922 1261 6490 1224 8824 9465 4540 5940 3178 4913 6935 8066 2890 6728 4300 3096 1523 9159 3361 5964 2487 3824 3399 6036 8563 1963 8910 4246 4078 7858 7981 312 3049 3281 
2517 7177 8990 1972 9183 9374 7944 3630 3951 7043 9340 5262 2132 9128 193 7462 5316 1455 7007 9561 87 7747 2861 8785 5873 9999 8950 3820 9239 4819 1219 3421 9556 7067 8209 4343 5654 9207 4006 3284 1408 3960 2199 9753 3852 5880 1219 134 2829 1331 2016 5659 3996 9474 2052 9543 9516 4905 2789 6963 1450 4011 1358 2934 6190 3619 2706 8142 3901 6987 3194 882 9762 4190 9655 4772 5725 3045 142 1342 423 5926 5447 7204 9973 2472 1417 9663 6820 1375 4844 2351 7344 7510 9316 
1969 4960 1835 1458 2808 7087 7843 2589 3409 8536 8989 8036 4150 6126 2937 6062 8611 7241 9789 9707 8670 9913 1763 734 2234 5674 9837 476 344 8585 827 1875 646 7477 4975 5209 2444 2789 9535 8562 5583 1286 4638 3590 8864 39 3032 5465 5648 4134 9683 5436 6890 1772 126 7657 5751 8753 9875 5008 5672 7031 9730 367 5957 1812 9086 1686 5569 5033 2446 5709 3555 7676 5026 9626 9627 57 3935 5193 7912 3557 1769 1648 1574 2890 8820 6360 2429 5303 5840 5584 1816 3771 1431 
2592 5758 3681 2409 5175 6548 3379 7767 9724 1142 3668 9811 7176 5408 4047 6530 1140 5695 5313 8488 8795 8182 2135 4891 4430 3032 6675 7776 2193 5580 1574 5636 9524 6187 7226 6119 3705 3830 8895 4306 1984 4671 5949 1991 650 3972 7925 8603 5816 659 6087 1338 3985 8918 2023 8403 1971 1769 6547 6607 1043 5282 1600 7361 6546 2452 6689 8615 9087 1473 8681 5811 2005 7158 8107 2072 909 9830 1966 4919 5112 1600 6155 964 3244 1769 6833 2742 8136 9501 9991 9011 7979 6062 5503 
143 7994 4516 5255 7495 838 4531 6650 4789 8738 7643 3876 9602 1219 2051 9327 2067 2095 8962 8763 3878 655 802 4662 2093 6447 7177 3538 4700 3216 4540 7264 4756 7720 6515 7481 8549 4885 3834 5029 1996 418 3849 7840 4862 6760 358 2541 6241 2536 6456 3008 7888 7862 3740 5547 9632 3557 8538 7186 7120 8657 3873 9959 6690 1870 87 187 2157 1273 4571 7493 6922 7675 9931 4439 4877 3723 4080 6215 7738 5228 2885 9526 6218 9651 4726 1271 8840 6472 3597 7949 6624 9351 5653 
7719 9980 9093 8954 4872 8333 5017 5608 700 2501 1648 4802 9747 6827 8853 8323 4663 1472 1934 3125 2240 9504 9545 6337 5389 5851 90 4094 7706 9172 8822 7875 2758 6769 8593 5763 1490 7834 712 1091 9978 5551 2786 6448 1596 5438 5466 51 7467 1046 6635 5296 2863 390 7067 4093 6575 5170 887 1068 8342 3448 7838 9541 2480 9881 8897 6218 601 4143 8392 9229 2546 1233 4864 1163 5765 6301 6263 537 9461 5700 5175 6380 2968 1833 8163 790 8003 6533 6904 1227 8834 5220 9064 
2703 4601 4747 8026 3605 527 1956 9543 8359 5760 866 3234 8294 8804 8523 3019 4372 8137 8164 5521 4588 9611 6718 9171 2281 5334 1184 2253 793 9453 9986 6676 104 1287 2139 9286 6065 1276 4491 3193 6407 3671 792 4253 7865 1756 2885 243 7506 3641 4348 5987 4352 4930 825 4223 5558 6127 7527 9018 2108 4691 9796 9958 5098 7144 4085 4786 1904 5222 864 8473 2139 5849 1333 494 2263 3635 1863 4294 6792 7171 4787 4907 7112 3565 8574 9936 5919 8048 55 5323 1159 8458 9933 
9257 4171 4719 9642 5820 6147 3327 1280 4035 2939 9610 6248 641 8847 9645 8265 2891 8326 2923 9033 6650 8979 8461 8508 2341 5635 4601 8840 7967 9226 1892 6577 1418 2830 4825 4750 4791 4545 1973 7537 9560 6783 5292 6122 9152 1884 2188 4686 509 5420 8961 1965 6664 9676 9518 5610 675 1064 7655 1598 5119 2388 7324 5563 8107 5443 898 5855 6140 2681 6369 3207 1975 3990 20 5742 3661 6615 7396 4572 9007 7872 6768 4142 9528 8396 3173 6766 8940 5694 1577 439 1308 410 9042 
