5633 6337 1576 2751 7467 9192 1392 6995 1422 572 7104 1857 6742 804 9335 5343 6319 6447 1613 8263 2821 7172 3202 6237 7575 111 6652 2578 4122 854 6081 7293 2917 855 8772 7360 8210 6958 8480 312 3759 4414 2120 6457 8571 5113 39 6145 2272 3108 305 4155 4117 5606 6360 8161 8935 3325 4274 2992 6602 6228 2060 1697 7478 1396 9200 2202 7205 7021 1753 6119 853 9015 6100 9534 2258 2539 9966 9860 
4800 9684 9145 4693 9317 3258 24 7637 8706 3325 9540 2734 5583 4723 3477 670 7425 2101 859 6629 8364 8828 7154 971 273 518 5895 8176 5223 7761 993 3425 168 6868 1948 3184 1003 1246 5195 3023 2128 1697 6432 6313 2107 6181 3774 5927 811 1736 1811 4746 579 8759 7017 5645 1963 7965 596 867 3459 8633 5533 4953 3795 6631 4512 5816 3985 6954 1234 985 603 7054 2498 6492 3505 7235 1905 8958 
8356 160 580 4174 7445 5557 1141 7088 575 101 1859 2006 6879 6289 6027 6194 9511 3353 527 6484 2643 8380 1665 1994 5757 3982 3931 6734 2442 8519 8193 723 1663 7866 884 4687 3757 6990 5520 7949 6617 7194 1587 2950 2268 4090 1803 7203 2243 3932 6311 9213 9846 5595 2510 405 8690 6347 7160 2049 2195 6952 3739 6210 7405 5202 4897 4215 2795 647 8884 1979 7605 8601 5886 6375 7165 3716 5253 113 
3149 7787 5950 1445 7665 9233 4751 7515 2940 5532 7944 8701 9424 2562 4934 5710 7925 7912 5387 9940 9299 4926 563 8286 35 3412 5055 553 4951 215 99 3835 1862 3984 5851 8438 6193 662 2413 9356 3990 8592 2848 4886 5829 8144 7187 8741 6304 8085 8510 9310 7936 6667 5693 2905 1157 7815 6198 9185 6829 2959 5481 6779 4969 1760 6059 7911 1052 6659 5430 4189 8233 2993 4487 3886 5058 3669 8350 9601 
5611 5711 7532 1514 8359 3897 9141 4439 7734 5452 4013 9271 3011 8444 3583 1918 8710 5888 6633 8023 2770 8277 6045 2447 5547 9028 8012 1222 5979 7198 2298 8852 1086 4599 8818 5886 9043 3208 1793 3593 520 8541 7826 7752 1531 2168 3066 2376 7745 8002 6052 2426 7252 1485 3908 1292 7284 8174 3837 5191 4738 2014 4456 2445 8006 6447 5010 9337 192 6940 790 1471 4514 2424 848 5949 6054 620 9791 7781 
9091 4080 1255 2637 5634 6285 626 6996 8688 8689 3811 8275 8995 7697 6854 5377 9033 9608 6857 7657 3605 9793 6808 267 2879 264 9878 4053 3739 9576 7127 961 8299 5497 8382 8469 9379 6421 798 155 1627 1412 4623 6735 6927 2701 8982 5542 9611 9542 9185 827 6774 4134 34 2397 2495 5564 4006 6856 1379 3294 3705 1836 863 8464 780 3445 5321 3728 9617 3980 3975 5419 6244 1708 3533 1902 6803 9585 
97 4942 5195 2438 5259 9097 6613 8224 806 990 8710 6042 1682 6868 2445 7763 7485 9549 3725 7976 1707 4916 3538 8103 417 682 5631 6965 746 2229 4630 4368 985 3531 4183 7393 7998 8446 1246 1576 769 2680 9527 7458 2344 596 493 6045 7395 7054 2236 8160 8663 4234 106 3185 7365 5559 3658 3881 5453 314 9222 4619 9112 6832 3954 5858 7428 6369 100 616 8555 386 5504 7776 8407 3731 8482 1705 
7065 6477 1290 7802 8147 1175 8181 9994 5260 6139 7045 3013 9117 7103 3224 9894 6569 8760 916 3974 2550 1823 9404 4905 1111 7921 7100 5478 2230 2519 581 9293 5268 1192 5341 4121 3866 2795 2346 4540 5714 3485 6365 7949 5893 3763 2200 519 1547 3593 324 533 4513 9136 8759 8895 2206 1737 3504 4149 439 9394 7538 1666 9006 5551 3894 5372 8768 9017 3946 2294 2298 3116 6666 3596 3245 285 5818 6046 
7873 1102 2856 8464 2305 2260 1102 6763 7325 9965 9813 2740 1686 5665 132 2426 1618 2731 2606 888 9629 7863 6585 4063 8216 2320 9372 1871 5941 9981 6023 2536 4375 9373 3413 8120 5504 7342 4417 4518 9306 6217 488 148 3720 112 8650 8678 3526 6519 3455 2776 8489 4648 5285 1371 6429 9781 4073 3946 7100 2633 973 4209 9071 5211 2020 8625 9947 6136 491 5996 829 3415 4845 440 4918 5404 446 7530 
5350 6370 1588 6197 5542 8046 5335 9273 4395 9109 6620 1232 846 7459 4114 1405 2059 5870 7021 448 681 836 9880 4062 8070 5625 2712 9412 1634 9106 9219 5944 8559 8339 9039 1410 7756 4523 5522 5817 1439 7234 1826 6673 8108 4066 9517 6 5915 3073 6792 5060 8268 9874 6814 442 1897 4559 3778 3397 7034 2045 1578 8552 7162 3156 5045 7218 7310 5619 7743 769 7135 7385 5224 3048 4849 2882 8423 9942 
9297 4529 3682 6820 9173 6323 4105 8584 6576 8834 5352 5446 6549 5263 6269 8348 8512 2485 6134 3656 6454 5986 8528 8645 3481 8778 6493 1509 3809 239 7821 3610 3142 6153 460 5256 5201 2050 4070 6418 688 7930 9715 6510 4765 6835 5023 5068 2342 74 9006 700 5607 6858 7686 3268 881 6027 6618 4121 633 9223 6300 4505 9054 2267 4025 5427 1797 4920 7293 5434 1404 8680 9204 7845 99 3043 1109 1267 
9443 4621 9615 2118 4032 4348 3221 9428 2598 756 3976 7980 4942 7542 6602 866 9740 9293 8338 6523 1313 9583 3143 2736 3611 5173 9905 9898 5945 6438 9732 9416 1183 5764 515 8785 3021 3111 9681 6340 7588 172 2448 1257 8489 854 3066 2698 2876 5046 7003 678 731 6842 4956 6001 1546 4615 1760 2779 4122 3643 6648 2447 1944 5362 9268 3488 4735 135 2714 787 7091 963 8210 7662 9666 6283 6099 6420 
9425 8638 361 1140 2868 3073 6655 441 1491 5560 1911 2900 111 6433 4500 8339 7831 6059 4732 1842 3232 2447 3556 5923 1829 5162 8908 3429 3442 3173 5309 874 4164 2987 9968 4284 5814 3148 9193 7625 3084 488 510 2285 6328 7275 8964 1362 2913 6379 8041 4539 4557 7043 1535 4567 9224 3363 5665 5441 3903 8555 5687 5650 6954 7120 5237 6469 2072 9694 5480 9093 304 7999 8017 8224 509 3654 9864 3477 
4922 9794 3357 3869 4020 8380 3031 7141 3834 7340 7361 6722 8593 355 4006 7451 6417 5729 3553 1562 469 8069 1365 2176 1330 3750 3789 7708 3233 5036 2763 9865 9158 6275 4365 7386 2498 9345 4238 8326 7147 3199 8768 3477 4498 6338 8043 8640 4253 5340 9030 4857 4225 6367 8077 6951 1715 4298 5058 4496 1397 8245 4635 1300 4514 5754 9564 3047 2436 3865 7942 9050 5274 2307 2044 9143 5136 3778 5433 62 
4596 9951 8863 6971 949 3305 9047 1068 6289 2202 6820 7337 2391 8845 8590 1126 9535 2960 4636 9280 2785 4731 9447 8486 4007 5987 495 9041 294 9787 5226 415 1916 8584 4569 8935 5636 8371 7315 6542 3849 9963 9386 7260 994 1350 7836 7275 9932 6360 733 7459 9001 5838 9965 6046 4426 8910 1112 1094 6849 443 6444 1509 5618 4938 8775 755 9080 2540 4648 8374 507 2867 5861 7773 2798 93 1383 334 
1840 7683 5603 4286 8153 3529 4520 8356 7704 2551 7759 5284 5092 1875 7007 726 2466 2717 7018 5945 6415 2317 8917 6073 3714 3565 8296 9993 2715 9012 6415 7236 8821 5936 4858 2249 8179 2798 8483 9471 2209 4867 4230 5853 8249 7203 5129 9979 2298 6283 3122 4024 2996 3080 5378 5276 1007 3813 2771 3649 3528 9397 7079 5688 25 564 5366 694 9255 3951 8158 2871 4761 7799 7817 6266 5745 16 4597 44 
1660 7499 7743 285 3646 1861 9207 9989 5754 8063 9034 5577 1845 4940 5424 2360 9716 137 1042 9470 753 6207 9787 3149 7433 541 4236 1993 3499 6327 1508 8961 6087 3000 2350 553 8344 3339 8810 9587 5108 8127 184 4052 9015 7893 8645 4063 2390 4342 5640 2059 1469 9837 994 1540 2572 2961 8326 557 1021 4695 1274 8258 2604 7489 4932 4108 9910 3337 9035 4928 6148 88 2158 3759 7883 5586 1519 2662 
7318 8014 1731 4557 3259 784 8391 835 1519 8222 9738 2588 8649 2191 1552 5499 4746 8727 2187 9946 8863 9160 2909 5089 2913 602 3560 7420 2874 7268 8775 8418 2014 2224 4532 2280 1096 8526 565 9115 2257 2765 6436 9340 7977 2720 4788 820 7308 7803 2345 9938 891 4946 7840 5218 1154 5206 7574 3419 9131 8979 9157 9887 852 2646 1498 2073 7447 8741 2691 7645 201 1718 1610 4875 874 1599 6286 915 
7640 7293 9565 9504 9237 2898 6092 481 2106 141 8631 1634 1173 1185 6005 156 6874 3851 2727 2037 5893 7084 8875 5584 1828 6566 2306 1463 5469 7308 4004 7452 6159 4382 9592 6596 6506 5765 2998 6253 9218 3303 7808 8727 593 7778 7731 7252 2644 5693 2587 1669 4966 7117 9926 80 1621 5841 824 2471 7922 9359 5409 3344 3897 8364 2080 1409 5337 1806 2570 9941 7682 7498 8515 7469 7633 1629 6765 6527 
3047 6267 7059 4804 8583 400 1245 3366 183 682 6174 4243 4762 8244 9621 7134 6431 8320 3366 571 4619 248 8495 9618 423 8094 2185 5274 6662 9782 1582 9892 5598 500 1847 7954 6912 3339 395 1398 3057 4184 9538 8839 8183 2257 3070 978 2120 5096 5343 6 74 7063 9964 1205 3279 5728 6270 8383 6489 2777 2863 5133 3866 5672 6916 2987 9240 902 4354 143 9149 2244 8142 1856 7585 3139 3440 1698 
3081 452 958 2782 3532 4744 6801 2820 4501 7823 3014 8726 7080 3805 5684 1337 8055 2483 7396 529 5019 1502 2905 8432 440 1001 5292 2569 6924 7741 8318 8903 1316 4744 9588 6682 694 7310 8435 5651 5060 6075 8388 1079 4165 7979 3552 8209 6381 8242 3221 4276 1117 1864 930 4945 7933 468 4026 6665 2323 7475 7250 6254 9193 5174 296 9393 2627 8604 9000 2889 4949 646 6557 1999 406 650 5967 2307 
5413 5751 9282 9636 9988 4412 1226 7484 8852 4381 1175 6483 7546 2119 9814 9574 3966 2627 5408 1983 914 6663 8965 7719 5129 2828 6966 8966 9373 5801 6878 1636 5970 5708 1288 2633 1748 5191 8828 5115 9898 5750 1557 7283 2183 4304 8716 8068 213 2906 5283 2070 1556 4875 9277 6117 3619 6897 8717 4842 9273 9479 5228 3113 745 4028 8044 8591 9805 3113 1781 6638 8881 8325 6920 7236 6092 4478 4388 5744 
9403 9174 9398 4618 9298 7891 8424 352 3976 2526 3435 638 5788 9396 7774 9762 6261 5840 4090 3931 8354 3546 2993 1889 2278 3941 1260 9382 7591 6096 5952 6829 2644 7165 700 4552 7439 5192 6582 8204 5635 4698 1853 5784 2594 3729 7203 6239 3966 2613 4157 4262 2080 469 532 5165 365 6330 3164 9672 8578 4598 2792 6960 6407 7663 9556 4217 9636 4601 8980 755 1596 1427 4809 788 8115 786 8781 2272 
3833 7584 3634 8348 9308 6955 4941 1691 2010 4930 9166 2598 1313 1727 5541 4106 9961 9400 5993 561 1580 5571 5601 580 1145 2179 4834 2786 5789 9044 1339 865 4894 4641 2544 8643 80 1269 8709 3604 9674 7068 6871 4839 2324 8208 1741 9085 3181 510 6025 3253 8447 908 6318 6703 6874 1683 7747 4883 9318 2521 1207 1838 2087 6324 506 1325 6827 9800 498 6475 703 7163 411 4572 3239 2720 6709 2117 
9856 4603 3809 8379 9281 3199 7068 6132 3661 350 8804 1158 8366 540 8719 7310 4433 6318 2848 2082 7013 3331 9226 1718 9261 6868 2696 6939 5260 8465 4429 2284 8567 3441 2974 7580 2978 1076 9142 9171 7452 3169 4714 5487 8181 4315 6887 8196 9919 5314 7861 2964 3832 9243 4484 7819 5221 8933 9295 7181 3077 1255 5334 4594 625 9180 3449 6560 5621 4841 5918 3551 6142 8803 9808 5691 4545 8112 4484 7763 
7945 642 1373 4135 3795 1936 8941 3040 7201 6715 6835 468 1087 4422 4070 2174 1661 5177 2379 6896 393 3597 7879 1697 9716 1083 8288 7478 1226 346 5860 4772 5678 6636 2274 7710 8423 3680 7771 8800 802 4951 7048 6080 7797 9797 273 2217 4675 2127 7296 9542 9979 8002 1130 83 664 5229 8996 52 2326 9365 5479 1199 1761 6409 8022 163 5550 8631 5709 1781 5249 2502 285 4694 8995 8014 5354 4746 
2812 4169 1370 3418 7395 239 5788 7237 6460 7727 5507 722 5055 5007 3659 1729 4402 6815 9911 6567 3814 7151 1233 7974 243 3112 9532 6444 8345 2882 5949 6917 7477 626 1819 8183 7070 3674 3416 7963 4111 8910 7523 1004 5154 4379 3525 1690 4456 5467 836 2059 4145 8687 1405 3397 883 5952 976 1577 5407 6807 449 8295 5415 743 8382 8292 2185 7163 3057 1987 3660 3260 1727 3377 3132 40 3967 9214 
1406 1942 9570 3963 570 5971 7300 6705 3233 7936 410 6782 6057 9148 3859 2514 2008 7007 2862 5610 8134 7814 2646 2048 7284 7129 3558 3397 544 2271 546 3181 821 5836 5102 537 9934 5987 1052 9652 1622 9788 9637 7145 2125 134 1868 2056 4135 6123 5679 7372 8868 5876 6841 1985 5085 9952 1662 91 9146 8252 4843 1370 6204 3569 7333 5713 4089 1638 669 6721 7718 6641 2218 4511 6766 8736 5143 910 
2963 1416 3409 6207 3335 7484 5418 9120 4940 103 1383 6691 7655 2636 2787 9883 1587 8009 5486 6402 9084 6270 1672 7103 4256 6717 8806 4646 1560 2084 3960 8291 7214 4631 8973 5545 4919 3411 6652 7821 5417 9246 2653 9489 2907 5519 9803 8513 3802 2543 5456 1101 1378 4556 5512 4782 1319 1505 8813 6231 9870 7586 710 6272 868 4525 1292 3859 8697 1966 2070 167 531 773 5324 1796 4337 9220 3680 4417 
8880 1021 2922 9540 4997 3258 8937 2403 3765 410 1851 9625 6976 4343 8015 7471 991 2843 2394 8 9872 2739 146 4941 1540 1686 9332 3958 5615 7424 5054 7156 9945 3736 8441 5643 3537 7633 9450 9598 5249 175 5999 5944 4586 3677 1011 5351 2402 88 7230 4250 8287 6013 1024 5615 2144 5985 8625 4240 2146 2713 5058 6380 2439 5355 6802 4040 9981 1823 6511 613 9802 564 4479 6160 2946 7599 1222 5273 
4559 4492 4822 5349 6620 5898 1323 9142 3567 1736 615 4450 1278 4509 8828 4330 9245 7720 8038 1674 6618 4848 715 3770 1825 8404 95 4761 4408 7241 4669 3421 548 775 4034 4962 8225 2709 8335 361 9767 5310 4637 9143 9858 989 7188 4604 4834 3404 6603 6548 8226 9302 5805 6840 2635 8681 1861 1889 9393 3579 7335 2007 4710 3897 3265 747 112 7284 1425 6267 2388 3339 6351 5724 5250 1252 6129 95 
1396 6442 6552 2275 706 3481 2086 7457 1380 3417 6047 6002 6660 5184 7553 4913 7756 7323 2539 3522 1274 5513 1559 8354 5559 322 4755 6794 1258 752 9864 1956 9174 720 1729 4845 629 5022 7309 6317 957 8178 3177 6528 7156 8637 5651 8576 2029 8605 8365 6427 5327 7819 757 3554 2530 1121 1893 5099 8608 4451 1200 9470 8162 2914 9509 6679 183 597 1411 4401 1942 5469 3444 6458 7546 6945 2002 8192 
5868 7341 7955 9914 5618 7494 5816 1093 1823 4966 4711 6838 1725 8281 3508 1550 244 1165 9119 5670 5871 8643 8656 7234 1747 2520 4582 5917 5331 8694 1269 2199 2228 64 7442 711 1750 4769 1640 104 8080 6284 3977 4899 4802 9598 1744 2463 2103 13 920 5409 6629 2695 5497 8536 3356 8633 6432 4551 1758 210 6268 1784 4181 7094 9014 428 9527 1367 4774 9166 8919 2883 5325 15 5356 3042 3431 9476 
5175 6225 1169 1934 2827 1518 9677 4872 9026 5514 2902 8405 4258 9515 6940 4461 1250 6553 7837 1474 4926 819 1806 2470 5011 9439 3939 54 6405 7238 9549 2839 8834 5878 8360 3054 4016 3771 9525 7469 3680 6825 7698 2988 8956 6231 828 4806 3292 9000 3733 9153 3013 4459 2472 9888 9995 143 621 4281 9544 7368 5156 9373 3966 1151 3383 4411 7942 6901 9321 915 9666 4183 4554 7353 5647 7987 2487 8025 
9153 4367 1061 8255 4910 7319 6572 2531 225 7385 5533 1299 9255 3856 5998 7248 2901 1528 6761 9364 2091 8305 9083 733 3959 3641 1083 8831 9528 1833 7449 6398 110 7010 9687 8663 8652 7311 8807 4509 5150 4541 229 9087 7130 6879 1910 6686 4370 2381 1690 7017 6875 2720 7882 8548 3040 1098 5455 3997 1894 9694 8310 8878 8403 1877 5118 8498 7051 8218 8642 8606 8465 5251 7340 9527 1921 3988 600 1878 
4892 1376 5499 1390 4462 2243 2713 285 3368 6035 8590 6431 1801 4236 6192 5633 1656 3877 4459 3809 2198 3558 1468 5101 5465 7706 1796 683 1897 5448 3100 5990 8166 6986 9938 2460 2731 8016 1307 9122 656 107 2006 7127 4310 7861 1038 9229 4735 4384 4358 171 1073 3448 4256 8738 9041 1021 4526 9213 864 1921 1944 8956 6996 5226 9368 4555 1932 4798 2971 6313 4491 449 3204 9376 9125 8392 6237 5249 
7177 6872 8914 4623 1113 308 452 3265 5822 6504 6248 8876 8914 7422 9016 8554 1203 8293 832 5439 5025 3805 3734 4739 7281 3419 6670 6819 1393 2881 6757 9966 4984 2796 5650 2648 3491 1474 4287 4325 8926 4717 7064 8456 6570 8919 2413 1662 6413 8945 2390 3227 2208 383 7708 4564 5283 515 7140 7154 6818 9194 1171 4404 2679 9597 5084 4863 2900 7224 4271 3777 7692 8321 5196 6417 5948 7191 373 5773 
6866 1023 5660 5523 6849 3271 4084 2944 462 2594 375 2233 4377 5392 1181 7163 5565 3632 4026 3168 39 2955 3839 2566 4011 8015 2588 5772 9453 108 8146 817 589 8155 4158 2455 848 4933 6848 2196 9575 5359 384 7010 7530 3006 2810 139 8795 7309 2557 281 8038 6745 1585 7568 9274 1277 42 6502 4413 225 2460 8066 6658 6669 4478 5220 7567 8305 8858 9875 3902 301 6999 7732 4684 1461 4209 8452 
774 9445 4278 7621 5399 8822 6140 7752 9831 6121 1260 8733 9554 3721 6222 1700 427 5721 7294 9728 7715 4729 9958 4795 4756 5533 735 2122 1373 3835 514 7910 2113 1846 5066 3579 7756 7607 7007 8234 3911 1869 317 7243 3407 2810 9604 9084 6914 3235 8015 3658 7595 5476 6688 6588 9483 6556 2325 2992 7849 4737 5147 9721 8532 6480 1362 9185 9287 820 8894 7415 9905 5868 934 7741 843 331 9738 4083 
3572 9221 2859 8700 2795 1071 2109 6703 3054 8147 679 3972 1180 4115 5087 7289 3015 1151 967 4348 4395 620 3856 7142 1783 8040 4992 2432 333 1408 883 2182 9496 4806 1027 8133 3295 3668 9853 1609 4339 659 4024 5619 6184 1722 7347 5640 7254 3844 6139 6689 1505 4298 4362 98 7269 6484 1475 817 2201 9027 2842 5536 4682 507 3028 1208 5385 3567 5577 5886 2299 3421 171 644 808 5661 5209 986 
4837 4117 8229 1455 4755 7591 6420 755 8903 6412 5090 4165 3070 1855 3047 7888 8291 2061 912 1786 2772 9056 3519 9897 2215 4512 4316 9883 3948 2901 6961 7913 4683 8287 3121 4229 9583 4746 6080 7825 7162 6575 8016 6721 8831 8256 8200 113 711 2138 8973 7796 2276 2026 9574 9750 6955 2171 7332 9483 6070 9694 9178 2559 4461 7682 5021 9412 9044 4292 1674 3463 5521 6114 1863 9809 5042 6723 5436 7154 
5223 5422 3957 4169 600 2839 8719 9926 4097 1912 4519 9599 1286 1221 6136 9916 5631 1983 4639 6526 549 5416 9500 2820 5627 712 3605 3486 5811 5452 2524 1097 696 3715 5234 3205 3920 2410 7239 4426 945 6881 5919 1375 4424 5636 7897 7582 7666 351 6003 3507 2621 134 8233 398 9570 9647 1240 2444 3606 5430 9947 1103 9922 3061 452 8585 7435 8394 9560 2343 8877 9871 6716 1811 4366 9537 5494 4509 
618 8308 1208 2254 1935 5571 3862 2134 9516 6591 4150 4331 1595 7627 260 8460 2267 2908 6581 1081 1606 9551 3704 8478 6934 6915 3325 2332 7106 5058 944 3163 9209 5398 2274 4027 4534 9015 7872 9494 1441 6427 4610 3759 8153 1558 1943 9918 713 5742 9895 6939 8652 7234 500 7492 6888 4961 9164 4085 5080 104 6220 9987 5000 9583 3855 6043 6835 7987 9259 2296 6679 1279 9362 772 8749 3361 1 3354 
2792 8040 6975 8461 5434 2012 462 2277 7087 1681 1855 9168 6722 5644 3756 7429 5536 8237 4571 7465 466 7433 2987 7782 9273 5719 7722 7105 6106 5110 8733 8570 1060 6548 163 8263 8642 8077 4768 5484 8952 8543 779 7355 1186 378 5316 8839 4828 6187 381 3043 8308 1658 1622 5394 5671 7895 7837 3934 723 6294 3066 4072 4088 3532 9144 52 7657 384 2445 795 9844 7900 570 1854 3593 6595 6899 215 
8629 3898 629 6625 5104 5118 7539 2571 8893 3668 4842 4700 2045 8859 9246 2712 3385 2253 8962 1178 237 4553 7180 6494 9861 5064 5644 1232 80 2470 2948 5284 1365 3033 348 1858 3632 1521 6672 9799 6309 9263 6130 2633 1339 992 2329 6808 8477 1997 1089 9790 5079 5414 1349 9619 4334 2723 7912 8348 6469 4506 312 6475 9740 5149 4394 4617 7420 7670 1654 1858 1493 1826 4238 6328 8822 8360 139 9548 
1217 556 6538 3395 9149 5280 7263 8045 9934 3985 5086 2369 605 5687 3105 6214 6488 7025 7046 3601 8906 5319 4944 6572 1193 5097 1273 1077 2462 6355 9688 7703 4519 1362 3431 7751 9584 2801 5833 972 5229 6903 5280 9804 3856 1315 972 8766 5844 8228 5112 8633 6496 6614 9955 7672 5280 9435 5189 6748 3821 7359 7646 7748 7086 7346 2811 9167 3647 910 9726 434 5466 6328 7683 9843 6760 3633 5487 9001 
2031 2129 6390 4022 3097 9658 6207 9846 919 7528 6772 4031 8598 7456 8549 5878 2853 8301 2291 4552 1679 5403 1038 6439 1762 4038 6860 6130 2265 3891 9845 2008 1814 7909 7064 3416 9403 4008 8663 6840 136 6284 4296 6976 362 3379 3250 9220 5865 1734 299 637 7499 5455 3968 3595 8550 585 2951 7349 719 3167 7958 1564 7716 2581 7857 4136 7625 9287 8894 7870 8870 1140 4392 5214 2158 7648 4478 6498 
3425 1642 2623 2389 2245 7901 5165 6810 2568 8088 2551 7335 7020 5114 4480 5280 7077 4085 383 3685 7923 2447 1602 7542 5503 7743 4153 6578 8952 919 5838 7970 2350 7701 4314 3672 2382 3659 897 4533 78 2715 8471 5401 5006 3306 1700 3429 7395 5413 3356 7812 4884 6290 3767 7379 4602 3627 8565 754 1763 701 1647 5173 7859 4276 9059 6055 971 9373 94 7665 8610 7925 2900 23 6178 1539 2329 551 
4679 1597 2073 4891 6423 6390 8084 4178 3587 1257 9241 6744 5394 9319 4945 6024 1714 7244 9716 6366 9507 9643 1133 8067 2958 2620 1678 6375 6201 2372 5627 816 1804 3865 6445 1726 608 9153 6353 1377 5285 4490 6994 8051 7190 2726 5443 244 4303 3074 1555 5193 6173 3740 95 1949 8145 1408 1400 2354 8012 3545 9119 6960 1250 404 8144 9119 1145 7323 8907 7856 6960 4552 5881 5221 9319 8754 9234 4868 
9887 9676 9237 6337 5251 3550 4403 9178 8923 792 2075 7807 3654 6388 4470 1048 6404 7717 25 8317 1871 1948 5504 8205 6654 7639 3197 3938 6848 6204 480 9325 1413 5769 6292 1915 2985 1034 9066 5585 3301 7929 900 3618 3330 5912 4331 1303 7309 9862 3998 5883 7415 201 4988 2533 7830 8134 8025 5121 825 4207 1693 7440 8067 3529 9445 5885 8827 1200 5147 4689 7339 8121 7357 2293 301 743 6186 5080 
3245 7602 8451 8502 9032 4536 7274 3686 471 2853 1564 2941 2953 3121 506 2005 2249 2283 4748 1401 105 1061 3206 6997 4869 8669 323 9278 5513 7494 1103 6510 9759 3941 5521 6338 8580 6931 4494 1797 755 3329 7851 2333 7339 365 7205 2049 4213 4072 5395 8049 905 9455 5301 4631 5267 6503 5594 5772 5411 8872 1276 3061 4673 2677 9756 6523 3251 2519 6832 7932 3081 4589 770 2729 810 3706 9404 7978 
2610 286 3838 2845 3762 8801 2260 499 1137 9302 8340 4795 7430 9225 4350 5032 2778 1830 6183 8195 1133 9495 9607 7778 7338 1269 6177 5631 2903 3722 747 1566 4503 5066 6203 393 7783 3592 6912 1204 258 8461 7694 3554 2352 8917 7786 5538 9913 5038 2762 3406 5556 6777 2801 1747 3138 9893 9577 6801 227 7094 1545 1080 2005 3210 1940 4244 7256 6960 9970 2516 375 6661 8994 466 1066 4956 1685 7467 
1965 6080 4111 5002 7344 8140 5632 5195 3711 2809 3839 3647 7270 5738 8952 4490 1289 2867 1890 3999 6303 2192 3662 2656 4127 9089 2459 6841 264 1506 3682 3464 5950 4499 6925 5123 1813 6601 2550 6788 7181 8846 8348 3399 8894 8254 2724 2498 3888 3369 1417 2426 396 9274 6157 9418 5259 2437 5771 5393 2941 5713 5263 2114 4914 6198 6552 4291 7616 6480 3650 4673 3413 9876 8548 186 8445 4906 6782 5829 
64 4421 1265 5936 384 4558 1641 980 8659 7739 5966 7549 7738 3553 3100 9027 6882 9373 1658 7346 2866 4287 2732 8715 8294 8514 5636 2349 3194 2529 9210 2568 7615 5636 9908 5211 1733 2946 7222 8405 3886 2654 8047 8530 6656 2115 4728 6136 9379 1643 7287 6862 8091 2289 8561 405 2131 8323 8359 3633 9071 6052 3890 5870 3622 7485 561 4071 7538 3242 8069 194 1703 847 9030 4325 5422 8392 5287 2870 
8793 597 270 8631 968 5062 7851 9579 4816 2387 8309 1215 4931 6093 2239 4378 3327 2378 5931 4344 9186 9073 2642 6020 9521 1880 1387 833 8972 2286 5803 4065 8157 4825 8335 595 6258 5682 2612 4311 3779 5292 7533 4145 5442 559 90 9733 6724 5792 3421 8474 9741 3393 6693 3660 1167 1886 9035 9176 7811 2709 6689 2169 4481 6180 2318 3750 3848 7604 7452 3065 633 8160 9338 615 9628 500 3924 4042 
5408 389 9008 549 8387 8714 5791 1132 2648 184 8619 4604 9978 3923 9602 1884 2422 6977 3854 4563 4647 9438 7005 296 3646 7041 2164 2897 1318 20 1078 2523 4840 559 7788 5280 6737 317 4650 9871 4587 4979 964 9237 2656 7754 330 5043 9877 788 6030 4036 9491 5133 2989 8672 2446 5247 4698 8450 99 4282 6721 9514 3654 4641 7120 1300 1481 6099 6677 8317 2067 1757 6014 3847 3833 933 761 1522 
3857 4100 4187 306 1443 2799 9335 4982 5123 8394 6165 8509 1300 7039 144 7155 7830 4087 7380 7405 2278 2387 7931 4890 6646 9129 6300 1174 9267 9794 7983 9497 6879 2609 8021 7667 481 2765 8334 3535 2512 9654 6243 1836 4856 5410 7285 5514 2394 389 7568 3599 2971 6115 8832 67 2992 726 2070 6683 7373 1034 6704 2760 3565 2167 6166 6047 6426 8666 5242 3288 5678 2620 8195 5395 143 7850 2727 126 
4519 2911 6776 100 4881 2447 2325 8749 8980 2546 9937 8338 3417 6440 7222 3006 7680 1344 5488 2515 6412 198 8899 8306 5692 7244 4072 124 9336 9717 5168 8942 4969 4741 7001 9008 5821 7652 5413 6376 3211 6902 4678 8416 7589 5939 3106 5602 3537 2569 9297 8400 6167 5925 781 4100 4752 1012 5918 8053 8416 2025 3954 3593 1085 6181 1868 1296 2510 8086 3744 8181 5790 276 5331 6480 3239 4493 4334 5283 
7303 5544 7384 7772 5720 6708 4369 8049 8846 3094 8226 3557 9957 8990 9348 6356 5760 3739 1540 3252 7039 2013 8247 174 1488 8231 1424 2709 9829 7174 1274 2588 6049 3999 4833 5367 4386 5294 5469 2215 9060 9407 9662 9173 2779 3508 2838 2319 9403 9434 436 2681 8035 8337 3993 6899 1678 9139 2534 5289 9933 4303 8049 2189 8167 5624 6326 5931 9671 363 1548 7297 7446 2896 5934 1983 1220 9440 3022 1357 
7451 3726 5975 1705 367 4481 5554 2905 5455 244 2706 5082 6370 3236 5231 6308 5311 4706 6558 9740 1619 764 9079 8412 3522 7299 5486 4949 898 9532 7119 2875 4760 6992 2489 4073 9131 7860 2361 406 242 4578 8449 3796 1582 5954 2696 78 6380 6872 1819 2030 9283 4168 4522 800 4633 2177 8109 9524 2879 6677 6802 1809 123 905 7121 2567 586 1311 1599 8133 2874 8760 4600 2529 9726 5753 3332 4526 
359 3691 1549 6196 1756 6176 4629 3807 7447 2376 8524 6871 2703 4865 5289 6645 662 7926 1367 4089 2940 7826 4117 7717 6512 5257 3428 1631 7935 1567 4143 2278 3728 4203 4417 1909 4358 7921 6673 3413 9347 8727 5213 3744 3502 3717 3615 2158 1664 2489 8690 2064 9469 7193 5153 6497 186 2155 3744 1828 3664 8986 9997 8384 9194 9920 1595 5889 8944 2531 4124 9197 4976 1555 8971 2470 418 9109 9103 7207 
4118 3737 5696 8663 8167 5939 9383 3982 4595 1246 8208 5945 7667 195 1854 9092 9447 8047 2145 3594 813 9438 5726 3000 5579 5282 3166 1031 6027 1350 7345 2984 6047 7705 4912 4730 3904 7183 4875 7509 1886 682 2591 1045 2966 8823 1583 6125 5841 6969 3606 7051 4890 5633 9371 1216 9466 1500 9044 8541 2909 4759 4330 8434 6653 1207 2365 1088 1084 5713 5777 3098 4071 2380 6009 7768 8036 4630 3628 3400 
3636 8887 3103 249 6009 8013 9256 5386 5950 4219 3689 8642 6071 7548 4493 2311 8089 6791 2886 7378 377 4699 7107 7527 4442 4317 5412 4173 6405 3318 838 3975 3039 7661 7653 5127 3019 8234 738 8969 5049 6764 4946 9208 1786 1356 5524 9241 3194 2714 7263 8581 1885 2594 6314 3179 4055 3174 1996 5116 7518 9173 7644 1565 6646 6334 2802 6344 9537 42 1589 5193 1661 8072 5107 7446 8767 128 7603 4860 
1372 4834 1104 384 3941 3723 1063 1939 9309 6924 6848 8810 4635 4342 3555 867 1294 460 7641 5405 940 8336 6792 2137 3161 9071 53 2957 9616 1180 278 2581 2212 9191 2623 9606 4791 1974 728 4956 8831 9244 1108 3448 5904 7761 720 4070 9466 3551 4678 8539 492 9675 3451 9941 8776 246 8253 1755 8203 264 3467 9405 6592 5905 1620 436 3643 6026 4714 920 7137 3396 8969 6775 6677 7192 9644 6286 
4380 4120 2874 3083 4824 56 7652 3017 6706 3630 4719 2845 3676 6830 9423 342 656 103 3950 6402 74 1037 9191 1695 6756 9141 2235 2550 2918 4970 8014 9739 8369 4108 1135 6659 8893 8058 5862 9952 9686 6958 3660 3391 1117 270 1376 9792 2680 9211 4539 8016 1561 5792 9014 7861 6554 7360 7842 389 768 5551 7978 4283 7702 6809 7936 4596 3435 6546 3563 4578 86 9124 5038 2416 8349 6413 4867 3884 
450 3829 4113 6184 1025 9193 6606 7345 9725 4093 2047 3356 3632 5944 4062 9543 935 9198 7075 8717 1623 7080 1340 3713 3746 4737 4505 2848 1358 980 4792 8034 6308 3938 6103 7774 9756 5193 2059 9538 6367 847 700 6229 8334 2929 607 4775 4293 7190 4792 8998 838 4254 6633 7176 3000 7342 1203 6043 945 2853 9956 572 667 9553 468 5687 9559 963 6864 5348 8591 4532 6603 6419 9642 4133 1162 1021 
7966 9988 5778 2462 7102 4385 1585 961 9887 516 9529 8143 8187 2494 522 9401 4081 260 93 4789 8163 8691 5596 1288 3032 3277 1650 1370 544 7828 4451 2397 1343 1409 5888 5246 3538 136 1670 3331 2339 1659 8684 9430 4647 4565 4933 8853 2011 1998 9422 4645 6850 6675 8368 3206 6074 581 407 7436 9533 123 23 5738 2389 3345 1702 2948 3896 9459 5832 98 1087 7840 2647 9825 6802 7202 4895 398 
8234 3403 3241 3152 2910 5560 4293 7598 2919 8292 5262 1353 2577 7351 7321 1242 3199 8671 6712 4847 2932 7255 8394 7070 3661 1522 5058 9313 3780 6649 4510 910 1222 8456 7744 9397 2346 6684 8712 8051 4351 6354 3013 8757 9295 2475 4727 6770 3665 9709 3610 4684 6876 6355 1198 5740 7837 1111 2798 9178 4640 1511 7706 7468 4910 6993 7835 4678 4504 1773 5996 770 4539 5132 593 2480 6365 7494 9874 1802 
4832 303 1697 5785 2450 4208 4921 6742 7047 2010 9745 9007 9193 8487 7131 3743 219 301 5380 8056 8930 5725 4102 2822 2311 4739 512 4365 2531 1745 6599 1898 4965 4548 1720 523 3221 2959 6876 2322 8802 4706 1379 7985 5934 9374 1376 3873 7954 5070 5871 4590 4709 5254 1197 8466 554 5662 9173 7739 3467 4166 70 6539 2156 2654 3874 6321 2850 6122 9699 8413 867 635 1651 8435 2524 5274 94 5605 
5689 4857 9658 8657 6869 8815 8379 6809 8362 7841 3505 4167 327 6349 2860 4781 9673 123 5643 7310 4305 5268 4198 9356 4226 9184 6474 4671 1671 768 94 4709 6107 8520 1853 6027 5203 3284 1503 6611 9739 3419 2001 8565 3432 576 4354 6566 2471 2906 4560 6388 1306 9037 7997 2829 187 4349 1552 8355 1508 3369 5480 2396 6828 529 8960 3945 401 7673 2654 7432 8608 98 1267 1762 6411 5868 5594 4138 
5651 6133 8916 178 8345 6134 8966 3975 214 5912 5956 687 3899 5503 3564 9124 877 1984 4052 3228 3785 8340 2568 1840 6259 968 2015 5008 3294 5894 1484 1889 6618 6093 1307 5852 593 3794 1205 8281 8327 2644 1603 5160 2930 9053 5024 4753 8171 1946 3473 6261 9091 5647 9230 251 8953 4179 3134 9318 8261 6102 1179 6936 9104 7188 9830 2106 7173 6363 941 6287 3466 9783 4906 5145 1586 9293 9030 3019 
5510 617 9450 9248 8303 6841 9971 1842 5497 5847 938 9606 9065 9155 1768 2952 386 7297 9646 2875 6556 5172 6068 5315 5818 638 38 8647 7308 387 7708 3664 149 3788 3293 8905 77 253 8633 5408 6358 5197 9828 5164 4931 8824 7071 4894 6859 5844 3705 2509 2395 1890 108 7612 5222 2311 9206 1859 3998 4324 5389 6144 8683 5237 3032 4497 1339 1198 2530 1637 5676 2053 9956 1288 2436 6131 1406 4451 
5179 5511 5607 215 260 8821 9768 6092 3202 7147 2907 7598 9083 9488 9289 2314 6932 1892 4433 6890 8274 5620 1981 4044 8409 9560 4874 5309 4097 875 2776 9527 3412 7195 7123 7363 6008 6490 3174 5731 404 2662 7568 212 1801 3886 8648 4183 339 234 4312 3448 3560 5869 5343 8062 2038 289 5469 5181 9774 6513 8924 543 1213 3285 473 2510 8598 3935 5214 6828 8283 7216 4505 1377 8036 6291 4949 2169 
556 8486 6443 8652 4153 1202 5485 1149 7817 9548 7055 3756 6070 8105 6591 6402 5298 2817 1026 2851 6858 5935 5454 7482 1002 7836 6622 9624 7766 7552 5946 5005 7943 9904 7121 8434 4897 5353 6292 83 9725 6666 6835 4435 107 1498 8543 9859 1291 4999 2534 9113 6428 2115 7419 4733 8869 7757 9363 9909 106 8401 2363 7708 931 6306 1259 2148 7044 750 1709 2040 8455 7057 1403 597 5432 3018 7234 5251 
6729 3903 1915 4715 2491 8962 3596 8789 3805 3341 1698 8381 9045 9566 637 511 8739 5839 8619 2081 2647 263 4418 1834 8410 1431 1635 5124 7361 2486 3262 400 1125 4763 6100 1867 8097 9210 5877 7786 4612 3117 5832 446 3038 5120 2391 8129 6745 7583 24 2026 7140 9174 9780 9611 5239 8685 5723 4256 2801 2726 6704 1794 539 7639 2577 6016 1178 8823 3665 6075 1115 9455 1142 1795 3896 485 3971 3684 
5625 2295 3171 9011 5931 5607 8657 9767 9353 1946 5004 9375 5189 2202 4820 8773 6186 6133 4952 1685 3788 4539 7058 9498 7418 5155 1695 4853 3163 7618 3855 963 3298 7232 4269 8455 8233 6000 1686 3254 9547 3989 5636 468 6707 3385 4726 8640 4826 4160 7512 2912 6785 4528 1799 928 7001 8212 639 7205 7800 8204 848 8882 2015 3289 4542 8127 8964 7798 777 9439 8378 6497 8137 9730 9898 2606 1971 2451 
8055 9974 7190 8438 7687 6671 7741 4745 2394 7018 5423 2040 9437 3401 2118 7803 6761 6757 929 7150 697 438 1363 1233 8649 6784 99 4284 6089 516 2566 3503 2846 6125 2170 59 6601 9172 5036 915 4055 6036 9732 5101 3887 3618 6804 3428 4680 9728 3157 7311 6111 8381 7348 6624 4955 3662 8151 3471 9720 5040 9367 3456 1290 6733 5199 3774 236 6530 9441 6174 7963 3456 4307 7317 553 6872 7193 6541 
8084 7705 4423 5774 5246 2162 8014 6837 2993 9317 4777 9873 1100 2457 1142 2195 1510 3061 7394 5010 4992 618 3577 5276 9964 6798 5329 681 7546 6226 2395 4419 6196 8355 6828 6628 7624 1843 9587 7449 8515 1297 3495 1437 1667 1948 4183 5291 3622 8818 7764 7276 118 7037 8819 7310 1002 5377 8032 9021 7982 1624 5558 5463 9004 3805 432 8174 3646 3124 9626 9187 1853 1384 8502 9518 9855 8699 7039 2921 
3231 6112 6660 6550 6418 355 6932 3557 1934 716 7211 5723 8315 245 8091 105 5337 3647 6194 8997 4161 2322 1659 3439 3 4973 7801 2466 5422 9356 4796 6598 3686 9422 4599 9977 7806 6194 2795 6919 2688 6102 4782 8738 9319 8485 5756 3280 4193 2223 4192 2441 8388 8614 5302 9642 5513 5888 876 211 9215 4200 3774 8485 2237 5095 7271 1713 3678 8722 2735 771 489 5070 1392 4163 681 7390 6693 6658 
9021 4271 78 7658 9991 1476 613 8085 457 5440 4054 9333 1698 2227 9491 6578 2814 5240 4327 8953 972 8724 6189 6529 6076 3514 2358 1752 8290 6433 8030 5406 3065 3212 3493 2099 6032 825 3623 7875 910 8366 989 7692 2965 1020 1397 3624 764 5621 1412 6610 1976 7391 6535 8665 743 3015 7533 7690 9975 8596 6482 870 7743 8634 9912 7761 5368 2846 6697 322 2376 9538 9825 9306 3083 9661 438 8032 
