4676 441 6539 8435 7273 9820 4577 2225 2719 7781 10000 1043 2625 9785 4447 7899 3221 4913 378 7112 
2985 5531 9942 8882 6784 4655 5896 846 1571 7037 1962 3067 785 8389 9237 5851 3667 5377 2039 1384 
437 8025 7440 265 6452 5536 2224 1109 3475 905 6539 9095 264 1008 4110 3520 4325 1207 3077 3730 
1030 9274 3809 4150 5919 9686 7355 8698 2173 6629 3908 843 8684 7766 1386 5270 6923 8244 706 526 
6598 3172 8067 3580 5583 4676 4597 9568 498 659 1049 9351 7849 8915 1905 6590 6813 5594 697 4546 
4144 610 7904 2972 5853 8075 5266 1553 277 5236 1735 7705 2992 9992 7739 9619 7001 2309 354 8097 
1930 9017 8373 7273 1980 7915 1240 1606 2123 5499 394 8035 2734 2294 560 7679 9079 9312 1136 411 
5328 5242 3472 3335 528 1868 3818 5742 9268 2753 5209 2021 3178 8073 2839 8632 9320 501 7568 3869 
3013 2342 6838 953 1170 5588 2773 9242 7843 6393 4250 5415 3512 2569 2229 5502 25 214 8124 5158 
6552 1249 3387 2879 2362 3539 1683 1607 1190 2888 3320 5516 7939 9048 3048 3619 6375 7408 8512 5710 
211 8748 8789 4991 9619 6500 2577 1055 3774 4239 928 2130 169 4719 8346 3745 1046 5564 1627 5942 
8455 5745 500 1590 977 2784 63 4257 4454 6136 4220 8704 5048 2437 75 5368 6899 177 3267 2526 
2617 4683 6434 6098 6621 2564 1614 5373 4330 2263 3243 3568 5682 3931 9995 4997 3450 2279 3803 7255 
7381 1046 7843 3353 6480 4511 2885 976 3825 7273 8797 1204 2707 9423 9416 2969 3999 5760 9613 5692 
9367 4945 5822 5498 9839 2831 6242 2118 4745 1665 1657 377 7661 1389 5960 8843 8837 2319 2263 3251 
4027 5079 2661 1380 2645 4514 7020 8525 3710 3889 886 2724 6181 2732 4142 4004 158 7300 8019 5394 
3445 5981 4490 4882 639 2775 2374 5938 1328 1191 7147 154 6987 3898 5887 9424 2897 1027 5691 4648 
4229 8223 9630 107 9258 1340 7604 9033 9958 8880 7815 9001 1171 2820 8833 6386 9213 7637 8491 4876 
5256 8481 5047 759 8211 8305 9752 3712 6130 4681 5683 2021 5588 7240 1002 3990 668 4501 4880 9240 
958 3654 3017 7400 3613 6911 8542 685 8964 2528 3152 9572 5891 2699 3659 1905 3234 3191 1472 446 
