263 511 8386 5463 913 1252 485 1404 6687 2824 6746 2892 5537 8162 3400 4434 8805 9845 7736 1111 3014 9265 5973 1511 7102 8457 405 5421 765 9267 7513 7084 6350 5022 9233 6172 1772 8708 7592 6091 7702 2279 7771 3269 8466 
5477 4094 6801 316 1980 3468 1729 7895 9494 1265 223 277 432 2737 6435 4145 2486 7354 9251 7428 9312 5121 6241 4917 216 7358 3083 7450 118 4745 6753 3971 5539 8069 4010 1629 6540 8262 1826 1323 5602 7269 1144 5829 3867 
4760 7510 1215 144 376 8833 4631 2270 3922 81 3868 6713 6546 6587 4199 3417 3064 4280 9297 2705 296 9280 3724 7322 649 2895 1110 4781 1425 7344 2852 8855 1926 7917 2677 889 1420 9318 4820 5185 6396 4593 726 7379 1779 
9969 7196 9577 7191 7091 3581 8270 5307 6727 7034 9806 9357 6220 9246 808 9196 3408 2851 6314 7723 989 9341 1296 5278 3931 1328 7481 3269 1212 4559 447 3262 4435 4697 7034 5772 7125 2498 8497 8589 7704 5593 4171 285 714 
7550 8184 8999 6643 648 2247 6485 8477 8521 7346 5993 1274 9486 240 3655 8124 6078 6577 5146 6120 4436 6834 2246 9297 1766 5749 3887 5767 6681 5735 892 4420 8900 2945 9468 3892 1637 3652 663 3154 1968 8680 1116 5042 9402 
1735 5191 2487 3667 6212 2957 9492 8623 5022 5147 4543 5750 7201 8831 8165 9661 6083 7080 7159 7065 988 3816 5 3024 6730 3791 2026 9529 2034 9153 2933 9993 5658 8316 9514 2883 9043 16 1608 5974 6398 5027 6108 8846 5490 
6402 6399 7665 7818 422 4862 6457 698 3721 9895 5454 4804 5276 305 9342 4337 7148 297 3038 8468 7913 8653 2611 6491 2177 1637 6840 1219 6819 747 2355 5257 4177 7 413 4401 9102 3387 9253 6995 6964 2775 6452 4003 8510 
2202 3841 6473 6653 8134 9976 6224 1735 1226 1240 3043 9885 665 4038 144 7963 8736 3157 5579 3337 6632 2527 7680 4598 5141 3025 5027 249 6284 7334 9052 8255 4243 3704 240 2609 9252 526 9393 2904 8356 9482 4211 403 6288 
142 9744 6797 1386 7679 6009 7917 4342 5881 7001 7562 6342 8157 2822 7728 7289 2250 21 3491 5137 3711 2802 6281 6369 6503 6757 9841 2246 3190 4456 1436 182 294 3697 2096 5807 5903 6326 4986 7623 5417 7434 9006 9837 1772 
4468 5187 3272 4239 3074 8304 8673 8045 5210 9020 3107 3817 9117 3699 923 7493 8648 359 4994 93 8845 4526 4068 2624 6966 8215 4839 3629 9072 671 621 583 2753 8237 1423 4856 5561 7111 4712 6592 2861 8607 9935 3506 5003 
3952 302 6905 9921 9833 3905 946 3593 5689 1225 6120 4082 5968 551 1147 3828 2803 8986 5553 6298 4994 7202 2182 3998 1263 9433 2723 8950 8296 7758 7859 3513 7321 5292 2923 7296 3450 4109 1403 642 9144 220 3108 9710 9083 
3200 6919 9103 3540 720 5049 4237 3330 3540 9236 4654 9559 3423 5183 9905 9600 4469 4818 6688 7128 7489 3896 5391 8851 3322 6713 8692 6535 3894 8321 2397 706 1722 3770 7419 1385 7564 5938 2312 9053 4977 1198 775 6379 3141 
1879 1571 4481 7065 7879 57 6492 8650 606 7348 7167 3001 2291 4792 3355 2424 8234 3377 7303 2126 155 832 2213 2887 393 4725 8184 8286 2560 3502 545 5405 980 5943 2371 3299 5398 9047 3882 3253 1109 3901 9917 6603 2183 
3598 1395 6585 9844 718 8228 1761 578 1685 1312 8477 8753 7960 1534 6213 514 7299 1187 2232 5564 4993 6116 4545 843 7348 3890 7079 4455 5499 9276 5420 2174 2493 495 5534 249 3435 7614 8532 703 5826 7588 5071 2036 6587 
3957 6115 3553 486 359 3293 9494 5010 5567 2484 5790 1886 3060 7271 7723 7959 9191 3544 8979 7178 5332 9153 157 750 8330 5229 1397 2118 4508 1254 9195 5468 2833 2420 3410 2351 1965 5489 9050 8139 9397 3544 1814 3153 4298 
1927 5817 4218 3926 6528 8293 5337 5947 3855 3821 5171 4008 1205 8203 8301 5018 454 4692 143 917 9029 6461 4892 6776 5590 2855 1172 1432 9716 2102 8514 5720 8091 3219 4676 3138 769 6236 591 9351 5295 2438 3130 2686 7292 
2252 5552 2928 4201 3867 6716 7985 9199 1106 2486 6806 7074 6910 4493 6936 1250 5966 892 4505 9199 583 3777 744 9440 7207 8147 1949 9248 3535 4276 8050 1247 7761 984 1153 715 4817 7826 2384 88 6964 4727 9599 8435 5579 
802 2738 1063 3963 8180 5089 1689 7759 4512 1688 9018 1576 3464 8798 8815 6517 3399 1400 5691 3533 7821 5273 1770 8217 6574 7779 1773 7000 5417 3746 7708 9169 1059 9948 4300 2064 7032 8544 2284 6850 8367 8860 2055 2425 6176 
5101 8665 7572 6149 7673 4195 8827 5390 2806 100 4092 7404 5029 1635 4320 1308 3658 1121 7961 5591 8699 939 1579 8242 7224 1221 5886 8329 4536 168 1025 9526 2013 2405 4920 3682 3582 2555 6849 8290 4405 931 9513 8228 736 
199 98 1771 6322 7466 1028 8378 1356 4656 7348 7737 3044 7095 7635 1992 8667 9076 8634 4148 3214 530 2412 6675 8603 2850 3182 2136 5479 9818 347 7496 1630 3775 3452 5545 3238 3671 5907 3569 7157 4333 3619 3652 4326 4767 
4989 2701 2712 8567 28 7751 6338 7370 5221 6292 3796 3362 8477 4629 5818 1239 1165 7481 775 772 9684 3190 7996 1814 6025 458 227 5440 7945 524 195 6009 5273 5393 6062 2012 8103 8936 5273 7724 4184 3172 9581 4875 877 
7124 2099 94 2959 3268 5318 2172 1768 5056 7707 5348 48 8730 3681 7399 9409 1371 4135 4687 1857 6362 164 3879 673 3975 6851 6050 4389 9227 1063 5867 6605 241 4700 1142 8084 7313 8236 5310 7800 1996 4756 5386 7757 9541 
574 6950 7164 8150 10000 9375 5592 7971 3038 9851 1316 5871 4730 6638 695 1442 7591 2108 6995 5865 6410 33 4584 8007 7645 2470 4407 1437 9919 4952 6489 860 7081 7196 1077 5982 500 4927 3197 4185 1052 2419 5764 4638 3137 
4306 8831 1448 1901 6046 2736 6655 7303 682 5477 6384 7177 771 8948 4767 4950 9984 1173 6484 4882 1404 8351 2615 7251 3963 1243 4260 8463 5422 1430 6646 8265 4805 8070 9207 4682 1619 335 4213 1510 8995 5735 3618 1547 9901 
157 4313 9414 6056 8217 1229 5168 278 4159 6978 6183 4064 871 619 7047 9478 3293 8206 5982 7425 5947 6306 7385 1127 1441 3964 9544 7855 3317 3235 7784 2121 8666 8326 33 8723 9128 4368 6444 6175 4982 4396 7845 8370 6683 
5454 8102 2313 8354 5343 1972 79 5056 6510 6299 1788 9010 4919 2456 1149 9025 453 4907 3307 9832 1507 304 4119 1007 4346 1310 6322 3593 4482 8123 3892 8178 2723 3116 538 3905 6679 7677 9848 2877 5573 2813 9064 7557 6249 
7699 1298 3416 1745 8716 698 3552 3507 6909 2164 9932 8388 6364 7297 3583 8863 6688 4447 4988 3567 8171 8961 3281 2934 7780 7111 1078 396 4149 3914 7551 8691 9509 258 6865 2334 1191 5965 5498 967 5111 6828 6659 856 8756 
4193 4603 5018 8895 5080 8004 4850 382 4587 1161 5880 2486 7197 8404 3940 9320 9610 28 409 889 9420 3521 4428 2509 8093 9780 5213 9634 6562 7628 5323 7767 194 9063 2718 5094 7293 7128 1836 9980 3196 1164 5628 6467 9191 
5970 5321 6153 7070 844 9181 5819 1845 1157 6027 8614 8461 7428 3598 9567 2466 2194 7562 1714 7829 5723 9112 6147 9149 6904 9709 7059 4010 254 7702 9368 878 6718 4656 5547 8927 5561 876 4833 5927 2526 6146 9010 515 3612 
6920 3098 7318 4931 5003 7486 8266 7118 1176 2905 1895 2972 7560 2438 9403 1399 796 7129 723 4785 2063 5301 5115 1068 7599 8088 3670 1518 1079 4009 5912 3129 4426 8779 4113 3161 4327 2729 7064 2789 3326 1287 8562 6792 8377 
8382 7107 2058 6988 8853 5451 7584 9161 9017 3260 7439 8412 547 7554 1095 1973 8887 2946 416 8958 2846 606 8390 2857 3484 2196 8602 4067 6166 6883 9046 4809 8369 5647 3604 5684 6594 243 7947 5327 2251 6259 1350 1425 8960 
9385 6905 2224 3900 8244 2955 3380 4644 28 7292 947 1519 4250 8303 3089 5735 3982 5986 2820 6605 9335 8145 3150 8218 5359 472 1729 1169 7104 492 1170 7243 5508 7582 2523 1719 8020 8219 7595 3326 264 2055 8143 8783 292 
9364 9101 6124 2938 2223 4031 8513 8717 9967 2917 1869 6686 7257 7533 1416 5512 2799 4024 9231 5162 8144 1277 1705 2450 6421 186 4365 2795 3846 8632 514 2635 7258 3819 8897 8601 2191 7538 3397 8742 7203 4363 3417 6161 7894 
9013 8135 398 6953 8153 629 9852 8635 9875 6300 5363 4067 9030 4816 7002 5231 4531 4487 7632 5342 3184 7152 2904 5816 6280 5526 9133 6452 4859 8480 7210 5240 7028 1661 7503 6534 5387 2298 175 7036 9463 7369 7336 3089 8089 
2873 9362 395 1950 2551 3265 9786 742 9146 7486 7075 3142 8882 4153 8085 7478 7627 2125 8576 8870 497 5393 732 4922 9136 2109 7 6515 9780 8863 4258 7873 1643 2739 4146 3540 4083 3486 5095 5592 4438 9849 911 5584 9974 
9990 844 1344 5458 2964 7806 6637 4128 9802 5788 1649 9267 642 6051 1407 8708 3365 493 5212 4732 8627 1531 1052 5862 3098 208 7405 3511 1139 2077 4179 2279 4712 7790 6060 1178 8409 7745 4692 2651 9152 1365 1716 1914 1047 
621 5699 5002 7831 3489 3333 7034 9112 7214 5827 9311 900 5877 796 9292 114 8872 9093 1544 6941 984 5166 6927 2220 6861 684 2620 8594 3713 5233 3067 8301 9775 322 2035 7933 8218 8227 6053 5065 9043 8861 2568 9682 5338 
1794 9516 3125 4785 8265 2610 2635 5662 5562 8605 300 9925 7400 9666 6977 3910 7983 1243 4491 1171 1792 2217 9581 8604 9647 9052 3039 4298 6812 541 7252 2188 6990 8789 4709 1094 807 949 9628 3308 8718 3192 9310 4460 2300 
4298 607 1861 4475 8234 4332 4107 8435 4451 5154 2706 7268 3172 3119 6325 9615 7188 4248 9688 3003 4555 9621 897 6059 888 3616 372 8956 3586 7256 1296 867 4334 7533 4420 7843 4969 2333 6476 3559 6712 5219 4075 7219 614 
708 9088 7979 7869 5660 3263 5460 5872 8394 2480 998 9370 1297 6488 2837 9046 6203 1385 4209 6102 8059 9797 181 8415 3739 5334 6353 1641 9213 6128 3862 1860 9057 2028 3889 635 2417 8536 4820 8912 4094 7542 5938 7129 9856 
7178 6868 7659 759 8819 2152 960 9266 3593 2492 7751 638 5771 9690 5014 6514 4823 9223 1880 4114 4258 9531 9207 1981 1837 2927 5345 4917 3801 5107 5312 3279 9723 2791 7629 3506 5908 3780 3425 2111 8017 9627 2018 5530 6808 
4948 3238 6683 7602 2034 3557 4401 8188 3058 9230 8345 7446 4392 3494 4485 6759 2210 9753 9823 7551 4793 162 2357 6166 7948 714 8897 8762 3532 6504 7778 5935 9604 3167 9537 2438 4320 1743 5697 2679 9868 9500 5291 5093 1478 
5850 2762 696 8679 7430 1919 8970 7523 2578 1859 5311 5378 8720 512 4052 1936 6572 4803 8281 9220 1234 4124 6206 8465 9315 6931 6015 1359 3471 3885 2602 3504 475 8184 2569 4577 3492 6640 4561 5811 5200 9478 3845 6942 2839 
4270 515 5240 3591 57 8973 1571 4725 7571 5871 7279 2428 3045 9890 1098 8532 9646 5858 1879 6931 4741 5655 5839 192 136 3563 5483 4502 650 526 9077 7277 2529 6709 8465 254 3993 2487 6603 4872 6079 1147 7396 6722 977 
4306 273 3762 4025 1429 676 1801 9122 5743 700 4194 6833 9854 4793 7153 3236 6992 7171 8214 3433 7405 4942 4035 4583 9772 4657 7826 2139 4660 4987 792 4980 1587 3660 2176 8213 3078 5198 6430 6042 9239 8057 3454 2520 4475 
