750 190 6471 2135 8715 6242 9213 156 6073 6824 5456 3839 3501 7056 6288 4334 6040 5710 4430 6050 1371 3465 5273 9703 7976 5317 5852 3940 9954 6941 7459 8469 8709 4712 4417 5456 7110 8139 965 2225 974 3506 4969 838 6406 4733 737 823 4717 187 7440 5620 4307 776 1840 1154 6974 2775 8899 5481 2852 8344 1527 5275 3922 
8382 7014 6577 8038 7101 8978 5905 4835 4433 3185 4256 4288 7409 8152 2061 5928 5018 6353 4406 1000 5519 3315 8297 3324 3059 9973 2911 9944 7525 6397 5481 571 7331 9265 778 5741 196 9926 8545 7197 8290 1428 4800 3302 1764 7455 8542 1890 3811 6091 802 7086 6273 4128 2721 45 1983 9393 7395 4699 2897 206 5214 8356 6053 
8942 4745 6389 515 5192 1695 8834 3674 2279 2448 2249 772 4285 168 6848 5990 6098 5059 7528 1501 1210 4311 7877 5229 3012 4629 8907 8839 7421 5615 5471 3183 6651 8211 8166 2667 6319 4634 819 609 9275 5897 2043 4757 4611 235 2556 3977 7407 3898 9036 5325 9075 1402 6078 1616 5890 8980 8714 1330 6861 2090 3761 6248 5444 
7356 9890 7013 299 423 2707 3090 1001 8938 7325 2623 4907 1348 1339 9923 7644 1748 1821 8917 7182 4013 4711 6698 7272 387 3155 7289 2485 488 1510 5656 4500 116 6557 8219 8612 8044 6735 852 3158 8318 9607 6782 2375 6570 6119 949 7370 4571 6001 2062 3227 2861 8561 7585 213 962 472 9944 7072 919 3500 9844 1502 9314 
7883 7375 9767 2688 2783 8761 877 4152 2441 3221 2318 8418 1271 1663 6198 7539 5891 672 2100 2667 66 3942 7899 7731 2770 6039 7160 3535 709 8583 1420 8709 2972 9796 9808 9770 3214 9528 1886 1268 9190 4010 1361 7864 5291 563 8850 552 8018 9656 2678 925 9714 3384 9138 3167 788 224 3789 2714 744 7794 4302 1290 3872 
7080 2833 8107 2580 3343 4402 8907 7383 337 5828 9816 7593 5198 3276 2348 6213 3992 6166 2329 4983 2992 3598 7982 2075 8570 884 2700 9008 8402 9617 7156 4135 3890 1299 1644 7480 4481 4908 110 5581 5526 6029 3627 6432 7390 8699 9692 5311 858 2084 1374 1770 9422 2662 7512 2583 3822 1909 1635 7466 1510 3694 8160 6795 3126 
5357 5343 7005 7482 4323 7617 4391 6292 5293 6432 3130 9739 780 2007 9020 562 8758 3377 4059 9859 900 334 2425 5899 5673 7374 5391 2342 4056 5540 9924 51 9892 2075 8585 385 4856 9422 346 1171 6649 9629 1710 9826 1970 7309 5323 7306 899 4459 6173 5646 6018 9380 2460 3673 763 7693 5948 5315 3336 148 7549 7268 6392 
6486 1985 4522 223 9928 9443 2493 4889 7707 8872 9078 3837 1604 5121 139 521 9190 1317 3146 2092 4115 1250 5605 6800 6362 3323 4378 2525 1827 93 677 3234 3230 7598 1805 6396 1697 3565 3136 6719 4577 9547 525 9861 5727 3704 4118 180 7806 5650 8566 8315 7654 9310 3789 4516 1098 1443 2591 8178 7945 2634 4032 4583 9770 
2205 2544 5086 3784 4339 9393 475 3788 4418 982 6658 5152 2451 1954 6182 7413 5271 441 6959 7844 3117 9545 6227 4011 6389 9498 2013 7076 6137 1277 8610 8050 9659 9956 4625 3778 7698 3398 1486 4880 1871 9761 5852 518 2382 9631 1678 342 2046 5787 3208 6714 2241 6570 4126 2183 8250 9071 1983 5088 7444 9161 1301 5834 3381 
3665 5389 4698 5487 1116 8036 9618 370 3434 1396 6289 3319 4317 106 8670 2269 9800 378 3689 8181 2665 1924 8220 4535 7511 6283 9120 1673 1956 2193 2686 3385 5253 6380 935 949 4466 2268 7084 3285 9386 7029 9521 1351 5475 9690 7637 6709 7118 6358 7712 1663 8260 8431 451 4028 8537 9818 6379 7442 7243 346 4613 6766 3124 
2679 1534 8029 5323 882 561 8306 1491 3125 2743 5804 3935 9686 1271 559 2213 6080 8741 3948 9886 4592 7616 1072 1277 5565 4680 6126 6560 4095 7663 2900 2560 7993 3784 8557 6976 719 8384 6529 666 9471 3337 4467 570 6759 3800 4904 8865 8120 8220 9479 9239 2560 1793 7812 7426 6422 5574 6888 7179 2552 2393 9680 2993 6069 
5099 1902 1433 2027 9303 6327 5336 6683 5311 3016 2654 4220 5364 3156 4938 7066 8531 4444 8640 7399 8469 3680 1678 4 4091 2178 475 5786 1393 5601 964 7794 7918 778 2636 5799 367 2597 7369 6733 9062 3012 8952 6669 7623 2262 1845 7621 8724 2436 9122 3766 2674 6342 9889 1169 1896 429 1485 5500 9801 632 580 7994 1415 
9393 5883 2843 8341 5791 5751 9956 7297 6187 3755 2723 2132 27 8443 635 1308 7850 7260 8351 8702 8443 9318 3476 7169 1721 5577 5192 9845 3684 5326 6401 4954 7178 4821 4545 1592 6055 4115 6936 2386 3363 2165 2334 6384 1194 4865 1855 7288 8199 9225 3362 82 9079 1717 3977 6724 8741 7826 8279 2017 6225 3853 5448 9070 3907 
4567 4560 5706 5670 2084 4335 6559 3588 1342 6662 9477 7929 3634 6182 8194 7081 8510 3919 4486 4807 3795 5379 6695 4161 6347 4674 954 3937 422 4579 9729 4503 3686 3603 963 3820 3872 5258 7420 2950 5489 1967 4045 4674 733 7587 8976 2066 830 7860 210 3771 6919 6758 5570 3170 2363 5762 7269 5432 3846 3826 3190 8401 5618 
3824 6507 2054 4506 7014 7888 1130 6547 5824 5303 522 8617 8196 887 7870 1066 1862 4065 2719 744 8874 1810 1112 1380 1223 5082 2691 9222 3766 4044 2548 6539 5539 9179 3297 1444 7140 2584 2516 7443 8361 8147 4472 2609 6172 6665 7253 7666 7502 82 3404 4330 6059 1032 9395 4957 1694 5100 6134 1306 416 473 7333 6098 4596 
9797 4837 1543 4289 3740 4481 2051 2373 155 6257 4497 5457 2808 9776 7030 4215 9229 3997 5114 9801 3881 9921 6247 9428 7572 7436 8262 7868 7397 2137 9539 5145 7745 1523 4102 3506 4537 1152 4656 1332 7800 8752 2958 5167 9850 9795 5509 6504 6912 6761 1380 3621 3239 1718 9418 8030 9943 1648 9029 6448 9488 892 8278 1107 897 
2921 747 8754 7743 9717 9772 8156 7463 3493 3654 9956 6486 798 9276 3541 4300 6088 9847 3228 1659 5880 7511 3639 1165 9469 5855 5700 6904 2862 2725 9970 4451 6572 2945 5582 9633 2374 1194 8294 2895 7654 4550 7524 4456 7929 3424 2543 2272 1664 4297 3376 5297 3898 3118 9663 2994 6800 2546 3798 379 6441 555 1128 8014 3070 
2596 8771 1071 3611 5343 1145 264 8341 1224 945 898 8757 9723 3662 5611 520 6610 4451 7511 3138 9982 3443 8437 677 7292 7591 2690 7542 4438 1352 5549 2446 1127 1784 3164 3093 3283 1308 4863 9092 9991 4805 981 7562 2976 8971 905 7743 7091 8979 2042 3999 6606 8396 7220 9493 8212 5393 5215 7824 4529 7829 8374 3270 2803 
1040 4550 757 4699 3579 9973 3803 2336 1170 1012 3694 4392 220 2525 3117 24 440 7306 84 2542 3407 250 5159 1836 477 2015 9869 8148 4756 7663 6372 4125 8018 4390 4548 4145 6117 5528 5168 1969 8747 8620 9011 662 7694 8241 2150 5993 4748 903 9467 6879 6673 5748 4064 4272 959 6786 3051 5261 3010 503 849 5549 5842 
2495 94 4319 9858 7661 7017 793 6353 3949 1625 2711 1492 8438 3703 3792 1009 380 8417 5214 7118 9281 4799 7031 2496 5575 2312 1500 9782 5833 8288 528 6656 2986 5879 819 8715 4207 7083 4398 885 7956 6937 1015 8184 7540 2186 9759 3546 908 8691 4405 3929 4502 4278 1272 1708 9477 4026 8948 1942 63 603 3412 6695 8481 
4135 6912 4147 9273 5894 5967 9292 6377 2184 9761 5800 5613 1809 4857 3273 9 8815 5630 9770 2823 7344 5847 8714 6940 6549 4974 7820 1538 3675 2474 1616 704 8751 7370 4700 107 7673 18 8119 151 1580 9370 3695 326 4170 1732 1017 7842 9598 363 3449 630 1890 6479 2192 6236 2274 2009 9238 8404 5915 566 2607 4958 3947 
9981 4037 6910 4500 11 3165 323 663 1168 7735 6263 9462 5915 4380 5190 3460 4146 101 2440 4634 6139 6589 8676 5797 8483 110 4169 1766 255 945 6788 8523 6992 370 9206 3801 8813 3196 3982 7754 681 6953 6795 1026 794 1923 4265 7486 473 8670 3322 3300 9482 4589 1905 5213 8676 8202 6721 7387 736 4905 5482 9137 1773 
8062 6792 2152 4151 3309 5424 8970 260 378 1570 4164 6292 6267 2192 3828 9407 7449 6364 2345 9188 1246 2616 7202 3623 6652 2992 6056 2317 7948 6997 5876 1096 1038 8839 7719 7299 8734 6446 9436 3715 4343 3215 450 461 392 5455 5175 8667 7738 8861 676 9981 7312 5286 8672 9184 3963 3592 4694 5565 5360 3547 8056 8422 7162 
5238 6116 5716 4184 7450 663 4958 1411 6536 9265 6143 9291 2539 6089 9145 8657 9968 1735 9614 2645 7870 1074 2744 9332 6944 7 3217 8197 4002 6265 2396 4651 6960 559 7128 2224 790 30 1204 2409 3449 149 862 396 7267 5695 8559 9532 3886 7824 4692 4187 4779 4742 6209 2275 3195 5900 4661 3863 6088 8415 3218 2774 9723 
383 3975 4613 8737 8327 4508 7822 4159 389 9411 2650 5517 6324 1135 4722 1393 326 1794 1412 5383 3808 9927 290 1188 4237 7909 6860 1187 2178 4026 707 4612 9156 2031 2998 6234 7515 4440 3548 8184 9691 391 6880 9120 7572 8589 3913 235 4131 7764 4380 5816 4635 2962 5937 7541 810 668 684 7673 4326 8396 7746 6171 8637 
1909 1762 7480 6180 8967 1902 2032 4083 4353 4244 8836 3059 946 8263 2275 6753 6716 824 5440 9614 2463 5661 1475 2280 5164 9902 315 5046 3434 1252 4319 9822 9438 1676 16 7517 5438 7226 5451 1172 5145 1338 752 6869 8196 2720 5992 5743 970 9133 6111 7498 3278 5656 673 3385 9338 6316 1898 4859 2341 7725 1051 1732 2641 
3764 171 812 262 8288 6644 6836 760 9853 4477 4934 3215 217 5077 769 4923 6515 4330 7861 5056 191 5866 6330 7660 8779 7639 8522 1957 2902 3299 8770 4316 2152 6705 9560 7195 6253 4446 8430 1112 6919 9907 7715 7175 4682 374 5396 956 8086 5560 9697 3269 5512 9756 2815 9890 3032 583 6406 8590 5810 4793 4792 9451 4815 
8452 9155 888 9862 5309 2130 1032 3719 4489 9407 5881 5133 862 3244 9407 9002 4563 3022 4692 5200 5265 8059 3714 1514 7209 7334 9406 699 9271 5471 9881 433 1044 1874 1104 574 271 3299 5290 9538 3389 6850 252 5800 8474 3318 8332 3654 6318 1900 9533 1875 4912 8820 3619 3902 7786 2249 124 87 5604 3591 4159 918 5230 
7101 6538 6914 1153 2906 697 7091 6068 7069 3948 7138 641 1687 7639 9483 1478 7466 2956 4168 7720 7619 3969 6600 745 8440 637 1838 8088 4526 6833 9884 2454 3983 6099 9694 5722 6530 9042 9897 9947 4558 6024 5066 3199 6815 1318 1843 466 9740 7853 4414 9823 5016 9443 9630 1403 3371 5704 5944 9359 1559 3028 6878 3047 1645 
3342 124 6740 3461 1264 5880 4663 7158 9386 3738 9242 2817 3358 623 8933 1077 4489 166 2539 3169 1808 2383 6725 8434 3718 4012 7565 6093 3993 5612 4697 2162 9464 9064 5190 149 5194 7180 1134 9582 5286 9851 1547 7792 9712 107 3963 7740 7867 3440 2851 188 9711 1794 9169 3125 7488 30 2824 1840 6406 3653 1280 4815 8715 
4254 5611 2798 8185 40 8452 9724 7254 1181 4739 1906 6236 3794 6072 4672 4742 6373 9041 4989 6442 8220 8335 4721 5059 9376 6762 5206 5430 1211 8160 9710 1965 7907 1238 3187 1702 8072 9072 9171 1068 957 3288 419 431 1186 4509 6422 307 6929 7744 4354 1687 5846 1325 1080 6497 684 2808 7116 8264 5816 5056 3181 2349 4204 
4006 2138 4725 6836 9362 7900 6527 2068 3569 3877 7660 1303 7509 2498 8758 5567 2960 732 4193 9590 3158 4813 9451 4066 3157 1678 6062 7922 869 9322 9375 9156 8007 5290 5107 8792 2918 794 8234 3990 8824 9310 5166 9974 8259 436 1214 3863 6297 1147 4226 7506 6483 9185 1828 2960 4960 2702 2428 3195 8640 1167 3709 1769 4246 
7847 6735 7558 4922 3095 761 1057 5055 3828 4148 4750 5987 7675 9334 5738 989 7716 4005 3798 1350 9850 4916 9175 4362 6496 6429 2641 8761 359 6698 688 9382 9046 1724 5008 9259 4639 1042 5111 554 8115 7402 2888 310 6969 2032 1153 737 1090 5154 4068 8480 1800 1221 7468 4367 2047 6143 3751 1622 4492 6866 1326 5701 4862 
8659 3467 2527 6486 7852 2455 9538 3655 4845 6318 5191 2172 7264 6672 1674 3134 5458 2371 6479 3783 459 8748 8431 3679 2796 1672 9910 740 3254 1364 2560 6626 3923 2898 2842 1099 6674 2840 1617 4459 978 3988 7582 2544 2774 2594 6769 8783 6480 6034 7582 1471 3785 2929 3334 3515 2416 6951 3694 6648 3547 4207 8320 7010 6771 
8609 719 1412 2241 115 9238 4416 8096 5737 1596 9070 9903 1499 1533 507 8211 8213 2079 9111 3622 7373 5344 9027 2596 427 6827 8944 4378 1201 7525 8309 4734 9491 3105 326 5079 7210 8922 1998 4021 4875 5223 9275 6255 8014 5203 9254 3229 8777 9424 7842 9139 5401 8364 1583 5007 7629 6050 6456 7671 3883 5801 9181 9497 2310 
6472 1372 7420 414 8806 5049 3557 8001 5710 7995 4116 1288 7520 769 9661 8979 36 4915 1025 262 8426 9275 5082 5734 1894 9222 9684 8054 8641 8024 1849 6828 2177 3133 3979 8867 8872 9626 3447 522 7000 9463 8924 3188 5858 7568 2889 8969 2995 9109 1925 3274 9010 3977 6440 6364 4575 983 5311 2782 697 5309 6083 8905 3229 
6972 7046 470 8025 5854 1522 9494 4175 3094 3455 8124 958 5260 4051 407 5002 6842 6746 4516 3088 400 8935 824 2575 5421 8661 8075 957 6596 1506 5447 4069 5515 3053 4930 186 2816 4148 4674 8857 5186 7946 6461 1558 7804 7796 9 4047 8150 7345 8093 1259 1132 4848 6491 5240 5770 5994 7476 1845 2541 7272 7136 181 5093 
1778 4144 9902 5061 4425 6790 8499 8264 4501 6869 6783 2842 4034 7533 6090 9813 3273 8993 8192 6078 633 7722 9845 3401 7347 2260 5989 1856 8779 2664 1084 9875 5094 2026 9638 8508 5539 8386 6043 7424 7362 7671 6413 2789 7758 5215 841 7444 6872 8016 5473 3918 7713 1806 9071 7085 102 3339 4956 1654 1349 5908 8065 3291 9974 
9725 2272 5289 7207 6639 7757 3288 3711 8329 9166 2581 1859 6513 7272 3074 7867 6235 1063 1939 3155 689 9150 7437 2235 6063 866 1813 6898 3178 9544 832 3502 4394 3608 791 9067 3316 6105 6933 4836 662 7341 1451 1054 7482 1083 1654 8132 7153 6206 4760 2674 543 170 9197 4960 5746 2038 8662 2439 2236 9566 9282 5789 5158 
9371 2037 9123 4428 8131 7816 3195 2269 1692 1052 6599 9795 7183 969 4871 3109 7 4185 5416 4165 2514 2722 712 4870 5852 7074 5002 8677 3434 8414 6595 6147 6608 6872 7018 9340 3869 5669 6945 1795 8523 7120 8142 5219 1349 4208 6658 572 6674 823 3787 2501 1326 993 4719 6273 5902 4509 9705 8584 2666 2916 5501 1391 7766 
5023 3016 23 5110 9629 1554 8202 8295 7050 2132 5527 8631 2564 8009 7638 9717 4059 5229 4733 2737 9050 4783 6490 7101 9553 8683 657 4368 5066 2563 1866 8204 1580 6900 1201 5016 6615 3026 8281 1027 9663 4139 1657 102 9233 4316 5715 1435 8435 5468 3075 8651 7069 7014 9621 803 4231 4586 5231 2908 1691 33 5345 2838 1634 
4142 122 1645 3274 3087 5170 2062 8060 6678 5740 1534 2177 2605 2719 7577 1478 8703 329 8470 1229 4021 8125 8094 1331 6122 9979 7908 8605 959 6256 4630 7336 5866 5314 8495 8770 7964 5011 6715 6426 2051 4341 9070 7243 2091 5373 7320 9745 4636 1694 1418 2576 1943 9046 1756 4116 9252 6592 9982 616 5641 9792 783 7555 5890 
248 9569 1770 2765 7789 6883 6842 4640 1430 7280 1031 340 6340 2661 2894 315 8784 9676 5786 9407 3530 1338 9672 8827 93 4666 8138 1194 4882 4347 9138 1410 18 582 7417 1201 4532 7742 757 4314 1980 1475 5434 2427 7995 5974 6311 6574 6871 2669 9849 6437 3631 1214 985 743 145 7443 1275 7088 1707 4835 6301 5014 6244 
544 2736 4090 5937 581 5708 8515 1604 6767 6737 4646 9179 7674 9867 3725 9957 6549 8282 832 7107 7736 7281 3166 9681 6892 4638 3640 6055 8309 2076 6829 8456 4562 3109 3476 6623 6130 4889 8778 2199 1802 7771 3053 3792 8667 7325 7041 6282 2706 4202 2301 3832 3287 2476 5331 5799 8474 6707 8971 7148 6637 9609 4531 6975 7547 
7236 6854 8057 4115 9048 4533 2213 9773 3476 7892 9865 9235 6524 4183 9561 5421 6631 4775 1341 1214 7213 1336 2756 9097 4386 1010 1371 6292 8625 4060 8147 6783 5165 6448 8337 9422 4305 3922 3567 2382 2565 1302 5121 4223 822 8119 9585 466 1553 5011 7512 2210 6293 536 7081 9398 9303 7712 2185 4072 6901 9858 7944 1790 3589 
2006 8743 1706 1765 6684 3983 1135 1155 8532 2499 3521 6490 8993 1913 7006 3826 8699 2635 5015 1383 2509 3307 5977 7997 4809 3178 8095 2155 1558 3661 1302 6042 4937 1748 8050 2674 9362 3333 5337 9475 4437 7232 8551 1751 8257 5150 6490 7411 727 7373 6551 3046 125 2898 1682 6300 7692 202 2700 7164 7128 4294 5437 2701 6710 
4784 1354 5988 6974 8487 1477 8197 8484 724 7638 3305 3817 3451 2637 4231 6486 4119 6307 1855 3776 5888 4013 7039 1955 9643 9540 8872 4551 9518 8427 6621 2139 4953 250 1204 8629 7765 6513 6461 6263 9297 4500 6053 4533 2074 4303 6052 4091 7485 1970 3339 8984 7127 7571 4978 1888 6936 2661 3022 8016 9450 7486 3414 9723 935 
3410 3442 6901 6514 8415 4289 5525 4978 1407 6855 2926 259 6859 3004 1585 8428 3340 6787 8750 7798 9511 8837 4045 7548 4791 3169 3316 3655 5853 7471 9654 4465 4909 4094 2485 2633 2270 2629 2946 2648 8718 2530 3185 8350 8646 2961 112 5004 7006 9347 3831 4498 6688 2353 2571 4493 535 3257 3754 3258 263 7314 8775 477 7024 
4956 8015 1034 9313 3693 329 6872 9586 2965 7880 7662 1117 6803 4994 5954 7251 4520 533 3746 4047 9121 3122 2207 4784 1572 3064 9462 1762 6939 1767 5549 9605 9450 9737 6551 3681 4313 268 1937 7090 5959 3628 1043 7011 3946 4628 5060 7226 8522 6694 8759 6414 2103 5427 4040 9337 8341 8559 7639 3411 5903 3922 3846 9118 2537 
3441 4953 9090 9136 6716 6215 7045 38 5587 3754 1064 6784 6375 7338 5524 7403 4186 4071 5460 8429 2111 9106 568 1257 6928 5530 9266 130 2678 1305 9129 1170 3596 2340 3472 5622 3083 9815 8950 3461 5040 552 1038 4816 6813 6649 4101 5916 8763 9745 1044 9750 3980 1752 6626 8519 370 166 2722 1293 4987 9787 1272 6339 6742 
6520 6792 1903 4426 4369 21 9972 6782 8031 2505 6100 794 5776 9093 4597 8118 7824 4468 466 1492 7609 2614 1164 6840 5090 3690 623 2957 1586 8194 1769 9877 6401 5945 1477 8712 9941 4211 4127 158 7178 2837 8333 4843 7913 3611 1873 8047 2481 2976 8608 5723 8090 9301 8948 4894 5810 921 9282 3032 3123 5321 6974 8604 7161 
8348 5453 3857 4402 5210 4466 9511 3579 8746 3079 9306 4321 8763 6486 1156 247 6083 5171 2018 9154 5823 3320 5050 2284 1702 3998 4616 613 7360 757 5637 3180 2344 5048 1636 9267 5476 2709 5136 7440 4197 52 8988 7971 1086 7189 4242 5890 4053 3172 276 8433 2123 7155 5535 8176 4549 8426 226 1428 4349 7228 7235 5262 7104 
9348 7502 9764 1965 386 9039 9645 7876 3929 2289 6046 117 1638 1204 6307 5018 3480 2916 5565 4059 8818 700 9966 7991 4576 6538 5686 9968 4457 2412 1266 9630 8879 5246 3400 5649 429 6715 9364 2182 9743 196 5230 7285 2193 1294 9243 2310 5626 1602 7922 6999 9692 5430 1871 4582 6655 778 5121 1368 1429 1565 8290 694 1084 
2885 6546 6465 9459 3371 7711 7929 5997 952 3323 3051 7982 2266 2536 6756 5136 9956 6474 3411 1470 8042 4421 4229 2590 8642 4822 1241 4183 5745 1013 6552 118 3375 7134 1246 3046 3656 8078 964 8430 8183 5224 622 9183 5481 6609 1961 2366 4413 4002 8904 736 1957 7255 404 8090 9113 9545 5542 9031 3147 8140 216 7889 6172 
7443 3205 4576 8854 7668 9840 701 8510 2148 5381 4451 9113 5144 6489 4852 6300 977 347 7243 2209 6254 777 7180 6258 2272 633 5596 2433 8276 1649 1409 3577 2735 3545 206 8803 8941 2489 5491 5122 1260 8448 3387 38 4831 5792 1616 7145 6470 3164 3011 1692 633 4143 8399 8276 6785 6961 7838 6380 8439 2947 5699 7675 9744 
773 4686 7328 6769 3891 8862 8180 568 5497 7158 8681 6950 9953 9885 783 9531 9243 4630 2634 4896 9977 1550 827 4519 6866 9628 8307 1592 7247 6172 4924 1004 9081 442 6556 9303 3748 2812 7271 7475 1793 2019 9876 3331 4152 5918 5115 8139 3838 5000 1004 4701 5983 7258 8711 6182 6030 9262 2807 4888 999 9790 488 4155 4068 
1836 7094 81 3512 7753 4156 9241 2775 5905 7978 1682 9998 1574 9705 6547 2644 8892 4332 5857 5677 8211 6911 4600 6525 6660 4237 5890 8091 8577 8141 4589 1085 9388 7204 3011 6577 8363 6357 9811 3678 4957 7472 6424 3436 161 7149 4192 1460 1098 3225 1651 9775 4965 6440 3812 1244 9361 8258 7091 5386 4003 633 4153 8486 6730 
933 1975 2493 7634 5737 8404 9463 7184 988 1509 1255 2842 5579 4021 4012 3549 6609 7868 3540 168 6818 1327 387 9678 238 304 3802 3525 5701 9141 1433 7268 6826 3561 7717 5454 6968 9955 8168 3556 5978 9252 680 2445 2266 3280 3615 4878 4983 7813 919 9101 8443 5009 8561 5951 9600 1253 394 5289 929 4899 8776 7044 1627 
8035 5946 9678 118 7123 2140 8866 1762 539 6921 5414 1476 5067 7962 2734 8057 432 56 6533 7667 2473 8179 921 4188 2878 767 4739 2423 4076 5100 3951 64 8803 6840 1842 9205 2440 2642 8160 7540 7069 2579 3546 1418 5901 2379 2603 8242 3745 4220 7678 4894 8920 1164 8987 4144 4840 8315 4189 587 523 4434 6075 5487 3102 
6543 1283 4790 9698 4284 134 9454 7210 5896 4010 8188 8148 5500 1923 5053 4739 9455 9755 5753 7184 9038 1342 539 2677 612 2112 6060 3297 1166 3398 7637 2803 3670 3732 6506 6527 711 9287 3308 8895 4153 9649 2146 7369 957 9374 4349 1101 9717 4034 1993 3974 259 9275 1349 8049 7044 8121 9308 2587 87 3449 3942 3291 796 
6505 9624 898 8926 4901 852 2068 2594 4461 7973 2597 8947 870 2826 8688 928 4191 8561 3000 3689 2903 8970 4952 7672 413 4869 7549 6560 8177 7739 2280 5389 9921 1843 9231 3816 2600 1366 9979 43 5391 345 344 3309 4443 7511 9852 6129 6306 3301 8342 4483 524 5864 7249 2842 697 408 76 4202 1401 121 552 4437 1030 
2286 7414 9613 9043 8425 8411 4286 4494 1540 6985 3866 9034 3435 9428 2442 6363 267 2676 8864 454 6529 5331 4041 360 2129 1535 1632 4741 5539 7722 4321 1845 44 5339 5061 8763 8504 6748 2591 6656 9641 6914 921 3968 589 926 8936 4333 7232 1688 6387 1297 4169 1491 4562 4152 1087 5281 8066 3829 3250 6463 2799 8107 3588 
9889 8289 3432 4006 31 679 7619 8087 3332 125 9626 1780 6188 2652 7187 4788 3977 2271 5839 6001 8049 5408 1883 4857 630 8404 8157 4635 9941 4623 6564 6276 9150 2170 4838 4381 7653 2891 9616 2163 7476 649 9990 5286 4274 9430 1515 1730 2806 6963 2336 6029 6489 8829 1421 1482 1632 2566 9431 815 9633 9564 6642 7533 2403 
6731 8186 1838 7490 3123 227 48 461 5598 1394 4523 591 8363 8339 9488 551 2480 7768 6959 6343 3057 1092 3439 2312 3989 2005 4493 609 9627 6906 2834 8719 2840 2582 5292 5128 8443 7721 6540 6819 2953 4450 9263 8979 4126 6293 4361 3929 3072 1648 712 8297 8069 185 6904 8129 3666 4541 7333 4532 2231 2162 9093 7180 9604 
4358 7317 8743 39 8212 2334 6060 4091 9 2918 6941 4791 444 1827 2035 3758 956 2765 8209 2065 4349 5564 1689 715 8998 1068 5751 1127 1723 4149 5 9386 5382 6998 5655 7507 1137 8625 4396 4382 7014 2833 5899 8298 7722 548 1817 4257 2544 6836 2463 1380 5694 1264 6513 5423 2853 3281 983 2653 6650 2088 6197 7181 7297 
