2461 5490 3916 5997 8342 9543 256 3517 2308 8536 560 1287 9733 9041 2469 9199 7363 1499 1017 5658 2799 7887 6826 4892 4633 2506 3511 1534 241 2269 3896 8800 4954 4981 342 316 3223 1789 1826 3026 8665 3434 4749 9822 4233 9172 7299 4405 6444 3392 2864 9055 8484 3953 3186 1707 8498 3880 1647 5976 999 4360 4055 7531 9370 1634 575 1859 6956 833 2928 8578 2407 5236 8197 5629 2723 5812 9798 4198 4735 6962 4066 7769 6591 965 2479 8769 7950 7486 2800 7541 5978 1917 3543 
6687 7530 6495 5665 9968 1980 5633 3527 5815 3851 5333 3837 3550 5485 3316 9261 8364 2742 51 4390 8661 4073 9481 629 2005 3442 9578 222 5534 2787 2094 1928 408 8226 3260 4238 6201 9008 7319 2791 2249 1421 8843 9743 2283 8032 714 8802 6165 1830 4840 868 5377 8500 3700 9918 1704 4848 8091 1582 8717 9798 2549 2454 2975 4526 4947 9316 6667 3061 1323 9461 3052 3902 2758 9872 4737 6990 6771 3393 8173 63 4571 4578 4175 3362 8793 7753 8965 2014 6201 4425 7484 9757 6634 
8344 9982 5420 9596 92 8939 4719 1204 6606 4886 7424 1094 4963 9545 6550 7284 8692 9894 6008 4665 3236 6468 3997 8229 2499 287 8694 4101 6565 4186 7850 2438 8383 508 4278 9878 3289 8199 5392 5599 5655 5701 3089 5524 4933 2252 3222 1052 3601 6667 3793 1362 7526 9246 9556 6226 1672 7877 5530 6208 4847 1948 6370 6722 3046 7620 5323 3851 6941 8081 9137 2240 6882 6770 4949 3958 5853 6215 6728 3542 1356 3569 9147 2837 6061 4288 2812 88 3406 2476 2734 5346 4106 4567 5853 
1317 1361 9502 7485 8426 6948 6683 7978 9591 8594 1071 2297 1785 4002 9897 6580 1008 1580 8006 8748 7502 6621 1939 4091 8889 1541 7194 8850 2007 407 7691 3132 6529 2213 1924 8771 7665 8952 1969 5964 4733 2873 1708 8093 3304 9926 9922 1900 5837 6642 5003 7683 4450 1737 2939 8365 3157 4123 8651 7843 6997 1577 968 8742 7122 7147 2560 8251 8774 6834 2362 1954 9115 112 7961 3831 1320 2104 7905 1276 2196 945 3741 5846 3355 1974 1620 8540 8530 7381 3056 4010 6009 4192 7904 
6602 7448 176 4164 4450 6728 5120 5905 8925 5230 9740 8429 4119 3836 981 3170 7344 5234 7694 3724 1745 9389 9411 2222 7101 4883 350 769 9730 3489 2679 3575 4595 3689 6562 2397 47 9608 1062 2009 7584 8966 9297 554 2339 2348 3368 1993 7385 3454 3179 2947 439 5862 7254 7406 8684 1997 6660 6095 9255 3725 5760 5240 3383 7077 9768 4093 4300 1555 7778 1820 2650 4626 2049 9729 2083 200 1024 1951 4197 1484 4278 2145 1235 1416 3512 4336 727 8251 4730 8771 4102 1081 7094 
1668 7721 7528 8610 8355 6842 6750 903 6476 3623 9742 4365 435 5857 6739 9515 48 4488 1195 8434 7519 2012 3455 9382 5917 4078 3336 2329 3229 7481 6438 900 2197 2619 5583 1025 8131 515 9606 8301 6733 2593 5681 133 5592 5677 6681 9112 5050 3560 2150 9130 7428 6767 822 2239 9110 9310 6170 164 1706 6720 386 8278 8216 4992 2769 5996 9554 7639 6565 8878 4791 3319 8137 7106 4722 869 4702 525 7261 6518 2595 6285 3803 6862 1753 1784 9862 5229 4970 3621 493 4479 3903 
2046 8430 604 1149 2810 4533 6575 7110 2522 6848 1800 4633 8875 4071 5405 1638 8986 8679 1244 8240 9334 7375 8431 6052 1204 3797 6163 6878 6690 4770 2482 6395 5340 3809 5559 6417 7599 3072 8955 6683 1029 8111 3318 9453 5537 4823 8420 7289 6607 8059 7004 6533 3410 2009 9875 5759 5161 586 645 8155 6280 9732 2551 4997 5673 1037 7065 5972 7861 3452 9715 6504 6348 8942 3038 7545 9554 3436 9415 1483 6172 7611 7956 110 4770 9329 8316 4530 3612 3028 3440 2676 3573 5204 4396 
7527 5028 3978 7335 6641 1880 8782 4841 9907 525 6484 2538 8464 1615 7613 1805 2116 900 9212 5438 3629 5341 7201 7349 4110 7025 7759 2941 4984 7982 5382 3491 4415 4601 8815 737 3396 6082 2611 5643 736 6878 7026 9417 6270 373 9757 9869 5381 7285 3092 5059 968 2853 9149 6498 8264 6768 6900 1535 483 4404 7467 7215 3035 3016 9523 6312 7152 4204 2182 4113 7118 7288 6557 2951 4601 9473 4431 1088 6694 4131 2169 4017 6506 2585 1051 3537 7504 8817 1292 1472 5192 3453 2015 
2503 1553 9835 3327 6388 168 8815 8686 1789 5093 8068 9490 4209 9271 2960 8304 8232 2074 7951 3489 9764 8892 2371 6529 3989 5356 5302 7449 5032 684 6271 5139 4089 4321 4041 9940 6118 3287 9935 4913 4201 1606 2291 1995 3047 6967 7627 6283 3624 3039 9692 6736 9604 4876 3403 8813 9148 972 6972 2904 1776 4452 5906 6809 7023 4267 592 2343 6732 9888 7928 8759 513 5262 1957 1271 2879 1143 8406 8524 8398 1192 1582 1068 8827 8005 6577 4307 1967 8063 3367 1791 1550 9540 853 
4217 5848 2562 5965 139 2224 9460 8094 4596 6209 1384 6175 5569 4850 8410 5956 7466 4254 3235 1069 6285 2627 8208 7507 7803 1683 3077 7868 2398 8180 5804 9844 1001 737 4561 1057 6606 1876 4538 6829 9537 8045 6273 3194 9858 1809 1434 9724 1251 3180 1627 58 400 1197 1280 1401 9162 5737 6311 3015 9523 3136 1359 3574 6919 4399 3155 1737 544 7225 7750 7467 543 8782 2014 660 6728 1786 3366 1355 842 2759 1305 8544 7885 1591 1764 2365 2362 5912 4852 844 5444 1939 45 
311 3926 8900 7287 6800 4171 519 2577 8345 9908 5764 7695 3002 6022 7112 2201 95 2226 5310 8384 9691 1616 8458 8565 8270 2108 7943 8954 6333 3718 9282 2775 1024 3967 2170 4143 3662 6853 8413 8127 6435 4805 7737 9520 3010 6067 8104 1864 2341 5440 49 1897 9465 9873 4286 9309 4745 3225 9858 3996 3143 6125 6906 9282 7631 2448 7210 386 7623 4473 5236 3144 2257 8529 7654 7952 7337 1957 9144 8223 2553 2358 6318 746 9754 31 2565 1702 4075 3782 379 7092 4544 7334 3749 
2679 3235 5813 8020 409 39 64 7536 7224 1333 5869 9215 214 3756 2874 339 7838 2852 6890 1292 353 3999 2365 1721 4424 2611 5955 5896 5370 1103 4027 9827 8224 5329 150 7094 9408 1758 4771 8259 7484 2911 4568 7435 2465 5457 6592 9320 8204 9710 2332 2594 1176 4191 1603 1744 1482 2023 2898 6298 9228 5330 2965 818 9004 3591 3691 8884 7361 2266 4116 9753 8212 3407 7484 6030 1006 3046 1607 4555 4988 8024 2801 9168 2319 6003 2541 2229 8320 4744 2431 9982 3139 4637 1756 
8465 3134 9645 3740 7718 2869 3896 2491 855 6038 7246 7457 7527 4146 983 7428 9375 5622 9586 1872 3729 8936 1084 7000 7903 1565 7157 1391 9241 7565 1804 5522 5506 8028 1981 9608 4070 9683 7790 2165 1591 8367 6923 8877 4260 4204 15 5419 9156 1172 6657 3166 8535 3020 4490 8132 8985 5523 6776 2241 5712 9668 6975 8305 847 2337 5214 1057 9280 5981 7547 3832 2948 5673 2985 548 6240 5456 5989 4532 1775 9157 3353 357 2159 3400 5453 214 9892 1956 6934 8435 1092 6632 8610 
9430 6033 5866 1856 7776 3379 2745 2873 5892 7843 1614 2130 1306 3476 9829 7870 4028 4306 5268 4262 3141 2868 5612 9515 3273 6480 9015 4277 5655 1502 5722 6847 9140 6122 9001 1306 8386 2887 6948 4517 9180 378 1117 1817 4133 8084 9622 5164 6381 6213 6228 8249 8271 1329 8019 8823 7606 2064 6213 1306 3201 6845 1163 6247 6063 90 423 786 8622 1217 3254 828 3366 5837 7269 9340 9086 2517 2986 4887 996 452 8308 3606 6674 1151 7427 8737 7019 7508 963 8220 9461 1263 7446 
2535 8755 1561 6180 2206 5516 5530 7054 3720 8830 8122 8635 6003 5300 731 7892 7664 2254 8265 9458 62 9133 9142 3962 9319 4714 6127 1549 8710 4713 6669 5924 7000 3833 3412 763 6444 2514 1671 7459 695 8154 2553 1323 5254 5575 7403 6337 3468 2133 5998 9464 7126 4983 4603 4263 1993 8447 8620 7954 2149 5989 2392 9558 6892 3638 2112 3378 2087 1540 9331 7303 7936 7180 3380 5668 7180 8963 5859 6576 7311 4683 885 3260 4128 3970 9068 8932 7124 4787 3140 3221 5022 4480 3508 
9962 5504 1940 2815 7667 6779 3974 5720 906 3242 3780 4702 155 3874 1225 1345 1807 2106 9082 1176 5644 3044 377 6 4459 7588 4246 5834 6213 3778 186 6320 944 2083 8754 1145 2170 108 5689 3660 4049 2344 7025 4136 1214 5456 7980 1901 4874 6709 7999 5959 409 7377 4698 4344 512 188 9101 7167 1746 1433 980 3481 2573 7513 6632 7960 6512 5933 5989 6218 4337 2844 8521 9296 2659 8925 9929 5360 9290 736 3401 5721 2211 9799 8147 7780 1562 9857 4255 8159 8846 874 5760 
8310 8860 6579 1468 2704 2879 5468 5159 713 2018 2172 8172 6840 4286 9416 7923 7564 6503 8367 3334 2553 1034 9540 8707 5791 1709 4007 2527 4844 4668 4621 1516 9253 3410 9261 7482 7769 147 4200 1425 7119 9389 6278 2807 8021 6765 5388 549 6107 2774 9967 821 7593 9517 6665 3802 5825 8536 5620 9008 5666 4694 1324 7538 7201 2771 9293 6212 5303 6054 9778 5798 9956 8412 8573 3273 9924 3675 2552 1161 5502 3280 5390 3643 6163 1894 7382 7943 1344 9347 673 8094 6896 8793 7770 
7284 1764 1421 6619 468 8011 5819 8944 5251 4740 6611 4162 5021 1987 7944 5375 5733 4488 1886 7147 8390 2313 4004 867 4724 9164 9814 7 3564 4748 56 7538 8968 2292 1218 9459 7351 7479 3805 7870 6813 7875 8793 4963 7027 9421 2430 7354 106 3637 2755 5516 5724 3975 2772 2462 2614 7034 5190 483 1283 1183 4782 276 1009 1343 1200 7938 6231 2484 5409 3906 8422 4881 4951 653 4094 1590 6247 3506 8660 9022 6395 7720 8966 8713 3067 6799 6272 2062 6875 9221 9892 9461 3872 
465 1620 7453 2942 8085 3462 9568 7710 5933 1188 571 1392 2794 1694 5980 356 6560 4946 4908 2453 3329 5567 2042 8788 1503 2597 4133 9319 1020 6232 6916 3929 8464 9888 5124 5663 8126 1813 5382 4627 9117 1925 6474 3787 9674 5900 5198 9649 9904 9629 4867 3832 3410 46 8573 2871 5700 5646 5500 9834 6168 9362 1245 397 2386 2840 7997 3924 3690 1992 9326 1250 3323 6626 6302 2709 5706 2221 1481 3741 3319 1126 9700 3494 8196 4142 5699 9181 3934 9248 9158 8925 7936 2636 6901 
452 6428 1237 7352 6306 905 2306 5342 1183 190 7458 6803 1756 9098 1482 907 2101 3642 3129 8041 9559 4459 1315 8580 785 5303 93 8482 48 5116 9769 7340 7215 2808 2520 8157 1552 6832 8541 8290 1413 2464 281 1436 798 6863 4751 2076 7741 5717 8431 3625 8749 2081 4931 3652 5548 57 6298 7876 8205 3231 7156 7084 9745 9237 7097 9766 6304 9184 6331 4763 3871 34 6473 1027 9332 5950 6235 1154 1681 525 3503 9454 6127 4513 8876 388 1742 9172 9909 915 1975 8870 3208 
4981 9382 6728 6765 1357 8379 7528 7586 8458 8445 8824 1101 8614 4878 4711 7734 1928 8573 2529 6822 8037 167 7214 9855 5935 4463 161 3452 5686 681 307 4558 7885 1685 5606 5253 7138 4823 5330 6286 628 5838 9396 3089 153 9779 7315 8092 8637 7352 4211 9944 2159 1865 5854 5927 9594 2461 6594 8415 7460 424 9854 5532 7640 2573 5259 644 1808 604 6926 8369 255 2469 2910 3273 6528 3185 8815 7841 4559 8687 3380 1092 991 4310 6166 1254 9293 1674 281 4109 2906 8012 4116 
4544 3034 140 4852 6490 5410 6962 425 9409 8254 1313 3840 8591 1697 2690 6945 6449 5937 2452 4460 2223 8173 6738 3936 5340 5092 7355 8230 4760 3363 9015 2526 370 1321 9782 4907 8740 3292 2764 2984 887 7957 7123 7286 7388 3839 5300 4468 2954 8657 8615 950 5429 3217 7034 4114 6900 6159 7434 8691 2892 5673 9386 8373 9001 4489 8383 4052 6552 1897 1901 8379 7264 7962 3973 9607 7507 2926 884 3482 3777 7898 2908 6006 5773 5472 1563 7083 9717 9524 8280 3421 8136 1369 8032 
4575 8034 5388 2599 882 6970 462 2040 6080 540 4846 7355 5298 1702 2053 8975 1465 3881 5046 2929 571 2561 8979 2333 8802 1951 9580 3007 2487 9156 4360 5873 5763 5283 2491 235 2980 8005 517 212 2922 7099 6455 6113 1414 3013 9712 8122 2218 8925 2614 1897 5072 6454 4517 251 1834 1577 1690 5127 3934 7653 3679 5415 7981 7895 1718 9947 2919 8703 9839 4566 9216 2632 1312 674 2595 5421 9987 5570 7437 4172 1141 8658 9028 540 614 6268 1292 1873 9023 4533 9330 1107 6212 
6599 1663 60 9572 5596 1784 6482 1170 4541 7807 7729 1661 6006 6934 1988 3581 8647 3778 4074 1770 5034 629 3182 7276 8475 5547 2276 5329 7681 7362 1212 7089 6347 8361 3277 9139 8261 4239 8262 9577 267 4051 6179 6071 4651 6494 1340 66 7071 3534 5118 1440 8635 4208 4950 4199 3235 1180 6320 537 8529 3591 1699 1240 5911 5833 6316 4522 4897 1815 1816 229 4526 1537 3314 2589 2673 5994 9369 9045 899 625 471 5085 5998 8213 357 9266 2399 7126 7407 1256 9095 307 5304 
4205 2197 4059 4813 5862 9807 4554 3118 4984 1246 2054 5304 9379 6464 1573 5441 7577 7321 6111 3916 2185 5907 489 1340 1775 5051 2283 2561 7104 4091 9905 2550 2312 6837 713 1773 6751 4043 5956 4920 4938 8814 9974 9769 7791 4311 1243 8326 4870 747 1231 2657 7917 3222 7003 1228 5699 8650 4698 8129 4087 1820 5479 7092 7679 6874 9232 9019 4990 1100 9004 1570 9730 6644 9669 4743 9112 9599 3351 8918 9237 4974 8543 3955 6371 7785 3233 4917 1451 8868 822 5578 6464 1863 479 
5111 8650 4061 654 1232 6771 8162 1609 1171 7444 1739 1118 71 4451 77 6446 6892 5138 7636 4412 6951 3310 2513 6517 5612 8727 3558 940 275 7526 7318 4720 639 8731 9340 3600 8360 7688 9802 7951 8805 5752 8486 9592 7650 5352 2860 2102 6242 9291 3367 2553 2298 8828 9384 2668 2911 9591 9078 9527 8153 1081 713 356 4659 635 8985 235 2701 2954 9408 1115 3135 5770 2877 1273 9140 2050 1669 1563 4129 5836 1742 1117 6710 2493 9991 8664 3890 1916 9377 8628 3074 3424 1991 
6733 8524 8653 8110 9290 5517 5164 4598 195 2385 6074 5712 6237 9978 8257 428 9692 7866 9381 6331 7316 5235 4602 7289 6196 5422 5258 2467 4423 8168 6886 5138 6410 9127 9110 4885 8897 562 3511 9933 6806 5591 3681 8439 6045 2555 7191 1070 4444 6739 4547 58 642 9486 8276 640 1524 6911 9757 1429 4009 5180 8749 4009 1871 382 5856 8879 9812 1420 3082 1844 3753 9081 810 8890 4280 9805 8692 552 5561 2901 2958 6294 7646 3114 5114 6466 6850 3616 3908 1741 3008 2737 8047 
9152 644 9371 4127 9600 9117 4459 2834 9492 3856 6926 1403 2668 7871 3646 3820 9619 3966 7099 6304 2382 2977 1256 9849 8443 8051 1692 1741 270 1615 1337 3876 4126 9416 2830 7027 7408 9913 2147 3678 9229 2245 5435 236 4530 8322 7428 7239 200 6432 1950 7981 4166 9850 1925 1462 795 3690 4924 1423 1191 7121 3253 757 6730 8921 5991 501 3681 9782 5866 4461 9852 5433 6576 8520 7107 4414 1375 9750 9978 9080 4117 5131 6466 4566 6661 6231 1392 5775 3033 5037 2541 8192 9486 
8380 8766 437 9403 1184 7039 3567 6855 9136 1336 3551 9430 845 4442 5632 2005 3716 7565 9058 7985 5297 4853 7561 2485 3124 9964 884 2055 1067 8704 5475 8134 1064 5691 9204 2272 7396 5992 4568 9602 327 8966 4920 8932 1620 9762 7627 2647 7140 5613 5457 483 7368 2910 3983 7469 6623 6777 2142 5023 1406 4671 6132 3624 1811 7963 644 6153 9082 3034 6237 1194 9356 5326 6691 3210 8205 9481 3351 9645 862 7063 4292 5556 5455 3618 2479 1091 4776 40 4958 8894 4491 243 2211 
5533 813 7866 6170 6439 1740 4962 4521 4084 227 1870 5092 4071 4900 5259 8576 5224 7551 1945 5845 7503 5918 8839 7031 4812 4681 6088 8140 303 8876 4736 1976 8039 402 8718 1985 4124 9235 3290 1028 1928 8551 1973 4124 8206 4550 9485 2550 3213 516 1694 4593 7245 3950 2365 1800 1220 6025 6291 4430 6611 9751 3885 5706 2109 9660 1553 8205 6669 836 5851 3251 2751 3617 1991 69 7205 3268 5805 3200 2691 4332 4489 8285 2105 1472 8145 2652 5430 7984 681 6851 2945 7677 3371 
1072 4219 5993 7114 1500 2581 9380 9440 7497 7060 394 1970 7300 6527 7494 9812 3646 5939 709 5667 9066 554 8179 2933 5120 6669 1787 8717 5689 6168 793 3435 8637 5105 1767 610 9056 8494 5953 6047 3254 6429 8767 8277 3510 5292 7769 8934 4884 4586 2103 4698 7719 5822 6073 2568 9070 1106 8514 9854 4287 3583 7692 8862 6274 1700 4377 5697 1588 7962 930 6987 2469 4060 183 3250 6136 7226 8380 9139 4716 3504 2149 3359 5403 9465 1551 3991 4025 5812 7691 9425 6163 6602 2292 
9495 3608 7024 3236 6510 3297 2520 6064 3633 8949 534 7258 3977 3493 6046 7000 1265 51 4304 837 886 8409 1204 5074 5913 8036 9895 8640 7479 7016 8705 5808 9934 6374 1369 9434 8089 6190 7531 4002 9196 6627 6299 8818 8001 2688 8791 4659 3720 7670 301 565 2419 8278 8180 4701 7973 5325 5998 953 4189 7114 7894 7410 5867 7013 7406 9562 713 3347 8076 5552 3412 2352 1341 3258 8074 219 3026 8167 4811 6713 5146 1188 2898 8694 6663 3520 7104 3497 3284 2789 7514 4746 4627 
7911 6823 6817 5754 4942 3853 8554 3111 1545 8774 8524 6404 9221 3561 3013 4378 3827 488 2825 3296 7407 1460 185 4374 721 6883 1848 4107 3195 2368 4492 4500 486 3049 6556 8999 8671 7263 2875 8646 4330 2635 6288 4080 9658 1722 7165 258 547 4986 9885 4797 7325 9454 8108 5473 6790 7906 9826 1003 3449 5540 8121 9736 1097 6126 7319 3872 9539 5881 5041 1122 2523 7349 1159 7162 2097 816 5484 4264 2633 4200 6312 9322 5417 9714 9722 3628 562 4502 7121 8116 4701 7137 4759 
9740 927 2767 3946 1031 8496 9712 6327 2470 3150 1720 7503 5349 7700 2250 921 702 6035 1728 2180 6945 4321 4640 9200 8695 2844 176 1269 8219 3712 348 9401 1895 5109 2282 7176 7332 2710 6434 6317 8818 4583 1506 2043 2166 3512 6594 5992 7440 1900 5981 8796 4946 3395 9429 3868 886 203 4049 2475 6188 8427 7286 8632 7966 8419 9341 1699 7041 5206 3076 1525 1570 3077 3569 2392 5784 5447 2168 4655 4117 4378 4418 4533 7990 623 162 4978 8979 2693 1183 5731 2579 1880 2742 
8270 3001 1203 489 9359 8999 2867 8479 1852 5173 9421 3899 3355 9433 5254 7267 7612 3447 2893 9077 353 2024 4448 6501 9175 9097 9215 8744 153 3178 5202 3439 7317 6859 9919 6727 1767 8059 9307 3439 6755 1467 2572 6448 7330 7711 6274 7212 1414 3878 102 9016 6306 5134 6618 5317 509 9840 7710 1309 9815 4223 1497 1052 3304 3479 2467 6389 5277 7055 821 3246 7822 8955 9526 1785 517 3812 6367 433 1930 2356 5638 9049 8501 43 7957 7425 2702 549 9523 3322 3923 7489 8879 
6716 8271 4282 9217 1565 318 7519 3993 6283 7718 872 1784 9906 6690 7023 4851 7831 2174 4297 6891 7098 8837 4311 9499 380 2654 3155 6251 8867 8260 6910 2999 7164 1937 857 7655 4134 38 10 3679 4153 2838 5863 8604 6706 4319 4615 8377 4154 7751 1406 7290 7902 9046 5579 5897 4790 4024 4469 6065 9686 1241 1226 9919 2041 7356 4553 9074 9083 5244 1250 5947 3356 388 2223 8268 1694 8137 2877 2972 875 293 5805 5032 5654 2531 6906 3198 3871 2267 9898 243 1466 9975 9374 
4384 6719 9212 9376 6348 2500 4533 5563 1137 6473 3341 2226 9196 3907 8018 3893 9338 7622 5849 7185 6133 2627 876 764 5457 2366 6297 12 2327 5124 8155 8163 6611 4110 9678 5624 8059 6554 9634 9331 5143 1881 4720 2287 138 4340 9288 6507 4953 1605 7886 2316 6279 2587 4068 6906 1585 8822 718 4778 2630 2006 5216 7337 3118 5314 7719 4754 9986 3335 4659 5598 8292 4762 1740 3444 3664 4363 1094 7504 1534 2633 1650 206 7109 8874 7749 7084 5780 9278 2293 5723 3615 1153 9312 
7204 2459 420 9980 9288 8933 7772 1992 7190 8422 2753 3807 4712 7994 1087 4100 9410 3518 8345 262 8556 9626 5609 1314 8121 3158 7104 4691 9314 4372 7470 594 6311 8421 3523 4027 466 3284 259 596 5364 6240 246 6419 4339 4140 8618 599 7759 7918 8440 6836 1976 3830 3914 7259 7292 8796 9057 3522 1014 4181 3807 2694 1352 3868 1530 3294 4992 4821 6391 9608 3762 2059 9003 9288 2328 9347 4297 3789 6935 4387 9495 2823 5508 1466 6729 3303 5968 9447 9071 3144 4644 1326 9146 
7913 4542 6738 7094 5816 5774 5726 7003 5187 7446 7210 8367 9369 8987 8926 1111 2304 6890 1225 1928 5381 1928 3524 7607 660 814 9882 3984 5215 2635 7190 312 5975 5217 4221 3126 3000 8003 6605 6338 8901 193 1928 8738 5492 8047 6019 684 7024 8509 5163 9070 8793 941 7552 7436 1269 6700 3407 7955 9634 548 9725 2445 9305 9269 7128 3802 5338 6427 6387 1887 6872 925 9069 8599 3964 7539 2386 6953 530 1724 7253 685 6467 6699 8284 8821 3991 7309 8963 6072 4333 5234 8286 
9516 921 5278 7997 4831 1733 2844 9779 7773 2018 7708 3119 3160 8765 5748 3634 4192 3690 1431 7365 3369 6227 9910 164 4347 319 8351 8221 8801 9277 707 5020 8079 5866 3261 8802 6213 7942 7633 67 6195 366 3999 1604 1461 3118 6085 5576 5972 5532 8466 7261 5407 6337 6158 1011 4394 7333 9144 2844 6675 1734 8357 1529 218 1416 4347 7645 9189 5392 9588 5954 6004 4990 2585 4115 1659 4272 1286 4866 3311 8387 3844 2507 6575 2080 9634 5215 4372 7209 6734 4146 2905 5143 4325 
5185 9374 8366 696 3853 7354 6898 2973 872 8322 1843 6198 977 8354 7668 8828 7511 4087 8678 9417 8146 733 5448 2537 564 6469 6241 2641 1009 7964 4147 6249 3692 7286 1418 7200 287 8727 70 2967 5319 6589 4100 6802 7868 7290 6077 2687 8080 6007 885 3304 2215 3285 6901 5302 1519 5395 8614 9572 9654 9312 8465 8142 3316 9812 9636 3178 4599 2720 2968 4077 5606 6545 2573 2105 5873 4789 4732 9041 5613 7398 3025 5155 6635 555 6872 6387 8657 4161 2363 6016 7348 9672 7273 
5385 1918 1104 2307 1844 2651 7212 3204 7325 998 5384 9538 3862 3950 7763 4442 658 3148 6863 8655 1208 9606 8074 2086 3020 1198 7716 7923 3495 6268 9171 4996 9883 3230 5751 8311 2078 4205 5712 4359 3345 7417 5037 5666 9342 7490 5895 2275 2236 353 7000 6054 7560 4726 3253 7256 1397 9881 7656 2547 1950 3573 9572 3706 7841 1433 8691 7541 4726 9284 9573 81 4547 7874 9127 5060 4198 4144 5437 5436 7980 2288 6298 5642 5603 9180 8352 1574 1687 995 2163 5428 8979 7076 5853 
5022 8157 6169 6847 5767 6237 7654 8752 386 9025 7767 409 6778 8261 6809 6131 9807 749 407 6123 5647 7549 2947 1646 4678 7571 6201 4748 4631 9396 3007 587 6419 8814 9754 9833 2603 5490 6273 2041 6176 3510 4691 9541 8665 2313 9502 3060 9941 8433 2806 3600 2891 8471 647 9951 9120 2684 683 4573 9310 4931 4391 1967 6332 2453 2264 649 2442 3015 385 8757 8315 3244 7403 7209 3965 2614 3047 8053 623 2039 1244 4292 1040 535 941 3921 1255 7272 3274 8872 1173 9922 3774 
4529 8079 8378 7851 9244 851 4057 9233 8357 2676 1198 1290 6101 5712 4004 448 6792 1184 2441 5482 8813 3537 201 6194 8049 4822 9189 2440 8511 9548 5680 6325 9459 5916 5686 6986 3160 590 2714 5220 4451 5685 5759 847 219 5685 1977 3355 995 8608 9253 5496 5248 3972 9041 1071 6671 522 4345 4620 8285 9886 3726 4286 7638 5821 1951 9687 2261 3085 6746 4951 1232 3693 8860 8187 5616 9512 2194 3635 5437 3720 1586 8940 3364 3032 1495 7577 7232 726 2794 8270 3372 3932 3616 
9869 2845 1782 8430 4223 4577 7519 1908 9387 3476 3956 2641 3908 1492 8846 9082 9570 7920 6819 3791 6498 742 207 7749 4819 8128 3250 3914 2584 5140 6608 5859 1400 6179 657 4390 6965 3015 5840 688 8483 3661 914 2788 2344 5002 7382 8834 5949 2777 2615 4127 3936 2739 4850 5201 1660 3687 7873 9092 8082 2663 2977 4164 868 4294 5977 8625 747 5565 1501 3743 1633 8791 1097 1559 5024 1530 9077 9045 3182 4769 8492 9911 5444 5991 7432 1227 6698 617 2526 8881 5361 7929 2155 
3961 399 2791 5657 4107 9793 7139 4 444 681 4332 3383 4376 7177 5763 5178 1363 3371 4598 5085 3081 7997 4177 138 1476 2794 253 5428 8963 2063 8286 8474 2692 6378 2465 5946 1396 2940 3817 8802 7728 8828 1983 7153 784 5699 5675 5092 9878 9036 2842 5783 5589 8409 6442 7130 1372 9039 4891 6057 5340 9209 7313 3399 3711 5382 382 2458 5204 248 6194 2826 428 5592 7452 8936 1284 2502 6110 4888 1944 7338 9498 4234 3940 5696 496 5906 7734 2050 1097 472 9305 6127 5167 
4896 9771 446 9 1184 7568 719 6251 8975 4034 3948 4918 1458 3499 1243 1656 2238 2856 224 1378 9523 2175 9562 8919 7295 811 9746 7191 2144 9888 968 1657 2578 1416 6011 7638 4034 8338 9393 1004 8361 9227 5456 7659 831 8049 2802 62 500 5582 622 1562 4389 8579 3444 7292 1428 7973 7301 2891 4974 4688 3964 4456 2988 4530 9513 7341 6989 1631 6778 9079 279 2052 9759 4717 7587 5656 854 9234 7161 2382 9220 7148 5533 1491 4429 9704 5549 4341 4905 3082 2890 7932 5461 
7253 2578 2892 5758 3054 9286 6788 2978 5011 3107 3295 2392 3949 6362 7161 1108 9105 4181 746 7675 2909 9482 8011 9585 6937 2060 1862 9770 8289 1552 6330 2879 1027 3789 3553 4064 5614 1132 778 1083 4795 9800 1996 1177 1186 7715 1167 2495 2813 8682 2264 3415 4638 3010 3031 9764 4160 3813 3120 8599 8319 1442 9123 1459 2941 8009 4522 7872 3531 2076 1224 3947 838 6600 8766 2463 7434 1003 3887 1669 2861 3824 8977 6503 1786 2530 3055 9709 5522 9629 517 7531 8758 8361 5610 
5013 857 9270 4920 5815 3166 6493 2858 3157 2161 3473 8436 4103 2769 2795 6523 4805 4477 8810 8553 3434 4381 4297 1806 6687 5284 4633 4573 4502 3858 7479 8795 7188 1002 5260 2468 7765 1196 5262 9464 8781 8555 1912 4047 6918 7184 7670 8212 6776 7221 6162 3284 3438 925 6366 4502 5183 9950 4663 3711 2425 8280 3618 4599 9353 8100 401 5778 2765 9048 3621 8113 3815 8392 9548 6454 2528 6671 7317 2523 9811 1463 1295 1209 110 9715 1428 3502 7803 6773 5243 6295 9938 1719 3358 
44 8352 3962 2398 735 5686 921 4429 1951 4425 1344 7018 2460 2176 458 4491 9271 6590 3300 1228 3817 4302 5479 4652 3955 6433 752 472 5127 8472 6292 2820 9003 2720 962 3651 8180 4000 8509 2930 8220 9030 2393 6572 855 5917 3069 7355 9929 9298 1709 7209 883 8596 9733 4357 7562 362 9132 574 8208 5607 7149 9968 3921 2767 8724 5180 3145 7304 8225 3450 8247 5961 9624 1039 4499 9079 2563 9609 7029 3177 3795 2585 8372 4075 6103 1716 6376 2373 4179 5063 2302 2627 9770 
4097 3711 2494 4423 6364 8670 257 8226 8690 432 4620 5455 1957 3821 4158 2435 4531 2297 7390 5575 2807 5815 8389 1040 877 6335 7397 3867 2415 794 3370 9878 582 6515 8469 7095 4770 902 4041 6533 451 7417 5190 867 7321 5106 5498 416 2186 9999 7068 9300 553 2292 7332 444 6283 7778 2657 822 2805 8791 3744 2746 4791 3474 688 7855 8060 2705 1425 1094 4457 3444 3766 1340 9001 7875 9713 6780 1391 2370 9878 825 1124 4336 4978 164 836 9634 1757 4758 8091 7105 9902 
8456 4383 3529 346 8843 8498 5156 8683 1121 9297 3018 1328 1497 5502 8207 6423 2813 6439 3494 5891 4371 6316 8580 3246 551 8357 7296 4538 8080 4973 4086 1770 1067 9141 3697 3948 4553 3425 7835 6034 2858 5345 9272 1758 6599 5086 499 7402 6373 1527 5788 834 828 9078 9150 10 8839 2806 250 2082 2010 9408 2581 6182 6724 3175 9194 9119 2470 4474 796 6977 6077 8914 9411 5371 8327 9637 7028 3545 7280 7651 2603 8744 1170 9861 8915 8868 2106 379 8988 9168 5202 3249 5002 
1946 9739 5669 3667 3312 3821 805 1018 4780 3066 404 4693 8983 5756 3193 59 2591 7831 2020 9189 1832 3465 9427 5750 397 6291 8903 7736 2704 3402 34 7189 5029 4846 459 8394 954 9527 7470 3126 5933 9408 1894 2390 2010 5078 1230 2451 2386 3268 2830 9610 3695 8179 1359 2929 9014 9336 5064 1354 6680 3811 501 4248 3045 2289 3218 4928 8040 4642 4945 7989 1376 7208 6839 8206 4387 4057 3929 5597 8174 2722 2066 6259 7174 5425 1443 3869 7679 4021 3575 9103 5299 5401 1441 
5648 9810 8847 8683 8562 8661 5908 8485 5092 162 2335 7281 5270 5798 3010 3802 7573 7845 5394 3176 8146 4605 5716 6441 4386 8858 1270 507 2606 7339 879 3039 2633 5244 4294 4124 4298 2601 5730 783 3231 9161 8227 7405 9201 7691 8305 7280 6254 726 8118 3661 5842 3773 744 3043 5946 1154 7622 8673 7168 8170 3962 3059 7446 7200 5755 9331 7870 4974 1128 3831 2597 8285 4468 1462 3260 1356 1965 6696 4555 5837 5420 1205 7825 7857 7055 4292 5592 8909 4413 4140 2998 9245 6071 
9413 562 6230 1496 5462 482 9384 5034 3990 6551 6577 2418 7692 473 5684 8731 7166 3867 3151 8130 4721 8391 9137 9230 5671 1803 4325 2355 2310 9792 2045 7282 9256 6794 9430 92 4864 2351 4049 7379 6069 3695 5705 4210 8676 933 4348 3494 3673 8294 9662 598 2907 3882 2 4556 5735 330 4144 4021 8016 1837 5267 3042 9554 1161 6587 1295 1165 7531 8113 2820 8650 7757 3098 1756 1091 7777 5379 6769 7784 5536 5694 7401 9731 6172 5762 9647 4931 8452 4505 5446 9092 4967 3843 
2337 3819 3395 1077 2419 6990 7579 5832 6333 6047 498 6193 1244 6076 4306 909 4520 5137 6102 4103 1398 6204 1448 7024 698 3521 2341 909 7522 1266 2022 4138 8062 2678 8324 5718 8724 3308 1548 1188 2482 51 8761 5006 5956 1877 1726 7485 4964 7196 5044 1180 8892 3299 4996 6462 4255 7455 5765 2686 1852 3294 7802 6543 947 7504 2815 5228 4932 2939 4001 3392 148 4554 6775 9944 160 7690 1155 8952 5563 1638 3948 7672 570 8156 7414 7478 4327 4630 1395 6564 8506 2565 3180 
7149 9919 97 2272 1474 4316 4417 9929 7492 9864 3273 9595 834 5589 8903 1208 4067 4436 8601 9299 9446 8119 6371 5589 8444 6965 9121 2194 6360 5878 4171 2596 7374 7174 2276 2337 1128 5363 7713 7076 710 3091 9452 7758 6845 4823 146 7676 5517 53 292 8897 255 6985 646 3535 4540 4303 5356 1107 4123 5541 8701 4889 6743 5130 4946 4098 3162 2864 2126 4425 4556 7201 6794 9512 5648 1893 343 9628 1744 8258 7303 5985 9591 7021 413 7882 1747 2687 169 7988 4127 1144 291 
9064 1 3803 1657 4119 7254 1940 9769 9362 9369 5854 4637 7738 3877 8198 264 1475 8626 7258 7545 9748 7436 2542 8160 9696 3203 169 6833 1266 1992 1616 9220 8605 6795 8726 9912 8451 3452 2144 7982 423 6808 7800 6465 919 5142 1199 150 9451 9871 4420 4428 8530 9838 9125 49 7705 1659 6098 7162 9430 4363 6257 9884 9840 9584 2328 9586 4606 7859 5794 9911 2360 7402 8347 433 9573 6715 5969 8116 9840 4432 2084 5602 6069 3591 7054 2161 5448 2760 3424 3672 2370 227 3290 
8123 1652 7712 2244 3119 4780 1590 5952 9489 1744 2332 5416 7163 5791 8646 8257 7309 6342 4494 3993 127 9429 3708 537 1653 4724 4710 9426 6268 8421 7643 7135 5126 704 6348 9816 1677 387 5520 5681 7447 9106 6949 3042 2601 7855 2042 7680 3270 6975 6051 6275 9854 6511 2188 8432 3008 401 1037 7997 5315 7359 7658 3270 8740 735 4813 6157 7468 6267 6639 7500 2794 718 574 4045 700 8307 776 7466 4197 4234 1746 8014 9159 5227 3106 953 8684 8615 3484 4122 7519 2511 7596 
6658 3266 8722 7924 3847 3334 3276 1465 3543 5338 9574 9642 4002 4707 6837 3521 2186 3278 1379 2839 3213 1279 472 7162 2642 6214 6659 9510 4800 3939 4473 4567 4040 3654 2054 5755 6933 7380 7788 1233 1773 2865 403 2488 7980 7889 1683 4527 3170 8677 5880 7249 5206 8359 5144 6199 2172 8516 287 4476 666 845 8851 4709 7185 2798 2495 3129 9601 3756 3609 5052 5070 7481 385 6036 2213 4113 2598 3201 4880 7218 9262 8280 2137 7362 5362 3417 8592 4149 5006 2439 7473 5981 6400 
6134 7501 4477 9203 7385 7575 6067 6881 575 432 8343 3715 8446 878 9422 2468 7729 6934 9566 2918 2945 1767 2996 5937 7764 696 5492 2323 5465 3989 6085 6095 1358 6484 3439 2745 2719 694 2399 4472 6667 5050 9497 3085 8899 3038 9764 9699 9377 1581 4458 3098 5487 1383 8623 2070 324 1963 2026 3546 5044 3131 8055 9127 711 8438 6978 4262 8944 4629 5165 2304 6342 7797 1036 3439 6304 1917 9298 347 1954 1600 8195 577 5398 2030 6955 3429 17 1800 5682 5232 5690 8141 5328 
6929 5592 1028 5212 9485 1647 9018 9192 7019 2523 5111 5751 8250 4774 994 4966 6470 2120 7155 1244 8315 3755 5849 186 9931 2714 1263 5436 503 5647 6586 7765 8388 781 3945 9286 2740 3018 6233 9940 5612 2458 3057 7074 3146 6053 4387 6480 5801 8165 7569 8695 8578 1300 8026 2215 6261 8251 602 5611 7975 1101 8820 5001 4389 6698 3897 2595 6833 7285 9649 690 9462 7499 5424 4658 7834 1602 254 6826 7491 5296 4733 3798 8774 6627 9602 7603 4685 5263 7099 8097 9955 737 5116 
962 9794 7935 4755 2389 2364 5558 4122 2216 1333 5954 6101 9756 489 9915 8434 9364 7399 5664 1484 8346 7778 1205 6199 5589 1877 909 9106 790 5310 3413 4831 386 2861 1680 6127 7803 9720 3044 8225 2838 4677 3436 5532 7568 6883 2271 4025 2929 46 5929 3440 8402 4487 4846 1379 3436 902 4560 4058 1985 4617 4916 3293 1513 7816 1968 1320 7521 6575 4364 6138 595 2111 1737 701 5880 9819 8885 3351 8093 3623 4346 8503 3835 5764 6298 1978 8299 2285 7694 2393 5061 1078 1120 
8766 7215 5071 2063 1597 7916 5023 2001 5630 1925 4900 7474 3926 8322 9925 5637 1390 6484 8613 2593 8419 1471 9769 9177 5997 5273 3090 5172 169 7929 6819 9950 975 3760 9428 1862 3778 1984 564 3365 9206 3904 4493 6707 6780 9420 1574 6087 7136 5 6910 4751 9883 7503 1596 7892 5138 1951 7910 7721 3303 1102 4518 8244 5313 3781 7758 1905 4225 42 7207 7518 3920 7301 927 3375 663 8165 7084 5131 9122 638 8249 9847 7311 8443 3 3106 2350 1792 7308 213 612 6954 186 
2617 8985 1181 9101 4928 9516 467 4472 1387 3517 6013 6635 1830 8705 7835 9090 5122 475 6923 123 229 4023 3370 8166 5162 4848 3541 8380 3330 670 7690 7089 7367 7920 8763 1769 5405 9684 4591 7871 8978 5981 4238 1063 2479 2130 9174 3444 5326 392 2979 7779 2441 9492 7978 17 6051 4898 9174 8972 6859 5724 5702 874 7198 870 4098 8246 9833 7024 3752 8977 6056 2123 1293 2089 3936 3102 7915 8159 2206 1428 6450 1278 2241 9777 2086 7059 2651 5857 5776 8856 1746 3939 5986 
1424 5857 4178 2726 5760 9810 639 3583 8531 9879 5554 57 7008 8904 725 673 6684 2458 141 9325 8411 1623 7730 8044 150 8337 7942 8471 1014 1419 9498 4363 4896 6362 108 2408 8126 2072 4168 2976 808 4679 2290 1412 1481 1299 8381 8498 1659 8840 2924 6458 7624 10 2799 847 8593 6232 7118 4050 6338 9602 6568 7491 4772 6017 8180 2640 5195 2069 1189 1178 3595 5612 3481 1996 7943 3568 2307 2205 4066 4149 585 666 9778 4034 9427 9958 5366 8251 1498 11 9886 8838 5627 
6511 3633 2191 4250 9053 1698 5755 452 7605 9911 4993 7157 1282 9897 5236 9822 9334 9210 2604 2268 5292 761 966 211 6098 8480 8283 8041 7708 5023 7745 1205 1589 3318 9832 9283 3509 7318 3633 359 9156 5657 9485 9783 5619 9714 5013 7111 3608 1639 6606 9314 7680 4606 6480 8790 6585 122 4714 4696 5588 8232 423 7386 7009 1160 6385 7265 809 5372 4367 9 5471 7160 853 3353 9557 3968 5177 1330 8700 6351 5998 9265 7144 6946 4772 530 6354 238 9883 7032 9943 3449 7954 
3713 4396 911 4851 36 3438 8369 6960 9975 9681 2214 4814 3328 2526 504 5684 2397 8672 270 9534 3903 74 1008 339 8992 5361 3914 9976 874 6737 258 777 2395 5715 2553 18 4077 8584 8048 7587 2418 3512 5883 3274 6910 8306 734 9152 264 9481 2310 7269 2042 2160 1851 4804 1650 307 9301 9200 420 5777 3993 7702 4211 5979 1353 7239 2915 6976 3139 406 2423 1072 4136 3998 6797 1541 4934 4879 6150 8660 446 5531 8177 8583 1098 1723 7460 6029 2077 8463 1082 3595 3887 
9172 7711 5573 2206 8297 5691 4796 4353 6498 1286 9724 8798 8003 7379 8911 3859 2739 4619 7978 7747 9636 1544 2884 2114 2047 2799 6044 2132 2488 2113 9004 3574 130 5358 1316 3647 8565 189 9375 8777 6988 2393 8677 6957 4621 4468 9858 3064 1803 8522 4289 8395 4127 1660 3194 6187 2786 8603 6225 5739 913 5915 1131 7058 3220 5129 5895 7052 7205 8297 8653 826 103 8251 6922 3174 1147 4421 8059 7047 5825 754 7807 5161 3976 2219 224 9512 1741 5605 2683 592 8933 3462 8542 
2006 7997 6259 5937 4938 1906 2298 8870 2747 6135 1037 4879 4550 2509 154 6778 4972 8717 9767 2619 131 2798 6386 8986 4238 5161 5564 6351 1339 8358 5132 3868 4622 8748 9391 6725 4099 4967 3689 9212 3977 3550 2427 7299 5775 2110 9578 7112 2506 8190 8861 8924 4904 1097 5171 5040 4159 9131 9579 2495 5070 628 3115 429 1757 3686 3058 3490 8374 1119 3206 9376 992 5934 1885 1106 1155 2975 3475 6839 5239 8784 2056 27 5852 551 4308 829 1652 9215 9521 1501 4390 5302 3002 
8311 2202 1813 7769 3417 6139 661 5188 5152 9755 6120 6417 5334 777 2155 4841 7523 5198 3844 5766 146 8860 7763 7789 8182 3042 1557 6547 1758 1247 7099 8422 1140 1156 7649 2675 3128 1169 2547 3898 762 2962 8943 1837 3656 6910 6275 8350 8620 5560 8164 2198 1128 4431 232 734 4097 2952 5509 4097 2371 5805 3541 8362 9032 667 9801 9514 7024 5853 4098 9953 7503 6744 1076 1093 5860 1621 3976 9173 7453 8644 5254 2966 5133 4881 6635 2469 5130 18 6541 8662 6676 2595 944 
1634 5178 4874 4032 3919 812 9605 7593 7120 696 2978 318 4073 7833 4591 1417 3572 716 1981 658 4318 2709 8030 2689 1269 3445 2643 3784 3029 6498 637 7061 6140 739 6441 5317 5188 9553 1879 5443 110 8669 8482 2140 9917 3017 2719 7515 8803 3067 6468 2141 52 1227 9639 1417 1165 2935 5148 4544 9625 1666 2915 7359 1294 8647 1148 823 6701 2065 1038 5093 7653 5981 7681 2004 4965 7760 5035 5027 1426 1361 1671 1123 552 6989 8422 6490 4309 3580 6173 7867 3586 5634 4800 
8330 225 6754 789 5837 211 7098 453 9431 436 284 8471 4006 592 8959 7108 6619 4690 4504 9226 9166 1153 5858 8 1465 6814 3159 1169 6503 2222 1614 5896 9639 9065 1036 8735 7099 8294 4755 5338 511 1757 6648 9149 8645 3810 2935 1188 3453 8004 6353 8638 848 5265 1778 9233 9456 4277 9174 4836 4043 9842 954 9103 7269 9915 3219 713 852 1917 8501 6629 4069 8429 832 1651 3719 8570 5154 9934 6815 6759 1942 837 4784 7538 8815 6728 9287 9740 8402 4227 908 6091 289 
9251 6419 6764 5852 4311 3635 8157 5696 9031 3153 3111 5820 1706 3314 2205 7501 7065 1325 6299 7119 6407 8379 2497 7319 77 1023 9141 7001 526 164 7992 2194 4210 6 6332 9807 1797 6743 8364 7793 9585 8686 4820 2166 1357 7169 7691 3030 5007 2338 6031 3450 2283 2493 2980 9792 7555 6068 7263 1281 6498 755 3948 8132 4331 1548 4412 1731 8733 6358 377 5522 9997 2182 9199 4988 3335 1045 5631 8528 8878 4960 9083 9857 441 2398 7359 3632 7496 1916 288 8 877 325 3935 
1761 6122 8 2091 4265 8060 2228 5250 8624 2002 1429 3882 1981 4499 4438 931 8120 1137 2885 1435 1592 3936 3667 2708 3130 7870 3600 3102 220 7173 1523 5958 499 87 1015 2258 1054 2019 3719 4082 1819 5834 7231 3740 8780 1816 4250 2124 1396 7533 1130 7177 2674 4959 4873 5600 5776 4811 1766 4211 6139 8516 6877 3696 6109 7759 6699 6375 3783 6080 3475 3102 5588 9114 6389 9206 1811 4387 5567 2436 1680 8192 29 2897 6751 2615 8243 8124 5506 4216 9025 5689 8008 1985 8943 
9498 478 2035 3905 9835 4905 45 9417 2570 6687 5732 5037 6551 5987 6751 9755 7943 5767 4478 9745 9775 1941 8798 2473 3980 969 39 8982 9156 3097 8899 9805 9922 6235 9411 5661 1844 8139 22 4957 9191 4468 9688 2351 4018 4893 2983 9760 2211 7335 6810 6772 6399 5170 4842 3915 6822 3527 1825 1238 7961 3924 6165 5076 3681 2763 655 5307 9800 6349 9191 8509 2117 3738 398 2242 994 4198 5815 8352 200 5894 5356 5281 3876 7959 5653 3872 7090 3241 8611 9307 1736 2097 6362 
7397 7797 6882 723 4531 4516 8164 7383 1037 709 6735 3307 9628 4756 2452 2878 4854 4634 622 859 5462 8187 8164 4987 4334 8466 3037 1896 9979 5567 8593 2971 2683 7841 1444 7619 9526 4739 6482 8254 4492 210 3009 5136 4915 5070 4754 3536 7876 7446 1468 8944 649 7682 499 7351 2694 102 5952 8687 8600 9105 8517 7319 3781 7954 6610 6780 5498 4279 1357 9318 4807 4211 323 962 1319 1466 1594 9394 4580 1823 6723 8519 5176 2373 9498 5293 5422 4439 803 6040 7770 7705 8175 
6109 5906 2150 7626 704 511 3569 7124 4699 8309 4011 9448 6272 9909 7528 3404 9200 7053 4853 7921 8902 2893 8397 7816 585 8093 9480 5574 8107 4166 3303 4385 5897 2145 2780 4565 5682 2703 2205 4768 5244 5898 6796 4658 1737 1207 304 8160 2603 7592 5321 779 2822 8373 229 3272 8767 662 9260 9732 7946 7498 2378 3596 2206 3656 6669 2170 2845 1185 1543 5095 5499 6990 4113 4115 3315 5688 4558 3535 4330 3704 2912 4900 9683 4692 6844 7794 3454 9721 3536 8260 3200 7284 9480 
2688 7211 5635 3583 2824 4212 9840 8305 2271 8178 3975 2982 1722 9048 1145 361 67 6942 7524 4308 5471 7785 1589 3957 3286 1314 7588 344 1957 5338 7618 9288 3145 3121 4599 4740 2279 3426 2657 3871 7830 3346 8145 1833 5986 9293 8302 9171 5575 9716 8917 5618 5115 5903 5834 2430 4422 9528 407 7773 4048 3428 7873 9986 810 4856 3220 7287 1181 3762 2366 6589 5978 508 1323 338 1518 9317 7807 9906 4055 5561 5865 205 6288 6447 7628 7531 3300 7838 6594 8397 1647 5043 7987 
8835 9783 2745 7810 9383 7189 8298 5288 4777 1414 5303 8075 4264 9520 1304 9624 2365 3355 5884 9123 7053 3118 8660 107 9767 3004 9534 6861 347 1919 1851 6518 6932 8838 336 8699 1988 1746 4540 7461 5889 1965 7652 2727 1745 3364 5899 8600 2076 3583 8218 3405 3241 7505 1679 526 7952 7533 5083 9409 3476 6571 9092 2398 8801 2186 1808 3869 6134 7646 8604 975 4091 7121 5729 1293 164 5909 8023 7815 4375 9733 5448 4988 9942 5417 2027 6942 775 4800 8436 1255 906 5511 1580 
2093 8860 8729 4080 748 8809 8861 7033 9228 4015 6285 7600 2312 8375 8697 2298 5659 5847 6394 9081 3100 1698 6299 9313 7116 2776 8190 1317 141 4837 9846 391 6899 5537 5367 6374 5726 3206 3294 2864 5540 2183 1577 4934 3039 6340 5718 9750 9615 4378 5511 4494 9392 8746 1023 1280 5462 1790 5425 7893 2205 485 9816 6826 9871 6845 5080 1644 4724 788 5636 8159 2299 9474 4621 9741 9373 1426 2397 4133 2657 3352 3877 4254 1328 6086 1456 3333 3401 2300 9703 141 9487 9073 5793 
2442 112 8974 3494 5835 2347 8741 6292 9739 7212 8874 8792 7570 4677 3729 4167 9538 391 984 8801 6345 3602 6736 8178 4148 345 2403 1921 499 5511 7189 4169 2922 4079 1781 1250 8512 3850 7638 2411 9108 4045 3628 4251 9287 3575 1863 7244 8785 3691 7339 6161 6321 8543 7281 5879 5442 9893 1493 459 9527 3198 6795 2983 6503 1050 9191 5958 56 157 7832 9238 5417 7441 5561 4668 1836 6313 97 884 501 5849 6942 3270 7623 895 4436 6483 7716 5251 5214 951 9165 7498 7378 
4529 6762 596 4953 2574 3011 2113 6217 1006 2933 9047 5139 6619 9894 5146 6257 283 4852 7619 6446 2113 2803 7581 4343 3958 5560 1183 9527 9226 1279 1495 8012 9713 7676 9876 2233 4737 2104 2877 6118 9811 3430 4736 7124 8947 6254 319 7846 4748 3494 4220 4505 6844 2315 1575 3684 2630 629 9531 434 292 3883 7038 9423 5818 1915 6433 565 7302 5842 9325 6427 6743 7092 7846 3408 175 4858 7729 2906 643 6774 8879 849 3615 7966 7992 8446 7497 5651 5743 6962 3218 7451 2887 
419 6115 7409 1343 826 7184 9741 2959 3744 9483 7632 4415 3730 2531 137 2940 5567 5018 4393 7108 5693 984 2274 8442 3875 3803 7516 1835 8715 7819 7952 9229 3706 8812 4863 1115 1949 2455 7837 2706 9958 183 3353 2277 736 4209 1062 3204 7711 955 6670 7724 1717 4616 4950 6579 6193 7851 1016 1616 5700 4314 5508 9639 7641 7244 3328 8170 6885 9027 5310 4583 68 8303 2451 4902 6535 1213 9565 5365 3155 5356 2245 2294 4470 7565 2952 9713 8645 2333 8166 8809 2150 1362 3665 
7606 3456 7835 6555 1937 1940 9418 9498 5754 914 643 3321 4537 8304 2770 9557 447 7098 8764 1903 5565 8687 9562 6916 6208 676 118 1261 2550 3405 9474 2191 3367 6384 4263 6675 9328 8202 5355 2968 8039 2516 1265 7717 8606 2540 8176 5989 3120 1264 1224 1578 636 2974 7870 5310 1658 3218 874 1023 6425 1561 482 4669 1968 6360 5812 6672 4031 963 4926 9052 8556 5417 4805 2632 144 1619 689 2061 517 4026 2832 3206 7579 6665 5192 1838 9801 4278 485 7811 3778 6919 3297 
8731 6744 7966 5190 6894 3404 8527 5125 9212 4057 8047 2074 3267 9834 9173 97 4447 4992 6158 3058 6202 5620 6346 3904 2575 9552 6783 3799 7798 1163 8779 7839 6780 289 642 6712 4228 6765 4274 2567 1209 4906 4368 4410 3643 7628 3647 6792 818 1657 6722 4674 3422 3261 3173 4794 5066 7875 3877 1025 7206 3405 2994 6367 8910 5263 8796 441 8478 8303 1282 8085 2081 4636 9281 7373 5890 6922 215 3060 1073 7785 1700 9458 5269 7030 634 2593 4418 4028 4423 4800 8927 6023 8889 
4632 2545 7269 9010 8280 5641 3775 5081 4234 3809 929 5115 7300 9083 346 2569 3126 9096 8060 4685 5168 8316 7730 213 9148 2358 9476 777 8655 3567 5810 5044 2699 2999 1220 5203 1443 5856 2825 7725 4536 6840 9429 4764 799 6742 2889 2854 8064 5886 8884 9055 6984 362 7604 2423 3563 4913 1070 615 5946 7104 8619 3053 8770 2928 9814 7827 5076 5182 2696 1662 7123 9632 4020 1400 4792 8446 5190 8225 1496 3592 9359 3650 3933 5593 6734 3 5013 6777 9957 1758 2375 9837 4834 
6413 2797 4376 573 5838 7220 4754 8538 7429 8262 9032 7799 9706 9327 920 3401 4699 7525 6271 1052 5014 7132 3434 7815 99 3400 6964 4588 6317 6963 1668 2380 4018 6116 6254 7362 6898 3072 5705 9293 13 8439 5088 5143 4740 614 5456 4433 2447 6412 9467 5736 1859 9210 7829 7018 198 5309 5029 8715 1072 2185 7196 5732 8780 3576 6500 1434 583 5108 3672 4107 7056 7546 8278 8625 5401 5084 4897 6923 637 6999 8991 5075 1935 5659 1292 7724 3148 2303 575 9329 403 33 8713 
7146 5149 4974 9328 8251 3145 7422 2900 4767 5241 234 7936 7395 6858 5716 1041 5307 6829 2567 7704 893 7538 8073 8481 376 9785 4476 5453 5932 2031 2851 7031 6012 7718 9926 9110 7857 5637 1304 1894 102 1322 8132 9912 3462 2055 6025 1855 5496 3362 145 2260 2486 5340 2956 6647 3899 4028 3472 3363 3789 4657 6671 9398 7967 4799 6050 7795 7207 2232 7114 4340 9626 2367 8591 2396 5357 5325 6764 912 7657 9161 8396 7496 657 7165 3246 8479 1668 2779 6474 5159 1274 8551 7121 
2627 3142 2161 3258 4653 6349 2420 6430 6304 7806 9895 5935 545 9539 2594 7155 8248 8840 775 4269 8932 1244 7245 4154 7597 1986 9560 9952 547 2165 9838 2170 300 4194 42 5362 9809 6518 4725 8317 3653 7220 2480 6468 3791 5829 2620 9477 6392 2088 9714 8797 3760 3475 7222 3901 9920 1155 7561 1718 9119 4497 3412 3533 5892 4397 8447 4743 7630 9628 6961 228 2664 9552 1524 1015 2394 3761 447 1131 4922 6359 9595 6496 1396 2664 4169 9265 2582 9228 3670 4334 8371 7010 4012 
5464 545 5648 3234 6034 3865 475 7890 2537 4477 1755 6789 6401 1503 1963 9674 756 5382 3166 8005 7576 6198 2123 1191 3173 8461 7083 6415 9059 3990 5187 2151 8689 3736 789 3385 6758 5182 8608 5836 3684 2031 6516 392 4194 3734 2192 8902 572 9285 5800 3592 1796 1012 8827 5643 3881 7503 6369 9329 3912 8539 2508 6014 3280 9723 7660 316 2439 2039 3538 4586 2421 367 2578 4943 2235 2877 8676 1344 8937 6803 2819 4982 8738 1951 4846 1150 8085 466 152 5806 2905 5167 5718 
8079 540 7924 4986 4731 8113 3977 1177 7381 1162 8228 7497 497 1025 5721 9878 5445 8317 9573 2196 7871 9344 1079 7194 1187 8816 6237 4148 8309 5850 1908 4247 2823 6943 7406 104 4490 4561 8057 894 307 944 3081 4074 6641 1111 3842 1827 518 1637 9340 4476 8697 1015 600 3876 8596 5588 7263 1067 8603 4166 9653 2923 7713 2222 7757 957 8256 8650 7496 594 6136 4406 6246 7307 4657 3803 125 3180 8718 8430 3887 9316 5069 1548 6495 9529 4886 9315 8219 9860 4745 5958 5088 
767 2483 6493 2206 4320 9277 8375 2793 6407 1764 3173 3947 7357 3349 7804 1118 6098 8199 3659 4397 8976 7095 871 7563 1818 2702 419 3125 624 7544 2131 9739 2459 2010 8504 4415 7116 3337 8758 9167 407 5810 9345 3398 1999 7885 9865 2367 1849 2671 5550 4832 6366 350 3402 4597 3455 9843 5959 2824 386 7512 4523 8726 4319 3977 5597 1274 5153 1791 7512 6066 6229 4484 5122 9388 7188 7464 2664 8585 9172 4876 2156 6198 5666 2012 6344 3591 1881 3713 4122 358 4512 2089 9755 
3395 7189 9831 1042 395 134 6108 9985 6538 5516 2789 7736 3351 2170 6871 428 9491 9543 7958 8992 7886 2325 9016 1961 9400 7634 6853 5418 130 7154 8139 494 4238 8186 9542 9627 180 1588 1019 9763 2574 1993 9766 2239 2954 2014 1717 3751 5938 1361 3239 8022 1871 8284 4830 5449 9176 8635 9335 9313 7867 9341 9435 2028 3186 8270 8868 6774 2991 683 8495 611 8852 3218 3495 3546 7346 8352 9350 4977 4233 8631 455 5182 5715 9752 9007 6640 9666 9123 3098 1443 3128 3138 2970 
9976 119 318 9428 5118 6399 5469 2254 5912 6795 8399 7346 318 865 9089 8161 3991 5472 3567 3875 9466 1913 6394 1921 7013 7385 3748 4676 9298 3732 2228 8572 8137 8501 5247 9633 7696 4718 4700 1495 2844 8651 7762 3101 8139 5874 1401 5007 1870 7094 7879 4517 1425 9534 8379 6728 3874 6488 4056 1633 8037 2700 2334 7643 2374 7335 9742 4885 7424 1759 4070 1553 7644 7022 9446 2088 9934 8934 6039 5753 1750 7762 2441 4615 606 5263 5027 2550 8535 4035 4313 6459 1146 7786 5056 
