7575 6378 7930 190 5453 1467 9782 1437 9353 5437 5314 3727 4879 1427 8456 2608 3332 2430 6455 5991 1857 1099 6012 6034 1560 5982 605 6717 7741 6281 
9076 995 2488 2126 5353 2009 5173 235 9755 9563 1126 4248 1301 4443 2828 9803 5625 56 6742 2041 5641 1519 400 5379 3914 6120 1383 1235 8675 7117 
57 7414 9377 6187 5266 3946 3779 666 8218 6109 3610 1693 7993 584 3618 9850 7137 9573 431 303 2247 4044 6663 1266 2710 7992 4999 1051 6390 2079 
2491 7372 6845 9992 4651 2502 5657 7861 2513 4682 9992 8105 9294 1832 4218 9736 7042 8530 7296 2425 9242 1980 2786 6093 5899 476 9331 5863 6795 9902 
1286 5925 9624 1863 4539 5613 2641 3797 2460 5279 8602 304 6510 406 8755 230 5565 1130 5553 5288 7481 6403 1309 7628 1900 7482 3098 6578 5097 2402 
6785 5394 698 9276 4891 173 3951 3775 3904 4538 9890 9886 1215 6577 9616 7819 9859 2067 2024 8186 1390 8576 9583 9234 3904 4569 1887 1611 8875 9301 
8526 1591 7290 1320 5489 5966 9220 4228 4393 379 9344 3056 6351 3759 269 571 7164 5645 8608 5521 7565 4134 23 1884 8665 1457 921 3943 4789 3685 
1178 1741 3343 7130 4 3012 8036 2393 5724 4700 332 352 3714 6467 9989 8850 7115 1001 4292 8581 2542 9578 7869 2503 3516 8726 9311 3886 6787 6255 
4585 8582 1282 4086 3844 1004 3874 2708 6774 3384 6837 8516 5912 6112 7432 747 9747 1860 8730 1097 3801 1063 7255 7934 3794 3410 2672 7169 494 118 
3570 9712 1119 8952 2829 4269 638 803 3345 7265 7813 1267 5359 8441 6683 9314 4977 2821 9763 8438 3890 986 2787 6468 7206 5480 5042 559 5748 5950 
9212 2771 4385 8312 6772 7133 4831 6910 8266 5819 7269 8207 8722 7824 5576 2383 3977 1999 1521 2428 9193 3262 5275 2899 1391 7345 5808 9878 9530 1535 
6188 9665 6096 9088 4962 1092 111 4395 1626 629 4414 8207 1096 5734 9345 4489 1864 4395 9258 538 5396 8602 2814 450 2805 9421 5785 3643 2263 6525 
9543 201 5755 9598 7072 1944 8909 2318 3321 4666 9881 1588 6210 4691 6455 6717 2932 626 5945 5344 5361 1613 751 9096 6670 7286 7658 3886 2374 79 
4683 4699 6382 3577 7643 9955 6488 2949 7356 5582 5377 7433 4498 3167 2805 7069 5561 7993 8544 6190 2751 6378 912 1188 6058 5447 9353 2892 7623 2770 
8724 3945 8355 6346 4757 8682 3149 5425 7427 7088 4343 4463 3213 651 6945 3328 3783 7976 6022 5082 2750 1259 5630 4223 1967 4376 5542 3118 7807 4651 
2616 4733 805 1800 2222 8483 4186 1497 6257 4863 2304 4241 9376 2156 3689 6121 7829 5488 1474 7914 7132 909 7802 3789 8137 7839 115 3903 7425 6926 
7151 5740 5661 2278 7735 2953 9740 5104 6200 8552 205 8293 4926 7236 9155 8712 436 5926 6651 9742 7426 6005 152 3440 1591 1289 3959 7998 4499 6044 
8833 4195 8531 616 7404 2329 9924 5564 6252 383 5287 3015 294 6493 8715 5133 2491 2590 2730 3292 9954 1002 5953 5500 3344 6425 5488 8732 7286 7635 
341 4715 6715 9917 1906 9833 8929 8493 9353 5839 8233 75 9217 4955 2052 3677 1678 5846 9876 6646 103 4957 7314 7565 8276 8131 4303 8943 9393 8211 
8894 3209 9394 524 5539 3482 8911 5124 112 8458 4284 3577 662 3821 6385 6141 1443 4937 8345 8359 9285 5130 2687 434 1848 7249 5138 4841 8179 6110 
2143 4080 3079 4964 2183 3154 5036 4702 3483 8842 859 4922 8797 5287 7979 1165 2045 7964 7935 8926 2596 852 2132 4289 6367 6560 2814 3535 8412 6162 
4248 252 1002 1757 3579 7586 6834 8405 9177 5366 3203 8640 8562 8965 4417 8469 3248 2439 5705 2628 8838 5906 2139 7677 5302 1898 3190 4010 2177 7692 
8700 5691 7280 9066 2175 292 1167 3507 81 3574 9960 6284 9372 6802 8672 1793 2223 6404 1522 5233 7659 5977 3573 6180 6459 8732 8085 4127 7753 846 
9382 9965 1042 6395 6913 3906 3209 9690 6828 8729 1761 1742 6381 6591 5440 7999 7584 9110 8459 2279 385 1962 569 6532 8364 8958 8252 6166 4279 5899 
3072 5185 5407 4417 7452 4484 3252 4249 8672 6209 8450 8969 9917 5525 5088 1785 2646 4604 7131 8831 6145 5559 1384 487 7222 4848 4324 7503 9102 3020 
2999 5581 6101 8697 1992 6817 7189 1022 9218 7890 4070 7638 7943 7022 5562 8904 5500 4379 4198 7735 4 8567 3914 5823 3074 4079 810 8097 6353 3664 
3805 1696 3203 1216 3484 294 8680 2563 1794 6662 7039 9332 2603 6650 2899 2470 8286 8058 5958 221 2556 3511 6655 3126 1237 7234 9640 3358 7789 4938 
8 474 4671 8016 78 240 9135 8543 2309 2223 2164 4991 6206 6613 6692 2898 8326 4873 6445 6339 1788 6207 5456 7878 6095 7926 2469 9676 2608 2296 
4577 1232 977 955 7384 8415 279 8197 3621 3388 945 5288 1439 2547 6835 3185 3539 388 8945 6200 5134 2083 9558 616 9427 3529 1733 9690 4529 181 
946 5175 5445 1736 3273 7746 1628 3797 1882 2927 1644 4699 3783 9763 8476 1911 6334 9255 6757 3888 2062 1932 6216 1722 758 5500 8295 5945 4920 4528 
