1099 6590 9620 7989 7897 6563 3380 3435 4012 2419 7464 5615 2576 5048 2130 5756 4689 5286 150 7769 975 9335 6399 9424 6522 8194 9496 4079 5552 1745 495 7259 7819 5279 8371 
5879 716 778 6888 4680 2383 5787 4817 2363 5799 3523 5166 2825 4613 3762 234 6008 4835 1556 6130 8403 3751 7839 9368 433 8462 4078 7044 5083 8739 2789 1413 3855 663 1632 
1419 8207 4384 2473 3091 6213 9261 9589 8245 7145 9289 648 3350 7198 4963 3494 5137 4588 6045 2061 4948 6826 3597 3967 369 9236 7109 995 2926 6337 9101 8081 7469 7593 288 
6511 4307 6498 4826 2882 550 4754 4235 6799 1530 5992 3448 2252 3972 1949 7324 7624 9826 2666 1638 4852 9253 4881 6464 1613 9076 7556 2828 8353 3975 2216 493 2736 5817 8604 
2902 5764 5935 3799 1700 8683 5150 9532 287 3147 1973 6506 1279 4596 6609 9929 2477 2681 8130 7665 2830 7676 167 1780 2532 5305 9114 8055 3284 5320 7228 9206 3885 2981 8679 
8931 7668 7166 1946 9122 6791 2062 7592 2797 9889 6591 809 9914 4338 2644 8812 9758 3796 1531 9420 3634 5484 1692 108 2629 6270 6300 4527 9994 1782 4313 4802 6859 3814 4011 
980 2518 3107 8275 1316 6855 4831 6141 2027 1005 5846 8102 4060 4259 5250 2823 9773 5565 701 4845 3609 4651 5910 2509 5755 4336 8855 3580 2307 3314 3976 7886 9214 9156 3511 
7405 9329 6582 659 6272 7960 4847 6561 6729 9785 4940 3685 9245 4454 7224 7676 5893 5373 8248 1696 9755 5552 6046 471 6118 8866 3206 1900 1776 4899 5872 1964 9813 3593 2396 
9860 6757 8811 5151 6748 2841 4609 3335 3365 1122 3436 5155 3177 1984 4149 5841 5900 5593 2568 1503 6830 36 4426 7654 2282 1035 2139 3583 179 3531 8590 1498 7032 7881 7770 
2100 1854 140 7637 8866 7436 7761 2978 4612 4031 2942 262 4552 9642 3705 7397 7386 8299 4939 4050 3595 1974 3099 7710 8183 5415 9247 8767 7531 4995 1259 281 607 113 2336 
5161 5104 8426 7583 4594 1255 6917 515 3442 3737 4083 9928 7638 5363 5649 5716 9233 5032 2671 8762 8445 7803 3751 8037 3785 430 8470 1431 3742 9474 8354 4282 7714 3074 4104 
7484 9523 731 5802 3496 6122 6963 2618 8259 567 2317 6449 5908 3519 9929 4983 8229 3470 731 945 5186 3138 6797 9523 2367 6786 2432 1824 6984 1817 1965 6518 4002 6453 3277 
5775 5412 3944 5134 7711 1934 5951 7867 1963 2081 3143 3554 9157 9044 9872 1463 7810 3879 1084 439 90 4472 2492 229 8921 2849 1382 4957 3503 6124 8592 8026 8335 4290 5832 
4262 2017 500 4365 7719 5746 4193 8947 9573 2915 3744 8559 1913 7784 8907 6225 8260 9491 1423 5836 3777 6665 3379 8297 8451 7102 6116 504 3614 525 309 3321 7793 6444 3592 
5159 1263 409 9841 9475 9477 2076 9606 9616 2185 448 615 7092 396 8222 3684 8123 608 2053 5748 3783 463 8219 5668 5981 2890 9129 223 7515 2104 6214 9094 2163 3372 8312 
4689 6351 1583 5707 1825 9375 6575 6750 2623 4692 9669 4039 7105 883 8142 3215 1881 9164 1635 2371 2148 607 1157 2964 3728 9211 2261 4115 3212 7203 8527 5643 3927 9685 3749 
5174 4233 3242 2413 1170 8227 6359 1058 1885 2689 8793 7771 5145 9839 346 3270 2927 1620 4212 3437 172 1983 7372 4770 4584 9486 8513 3556 4342 754 1700 2338 8357 9330 7601 
2331 5848 9757 6553 2873 935 6001 2369 878 9200 6288 9153 7450 6134 957 7602 3925 5211 6734 3121 9181 1135 3567 824 6843 5585 1416 7946 3740 8031 571 7911 4084 765 9499 
5358 7226 8837 6781 5685 4560 1669 6033 5796 1426 830 6058 1792 753 7388 2533 1951 3982 7111 51 4126 8350 3346 1524 4325 1813 8360 4737 3644 7773 1603 9225 8973 9801 6529 
6672 3801 4322 6135 3948 1800 8786 8261 4846 7058 1877 7289 2545 5532 6560 5919 7635 32 9805 5568 8759 5642 7034 6309 2329 6040 9121 3119 4303 3997 5645 7224 5619 5046 9116 
3738 7994 6127 3027 5716 9802 6542 6038 5568 8384 3555 5146 1261 131 9903 9713 9955 6440 6326 8596 1959 1649 6411 7352 9733 1333 6640 1500 9085 8770 5819 6244 2079 2248 1108 
96 3040 2762 7483 1865 4169 9836 5842 3879 5563 2734 8332 1113 5356 4215 6096 3871 3996 4761 7900 5455 6753 4576 176 6424 3082 8347 7683 2949 2156 5178 3049 9838 9871 2546 
1820 765 3471 1971 8804 2310 5289 7285 6662 4800 2838 2284 3586 7300 4802 2041 1968 7917 6117 9424 1841 2662 250 7589 5144 4047 5523 1000 5075 9415 6584 7500 8376 5282 4270 
3140 2453 6697 4535 576 2107 4020 5029 6259 9128 1128 2906 3589 136 6098 7486 3028 8609 2746 2730 6255 1078 5264 3903 5525 7250 5239 9951 7400 4977 1331 809 8717 9543 1802 
5 3414 9129 2509 5319 1826 1402 6610 4616 8698 2624 4290 1395 8124 2757 4524 1820 690 6388 120 3880 7802 5978 4135 6233 6957 4976 6216 8370 2979 7969 9456 8573 1089 3606 
7371 537 8154 6498 4267 866 2402 4797 5136 5647 4437 8263 3408 7192 1974 2664 659 9235 3747 3640 8546 8170 7685 5009 8384 8444 6927 71 3548 8236 3480 4156 9108 2593 2049 
8033 2861 4046 8234 3795 3263 4150 1447 8834 5581 4180 6550 735 4492 6600 8628 327 5889 9304 1372 9030 4961 1711 2871 7313 2051 2324 9315 4329 8837 664 3355 2501 4392 2599 
9446 4059 2230 8351 6804 8367 9667 6776 2305 9887 427 3980 2069 7624 302 8051 8217 3585 6260 9540 9064 9359 2488 1993 5054 6297 7085 1055 3462 9878 9875 5651 5162 3299 4507 
9970 7613 7174 1381 327 8508 4122 6594 2066 2896 1149 1874 9437 3499 7043 3761 9988 7997 4858 4075 5780 4755 3082 7743 2341 39 8445 7724 5399 2065 3350 5715 386 2191 9482 
7956 9358 306 7708 9654 2828 2403 3468 6533 1820 4767 5551 2510 4528 4034 2612 406 9990 9863 3540 5472 5352 5530 1511 8327 3533 969 884 2200 2046 933 9696 7552 1756 3915 
7171 8098 8166 7777 4581 1155 2300 2732 8842 6769 6134 9112 2538 4834 9484 6814 6527 7590 6501 3400 1175 9915 9965 2932 9582 3955 2614 335 6669 4696 5881 136 4435 1602 5878 
3636 3546 1031 5751 3542 5019 6802 6251 6339 6551 1567 2078 2864 1541 1129 3591 6233 2822 4909 9473 109 9729 2884 4975 5699 3121 7999 6897 3788 1258 4172 2589 3867 2576 6175 
791 5501 6765 821 3795 9399 7847 6336 241 9525 4247 8996 3155 579 6478 1257 6738 4875 3165 1154 7352 1331 1989 7440 301 2851 6944 6647 7067 9347 2521 585 5311 1867 7418 
6778 9497 2409 7467 2686 7546 9773 3122 9029 1813 882 4915 3640 6852 3211 8640 8817 7084 218 9294 6489 2086 6939 5224 4844 2913 5714 6143 3113 9672 4869 866 6576 6766 6301 
1800 3452 3162 1279 4002 3534 2328 9748 6613 6722 7115 6723 1129 3765 702 5478 4788 8775 6097 7732 6451 3578 5280 8424 5456 70 3859 9219 1546 2047 1335 1705 2148 4749 6344 
