5107 4189 3155 8006 2425 8997 2714 1906 3720 7609 5015 2118 5758 6723 3840 9415 1168 7224 9805 9204 3277 9641 7263 9859 4133 8332 5303 6895 4353 9960 9944 3113 5535 777 2482 7485 2483 4447 7839 1639 
9270 181 4309 4299 5778 2242 8858 8950 8681 499 4231 1477 1858 1961 8017 5960 3961 6103 7547 4763 824 4694 5550 934 1568 4406 4940 1960 7395 6777 5217 853 1006 4166 9177 6617 5720 9141 7875 4315 
1371 5404 1295 8928 9714 6848 4248 3443 345 466 2219 5152 7689 7280 886 5946 3182 6583 5960 4734 7441 2074 7562 5776 9098 8156 5889 7192 4491 9151 2227 6159 9238 2011 7365 5841 9675 4095 9253 1240 
5312 9451 6319 5201 5613 383 1732 8288 9173 9037 651 6808 3045 6090 7297 9435 3824 2882 230 3513 4336 9592 7763 3099 4758 4397 3608 2907 944 4684 6632 6241 6027 1932 3664 6250 6645 996 4935 3266 
7258 61 8550 4504 5906 5626 5463 3380 5477 2510 3851 5032 2759 9336 2510 3254 7183 3226 1039 587 4953 9906 210 5954 3248 8950 3507 7186 9034 1065 5417 7511 4831 2770 1660 7386 1459 7126 103 3055 
1287 5397 9210 8698 1839 3999 7331 2486 8916 2164 6730 9546 7528 2671 5364 1578 4568 4068 8627 5161 8443 7690 8935 8832 6960 1863 1178 295 5194 9157 3151 7782 4441 9676 6297 1833 7581 7371 9300 2281 
8082 926 9208 6281 5508 170 7023 595 2163 7590 166 6455 8306 3637 6240 9319 2775 7556 2565 8563 2443 9442 5422 7853 4401 8679 5496 6308 5693 6299 7850 7503 3237 7276 4732 8882 2715 9407 7926 790 
7667 5668 7998 1929 4946 7829 5527 3557 8539 6797 2735 6553 2053 715 3698 507 9647 4769 6404 3675 8201 2430 105 5266 6515 4443 5611 9726 9274 4756 4719 990 56 9038 7487 2185 3842 9716 6857 5584 
4099 5792 783 2443 71 3820 71 2804 1324 4452 2078 2477 9977 5915 7041 5399 9930 1858 7155 594 1957 5534 2707 2133 7645 1853 4667 6864 8377 8717 8005 6896 3139 7034 8231 72 2561 6329 8853 2875 
3114 3150 5416 379 3574 5655 1987 4238 9540 2837 9236 4871 9497 9722 5288 1038 7323 7511 1847 4905 1460 7558 5216 651 1954 9084 6232 3760 1182 368 4240 222 9150 4385 5573 1191 3687 5728 7067 3434 
7296 5519 2136 3600 6240 6462 237 1924 2058 3122 954 4616 6311 5956 7402 3625 7162 7807 7513 5962 9095 5016 2707 2146 8352 9544 4157 9763 1227 3916 1151 5670 8142 6684 6239 4822 6874 5838 8192 1641 
4085 8938 3280 4300 3893 7316 5129 8098 3259 1582 5148 5744 9847 1291 5852 7742 7040 6218 8792 3079 470 1213 3926 8962 6500 8385 513 4252 8619 7844 2145 6562 1715 6265 9152 2225 5216 999 8403 4955 
9116 7724 9437 7273 2645 3563 7675 6872 4588 2274 3006 6469 3210 6530 6095 2078 496 7146 1345 6687 9523 1677 8314 6534 4165 6296 5992 2715 4025 5964 6917 1621 8722 332 5946 6084 8499 8888 8023 1632 
3566 503 7483 743 9138 6891 9930 5594 3146 6872 5559 8220 1599 851 8259 9756 9674 3647 9924 6608 6556 9728 4147 9582 4663 5862 732 1689 5393 2041 9362 7128 7602 4678 7484 1907 6014 3696 5293 8621 
7848 7206 3302 1864 2423 9857 6682 6922 8731 9575 8513 7028 3792 5686 1601 3973 8627 8593 9343 1762 209 2314 3614 9120 9550 5924 222 2122 1484 1590 5240 2572 4066 9535 1710 2106 1417 6798 739 2328 
5489 9031 2425 9956 6416 1361 7551 289 4841 9410 9557 3844 1788 1578 5731 76 4250 2181 6054 8698 607 5871 9019 793 9378 1001 6776 8099 852 4663 8386 7223 342 7941 7408 2150 7777 8136 4168 1998 
4902 9562 3658 3455 5815 6479 5393 58 9914 1744 5434 6207 4367 5914 6092 4744 8149 8832 3078 3890 6455 3156 8968 9891 8796 655 548 4502 7268 8569 8599 7622 4888 161 4728 4231 5334 1772 5303 238 
1782 3683 5098 9822 3891 1506 4374 2319 7045 3399 9474 5025 2100 8264 7841 1825 5118 5896 2671 1883 8023 1316 2097 8213 1134 6203 449 1167 4456 5156 9470 6284 2310 4206 932 7958 4037 5981 4822 7362 
2983 8696 9616 7313 118 9895 2999 15 4266 9431 7480 6115 5187 7217 8477 6904 5012 5789 3437 1471 8826 5926 8656 4733 1225 3931 8103 8108 4076 6873 9493 5615 3911 7220 1115 6023 7873 1931 2840 4090 
8566 2201 6540 7675 5711 691 9799 5518 2860 2465 376 2389 4418 2920 2264 2841 6741 8873 3766 80 2786 8284 3207 3244 9510 345 5230 7213 9148 5103 5283 3389 5411 4685 4400 3965 6246 8991 2874 9980 
295 9733 694 5574 492 248 367 2783 9611 551 1725 1261 3278 6943 2043 8103 8505 2653 8485 7713 8742 4464 3420 3177 8222 9883 7144 6809 1274 8502 8730 1181 9406 2330 1508 800 8184 919 963 8560 
3839 9668 321 681 3369 2753 5203 9003 2424 2846 1711 6080 6882 2120 5894 823 8067 4611 6345 2445 6491 5761 400 2680 6014 8582 1162 4720 4474 8322 3988 7868 8441 8425 6705 1852 2406 6448 2067 7380 
5657 7637 2575 2143 6487 2748 9429 9686 6658 9368 5585 7371 7878 9006 6764 6525 8809 5856 1512 6232 9624 6290 8311 72 4840 1656 2163 1771 1359 6482 6141 8645 2378 4943 9597 5324 3679 5957 597 9715 
1326 8844 8053 5496 8280 8477 4678 3668 2758 6956 6370 139 6778 2126 9753 4300 5329 1796 4177 9164 1001 5472 6741 2827 6182 7177 1435 3864 8943 4635 7813 3228 8038 5699 1388 2864 7995 6300 9855 1655 
9162 5350 4173 213 8312 8678 6161 5824 2907 2987 5845 7643 2709 8349 4390 22 6535 1381 6450 3547 1138 4868 7259 1759 1923 5716 732 4944 4185 3133 9154 7607 6151 6674 3293 5951 8637 5347 5457 3689 
3876 8295 2415 7517 2655 607 9412 538 5121 1957 6448 6555 3560 8127 9368 1569 6548 1077 9399 6042 8952 1306 1759 2678 6701 1250 5953 7369 2825 7180 4660 9854 1764 8367 7873 2364 4099 2035 570 4895 
5010 8431 7519 6502 2716 3574 8844 684 6648 251 7298 7729 6952 8014 2405 8381 6246 4151 2490 1353 2443 6130 4156 7707 5144 9383 7259 8469 9248 9885 1327 9344 7970 5145 3750 3990 3203 7289 6042 9941 
203 7874 1578 9606 7865 7983 1402 3747 2058 2006 8256 905 3153 9086 7860 7738 5863 5347 4368 3615 7772 5160 4127 2246 5647 5243 1685 5927 8779 9738 5115 8321 4848 5492 6182 5228 3255 5206 826 709 
3380 1874 2925 3931 5245 1510 8574 9163 4098 5044 6869 7054 7981 4051 9179 6867 3845 7485 310 6150 3057 1648 3351 1773 7508 9228 5762 8593 5623 7602 2084 8400 418 390 5089 4081 4700 5882 3793 562 
584 5701 8328 585 8257 5037 2388 7299 3509 7176 4704 9122 245 393 5661 3618 636 817 7355 2842 4253 5152 3748 4410 8211 9677 1842 9137 1388 4014 2440 3919 2575 3140 5474 5450 2489 2945 5818 9062 
6647 4861 8388 8242 3406 1146 3191 7254 507 4623 8404 7902 1071 7985 6609 9782 8448 9598 9962 5792 6586 7406 4738 3340 4265 865 8882 7594 7237 3318 7628 9122 5808 863 2818 6317 4060 4107 2524 1212 
844 1016 9220 1932 8282 1119 2049 4372 6795 4076 6182 6519 2829 8107 3081 9128 3884 9215 3486 6810 8196 6641 1625 4201 1708 5393 3210 453 8013 7569 7877 50 8657 4597 3613 7612 135 9973 1356 75 
1490 8941 2900 2024 1030 7094 669 2021 9267 5327 1680 9624 2706 82 6526 7578 1356 5738 5256 6703 6576 9285 9242 3100 2267 1295 3065 4240 774 9503 2455 664 6982 1165 348 5811 351 9167 8556 6889 
1298 9022 1600 9677 7792 6502 1754 5763 1762 3190 4124 7302 1517 1643 9420 6160 4497 9977 2216 7564 2093 7793 2670 9726 3579 6382 8405 2956 3764 3209 5249 5414 2203 9190 551 3532 60 9898 4578 6077 
8489 2909 9403 9608 446 8838 2928 1326 8069 8747 6289 5719 1482 2338 2098 13 8049 9382 2539 8512 4890 2983 4780 2377 6420 9931 2802 8742 9303 9034 5970 3562 3163 6521 5661 5659 2855 7929 4286 5575 
1691 5738 5598 2471 5586 2075 6835 4681 4468 8268 4004 4420 7670 2425 472 7169 908 6122 6496 1422 3550 7849 8519 8790 5315 3240 3110 1877 1846 7962 7101 2126 5973 5511 7497 966 8561 8522 1999 9904 
4141 5650 7876 2638 375 2723 108 5492 2670 4922 9219 4215 5505 6817 1034 2137 1772 8011 6091 8663 8461 6480 8824 8603 2022 2899 5679 4941 7550 1724 2393 3400 7911 1809 2067 4913 8216 3729 3657 7375 
136 7899 5489 2984 5943 1415 5333 6434 3170 7202 2922 5863 7737 4777 9209 5781 6415 6707 3845 6118 5226 9035 5249 9679 6768 6143 3948 9646 2568 1348 452 1272 7161 8099 9270 6640 4786 4067 546 6403 
5311 9834 8382 8475 7611 9290 5973 2898 8776 5668 3441 2427 3349 3074 9902 4654 2815 4609 8345 5885 1969 2752 2385 1559 6699 2939 7423 8122 4920 4235 5356 8953 2960 4684 7982 7 8075 9173 5065 1291 
9630 2516 153 8724 4357 2913 5727 4615 5058 5733 8529 7187 5961 7494 8697 8236 5451 2879 8790 1166 9575 4910 4140 2846 4938 3914 4888 1927 1846 951 4590 1642 2557 5177 8742 4594 474 8584 7420 199 
