3692 6784 5037 6033 9679 6597 2996 5102 3841 1781 965 9288 7135 2415 6346 4782 471 3180 5533 4511 1078 5082 3970 8400 5257 4055 3863 8172 6999 683 3406 9585 2430 3896 9699 360 4674 8944 8526 1518 4357 2976 987 4635 171 3067 4968 7071 3800 4005 3069 6334 6413 2428 2480 1115 2995 3228 6163 115 9420 1502 6949 6743 2008 8250 2292 8873 543 8159 3037 9949 4077 9760 7563 8616 8720 453 4274 9320 7662 9774 9444 8973 5408 8877 4083 9198 1289 4515 
2336 9474 1455 3899 9612 239 3708 8462 5516 6740 7390 2899 3001 9854 8650 6415 2884 6159 9583 4653 9488 3552 8771 9647 8245 5089 3593 9717 6772 5158 3638 1668 1736 3389 8934 4575 2467 7949 2637 83 1302 4885 5162 8568 7617 5185 7930 6449 4103 1127 1268 5794 5137 7860 217 6036 29 5327 2804 1328 5678 229 891 134 7656 3630 560 7144 6912 198 9647 8731 5780 4151 8747 5854 8384 4174 6260 652 9347 1360 130 7277 1224 2896 10 7134 2398 1872 
9062 4734 7974 5056 1705 779 5481 461 7358 212 4278 3690 5749 4769 2796 4086 2749 356 1056 7882 213 344 9223 8002 2859 9385 4368 2366 5964 676 1546 5023 2752 9712 1922 2625 253 4304 7509 5966 1849 1656 7479 5387 9472 3994 814 6693 3218 5662 1857 7091 540 4885 6270 3126 288 4770 1246 7637 2259 1740 5605 4256 4382 1252 6366 5884 7622 2042 1007 6349 4867 6501 9256 4110 636 6902 1532 9800 5878 5586 8545 8449 4321 9332 3225 9415 6818 7692 
1140 8636 3464 7870 6069 7680 4574 9037 6337 9006 4539 4639 2526 3482 7576 6043 2832 2402 4366 2286 5240 8880 5870 2642 3597 9764 91 5337 7271 6637 2154 1134 60 8061 7592 3150 1571 3645 5097 5674 4292 351 5129 4836 9664 825 8331 8472 3203 5917 5490 8254 8820 5323 6221 8704 4348 3344 8327 5028 6706 6809 4435 6207 4438 5069 2614 487 6890 8003 6657 4410 9369 6945 3058 2331 8965 6088 2749 3513 7531 3380 2481 544 2678 6563 711 3709 3094 6660 
2815 2091 3317 6327 3227 651 9964 9316 3078 5102 4317 7412 4586 4909 5839 2594 3013 9267 3341 9222 2426 8468 3464 2216 7217 204 2948 415 2816 4917 5700 2291 7384 42 6248 2319 6014 2264 9797 2358 1009 9809 3067 4984 573 3597 8550 470 2743 6502 6554 298 3071 2692 8991 2728 6900 5164 9206 1128 2999 1808 3429 4170 8976 8091 1592 5514 2420 5609 5128 2533 8666 5310 5367 1654 8287 2823 1879 4955 2180 6329 1820 7470 1240 2049 4349 1890 8792 4084 
6366 6178 2368 9504 4537 7693 7937 2070 107 6086 6400 3772 3060 1319 8922 1916 436 6146 4047 1073 7185 6828 3034 67 189 1681 351 1798 4038 198 9940 5171 2356 4683 4368 4427 9807 2928 8466 5846 637 9119 2413 1585 965 2244 2748 4819 1751 7973 2039 413 9979 4219 5385 9156 693 5893 5410 5953 8155 8873 7753 9552 1492 1597 5404 8866 6418 71 1193 5633 3481 5267 3627 3907 30 398 5835 4658 5173 3682 6256 4484 5771 8724 3049 3663 2450 3490 
3219 8149 3649 1168 6304 652 4511 6129 8181 4838 1410 7261 537 8384 7453 2260 4401 4395 6450 1156 8213 8763 5053 2105 255 3304 257 8697 1319 6134 2905 6781 278 6255 2382 5408 1486 8114 8975 4578 9766 2875 2636 3861 1525 8479 6032 9407 7346 3820 3050 2867 6901 6737 1547 9723 7200 4989 1188 6264 554 8949 4789 5918 6311 2543 6907 8857 951 3441 8688 7162 9331 1348 8774 6266 3949 7197 3849 3553 8984 8124 5167 1068 4546 5252 9091 9155 1787 7080 
1356 4323 7609 6514 3617 9930 2256 5684 3534 193 4901 2852 9227 7343 3027 2534 612 4456 1233 1413 824 6117 4673 5709 453 3351 5622 9819 6684 8552 3533 5176 6641 8427 6742 2848 340 8205 3927 2292 6716 7898 450 1946 4078 1348 3308 676 4531 4331 3077 1421 9245 6659 1305 1825 547 2717 9143 1359 3589 6507 2644 8681 7593 7552 2119 1049 585 1628 3503 931 4693 6435 7153 1054 8751 3523 9600 3027 3982 7235 8625 4922 3593 992 6773 7922 478 9025 
2163 9037 9073 493 694 4678 2894 5634 8727 9281 6652 8477 1898 9194 5352 352 835 5284 312 4999 5636 7513 1404 3858 1466 6548 5493 5273 6168 6011 4638 4960 5082 6904 1133 7879 6293 3962 5805 9509 2779 6519 1 5579 6161 9087 1896 632 4714 9209 3383 2442 5567 9808 7407 5197 6564 6755 2912 657 1313 1366 9723 9062 5542 6790 8385 6182 9916 2808 2614 5804 9390 968 6192 5785 1782 6686 3036 7356 9461 1501 328 2642 796 6489 2507 2392 5568 5037 
3301 5730 5790 3766 3040 3370 8110 5761 7487 4298 3945 8089 5426 3227 3066 8660 6077 8389 8330 150 5730 5248 2794 292 4039 7449 6151 7776 3628 8670 6983 9069 8465 5751 1818 7655 9745 8435 1972 164 4548 5931 1300 8385 2094 1602 861 4472 756 3030 3589 265 7550 2154 4410 7991 1127 8639 9014 3920 6790 6619 2680 2201 3625 5241 1197 1846 9819 2244 8393 249 7188 1757 1819 2982 8657 4339 605 5688 8676 7647 4923 8733 8088 896 4297 8437 8370 2250 
9711 8550 5796 3560 9999 1908 863 771 8791 3597 9840 8987 9421 9004 1108 9308 8698 690 3516 575 2470 7001 6417 378 9115 5690 4445 8273 9823 482 4979 7961 5929 1853 8840 9956 1467 1654 570 2289 9856 5978 680 5031 6418 1772 2529 5042 6828 6730 1289 6068 1729 5127 953 3738 3989 3090 4069 16 219 2510 8070 4542 7978 6453 8027 9561 7528 5274 3818 2066 150 3766 5828 7873 4877 593 7323 3681 8071 995 1918 998 2494 8955 3686 983 3432 7123 
7553 6877 5593 2241 3479 6649 5062 7469 1454 4838 4139 6595 1326 4121 7167 6798 9107 9251 515 2670 2328 9436 7989 3544 5286 6197 5774 968 4280 5721 530 1935 7067 3969 2073 3379 8769 1446 3781 1207 7642 6236 3712 8505 5867 7693 5728 6398 3318 7573 380 6887 5716 2553 312 6640 8932 7235 9131 9888 1304 7648 6569 9809 705 4024 9140 5217 1266 4098 8498 8896 7219 2410 8500 4466 7579 753 9315 2976 5225 7288 1385 6057 4450 1861 9274 1992 918 1577 
5701 9955 494 8485 5172 343 9075 2580 1429 8735 8483 2268 7062 1357 9112 2471 7516 4840 485 7659 4459 2035 7669 1526 9819 8468 7004 377 4333 2040 6701 645 4469 1707 4754 9200 3428 4675 9369 3916 2843 7531 8072 9133 9937 5474 7883 4652 4609 5910 9388 5998 1979 567 9084 7427 3433 7636 1746 3481 8696 3165 3645 6400 7969 6951 2873 3844 1199 8392 1378 6897 2746 8741 2300 2505 9745 9271 604 5398 7941 3097 5738 2411 9538 7484 2065 10000 2464 8021 
830 878 3232 8884 3467 4020 3715 4957 4708 5654 6754 7300 9016 3352 4942 5082 7576 1279 4033 6820 4086 9897 3695 2258 6402 3270 1168 9722 7866 9852 9199 2744 3912 3950 6857 3931 141 9308 824 4259 8881 6462 9730 3376 8779 3364 7471 5032 5908 9893 836 3189 9420 348 604 3785 9200 2585 374 5253 4159 7290 3368 6581 4060 1151 9653 656 3736 4917 6947 9493 8938 7921 7505 4658 544 881 9128 5354 932 4543 5335 416 277 2764 5630 3422 9451 6446 
5654 97 8483 5937 2513 6091 967 799 8970 8618 341 2648 1524 703 3534 3560 3842 4611 6527 6933 8894 9708 1501 9194 8219 2662 2685 3218 8971 83 5846 85 5691 5290 7952 2479 2048 3899 8744 6368 4230 4675 4729 3320 3150 1924 1904 6744 7648 6862 752 4846 8070 1733 9748 2648 6964 3408 4942 797 9272 8019 6376 6712 951 701 4284 244 638 8001 9266 8965 8979 3680 1349 1433 2948 1469 652 6996 469 1261 5951 8857 1596 404 6461 3970 2423 4874 
979 3292 5133 8617 6643 2200 3420 6891 3789 6743 573 9254 5637 8609 5769 7572 3056 9789 6278 7773 636 358 3683 6776 6201 1720 9930 168 1422 3375 4300 3800 9189 5403 1524 6563 3944 3252 2348 6407 2215 1472 1001 2654 9677 1334 6199 3257 9370 4504 3910 4782 8604 3406 8166 9179 5158 9318 3586 5705 8345 1251 3299 7777 1529 2434 4603 6353 9474 1342 517 8547 6197 54 2285 336 2673 1627 9314 2713 4861 6401 6348 5890 6314 7513 4616 1922 4067 8042 
4518 4803 6564 7671 6169 6600 7187 1476 1704 5831 2188 6424 9504 8644 5144 1128 2782 8066 4777 5803 3045 4397 9 2574 1855 4242 8922 7753 8617 9077 1255 9241 8998 5061 3150 9557 1003 7125 7816 2230 9573 9701 3250 4316 3382 1226 3052 751 615 369 2565 6445 9369 963 1206 7420 4456 6059 6645 7225 383 4461 4921 8500 8381 7336 57 4359 3592 5343 7883 6593 7348 4474 1468 4428 7773 6414 2867 4231 7871 1668 5858 51 9381 7543 8801 371 1961 7836 
1232 3759 997 8863 2419 7143 6593 8882 7300 6677 3535 5538 2123 9684 1369 4291 1223 2532 2701 887 9591 6445 9364 6803 9188 5650 5633 7381 3534 2565 4865 7268 1647 5287 8852 674 9961 471 4629 5539 2310 8185 8920 6898 7529 6291 3806 6060 2323 4841 759 2262 3575 6210 1674 6927 2704 9881 9814 2080 2011 4178 8981 5493 706 8917 1264 5889 1085 7626 7350 141 1701 8941 5362 7651 3991 9485 5289 3721 8904 4194 3407 6906 3121 6982 2176 2361 7482 9216 
7815 1175 7443 7045 2773 6883 8466 5255 2466 9890 9497 648 7849 8097 8683 6662 9449 8866 270 1562 3134 3608 3778 6080 5103 3925 4626 7940 3894 586 9688 3938 6285 9925 6758 7401 3663 9632 628 6235 5144 737 6548 3140 3475 915 9793 2510 6967 3628 9823 1719 6559 1992 3011 9069 4701 7936 4852 671 1880 2237 1955 2429 2613 2793 8091 7252 8871 3236 5291 3324 1660 1066 2871 399 603 657 9080 764 7701 680 4850 9790 5872 7677 4870 1634 2493 3322 
1073 4883 8772 6157 3482 3379 9632 8040 2325 2812 6270 9216 544 6828 9753 1038 7194 4207 9783 8934 2179 5480 4926 9690 192 6842 6117 6908 4215 209 2075 4296 9854 399 6308 9425 8612 8864 8480 7936 5986 8246 3062 2183 6371 3176 4226 5555 4892 6906 933 5920 9741 6895 7678 1313 279 7411 5887 1098 2338 1414 9493 3189 2536 9369 8708 7443 394 694 9057 1278 2047 7103 6089 7268 7341 4340 2435 1486 742 8088 8122 9028 4830 5171 3294 8456 8391 6656 
9672 419 1282 4194 4434 8730 6389 2853 131 4076 9935 1427 6593 3637 8196 3183 701 2991 3680 5562 1421 2973 9793 7237 141 3406 5458 1306 6791 8762 5017 9054 4591 786 4075 7684 4905 7001 5856 7506 176 2943 7923 2793 6305 9802 474 6914 4660 3105 7598 4204 3963 2733 7573 5514 7457 9182 3462 1061 4544 6413 1438 1012 5080 3124 1039 9703 9150 969 2106 6407 1336 4214 1658 4620 6320 615 3826 5319 3505 5256 8583 5072 821 4666 408 390 9616 3974 
440 9752 4590 7045 787 4037 1608 9308 8734 12 927 4370 686 6328 1539 9378 614 1812 4756 9966 8563 9857 9414 7590 1293 514 5841 1797 7245 4171 3517 7116 4771 1865 1011 5682 135 7991 500 6361 8057 4505 3084 2948 3316 9157 3470 655 5466 4252 3166 7366 1328 7971 9666 5438 6049 5112 863 201 6935 8777 6736 195 6467 8950 9734 1498 890 691 7647 8609 1583 4003 8537 511 1456 5999 7509 372 8330 8445 8656 8833 719 2518 7949 2603 8993 9081 
7958 3452 124 9964 3774 5966 7482 2680 5177 4262 400 1290 7127 1992 3283 7514 6175 7186 4402 8809 3064 6531 9506 6042 9892 9701 3040 6093 5821 6037 1401 5538 9398 5601 6925 3805 703 3926 7510 2008 8315 441 9426 3554 2005 9363 6669 17 9092 4825 3922 2075 8963 5484 1536 157 3853 385 8237 4388 4004 2256 840 4518 132 2079 1774 550 9010 3055 9063 6941 8784 2283 682 4963 2496 8528 114 9746 9248 1785 3452 8470 1401 7513 8050 4155 9061 9220 
264 1948 811 5843 9332 2232 3237 3688 8531 657 5757 4234 2101 9705 2838 1386 5512 3022 2030 9972 6351 9362 2631 2095 920 905 6975 7691 4011 2596 3418 6971 7308 2578 9191 7441 6048 6021 3061 6504 4456 844 2568 4999 8314 5147 993 9307 1265 2010 1930 4142 4182 1962 1323 9013 1511 5821 784 2663 5282 6397 3435 301 273 8891 8565 5535 4538 9186 2808 786 8715 4288 283 7367 4672 2194 2857 2550 469 3509 3472 1891 7350 5530 7822 1863 2000 9900 
1687 5108 863 6590 9965 6156 3473 1918 7268 7515 3068 7974 4809 953 6704 6633 3843 200 6909 8117 4282 6384 5930 5008 818 1231 5159 3591 3765 8034 7577 2659 3392 9053 2822 3354 9633 9024 557 6811 5308 331 1763 8184 8645 9521 2938 296 5228 8803 7921 9245 6151 8669 5001 6486 3708 8543 2048 9936 3331 8781 6461 9636 307 5020 259 5610 9903 6568 8161 8313 5589 3419 801 4946 6257 8529 288 1300 7011 4285 6811 4948 565 7707 4359 6541 3840 1975 
8958 3093 7603 8025 6543 8643 6086 471 1980 6506 4547 6348 9952 3434 8483 101 3188 5127 9958 8356 2443 5097 3468 5582 882 719 8967 3169 4939 6462 4631 5808 8913 8836 207 9355 3387 79 2186 8747 3133 591 8630 9831 4569 4329 8976 5093 5470 274 8977 645 9162 2570 474 1148 7891 501 439 2987 2305 6355 6037 5229 9707 4640 1388 2192 4642 9702 8687 3142 1764 1224 3780 7860 5602 9695 2690 4702 9219 2464 4788 3674 2582 2846 1457 8893 6182 7425 
1587 7478 3809 3229 9669 1720 9753 8820 6520 3894 7939 7002 3872 5784 4572 9652 9002 3620 4009 5086 4540 9035 3000 673 1726 6426 5835 7639 3556 584 8010 6230 1729 2018 4102 9716 6095 701 4182 4600 8982 9444 4304 6972 9571 7384 1230 4044 5353 9553 250 7918 4367 2094 8888 1991 5050 8032 428 6930 1977 403 7042 68 5971 4533 1937 3567 7295 5488 3327 6422 7970 8025 7086 3700 6609 8654 6371 6449 5622 6262 3941 5905 930 2763 2399 5035 1997 7410 
2622 7904 7467 3079 4138 2527 545 5436 970 5338 6654 9807 2732 1187 2852 186 4938 2001 3788 4645 4560 8588 9268 9650 4885 2580 4246 2566 7989 2456 2907 9054 4317 4413 7684 561 7946 7416 7917 8691 8010 9939 6896 4684 608 7123 1473 8285 6884 6415 978 3909 4235 5659 3085 2861 1652 2141 8155 9180 9817 3517 5233 4652 8252 7264 8722 7505 5242 8277 635 2777 9636 6989 886 9249 5228 3336 4962 7113 6223 3654 6761 290 9742 3297 6172 1058 8780 9056 
3907 4602 2755 2092 867 4675 6404 1151 3642 5621 8255 9337 6598 6723 1496 1597 925 4123 713 5308 8735 4014 9297 5584 6663 8850 9702 4310 324 4969 9189 5148 3483 4572 2463 8165 6359 3834 8653 6198 4837 6398 8462 6222 2967 4424 6978 3401 8151 5772 992 6407 1963 314 11 5401 5671 3391 833 6880 3487 1126 7895 2287 2090 4044 3579 1496 6260 84 9812 238 6208 6876 1347 7333 6345 1454 7892 4271 2747 2240 700 4313 1721 5815 236 3738 8906 6355 
385 244 1300 3409 6546 4767 3997 5356 260 312 4889 6707 8061 3581 9986 7891 6095 977 9772 1661 2167 5690 3805 3891 4452 7148 8831 9162 635 2269 5079 8996 9170 3954 4620 8222 2043 9129 6560 7803 4777 257 6275 339 4160 8638 2093 8409 9933 5643 7002 6135 6663 6103 2662 8166 3219 2661 4740 6634 3382 4816 4480 8355 1914 4906 1406 1314 3268 2722 2466 6142 8021 195 1944 8535 7702 5786 8371 9267 3854 3728 5196 1863 65 4988 5200 4325 9628 9956 
2760 4770 4563 5479 7167 7075 5354 2920 1041 4267 6875 9440 6667 1389 2865 6668 7929 6382 5168 5361 225 9522 1923 7331 4666 6882 1461 4819 2493 8217 8008 9258 8498 8001 2396 6621 1113 5576 1523 8181 876 4222 7780 7971 8862 6518 9278 7560 8578 6376 5404 9407 2143 1890 5694 1234 5789 2079 8227 4702 1166 1814 5148 1628 3358 4895 9633 3460 8467 1988 5883 4859 5177 5842 2527 8504 7204 7025 4828 3010 6310 3919 826 2607 7617 8945 2098 5588 6019 7962 
9544 2458 8279 5281 6250 5170 7273 529 1739 7160 9739 4376 3786 7491 7254 5407 6182 1568 8117 4007 3509 4467 3431 3505 2327 2698 5951 9158 5012 4591 5155 9400 1026 3146 8559 8699 7800 9303 2967 3835 3351 9709 4617 1596 219 8094 7309 8155 6014 1002 6639 4662 5157 2363 1747 8429 9188 121 6675 9165 7251 4460 7758 6961 9143 2050 6857 1044 620 6909 334 2125 2883 8818 4748 7483 8310 5013 9158 937 6415 855 8232 91 3806 8255 463 700 2376 5727 
7758 9269 2574 3617 7016 5003 4933 8998 7042 4444 7291 7501 3104 486 668 3174 1667 2747 6589 70 8519 6117 3111 4041 3163 3918 3041 2299 6712 8081 4174 3968 9401 7756 2545 6404 5729 6224 3521 4028 5918 4437 1930 6481 3056 1595 3518 9747 7885 511 1761 7219 1508 4263 9587 1994 5603 7287 602 7765 5786 2794 8406 3001 9612 9700 1242 5422 7045 2137 8590 7300 5609 7382 2460 8232 8776 3949 292 9048 6818 5081 9989 7646 3184 5358 5116 3828 7447 3886 
8489 4302 9303 6397 5082 6647 559 2028 2700 3629 9839 6095 9382 7245 9912 1440 2874 2696 1259 5223 4497 2599 1322 6344 788 9734 5464 9396 7488 2187 6753 6229 1520 6882 5495 1696 1888 8730 8962 106 4010 8925 7921 808 8092 2251 9040 3787 5119 653 7826 9461 1039 6199 5388 3302 8686 8254 9313 4430 7930 9502 6096 4248 4819 3532 4090 9246 3217 150 7276 3544 6473 960 6841 6824 192 2958 8734 689 7143 6469 7377 6301 3638 7833 538 4222 3623 6274 
6738 1372 2025 9514 2328 3193 8010 749 6302 7950 7690 823 675 8772 6330 8953 7416 8947 2281 2759 9994 7910 7155 3274 8526 3269 3583 687 9084 7178 2591 7067 8472 4628 6397 6762 3185 8191 8837 9245 6926 3879 3172 4842 1048 4527 8949 4577 8567 4178 7862 1319 921 4170 2890 8660 5068 7129 6072 1531 7080 2202 6563 6433 7597 4510 1839 913 1867 4484 6952 4164 4335 730 4366 9604 1177 7551 3898 268 3245 3265 3935 8112 4532 1923 1252 5994 6548 9661 
7827 9466 6343 3177 3988 2005 1365 1784 1733 5765 3825 6780 9367 8092 125 5916 7597 4448 1381 3625 2702 224 1724 5650 6715 5397 179 6782 6568 3007 1834 8663 3419 8389 6358 8496 559 1573 717 5468 2808 1251 2849 2684 6166 7549 1775 3041 9685 9953 9916 6163 9379 1693 4444 4213 6317 8473 1434 6982 4516 8653 3495 487 2149 2945 3850 3871 3809 3391 8911 8685 8792 1417 8975 1933 2164 405 9517 4079 8874 2772 3755 4338 5595 8822 1886 8676 9030 6058 
9393 8755 3628 6320 3249 7451 8797 7877 3812 4541 2366 2466 7592 6167 1074 2542 3916 829 1593 6809 535 5300 9510 2008 6821 7368 5074 6805 7931 1195 8266 2722 1478 9524 8801 8434 9516 4501 6264 6579 6086 6861 1227 8061 186 3293 8845 603 9393 1186 4740 9127 3697 9074 6755 2266 743 3655 3585 8615 6611 8540 4794 7334 7132 5388 3972 7067 3009 2162 1882 3145 8762 7000 6709 9442 6154 565 8463 4575 7018 8331 5132 9379 5274 3836 5335 8095 8459 4822 
7589 3043 5971 1003 2111 2899 4594 1434 3000 9081 6270 452 6538 3463 8147 9326 7284 8589 7875 7792 4060 4220 6269 8756 9055 1893 6758 4929 2597 9186 6272 5157 394 4171 3409 6061 6800 5767 984 3669 6273 383 8807 1336 7032 7966 2736 1928 8258 3639 9062 691 2087 104 434 9664 4987 5981 1378 152 9451 2717 5120 6958 3717 7412 3826 1710 6058 4661 7662 6164 8111 3834 5570 7693 6548 6433 2683 1915 9599 9910 3154 3705 5163 6319 222 2389 9959 5358 
1835 1157 6167 2218 665 8584 9091 2504 9492 3560 6735 4513 2583 8101 5180 8140 7575 8584 7165 8341 5793 7094 4626 4766 5229 5225 757 7476 826 1478 2556 1189 3150 1164 2921 3620 9707 1956 617 8551 5447 1269 946 2176 3808 5901 9575 1424 5841 5252 7918 2146 9050 8439 3422 4712 8495 4878 7247 2082 861 4241 1230 7842 2475 8297 2930 4831 5096 7146 5599 3513 1256 2771 1975 8673 1476 1540 1090 5261 9220 5226 3160 8413 7086 8797 4389 864 9225 723 
5024 1481 2033 5800 7557 9899 8927 8367 5618 7189 8978 2634 8868 2722 9922 6135 2443 586 2523 5011 1344 2738 6597 1161 3684 6404 3681 896 3058 3673 8906 521 3486 6406 7757 182 6695 9720 3500 6761 1525 5066 4313 8819 5516 7339 69 633 9910 4302 9370 249 7197 7940 7564 8732 674 3574 3344 4324 7005 853 6153 7556 588 6385 606 1070 3399 4836 2969 9856 6864 248 6794 4309 9703 1228 2786 2249 1120 6139 6163 4601 3975 5559 9841 8800 1420 446 
1978 5568 2660 3750 2200 8407 7269 4261 9793 3789 4467 6631 7493 6188 4261 9765 8596 5766 3248 2899 6009 4175 1848 2099 9845 5235 6204 1274 3558 3996 7211 945 5130 8624 4760 9144 7264 6878 2477 8443 5925 3375 9781 8766 6848 6381 2774 9771 3575 9195 1557 7243 3231 8503 1348 4556 2893 1735 4125 4339 3490 3881 6851 2563 3181 6340 236 7514 5596 2710 7870 4815 9320 5498 8880 4385 9144 3367 7819 7567 354 9971 1467 2103 9882 6254 2022 159 2246 344 
4160 7993 8570 7637 3985 537 4614 2139 7011 2811 3624 9029 177 4748 1403 4273 8148 4299 7109 1114 4073 2674 4600 7315 7582 9140 3590 9841 5540 6653 7968 6489 79 2406 9232 8807 1889 9899 2642 9867 4492 6570 4198 5310 4593 6015 7184 1176 2125 4143 1340 1112 1763 9700 5934 2422 5621 8585 4059 7023 2606 3116 367 8162 4713 3867 2757 9547 2515 7626 898 9635 6474 3916 1754 1885 516 1919 3680 8824 1933 1745 5482 5311 8105 4636 7679 6334 4523 6052 
9262 8640 928 6717 2831 6725 5050 8357 6637 1000 7137 5488 8455 588 466 4247 9101 5398 9735 6085 8368 222 853 2667 4232 3488 7072 267 560 3077 9602 4731 5250 63 2474 1137 3476 5449 8137 5179 78 1104 2857 649 6793 9557 4051 1565 8532 9562 1957 9292 6988 7373 2407 1577 992 4484 8396 343 6291 3670 2763 6968 2094 4540 2494 7841 3783 8074 2612 4255 4620 5625 2887 9720 1623 4359 2612 4498 4843 3262 2385 4985 1144 2660 6978 2055 8361 9635 
3871 8112 8620 4395 9028 9064 937 8789 4934 4074 2181 21 6751 3434 4709 6804 579 4990 1152 396 1318 9842 7398 1028 3242 8310 4942 5076 8264 3148 9287 9621 641 3149 7858 7016 6151 2859 5655 9338 1940 8043 9245 1547 9351 7571 6727 8201 7604 2265 8765 5396 593 1658 6821 8907 2287 6086 238 6117 781 5630 5506 9670 9666 3224 6232 5828 1890 8455 3691 5547 3359 4461 2597 3095 3456 4958 426 1135 9575 8509 6517 8249 2162 9142 6589 8719 4143 8261 
8029 7328 4648 1044 3979 4420 5438 6417 8553 2441 989 2070 5058 5779 2972 4286 994 2685 6763 3216 3371 7467 2022 4114 7636 5024 1759 603 3813 86 4807 2399 6010 4191 3049 6966 4359 3564 3043 140 9418 5855 1501 9363 6177 4845 9899 6476 7338 7114 1363 9331 729 1523 9306 7494 8109 3548 9640 4545 5465 5434 4956 7217 2708 781 7110 6478 9874 5747 7609 6704 3493 9575 3928 339 7689 3219 4754 1233 4859 6400 4648 6780 6554 9212 9697 9742 6112 7835 
32 801 4914 9092 4211 7246 5790 2113 2374 5805 2186 1064 2262 4427 3335 5073 4141 3176 6733 6215 5411 8503 3711 8286 6261 3837 9648 5128 9979 6822 5548 4314 7974 9538 8535 5668 8288 3714 9685 3309 7424 1532 9669 8408 868 2143 2884 1861 9893 7117 442 2427 3506 4612 9052 6636 18 6117 5858 9085 222 4778 4369 6694 8484 2369 5258 2763 325 8041 9925 9840 450 8674 6238 8038 2614 3304 798 7232 5659 6325 769 2508 8724 8048 1236 7410 108 3531 
2508 1582 4580 1414 7631 7038 1503 9158 7727 209 9724 544 3245 3091 3825 4127 244 9158 6638 1194 1402 3776 5403 1355 3542 7790 5926 1639 8065 2103 6254 3690 8853 5967 9756 7027 5806 32 5169 4110 9863 4771 1158 1971 5334 323 8681 8279 4777 5615 501 8387 7934 3553 1963 4009 5529 4531 686 3204 1688 987 2961 2248 6793 1479 3531 573 8763 5518 7402 6476 673 9696 2904 8213 9860 5971 5641 920 1917 5390 6930 7268 9826 755 9457 9114 6003 7877 
2308 3079 7712 323 7539 6579 5250 5518 8163 294 8288 2927 1120 2462 7588 8713 3596 6879 284 1382 9617 7480 155 6941 2718 362 4760 4003 9556 1823 9154 5605 9584 8715 7334 2861 8128 6979 8898 6539 5562 9659 2809 4434 9558 4136 2488 8914 5534 4657 2775 1672 7717 805 4972 1094 4114 4896 34 7899 289 3113 2866 5683 2993 2591 2934 9051 5350 5089 8446 3936 6922 9154 9138 682 7178 2627 6010 7921 2455 4151 1183 3543 8538 6484 2774 2076 5111 3003 
5308 467 3993 2528 7465 7182 4459 8998 8685 2342 2389 9171 7815 6463 2502 7330 9031 8242 1077 5802 2624 4743 7039 5056 7765 7292 9320 5346 530 3278 4036 3743 3921 4102 4325 6110 9365 474 7213 6210 6882 4782 1355 9684 4281 1921 4636 2348 4182 9753 1704 7524 8469 182 1696 8379 7347 3955 9535 3033 2964 1239 702 5661 3007 1858 3416 1566 6852 4612 2862 3755 5669 5057 7887 1578 8944 389 6795 2392 8277 5245 6791 7082 3933 3582 5560 6183 1147 2975 
688 6468 9747 6612 3080 4268 2720 7048 5040 9168 253 8151 7155 6731 7290 1996 3406 4189 1616 9086 8384 475 5213 2156 7461 7985 3325 2200 9637 6431 8606 5943 9381 2319 497 9354 9322 9163 3462 5405 4347 6233 3441 650 8943 8442 5201 9347 9382 3533 5197 6413 3128 1926 612 2507 869 9682 6638 6415 8713 1889 6053 6715 5976 7802 2414 609 1195 6137 4771 2232 2836 5525 3073 5842 7401 7776 8050 8288 8265 8648 4024 8266 4040 9680 503 8933 2820 3888 
6438 151 500 5139 9560 510 7218 1249 1965 9147 7222 9393 3164 9784 2321 2275 1705 2154 6433 7166 6642 1922 7749 437 1802 8259 9916 2201 9139 4835 6789 6781 3517 6226 4253 2820 2221 6163 3607 1882 5506 6092 4232 6952 5588 7651 8265 8833 6044 744 9942 4147 8372 1416 262 2648 819 2879 361 8387 3376 573 3192 125 4000 1478 2229 8467 5989 8870 4821 6495 1797 3734 673 2308 4225 6254 5766 4491 3192 9830 6309 3100 511 3714 4718 2386 4191 1391 
8841 3466 2282 3616 1191 3165 7569 2780 9848 8799 813 327 3193 4135 49 6600 9041 1103 8425 5682 7020 6829 3239 8465 7645 2111 4175 1822 9911 8174 7707 2664 605 438 4962 1087 4916 1756 3560 4368 4709 1239 4025 133 8763 4174 6010 328 1213 1605 3996 5509 2211 3282 6012 2259 3776 2496 194 1597 9219 9074 5833 3823 3564 7072 4951 5070 7655 2607 2988 6491 6239 793 8433 4325 4402 1717 3476 2091 103 2978 6051 2827 5300 4208 8570 317 9738 657 
7926 8731 3897 5362 5523 137 2260 2653 1727 1954 5670 7213 6431 3333 6640 6325 5994 8773 3567 4880 918 2636 1779 9100 545 1083 5968 264 9755 1720 1862 7410 9080 9666 9854 9000 8823 3477 5602 2053 6601 7069 8834 4348 1750 7666 8327 4828 4665 3563 4306 1555 7198 6788 1771 9912 4656 8053 5011 8267 9411 8362 6024 4560 1230 2006 9018 9958 1194 1081 6003 9067 2316 1103 8428 1988 4319 5411 3995 2637 9677 4140 1361 2882 4381 4704 4582 1741 296 9200 
6116 7406 4077 3578 1323 7521 5310 1871 4643 5830 3971 3563 9828 1914 8058 6426 1875 6115 7029 7334 9025 120 9213 3134 2251 6536 1671 4844 7655 7033 5202 6992 684 4024 8274 3772 5133 9416 858 5882 4135 6429 3403 9572 6874 3429 3797 7867 8902 2997 4116 5220 6475 170 8568 9566 5496 863 6339 9598 7898 2197 9427 8047 6422 3093 4477 6167 7460 1847 1092 694 4730 4205 6838 9061 4459 8038 6680 3973 3496 7637 7654 2980 7207 3871 4874 6783 1657 2877 
8557 2417 479 394 9845 6137 5306 8408 4584 3192 9503 7102 4173 7359 8159 471 2728 1085 1132 3383 954 2379 6062 7127 6670 2181 7191 6521 7044 1911 9479 8543 8006 1055 3315 3042 2176 5809 6771 8051 7865 8563 3042 1263 4930 9625 9788 5225 3970 8312 293 2407 7735 9700 1897 1054 5009 4537 8850 4784 2963 6531 2466 5901 4352 3213 9471 3410 1322 4312 3425 7025 6804 8405 9662 2740 1629 9161 5639 9809 5097 5989 6652 4328 7608 5964 1772 5050 5560 3237 
8624 3881 1197 810 898 5855 212 4529 8141 3977 3532 8413 8141 2668 5492 5159 2262 7051 3867 3557 7500 1031 5644 4348 5383 5063 1229 4040 7006 6893 969 1916 4695 9763 4495 2744 2619 5293 3723 5056 5991 4839 537 8526 8953 5787 1290 2596 5606 6396 2260 9809 7155 4536 9162 8645 4764 9930 114 6444 9897 1026 7584 1029 7216 7790 1182 7513 5586 1548 1661 8474 4530 9667 9712 6994 1565 7407 3227 5108 9541 2974 1395 6888 517 1203 6373 8681 1247 9915 
9122 7190 4429 4875 5498 5821 2710 4993 7344 9247 5928 9858 87 4565 8006 2716 222 4739 908 5828 6837 2890 9881 6585 1236 1549 4706 3885 7524 9059 2117 4799 9439 5142 9350 9715 7549 6076 6069 6164 224 9845 2011 580 587 7770 2404 9645 6094 7758 2627 5183 1024 8390 6867 5717 1846 6295 7891 8484 6161 8081 6118 4713 7797 5356 2442 6446 6928 8817 8912 7019 173 9731 2077 1429 9102 8371 974 3306 8876 2523 2846 2332 6516 3290 3041 3617 5974 3699 
8772 308 6465 1757 682 4541 7905 3835 5833 9457 2052 1644 5307 865 8426 7007 4395 4164 3254 5935 9502 4455 3624 4241 1947 5523 1516 7737 5254 5455 9498 2776 804 9715 3437 9222 3051 1040 90 4576 7669 672 5389 6413 6345 8703 3441 4033 6231 9726 7965 6403 531 9331 5150 566 5569 4261 4214 8407 2053 8291 386 6042 1260 1353 5112 7686 6833 4729 2044 1985 9299 9270 3902 4006 136 5337 5217 5836 8660 9412 5202 6106 6690 4971 2389 3303 4397 9462 
7736 9672 642 2054 1773 3166 6305 2807 5280 3309 1766 5712 4340 6913 2473 5538 835 4710 5597 8506 8829 6649 2757 1713 5516 3551 1932 1459 4205 943 6391 5731 3200 5348 4996 1251 1640 4065 2996 2823 6455 4773 2985 9094 1248 5809 8330 981 4827 8906 7778 7151 8872 282 1473 9870 8014 6742 4524 1421 482 6657 3491 7384 60 5816 7509 3089 9801 6432 9731 9327 731 9684 5807 5666 8370 3492 9679 7383 8223 8175 3005 1248 3955 384 7949 6317 7981 4034 
539 5353 1186 5248 6305 2624 541 8798 2538 7325 2202 700 9715 8787 339 4507 2934 7116 3557 3175 8323 7577 1345 4143 5926 2345 418 3740 6086 853 552 7823 5588 9724 5038 5112 9206 3852 4530 7892 6815 5331 6901 6975 2526 2268 5981 8540 6066 954 9326 5101 5136 7794 1116 8711 7748 9091 42 2337 3527 5190 2898 5296 6378 8164 6535 2520 7655 7514 6933 9695 7777 5427 4395 1304 1885 5108 5591 3959 3877 419 5492 48 2587 695 6524 9147 2796 5721 
2534 6289 5201 2977 6999 7681 506 3801 6977 3589 1161 3451 2732 9837 4041 6418 3450 2184 5530 6439 3238 1915 1899 8250 2008 2929 6481 5113 9551 8171 5114 5502 1868 7934 7437 9552 8167 1488 5610 6318 3901 1079 267 814 3313 4725 5416 3553 2298 7936 1268 3146 3078 6193 7040 3395 2282 7835 9419 4950 4960 508 2424 8508 9960 3017 2917 5060 2482 7222 6934 7273 432 8791 494 2059 56 5392 3598 7801 1673 6129 1832 6174 8378 8321 8555 6348 3845 1162 
9480 4979 3920 523 3158 8210 5810 1630 9725 8324 2823 5639 8678 5806 9365 5965 1151 293 7134 2170 9551 6322 2758 8295 4120 5150 2649 1140 9929 6682 8373 8766 6302 5789 5747 6411 8793 4399 6669 5428 8041 5988 7365 8840 2114 2505 9988 680 4575 6540 334 6068 7238 6106 4074 8406 9684 9506 4349 5890 6523 6690 3547 5531 6757 2166 5786 8815 7413 9849 4701 3725 3580 5433 2261 1849 86 7861 1173 6043 7862 4619 4940 8791 9850 8860 4419 6422 972 2590 
4581 3842 7494 8056 5934 6593 7754 6795 5551 1599 6097 3914 7361 2955 2998 6044 6877 6525 3906 6629 8935 7309 1613 7647 2274 2698 9741 8355 3745 4062 9027 6900 5536 2935 9314 5897 9522 7918 6212 1466 2056 3937 5726 6452 2936 7136 4228 3352 434 8982 3147 6476 801 4653 4513 7892 2367 5523 855 6678 6848 5374 1298 3000 5024 3686 1098 4322 2950 8591 9370 3354 4893 9908 9335 5084 3994 4626 5701 5053 4070 3081 1644 9098 5706 372 5540 3289 2686 8647 
4134 136 7983 3240 4540 9382 8971 1145 6604 4904 2098 6933 2081 9626 1739 5347 4809 1149 1256 8856 8699 194 1585 2223 7983 3573 946 6535 207 2349 7929 8926 1365 7918 2146 7133 478 4600 8794 1243 8456 2664 2915 5052 4669 3963 6032 6073 8117 9778 658 772 1316 3718 9168 3181 1088 4692 324 494 9171 1195 928 4236 247 9595 7707 72 863 1863 3008 2810 7913 2792 1473 6383 2348 690 6983 2831 8128 3507 5688 2565 492 9249 6825 9693 3270 8983 
2418 2150 7630 3024 8234 7334 9337 7490 2770 8942 2364 5397 197 2869 6278 6987 6904 7652 8053 1603 7626 6836 7198 1201 1242 4475 2442 7768 6982 6876 590 8441 2679 144 517 2132 5982 3776 5475 3652 7845 3717 4653 8585 7427 9931 5579 2511 3487 4576 7582 6008 7221 2209 4480 6282 6331 7950 6877 2445 3177 5669 3793 2824 5364 2377 1930 4969 48 9698 8333 8770 9873 8938 6325 3645 7948 8246 3812 1995 5506 4565 55 2228 2701 8689 1290 470 8389 1410 
4493 7164 9239 6908 1918 9657 9551 8694 2861 7820 5228 1133 8152 1812 8169 3145 8303 8330 8025 8752 6596 1639 5832 1446 1048 4778 94 5445 8057 9237 1309 6071 4317 9420 7609 5859 8230 3739 3595 5371 7458 4059 1996 1786 3993 6672 8810 6915 3963 8281 3403 4073 3469 8377 4245 1684 5008 3226 3426 9567 3233 3339 8781 92 1393 5363 5795 8107 4813 7034 1018 648 7439 314 9857 9835 1119 2925 4670 9652 7556 6293 8808 5498 5133 9557 4830 5560 331 6921 
1620 7904 9141 9157 755 3940 2477 8080 351 9118 776 3448 1596 9403 841 7658 60 9465 940 5506 7300 3800 2191 7170 9128 3749 6176 2196 3804 6487 867 3168 5335 8146 1936 8248 1749 9426 31 8771 8643 5148 4403 8166 7250 3038 6306 8482 8586 3800 1294 8872 1456 4215 7937 1816 3444 8703 1438 977 8041 9877 4624 2450 1929 400 9145 333 5398 7832 309 7612 6860 6783 1591 3969 2424 1740 9500 3775 1285 5173 2752 4046 893 9481 9088 1897 2784 7538 
2906 4585 3689 8521 7227 5080 2787 4410 132 3758 3628 9401 4143 3486 394 4644 2854 9641 8701 9113 6431 9157 5164 1478 5726 1252 7048 5 1175 7462 6546 6634 7553 7366 9611 4393 3846 4927 1368 8866 7211 734 4187 2421 1220 6072 8068 892 7130 1419 403 5920 403 2100 662 3413 4982 7307 9739 9691 4328 6034 9940 4827 9178 2799 6218 1503 6293 3902 5010 5020 9102 1973 4978 3326 2571 94 484 5367 8509 6127 9773 9978 5772 6349 8072 5016 3363 706 
9989 4826 6742 7810 4650 5937 4655 2292 258 8117 6317 3957 5636 8811 2688 6874 5223 55 7661 6417 2014 5623 5145 5103 5535 7143 370 8216 8428 9380 2218 7791 4894 8241 2193 4888 7642 6666 2928 2303 7291 4897 1077 5862 7802 1389 4876 4584 220 5154 1718 7106 6319 8243 6191 2862 1576 8672 9110 4341 4929 9102 9810 2633 457 7996 3468 1042 7186 7676 8076 9152 7459 1860 8185 7170 9555 9573 3306 2691 675 1496 9149 7637 2621 5754 7728 9572 6186 2728 
7078 6614 4621 5026 7416 4906 2335 3823 6875 5358 7801 1554 8948 7026 5631 5996 6582 7686 8948 2554 6772 2796 499 6468 8704 7633 3670 8203 4996 4081 2974 5069 3903 875 4532 3871 2343 214 2812 3975 6415 4212 8646 8576 6867 4538 3967 9265 2737 8277 6091 1571 3782 4781 4437 3603 5554 7472 1484 2583 4734 5222 4462 147 6546 8062 885 9639 5425 7089 1906 958 1199 2670 1446 7825 292 9624 3660 890 9237 3873 3493 3568 9989 4100 4248 8155 950 5016 
555 4215 1981 3229 4426 7561 5847 818 3734 8937 8644 7707 2493 6249 9309 4449 7975 6718 3410 2181 9619 6805 5446 3171 2555 5294 7396 4332 4949 480 5733 7994 2795 5853 3778 8860 6893 8662 753 5963 6725 788 3131 7728 1392 1931 4758 3739 4583 2599 375 6123 2090 2890 8065 4798 3132 3466 644 6449 8161 8533 6674 7265 5568 3482 7025 307 4906 7672 7866 1812 8269 7712 8999 5013 2997 8028 8581 7207 4728 8763 79 7141 6370 4644 9185 5092 7566 4131 
318 426 9486 3571 5357 2871 9986 5689 7067 4493 8132 90 1396 165 1007 7919 7829 3053 3592 8514 2810 2178 6769 6985 7326 1790 2485 3355 4806 931 3822 3433 5794 4713 2680 1895 2457 6263 9558 7632 2647 4175 4095 4477 1893 7320 6529 6865 7720 1799 6238 3179 4879 4214 2828 4150 4816 5640 4345 6987 1709 2387 6166 4984 1290 2387 135 6528 1195 3274 76 9229 7827 5487 998 2382 9449 9208 7211 4542 3647 2069 8415 8656 628 9139 6219 7081 4785 2717 
5430 1836 6630 2383 5441 9231 5440 6598 7952 3108 4103 7230 552 7324 7369 9834 4872 619 2373 5905 6850 6421 412 9286 6737 1599 2077 6922 5826 2085 2628 9634 1196 2369 8011 3246 7217 7446 2194 2547 1773 8669 531 2042 5396 7562 5673 5082 4799 1560 8857 8610 9755 3328 1945 9971 4312 4370 6769 2648 1512 7187 6726 1309 5896 1183 506 743 6234 5270 4960 2549 8130 6770 4298 5087 7983 6099 8522 5972 147 1438 3677 6889 379 2262 3844 2472 6672 5362 
6213 3900 9728 185 8371 1080 1185 1611 4972 9316 3062 1441 7253 6485 1602 610 9975 2871 5240 1405 9137 9622 4852 2326 3478 1971 8505 9991 762 3337 144 9436 351 7979 1692 1493 7115 6736 9968 2820 7651 3206 4301 5539 2793 8993 3309 5164 1395 9784 4278 8358 3055 1663 1167 9645 1575 1294 6009 5329 5151 4304 412 5704 3763 3423 6489 9586 2598 8631 3299 510 8839 6746 2683 2515 6398 5509 2442 9641 7000 4616 1345 8398 7268 1210 6263 1194 6208 7803 
3457 2576 7451 3046 2495 8889 8558 6212 6023 5665 9849 1253 1042 992 3968 3180 4655 1618 9153 3115 3586 9273 7508 1086 8878 9511 6902 6961 3077 6108 8583 5503 1475 5847 7781 6026 9977 2735 1458 1735 528 7457 2871 3090 3791 6179 2045 2133 3608 3651 9061 6218 5589 3583 9974 4031 2380 6098 7413 9526 1026 1399 7661 2563 2239 7169 6985 333 1639 6426 7526 1170 1093 6316 8194 2518 1794 3272 762 8231 5121 6198 8433 3000 3960 1431 3728 7460 6689 5458 
1523 3041 1448 2751 2311 21 822 8911 3040 430 8417 29 4360 5947 4813 4299 4855 6695 7697 6398 3832 917 3876 7301 6290 5491 2917 3424 5450 9127 2815 6982 1915 9871 2186 541 379 4254 2688 9983 9980 9941 927 12 2740 6699 1913 9844 9477 8795 5295 9860 5077 2640 151 973 1733 900 8013 6452 9123 4778 5752 5775 823 9367 1586 102 8095 8501 7736 6074 2409 8514 9994 4967 5388 7384 5159 3223 246 4251 3348 1298 4259 9076 6019 5374 3802 7822 
6487 2364 6396 3954 9595 9888 6453 6201 9758 6772 154 7029 2520 833 5046 9700 429 4532 9820 4301 9999 6309 7074 6483 4980 9227 5213 5499 6504 9251 2097 4796 2804 3508 9304 5413 8438 1762 7286 6922 5842 8678 2985 7044 7012 9826 5091 9652 2590 5627 8594 3062 3932 4680 2438 4603 6811 6418 200 2340 7938 7298 9613 3361 1856 9684 7925 9115 1194 4462 7173 6207 7334 4578 1280 6107 8592 8676 8106 3602 1202 1769 7189 9268 5052 4716 1642 4342 2373 5707 
3901 5493 7611 50 4613 7223 6442 3936 5036 4823 5517 2902 1233 8604 1489 5253 2023 3179 7386 9223 7040 3498 5281 3383 9084 3173 3931 9368 3787 7156 5083 8431 3562 8383 2067 762 975 887 8207 1435 1245 710 3054 9278 8170 6551 6237 7154 8078 3716 7587 5241 8677 6476 9134 8903 7740 666 6693 2632 6066 3363 7480 2140 4091 2601 4879 6084 5740 9338 4818 6357 5494 7961 3442 5079 2082 9316 301 9329 5406 4138 1306 5030 3061 2523 6289 3227 8046 9987 
863 7682 4940 862 8426 3080 7134 7403 7032 1289 6912 523 8889 8756 1556 8128 1983 2110 8605 5576 6516 4260 4139 1176 1687 8120 6792 6658 3660 9328 4624 8874 9826 6291 972 1405 5389 6909 9165 5300 4373 1477 3429 2429 5953 4964 3990 3316 3666 249 9211 6121 9837 7557 9817 3696 6035 5770 6456 1593 4276 4339 9015 2991 7387 6521 4733 4612 7737 4272 6731 1010 2361 4817 3162 8750 7127 8704 3304 3284 4422 1973 3393 9150 3888 4354 2901 5117 7011 4322 
6201 7620 8915 4772 8186 2790 2238 352 4759 8591 4907 6758 495 9544 4239 2225 1301 3437 4578 3048 4354 1646 5132 2469 8208 4337 9389 5084 4502 6262 9686 1816 2275 4535 3993 9940 2893 3189 952 7336 3696 8542 2071 9793 2487 9544 7640 7408 1207 4752 8579 9102 8006 2235 7866 646 409 5661 1056 151 7334 1351 2671 8024 2489 3698 3418 7406 1354 8017 5046 5640 678 1317 370 8873 5417 5433 1306 7319 959 2796 5188 6843 3295 5331 1569 8546 1699 406 
3683 9780 445 4162 5677 8801 6275 8953 9969 5057 1720 3319 2555 6657 3382 3161 5754 4030 7205 1608 2121 5903 9817 7157 9633 9902 9153 9215 5338 6108 3631 2831 1875 2513 1633 8802 6445 6835 9082 5820 9034 2923 3085 4487 7819 5487 4963 5804 7084 319 1917 9006 309 31 3051 324 7298 2172 952 309 2133 3940 2031 9358 7890 3239 9110 6444 3452 3821 9374 4209 1914 3983 5192 1581 24 2662 9218 4981 3936 3238 2594 1668 625 1819 7050 565 9231 7725 
8505 7378 7006 9677 526 4465 3874 9145 3540 9261 7315 6094 9692 8071 75 2833 8084 6255 2328 681 2243 8172 6078 1957 7263 2378 5584 4502 7006 5362 7136 8005 3737 8505 2007 5241 3113 1953 9904 3966 3073 3400 9750 2683 4139 8670 9489 3862 8109 6881 9735 22 2425 3808 263 4234 2895 9706 5350 3956 2109 2698 9510 3355 1244 8099 2635 6698 3915 4757 3330 7768 6647 8793 1613 5369 9972 8018 130 6239 2420 317 1585 7453 1628 2759 1024 4758 33 3325 
6096 7052 5920 4801 2267 1628 8061 1087 4338 3935 5876 5208 474 7741 7381 1428 9771 9656 2377 8871 5578 8113 689 203 3509 9760 9146 2512 8116 3636 5617 1898 9506 8966 4047 5029 735 3781 2219 6896 5075 6237 6334 1503 3866 3973 7909 9714 9909 1242 9922 8549 2607 2903 6108 9350 7067 3306 2615 9958 2761 723 3885 7909 4782 4358 4163 1838 4013 9525 5903 299 1580 3356 7216 7288 2521 7116 3034 8735 3052 2403 7086 1940 3384 8624 449 888 4810 1340 
18 2286 1194 218 415 4640 6972 903 4570 5547 3670 1148 3134 6661 9714 4680 9852 6940 4873 2005 5818 4248 5362 6433 4067 6787 7356 5816 8707 3681 6341 380 5112 345 8439 5497 7802 4595 5664 2298 9972 7346 1825 9734 1206 1345 1473 9221 9743 1334 5047 209 4006 9040 3343 2466 5112 9157 1857 2440 2612 1695 1095 1946 9932 8513 146 3136 9592 1766 3919 4503 7038 154 9318 8912 8739 3730 7527 8341 5246 9425 6154 6167 9473 8552 2152 9320 8506 8142 
2544 4412 9139 9868 7220 6719 1301 251 4679 6877 3689 9264 5340 7132 6238 8500 1419 9272 7841 6839 3596 6157 1560 5582 4224 3153 1971 4642 8034 2153 7649 6121 6230 5139 7732 6382 9519 1536 8480 7836 1966 3372 123 8722 7393 1009 5970 4610 2688 4122 2136 3908 6718 6802 9806 9019 5419 7307 1433 1797 2253 999 8663 8450 7821 4706 5090 5614 6106 3677 8410 5086 7701 6595 8259 3054 8353 785 6274 5614 4032 3744 8747 9391 1742 6297 7121 6903 4866 1873 
2631 3906 5788 159 1957 5872 7401 4751 6530 9304 8966 6496 3049 6803 4331 9569 8822 3226 3830 1288 5031 7844 5523 6526 9235 1986 1189 2517 3957 2213 5443 250 6951 3797 4680 6080 8973 7186 3081 8325 3189 3040 8738 1592 3726 6051 5973 5022 3984 9279 3997 3250 6183 4435 5850 8785 1670 8896 2751 2233 5378 7210 1081 8016 4804 9368 485 5831 1585 70 6946 3632 4096 8678 4855 6160 3497 3957 7690 5372 1212 8325 4373 9134 8342 888 5228 3325 1655 3461 
6801 4612 6686 561 8970 1225 6737 7500 8589 3851 5534 7542 2271 7511 9799 5040 1669 1819 410 3480 3026 1436 6489 292 3106 3723 7834 7906 9623 1513 9397 5688 6878 6410 2733 4125 9345 7687 7943 9310 9968 5999 2938 2296 2436 1024 3348 6653 2174 9992 9325 9991 2412 8272 3323 3334 4703 1455 6072 9769 1978 8235 9165 6678 877 671 2380 433 7851 6265 499 268 7278 9282 2161 1756 1879 3802 5691 9303 3925 2316 8031 4920 9929 7070 2880 2643 5985 9325 
3615 8373 3234 9246 7094 8638 2504 4396 2979 6162 2726 4393 6753 3248 3711 9438 1640 3784 8997 6152 6475 4308 1149 5390 4125 9175 9789 335 4135 2574 6834 8585 8551 1260 4781 2416 1674 8607 2099 4818 9896 5515 3548 9880 3931 4662 6107 8529 5191 5598 7912 6489 8381 7633 9890 2077 8792 3472 8097 902 5375 5563 6439 4657 8103 3211 8515 2592 9252 6203 7061 8989 7318 209 7059 2057 1466 9446 1358 5873 126 3846 3526 4756 4235 8631 6666 8561 4079 3994 
1194 7272 2048 9859 5472 9485 8522 6768 3912 5823 2757 2122 4106 7211 4222 5188 5461 902 6807 821 1374 8735 5677 809 76 8768 5847 189 6650 8990 7727 7424 4021 1768 633 6846 8927 7507 781 4680 895 8553 6398 6330 4620 6146 9970 8052 8147 3201 4086 5832 3589 5929 7555 5759 9120 6229 1155 9186 3087 4338 6994 6748 7646 5613 4362 5056 4746 6126 4473 7772 9011 1565 4768 9979 4763 5590 4711 2785 6657 6245 1123 7153 5719 9755 1643 4073 1870 5091 
8716 3172 1211 5633 4410 5469 6418 8636 1386 6952 8687 3341 4082 8618 7742 3745 4737 3636 6713 5282 8578 3095 1781 2748 2194 9643 8915 6388 3142 9215 3133 1824 6 1659 1982 7682 4179 3182 6717 6869 1825 735 8926 2785 6091 8286 7277 395 6534 61 5001 1664 8140 2181 9581 3302 4126 6492 487 6932 9748 4141 2619 3048 2262 2207 1725 7903 1901 9177 6543 194 9710 6521 9578 8226 9466 9427 9313 6728 5448 5350 3580 9305 3643 7233 7764 4536 1845 6792 
