492 1708 1840 8890 1848 632 4584 6387 1094 8833 6338 9252 8455 6883 703 4485 1346 3469 5505 6594 9247 5459 7808 8626 2609 4830 7473 185 5252 9807 6632 6094 7586 6201 6852 3913 6467 6716 8191 3408 486 2117 112 2062 7767 8956 8857 2971 6547 3492 5992 79 4979 172 7361 6303 157 6892 8871 6581 4614 7219 375 5843 9233 3293 4832 2543 2270 1295 96 5537 257 6922 466 1701 3578 6452 2391 2013 966 8173 8089 2387 5485 
4543 7479 4282 4367 5396 3966 3845 5834 2223 6021 9940 7334 5150 9654 1178 8488 9760 504 5436 9995 7728 9004 5299 6072 2236 3108 1075 7039 3941 273 1279 2679 8072 4974 4247 6266 2595 4134 8564 313 3407 2373 4577 7471 8414 8038 2004 218 8494 1068 4456 439 1251 2684 3578 6255 7320 5655 9178 9335 9529 2567 6885 2439 5460 5227 364 5483 9840 2360 9342 6314 4264 5406 8749 8612 3562 4510 21 4342 2651 3807 6854 7017 780 
3452 8117 343 7355 7720 7421 243 818 9882 9189 4511 9038 584 2322 1612 955 1709 2830 8847 9788 2777 4778 8192 4172 8817 6173 4338 8069 8157 8777 633 7279 9002 7751 9443 8584 169 8579 8341 5397 9140 1456 6350 4769 9008 5895 9632 9555 3776 6141 6288 4127 7260 6228 881 8635 9463 226 7603 7310 4830 7929 1054 6907 8265 9940 8818 1701 109 4411 3596 9668 8774 1673 4763 4482 215 7467 3623 8238 3461 1160 9666 5821 9954 
3802 6326 9346 8267 2445 5 6472 7875 7372 617 4055 1846 234 3680 1949 9305 7567 241 1178 6032 8951 160 2801 8737 6950 3888 3536 4661 9625 1319 3240 831 7887 7101 5099 8018 7116 1760 2968 8641 2770 2786 6627 686 8459 4572 6514 2403 9593 5540 5853 5040 5844 3449 4682 5539 6487 6006 3605 6279 6706 3619 146 5885 5981 9123 8432 429 9648 6781 504 3711 1035 1313 3455 8548 513 1512 6761 8718 8509 4514 3760 3935 6155 
9142 8102 9957 8930 7667 9189 468 7760 1807 546 7948 4415 7805 7617 9359 5278 5502 4930 7464 8219 178 7042 5066 426 6783 9315 7478 6981 1973 9384 1191 8076 444 3156 6681 3350 7304 3244 29 4224 4406 5781 7799 6337 4330 4242 9347 6369 2943 9426 5497 4868 6539 5197 9335 1933 6908 155 5018 2965 7558 9715 5357 4484 12 2915 9638 6940 7499 2238 1346 7230 8549 6152 2110 1817 9466 1210 8730 2605 8530 139 4363 9392 2728 
3705 9126 8685 896 1058 4914 139 8165 5474 179 5956 4844 5007 1406 7141 8378 1701 9278 4048 6601 2789 2688 2911 8409 4217 5047 9533 8480 8362 1002 76 6108 5940 6675 4909 1731 9491 7110 2851 8943 5660 8115 5619 808 1716 6758 6003 9962 2723 2377 5164 771 2682 9145 1988 6314 8780 8034 1978 7995 7939 1997 500 1180 5411 5980 2376 3408 2161 1993 4485 6210 4404 148 5513 5935 2901 3854 7133 9712 1401 7621 4780 6404 718 
820 4399 5931 189 4331 5145 4561 5666 5261 658 9557 7093 6276 3006 4431 5326 1484 7491 1568 3508 7665 1766 5512 267 6512 1668 4100 7171 8643 5068 1119 2348 2505 8369 4366 6568 8468 776 7151 8222 9128 1065 2422 9333 7488 6198 7527 5692 1184 2497 1029 3597 1466 2445 5313 278 9461 1320 2262 7379 7655 8732 3219 1574 4416 6648 6748 2418 5492 2949 2570 1661 7123 8008 2717 6918 6331 9362 1545 6387 3965 5922 5736 1328 2591 
2153 9791 8615 4745 6743 8789 1083 6862 6008 7400 2235 7504 992 1292 5502 9202 4107 4024 4861 9672 4093 6089 1470 3659 4326 8005 4869 6984 2811 2445 4922 3248 2120 5052 5368 6142 7767 9709 4284 5532 7190 2927 5035 2196 1388 6206 2297 8223 8038 3089 6518 854 7360 9606 789 9794 2258 8893 7459 7148 4279 1002 5762 5966 1435 2163 5485 9943 9038 7215 350 4990 1403 6625 4846 1572 9715 6251 8446 8386 6259 181 9971 9137 9620 
1076 661 898 984 7484 5556 4553 388 4572 8063 4026 9801 8072 9983 4477 2951 9537 4216 616 9422 7853 3030 2147 9314 5919 6731 2806 681 898 6632 7808 3794 6122 8481 8255 5724 1805 7837 7093 214 6898 4588 7832 221 1336 8097 3635 8453 3811 9943 3815 2077 5632 1699 5874 7334 5659 8314 2868 636 8044 6167 2823 8827 6380 7420 6496 5931 5943 1854 7064 7047 3272 5029 3098 8514 4979 1977 8409 3934 5426 6040 1179 522 1816 
815 3334 9746 5837 997 3326 959 7097 4713 2311 4527 845 7332 6001 8898 5060 452 2928 8638 2428 4524 4728 773 2724 5999 4852 9526 6088 3544 9370 3244 426 4310 8295 689 5125 5141 3278 9877 9289 4374 8953 976 1381 5241 2485 2394 8258 1240 6224 9876 9179 4110 8676 7971 4709 93 9321 7610 1662 817 8361 677 2662 8048 9309 6028 8052 8131 7271 918 2658 3050 7911 2765 2392 8602 4465 8436 9764 756 521 6956 9156 8852 
1468 2662 8060 6495 8640 3752 4681 4582 8019 7039 325 2743 8560 483 5877 4777 2736 8122 16 5019 9738 6454 7151 4871 2559 4396 1612 3584 3416 5737 7389 2474 2968 2739 7002 3450 6974 7900 1511 6948 9259 6853 8349 3676 620 71 4484 6894 9203 1479 6066 3635 6083 9264 6880 7811 8175 3903 6339 3633 9233 964 6338 7122 1489 5733 353 369 5787 4480 8232 7956 6979 5764 4172 3376 3132 9663 836 9895 7723 3314 1242 922 8068 
1099 5930 3035 3509 4478 3780 7482 8450 6335 7362 9706 9344 941 3400 141 6179 8489 8017 4114 167 1929 8383 7813 7082 2771 1143 1691 1083 8048 4562 6380 1408 9686 7708 2162 1081 9734 6862 422 6940 5380 4972 9819 7396 830 1117 5163 5408 515 5950 9013 8002 8424 3578 3366 2074 3715 6822 6075 3713 7906 6209 1736 287 2194 9368 2301 6352 2807 8112 4302 9818 8000 190 2099 5359 7027 9639 6966 1021 9459 2704 301 7409 1645 
3870 4290 3100 634 565 4118 31 461 8374 451 7273 2744 8086 4623 4074 265 4886 7692 8068 1184 524 2996 7090 7552 7106 1382 5730 9422 3693 454 3000 1595 4130 4575 924 6088 7238 7442 995 184 4011 2227 9265 4883 8813 4630 3483 1621 3082 6835 7816 4282 9027 5249 9202 1012 9715 9674 8509 2300 7000 9833 9131 6017 2289 6278 3452 929 9663 2368 87 924 4817 2038 5293 2413 3006 664 3566 3273 7432 9095 8585 3978 9204 
2959 5374 7470 2805 6982 773 6057 7924 8431 7653 8690 648 5313 7076 381 4500 5305 6193 1654 6707 9791 2506 6962 780 6092 5745 7351 729 3900 3313 1259 1092 3586 1685 2111 2415 9193 6307 3124 4818 6667 1372 6366 8537 3729 4845 6469 3596 5269 6690 4806 6965 4348 3638 1469 811 1110 8823 1636 84 2353 4643 957 2726 7053 8666 684 7430 202 2763 5 9561 3804 7417 1632 6177 40 1113 733 1865 752 3198 829 9578 6797 
933 4489 6996 2343 627 9925 1625 4704 2799 4398 5905 708 8346 2015 4066 1889 7737 8040 8678 6108 6716 9924 694 2114 3923 849 9217 8627 4886 8699 9014 6893 5031 8828 3872 1398 939 428 4819 14 2952 8628 6927 1528 5822 6408 5221 1807 8083 5926 5442 7255 4444 4330 9219 6421 3456 1468 3140 1050 1733 3127 6539 4236 2187 3016 8009 1702 613 6051 3654 14 1192 8357 3535 7822 4367 7998 2830 8179 2736 5601 1991 7820 1593 
5337 7647 4274 3309 1995 6474 7140 7370 4097 1226 4939 4619 1246 4910 4045 5070 8483 2314 7398 9212 9789 9571 2036 5248 1169 4957 4567 4332 4183 1052 3536 8532 2435 6336 8820 9124 6930 4537 8158 5400 265 8615 3179 2418 8259 4817 5670 3190 3061 9607 3003 1063 6155 775 4682 9578 5663 5007 7930 7974 2968 6172 3607 4447 1049 2 569 5329 6695 5079 2597 2027 9536 6365 2225 1222 4171 9798 7380 6114 696 5546 8817 6080 7490 
870 6227 4867 8894 6327 881 4105 6753 3233 2233 4593 4371 9606 484 3875 9952 2751 4727 5505 3716 9035 7701 3516 9571 7064 2994 6959 2511 3532 8148 7296 3819 1993 4189 9287 8668 4618 7881 2495 5500 1001 5112 2273 6772 9158 3543 2368 2161 7728 6647 6920 1987 9554 2645 2831 7976 8057 2208 9072 7624 6539 792 283 7695 2506 5862 8780 8771 8878 2168 9785 8360 5174 5421 1372 4368 9398 1841 7210 3830 8857 566 1207 6360 7443 
9807 9565 7501 1500 5264 4148 4778 3561 9348 4279 6435 2840 2250 6442 9470 1111 1736 9746 1262 3750 5583 3273 2150 6301 2150 7723 5216 226 5364 9317 3447 4200 8624 1635 1266 6742 6407 1600 1849 9715 3739 7761 6511 6505 937 4527 6081 9550 9759 4329 3772 1008 5598 3595 7532 3533 1460 2962 7802 583 5711 4202 7290 1215 6192 3212 4406 5319 151 8152 630 3526 665 9064 7359 9932 8851 8084 1763 3081 5357 7058 5460 1837 5081 
7983 1544 8901 8075 9570 531 2230 245 3959 9495 8161 6442 1299 4973 1938 2637 5322 7824 9464 5168 2748 5179 8634 2217 9876 9652 9900 799 5872 793 6203 3931 662 3881 2217 8412 3338 6016 8687 4463 2923 7351 4749 6926 5515 2125 5653 4872 6104 5930 4989 3493 1408 9132 4703 220 2055 2882 430 614 841 2184 4701 4921 1368 4568 7418 2686 3917 120 4866 3958 1750 2593 2160 5707 3609 5290 6161 6633 4104 4778 7901 7171 2988 
1540 8887 9532 3172 3743 4096 2546 4083 9339 304 5932 7204 1601 4502 7357 753 6002 8931 3824 1954 592 3162 2340 5780 5674 2175 6864 8789 699 8164 4059 2656 9821 4660 7282 3371 6322 8663 2992 7133 3133 2955 9005 4228 2006 6228 9780 9120 9741 5564 7444 3814 8014 3365 4060 6569 9340 2194 4777 9975 9404 3044 4062 398 2664 8733 5767 4600 1184 4907 6735 2763 8456 7807 8828 2921 7848 1007 5122 6715 2188 3648 1504 9582 9447 
9863 1189 2278 3438 1202 4108 3149 4077 2191 8255 6712 5948 4342 8178 249 9257 4817 7574 6062 503 5665 4700 4503 2777 663 3041 8676 2052 8063 2689 6401 8624 5609 2693 5469 2929 2659 1178 2089 6094 6859 8465 5662 7635 7249 6701 7427 8548 9592 1274 6327 6644 1687 2530 168 9169 3960 9295 3733 4308 1926 3407 5812 7450 8239 4268 7700 8031 6017 4994 321 4756 3952 1643 2559 3725 3018 6553 9882 8611 7477 9494 6548 7319 2113 
4550 5226 7505 5361 2352 7571 1070 7271 4522 3397 1537 895 490 6041 7319 413 5078 6621 3913 1011 9692 4703 8553 8883 5633 8631 7453 6605 7772 6968 7499 6757 418 2258 4713 6031 8277 6038 9006 1828 6680 1634 1651 1304 7675 9721 1767 3151 8354 1090 6246 7598 4940 3911 3893 7455 6691 8279 8827 961 3547 3221 9568 7394 3712 8932 267 6984 3279 6130 8039 1659 5639 926 3856 2559 3345 2724 439 6490 9470 174 4401 254 4622 
9224 365 9888 5302 7702 1673 5653 8053 6430 7730 6211 3871 4174 2403 5293 2877 1943 3165 1871 9777 6914 476 3021 2306 532 6738 6138 1254 2541 773 2061 4505 79 3543 4427 6133 3739 6081 4937 6934 1227 3194 5389 9742 2362 3496 8728 6255 1695 5634 8228 1848 3721 8078 7096 5928 266 2968 375 430 1186 4453 4968 2522 3117 6640 4719 3398 3959 1541 9652 8141 1170 414 6341 8904 2287 246 6500 6421 3562 3731 8655 458 3988 
8665 3528 1807 4275 4205 7387 5619 8006 9328 1965 1234 4189 5680 8210 6185 5557 4228 2152 3506 4214 4596 3719 9176 2127 1610 8155 3186 3350 1694 6602 4500 2223 7658 6770 174 964 2482 4736 5644 3510 5156 6939 3540 2976 1602 2866 2138 8949 5829 3624 5360 2941 3721 166 6746 5861 699 6791 989 6509 9393 5966 2733 4122 1030 6936 3806 4504 3365 3706 8991 9950 901 87 2948 9627 5828 8671 9800 8806 3624 7916 6147 688 4575 
3992 7088 9566 850 7692 9325 8185 7561 5561 9220 6732 8221 1343 39 8280 5544 7491 1781 890 5313 4437 4816 4453 477 4973 7667 8229 5550 4953 1674 5323 4593 4096 1158 5966 9805 4517 7289 965 2016 2126 3821 2814 8400 4204 8862 8869 4281 1499 6149 2297 2142 1755 3678 1002 7005 1780 139 1880 8626 7497 7624 2239 1404 6806 2977 9677 5537 205 1535 4588 5258 5225 3819 9742 6610 9458 8659 8292 9820 1621 6122 3313 6912 8428 
4040 3826 1350 8224 6760 290 1148 9411 8084 2747 2718 9175 4781 5342 8670 2882 4227 2745 4794 8167 3714 9453 9200 2045 4410 9205 4923 8128 8120 1686 1031 3352 3384 1915 3065 8394 9349 5478 1373 2589 2106 1071 1533 1344 2566 720 2958 4294 3843 1331 6755 502 189 7242 8327 8704 4081 9574 1992 1380 2225 5515 5145 1977 6783 3686 5177 2913 4582 6016 9951 1777 633 9945 1956 4243 9895 3331 6218 1471 9312 8774 3194 8491 3775 
5930 3499 1839 6330 2938 604 8085 6106 6899 7847 4717 3787 3042 7828 6282 8003 1290 2325 5899 2835 6892 3607 181 6029 6273 3031 2883 113 5527 3727 1131 3265 6462 7213 7436 4256 2804 2591 9454 5170 6355 4194 9681 5424 6127 5561 7481 8794 773 4807 2754 5546 1423 9249 4914 4823 1148 7628 9837 1451 951 2916 7996 4738 8910 5608 2722 1925 6553 7003 3403 5710 1998 3108 6659 7522 7174 7371 9631 5824 8647 7050 8423 2985 4077 
2487 3656 477 418 8292 9187 8399 4607 2087 5600 445 3698 4315 2407 366 8464 8675 2800 9828 926 6580 5999 6469 4540 8258 6841 3791 9760 6165 9409 1789 4565 7313 2689 7180 8892 2831 8453 9018 2015 163 1456 8684 3016 8041 6043 8789 1084 5116 7839 8079 3113 4234 9563 6243 5028 9371 9810 3712 404 4703 7057 8853 1392 4271 9175 416 3426 2890 296 6915 280 8659 3893 8842 6482 1921 2218 8765 1702 2679 6310 6572 5069 196 
9863 5146 1834 9469 7729 5935 5570 3069 4964 7068 5119 6915 8175 5914 1677 6301 5860 8329 3645 7860 655 5199 9648 5251 9342 5252 4846 7034 8739 3117 9789 1773 6397 1780 270 9947 534 8310 469 4326 3535 8224 2957 8703 5540 7656 6697 9960 8801 8234 2733 8168 2559 9140 8188 878 7621 1537 1328 6928 1569 6129 7349 430 3227 1326 158 9953 4917 8273 5421 7632 9318 5997 6447 4017 7861 9819 9240 7921 1378 5920 7914 2242 1589 
419 5992 4336 2252 4006 1937 8958 8783 9208 8047 5934 232 1892 8015 9810 4625 9987 1561 5306 7266 9763 4606 2425 4308 6766 1753 7278 7389 1887 4882 5276 5636 3412 7007 3084 2720 404 3704 5600 2846 5730 8929 8914 3759 7869 4847 9576 8393 7941 1843 8747 6856 9804 2178 8921 5436 1277 3822 2834 3584 7670 1904 8321 2926 3271 2106 5145 3338 6317 1589 5287 3218 7889 4551 9703 1847 4062 2295 7737 9865 1017 6166 6820 8424 7761 
875 2673 7044 5036 4273 3445 4346 5964 7543 3745 5349 3425 6614 6370 5724 7660 2355 1469 1175 2196 6954 9084 822 1079 6802 6681 7834 631 8130 7920 7688 9980 6921 2932 9408 8054 8490 531 3462 8593 1064 2678 4014 6525 7054 3449 5789 944 643 3092 2582 6573 6779 8880 3443 1128 6141 5721 6265 4044 7307 6765 7040 8585 7206 7118 9886 9419 5052 174 5576 1300 2963 7025 4548 7702 9849 4289 9785 5183 7267 4363 7067 7948 6925 
7053 2799 7775 1840 7418 865 9293 5046 7768 5132 8142 851 6049 3560 4527 4973 4614 1285 1588 9424 2604 3782 9039 1319 919 10 1008 5374 5107 9129 6748 8423 6796 6239 2049 3918 8078 3859 1968 4206 7296 7017 7272 7937 965 8906 5026 866 9649 7753 7219 3084 1885 8794 87 6772 771 983 9012 5372 5653 5963 3080 8152 6556 9466 3787 2240 493 887 6923 3908 5756 6222 1527 6414 6574 8777 6907 5361 2173 2988 1793 2505 3750 
1616 8928 623 9736 9637 6239 7397 464 6339 537 4846 3008 2007 5781 3215 8023 5859 6203 7966 1574 2903 3686 3389 3663 9577 4278 7739 5901 1249 2975 4829 1048 7988 5923 6996 3272 680 3372 4587 9687 8418 1550 4145 7490 1324 2420 7380 7394 3792 4746 5301 78 483 7605 928 2430 1461 6449 5260 6165 946 3711 2992 6905 8498 8107 156 3995 9512 8112 4763 4511 4745 2146 8937 7103 3537 9681 1986 2430 6326 8145 5421 3712 2429 
2282 9072 8447 8446 9047 8340 8828 1538 1812 6275 2625 95 3809 1873 7015 5135 3893 867 3797 7891 8632 8027 1368 9122 9711 7365 1360 3487 8599 6767 4668 6835 7345 5468 4379 6872 2027 6154 7865 3887 4621 5796 1165 6310 3672 7483 8999 1888 1560 5804 5100 4976 3944 1899 7624 7591 9463 3192 6634 6887 2935 9871 1416 5313 2206 7691 4609 4155 6183 4781 2010 9217 7152 1759 280 1890 2790 7227 4924 1178 7849 5354 307 5355 4310 
1652 750 5988 8411 7659 6005 4500 6450 9719 5391 4845 4265 579 1803 4911 5213 9256 6618 2233 8952 207 5067 2901 2681 6388 171 1725 5439 2983 3924 1491 6843 7602 7472 9695 910 3029 7526 1885 3084 6919 1110 377 3600 961 1199 4864 1089 5201 4338 6557 3667 2615 588 538 5326 831 725 8829 3188 2780 977 5460 4410 651 9185 1564 5227 5954 3327 4860 8530 9479 6706 6596 8648 1992 3505 1276 4690 2758 8996 2202 8440 1327 
6665 4854 2936 4892 3731 9729 6863 4600 7030 3655 8885 5521 3718 1259 8941 778 6077 9822 5074 911 8824 3921 3073 2013 1362 6132 1199 6808 9379 1670 5539 4888 4710 5605 512 3041 5104 4498 3613 7833 6385 9143 6003 6430 1932 4614 201 8950 3880 6898 5918 4074 5476 2094 813 16 2143 6294 3490 8429 7596 5657 3459 4740 5666 4010 8158 3401 6763 2304 1589 9909 9947 4801 5095 5109 8254 9451 3507 2446 8885 9114 4076 3179 9848 
6228 8172 6328 1162 1216 749 9574 1322 4888 3303 1611 2309 6389 4712 5727 8870 932 7649 8543 552 7198 5965 2043 3788 3632 1214 2093 7171 9456 2854 4857 4755 9197 4114 7907 6614 1575 5543 8740 3114 876 9336 1836 3217 2060 6442 8789 5506 2557 3254 3874 1085 9924 8305 3478 7121 9871 2583 740 6495 3638 6202 8500 7968 28 2896 2511 4965 763 8933 4088 7925 4888 8485 9150 3043 8368 5150 1856 1624 5967 4649 3542 6935 183 
5933 2894 5000 6023 3218 8505 6669 2494 5750 7997 8242 448 6462 6105 4035 1012 687 9201 6777 7388 4481 2968 5664 4135 7302 1254 5741 6410 8086 8409 8362 2191 9205 1970 9910 2270 5038 5362 5326 9169 1764 2501 7162 6930 5627 3558 7207 4234 8276 5172 3387 6577 9112 5317 3527 5528 7009 5769 7231 7054 7932 1889 5638 4062 8207 8364 2781 6032 7985 9418 522 9576 7700 117 1269 8902 1549 2267 7529 6011 7978 4745 8569 8082 4532 
5616 3254 6493 8207 3575 8840 9754 1217 1040 3243 2167 3699 122 8668 4467 1926 1206 5805 215 7724 7538 7554 8567 9916 7440 9247 9600 3532 5555 7654 214 3732 7265 9093 1985 1371 1786 3033 4732 5497 4798 3607 4946 9197 6143 733 9949 6949 2526 1115 9763 1777 9409 7861 3827 7172 7923 6779 7912 5416 3001 5415 4204 441 1706 4023 655 8409 6320 6010 3266 2740 2529 5540 4314 1745 3820 1387 8445 6631 6552 9905 4108 5962 4736 
331 6308 6902 612 2434 8600 4513 5309 8184 5529 3942 1919 6063 8755 9589 1510 9805 41 3260 1213 3047 7508 5305 5115 5927 1701 4985 3754 8576 1132 9838 7870 3255 2662 787 6513 843 9444 3695 135 856 7326 6293 7406 2209 3046 9518 6545 2628 1243 2450 5543 3551 7004 1703 9466 5092 4250 9921 517 6398 2730 4982 9955 2716 2258 3519 282 9191 6366 6149 3039 2692 5686 9942 7264 3329 8897 9340 1567 3605 2856 7285 9845 2284 
5897 3726 2693 9900 4379 5546 1314 1760 3047 7354 7720 1643 6583 273 2948 9610 223 9477 3562 3882 5385 4747 7890 7190 710 2474 2003 8031 7353 4279 1536 9583 8096 9614 7627 2732 4427 7854 2433 6713 7756 7766 6777 2889 8881 9020 4278 2926 4941 4779 729 5027 6652 2213 6335 3729 8431 1557 1578 1339 9156 3085 5650 508 145 5356 5961 4052 1909 7158 7678 469 7752 7613 5185 4821 5130 2922 9202 7724 714 6884 4947 1252 5326 
3857 4683 7851 4559 6954 6972 5880 3767 1580 311 3301 9962 8265 7869 2365 530 2300 4903 2773 1560 1871 1596 4438 9724 9144 487 6542 4583 1456 4790 1820 9718 9779 5440 3222 7944 6155 1446 9976 9230 9609 9808 1434 9789 6030 4920 4020 1775 198 5499 1283 3648 3371 6054 2988 7342 100 507 5106 9861 3515 3422 8648 7613 5472 5010 943 3341 5476 1594 1211 3690 9845 2093 4393 8911 7342 9360 5224 7278 5259 5793 8587 5001 8284 
754 2121 4280 3388 9978 3060 5811 8499 9797 6195 7263 4820 5878 1456 3477 4260 9558 4815 675 3374 5752 7354 4388 8197 7325 3139 9014 2994 7483 386 3603 5892 8165 7034 8516 1981 5298 7237 3672 8668 8307 9383 2738 8273 7426 2376 9227 4089 1824 2053 3871 8633 6150 5316 2173 7975 4310 7827 7205 338 8646 6759 2430 8961 893 1876 8231 6622 9464 5789 1589 6476 2441 5231 6446 7978 5187 5879 9522 839 3164 8460 7694 2997 3531 
9818 67 4222 7688 9778 7223 2226 4816 6037 8246 3613 171 1274 8906 5891 5245 7418 3726 5286 4632 8559 9953 5209 310 8038 8975 5213 3058 9479 3855 589 295 9556 2179 280 6478 8356 571 8864 7895 4946 2132 6740 8303 2391 6909 929 6380 172 3740 4342 7082 713 9843 2927 7591 6822 1412 9504 1515 743 102 266 6297 5721 1486 5180 662 7554 3888 9394 8335 5837 4629 8071 5080 6783 3789 1737 8204 1057 8333 2385 1448 8234 
5278 8050 878 8068 5191 1698 1050 9265 1751 500 816 4006 9205 3779 4809 1218 7451 5316 9821 5436 8277 3982 4459 3867 4019 759 2473 2689 190 8069 5588 6232 7726 9609 2759 6461 8521 3464 1523 7447 2682 3218 166 3797 8428 2463 9263 4630 9165 4302 3700 6738 1577 1572 9372 3892 9309 8019 6237 3780 1390 4267 9960 9546 8291 8005 7862 124 5502 6130 3335 9324 8674 1905 3540 5511 7448 9663 6729 2884 8966 4917 1621 3371 3034 
5312 1237 5111 4205 7822 523 7806 5182 7865 8755 4504 6168 6120 6866 1171 1068 4285 6605 9512 5338 2912 1739 3231 3227 8800 303 2712 9815 370 3206 6912 5434 5832 260 2967 8555 1820 9502 3647 8553 2515 606 3316 133 652 8644 2375 7886 1577 3664 8788 7312 4340 9992 3347 8183 6086 803 1121 6146 3149 7417 8155 4434 9950 3955 8392 9841 2 5201 727 4816 2334 826 4710 2063 9927 8865 9118 2400 3215 533 5165 9814 6019 
7485 4244 6574 7753 9131 3851 741 6680 1146 936 2650 9179 380 7522 1795 7330 2291 2718 7114 5784 1462 511 450 3066 4342 4293 241 3825 7175 260 8723 3041 4482 487 8793 1527 3334 6165 7559 6604 8871 609 322 7752 1872 654 7315 5428 9837 3351 4130 5080 1449 9807 5890 314 7793 5857 1530 4870 3933 2589 2419 6066 7931 5838 296 963 901 7823 2623 9585 2804 9788 4349 5069 9278 486 8334 6842 9728 3325 7600 1791 281 
1849 8852 5649 4678 2012 8007 109 9519 5990 7299 1404 2136 9039 8666 2453 8482 9848 5071 5676 3490 9372 1605 3193 7868 949 464 870 1914 2714 152 203 1570 7994 7110 8650 2210 7289 756 5423 6699 5274 8317 3407 3091 7192 9668 4499 3646 5454 5586 5905 6394 4432 9692 3197 5479 1756 4965 6070 8869 9252 182 903 7230 5385 851 8329 4106 1215 3813 3752 4986 8910 6669 6919 3084 5612 2653 6188 1142 561 3661 7743 9967 6155 
8683 6008 6703 2972 1113 6688 4098 3548 1904 3835 4151 6911 6582 7403 5196 2741 3861 3719 2946 8168 1694 1773 5144 7745 4680 6133 6390 8615 2324 3053 1109 6741 6647 9339 713 1909 904 1462 8888 6185 7982 4262 4050 3649 5421 8940 5301 8341 8534 8134 6804 8921 7677 3246 2004 4686 5772 1821 3511 9279 2525 8015 9555 4516 9414 129 8973 1838 6954 6513 935 9241 9443 3565 784 3024 4590 6946 4203 2764 5667 6266 2544 1469 8210 
3321 9539 49 7170 5208 1926 3675 3112 9055 8014 5889 9755 7684 2038 1105 3645 579 5690 1782 3036 2260 1782 4785 4237 1396 8442 2548 941 7726 385 1729 7010 8196 2252 2394 4320 9387 3782 8439 6272 2780 9665 1498 4023 2135 3154 4450 8762 9225 704 158 7150 9377 8408 5846 1753 1147 4169 3677 1251 1028 2369 2933 7910 2443 939 178 679 2862 6163 1283 766 8721 8855 7754 9923 7339 5209 5493 4719 6288 3902 4954 4066 7710 
5230 3018 8213 4874 2888 7904 9464 3064 415 5525 4567 3437 7322 1110 7717 3332 6477 1030 883 9583 7586 2234 1978 3070 4003 8588 5916 4201 5415 1081 7078 4192 3964 2604 1729 594 2807 3633 9807 9167 3216 8859 8571 5494 2754 7555 817 597 9839 2429 2894 6166 3632 3193 2371 1178 2220 4716 4982 992 1800 9562 2504 2798 257 6743 9233 5199 3283 9722 8237 5141 4615 7214 6439 3348 7729 8506 1287 7659 9952 601 4440 5854 3410 
6263 6987 9145 6680 1592 7196 4987 7433 7502 3493 3315 8250 2869 9614 6813 1752 3436 103 5083 3002 9022 7387 5339 4460 8225 8038 94 9123 9630 7357 2971 4481 7636 5027 8488 6775 2387 4218 743 7340 2078 4399 8391 7312 8824 3816 372 8112 50 7596 9264 9152 2132 1333 9334 5031 1641 1621 4279 6448 9035 5348 6454 4160 5949 4667 413 2545 4401 7012 2834 454 587 1567 9071 4532 3155 1193 6591 2942 2807 7121 6527 8271 553 
6711 2578 7099 420 9768 7419 1544 3644 6937 8600 7964 7920 9339 9567 3759 9835 5304 2064 7125 9908 2743 9177 4795 5342 6192 1130 3115 4216 5242 529 8470 3187 6696 1935 6841 2594 1654 9199 3826 1083 7444 8785 5283 3271 7306 6312 8281 6441 883 7931 6516 4836 6660 4816 9911 4484 9109 3857 4575 1733 7956 8003 5458 5904 9900 5567 6511 2613 322 1815 3575 1941 7169 1892 3054 8632 128 2993 899 9590 5530 8367 1538 5078 4060 
822 2391 6923 5339 205 4372 6566 970 6004 4226 6759 8867 9722 3254 5489 9013 6908 6818 6162 5662 9928 20 2284 3897 8425 4013 9774 2380 236 324 234 3903 1345 6148 2963 9607 1796 3542 8386 1607 1211 7717 4773 3873 3253 9877 1082 5991 9039 4494 206 3267 3557 5450 4157 2988 4540 5664 7303 6234 3691 5737 497 8779 2622 2815 5329 2220 3606 293 7162 9013 9131 7748 4515 2443 7879 2053 6283 2528 7408 8477 4770 4904 44 
487 2144 9415 3363 8720 2844 9252 9118 3267 8057 683 8843 3513 2959 1537 5546 6237 2485 4723 751 5904 3305 9460 4610 1143 1498 3099 9693 2844 1508 2729 5245 4543 6039 8226 797 4970 1550 1213 5113 2124 5176 4415 4181 1065 319 9261 7952 6671 9845 7723 6850 5989 4395 4569 5221 3509 1431 5433 3114 8724 7808 9901 3142 8643 6233 2750 7986 3851 7945 9925 6673 3575 2762 450 3809 1951 709 3851 1971 1888 683 7230 1083 8388 
4384 9937 2273 610 9059 9457 684 7046 500 4971 8555 7139 3157 3326 3714 7100 2698 1677 5147 7781 9041 7975 5177 9073 2737 8130 2274 9460 6245 8443 2697 937 3348 2200 8631 1407 1302 7295 326 39 9421 3773 3717 9965 5366 4174 3084 2457 448 6337 7477 5053 5199 3782 1779 4795 2991 6508 2792 8996 2063 9189 1970 7584 2540 7995 3951 3085 7345 1461 4715 1371 1462 2261 7555 5708 3554 1770 4869 2509 18 3816 6606 2710 3435 
1840 6090 6936 2959 2121 3854 2971 2113 6097 3484 6866 5872 3692 69 7076 4827 7971 3268 5424 194 8785 7690 7978 9820 7123 3715 3817 6651 4422 3241 6911 6437 6052 3481 5695 9172 509 4026 3808 3590 4508 7984 6982 2779 7782 2648 1850 5221 7398 6498 1150 7558 4326 5497 8856 8026 3553 5597 2089 5028 5803 4338 7058 1259 9587 2789 533 272 1508 1516 8276 2268 6093 8042 286 2830 9672 5020 3632 4323 1229 3939 1344 1325 7220 
3200 506 699 8222 5799 2022 5020 8200 9534 219 4930 4646 4236 1608 7873 2360 8206 4977 1730 6409 4950 6854 2785 5737 2054 2655 7026 5434 1672 729 9554 2552 1928 8791 9053 4736 9995 2200 8181 6563 7047 2307 1608 9766 2177 2872 7288 7380 3968 1776 5263 8047 4072 2650 2976 900 5179 9000 8670 6326 6560 1427 7070 1225 3739 2417 5346 8410 5936 8421 8147 1838 2643 8242 4220 1286 1066 2164 6843 5982 8707 1895 6602 4674 8755 
3414 5466 5319 548 7255 3894 6995 9462 3121 3281 1005 9441 4918 1661 8237 193 7158 7131 172 734 6816 4709 7227 7961 1093 1974 3531 7063 8965 397 4038 4860 8382 7926 4050 6844 1931 1549 4496 6002 6748 4506 8884 8959 3161 8871 9166 7902 5283 3559 4738 8037 59 4831 8036 4237 1429 169 1429 1822 2526 3650 2646 2273 2620 2624 3802 4886 8090 8184 2883 767 3605 9011 5588 1945 3050 7680 4032 6685 9001 9733 8539 5879 7766 
2403 9062 9300 5946 7195 2553 150 1085 898 8032 925 8028 2800 6455 4253 7989 6377 4832 2889 7701 2462 1350 7032 2450 4590 2692 8020 6039 6673 5744 4480 5180 7068 5983 1044 2485 9156 4881 2959 974 2646 2137 8179 5423 731 8602 9932 6186 356 226 8697 3155 4490 944 9687 2780 4181 6638 6421 2466 2948 3056 3559 8708 7474 7824 1416 894 4547 5877 3163 846 9319 3981 8544 5628 9234 8312 8518 426 5195 7603 291 8734 7402 
1271 3387 3820 4684 9247 1270 1630 5611 559 5883 2532 8052 7670 3511 1248 2610 4816 9932 8459 4217 2779 233 1169 9266 1380 3093 6316 1635 3241 35 5549 568 8808 6482 256 4694 5521 2534 5102 892 3794 4599 5140 4617 110 9278 3549 6926 8670 5618 3155 5085 6171 8126 3385 8943 4772 7797 6402 952 5251 7516 6648 2936 8333 3143 6221 9961 6426 3816 5507 1374 7704 8908 2680 3238 3670 134 5722 5029 4887 463 3933 7809 858 
8514 8417 9412 5500 7141 7897 6209 5841 9129 3669 7811 87 358 1457 3226 2760 1975 9603 3622 8066 3729 60 6141 5017 7495 3937 9179 2384 1560 6473 3792 3117 1385 1018 6344 7626 8717 8662 4051 7703 4180 790 5574 5041 7220 1094 5294 5378 1900 4308 4100 6327 113 1429 6283 2168 7039 3096 5889 2011 6770 7178 6766 3203 2961 1161 4483 3288 4020 7076 5866 6435 1312 7350 5226 3956 3679 8199 8240 6500 4453 7624 4995 813 9435 
103 6328 5065 5897 923 6179 2247 6200 5575 7471 3819 8449 7243 2435 3432 1097 3265 2346 9237 645 7293 445 2637 7889 8122 4662 6069 4334 7668 4606 5848 4320 1042 1618 7320 9198 7450 9603 8133 816 1613 3165 46 5777 5740 1141 7342 5446 8988 9139 2246 8796 3765 5573 375 5874 3351 6609 5023 2906 200 290 3173 8167 4424 5765 2556 5239 8318 7237 6072 7065 5489 2976 4677 9689 4174 929 8245 8233 7582 9498 9334 417 3428 
7846 3810 9788 1528 214 2309 2952 7919 9093 9876 6300 4581 5846 5367 5099 4772 4752 1508 9073 124 387 9192 2809 7446 9491 6123 7633 4859 6248 212 7809 7908 3936 8997 1479 1453 9210 8796 6854 175 1789 4855 1625 6214 5451 804 5977 8866 3479 5988 2514 8561 2028 9451 622 4241 6801 2174 5283 5546 268 4818 1483 9877 5672 1044 7727 3391 727 2646 2537 5484 353 9916 17 8122 900 5680 8330 7575 9808 9097 7797 8667 1572 
2238 8247 4217 7791 9195 7506 9818 3195 5269 6025 9945 2896 2478 5052 9135 3656 825 7863 1177 9349 5262 6580 7997 2489 6541 4620 170 215 683 6903 961 115 6076 2961 6857 8245 2646 6425 5793 3972 106 7166 7912 919 2299 6838 5731 6228 2521 8644 1381 2345 6904 8817 1702 3172 9645 9176 5512 577 8174 4029 6297 1098 3316 1106 7583 4877 6281 9954 2375 4255 1834 8502 2514 1193 3145 916 9407 7680 5580 4460 3722 6196 9339 
6705 9702 4764 7195 7184 5500 909 1557 5385 4354 8889 8213 4419 3801 2996 700 9041 8155 7202 2600 2523 381 4767 499 7481 657 8690 3798 1470 4667 4713 5131 4530 9819 5949 5999 8977 7716 9792 7441 6444 137 4596 38 4221 1234 9567 4128 2756 1439 9458 2780 6378 2861 7118 6093 2487 7511 9277 3706 8331 3347 4236 5519 9143 3524 9993 1327 8469 110 1985 2461 6727 2270 4973 3080 4357 3948 3397 7069 9740 6408 512 9186 4724 
5491 7497 7754 9765 7794 2876 8394 472 3798 4244 3658 5305 1509 8583 644 4968 5418 3651 1130 2234 551 8024 9067 2751 9157 6613 4539 13 8099 1690 4471 4645 6863 5199 4568 9181 5063 3506 6677 9287 3220 655 4814 3663 2148 2007 7978 9173 4602 9802 8888 4789 7839 8443 8131 1718 2358 4542 672 9387 831 1494 8647 2659 295 1126 3434 6653 5355 8526 9224 5374 5914 2847 1062 3536 5402 4602 6515 5255 5073 6704 2468 9970 698 
2732 4236 9859 5227 2436 9829 4407 9750 8870 5445 5737 9623 9870 1014 1064 7135 6181 6360 117 3196 9673 5501 1791 9597 2042 2438 3848 1584 6263 1 584 1383 8306 6085 3231 3782 681 5083 3977 8420 890 6371 78 7063 5476 8537 4177 9451 2657 3113 4146 809 5074 8864 7283 5668 5510 756 7627 3453 9567 5074 7688 5991 7174 93 6538 9608 4336 8537 1349 9574 1706 5009 8045 4443 7870 2962 126 1788 1072 1902 4500 3507 5770 
3110 6396 8475 733 8162 5851 1717 7708 3552 8779 1409 6455 8040 3952 532 8897 2260 790 1395 4650 4840 6787 620 682 3440 7680 821 8851 707 8197 3094 7961 1212 1594 6622 1358 3021 6174 5952 5836 143 3665 203 5586 6227 9754 4494 7424 7320 6810 1568 3605 364 2571 2172 3946 1526 3921 932 960 5091 1470 5168 375 8091 7586 8041 3255 9633 154 3543 1690 7386 1093 3757 1467 8635 1109 3530 1670 4515 4423 1826 7920 2670 
5062 9000 6361 9429 662 9547 8601 8048 4873 6941 1753 288 8988 5084 1470 7998 5596 6764 1694 5931 2558 5696 187 5527 569 7494 648 6286 8895 5475 1784 9291 8877 7841 6402 7299 890 4722 8844 3703 5937 3146 5440 3809 3362 7442 6073 5043 4856 8295 2667 2834 4410 9123 9239 2752 2411 8682 6684 2077 8746 6253 3296 379 7402 4011 243 5865 5198 2671 6233 2436 4378 7134 479 1780 1252 5384 6056 3482 198 3955 5064 3705 8206 
1800 2355 9141 7020 5274 2421 4658 6627 6681 2947 2704 8580 5204 2031 4702 3823 4817 7630 1093 4803 8133 9927 7661 8541 287 1203 1262 7870 8846 771 524 6643 6549 8828 736 6195 1593 9486 3410 5486 3293 5000 3138 374 3812 8928 4091 2078 5515 6954 7100 4584 2484 8351 9880 1010 6251 6400 1555 8542 3475 9470 3050 4946 4010 8410 7374 4312 9769 4260 7625 6298 7524 3601 222 5188 267 7446 2327 7938 6656 61 1104 1920 5997 
8654 1697 9974 7348 8201 6277 846 7528 8371 161 5032 8293 3204 4988 7470 169 5110 2735 4385 3685 6875 9771 3764 5719 5788 6939 5488 7394 9869 1463 8950 5644 907 8891 6193 4156 300 6622 8989 9839 8984 9484 117 5083 2022 6664 4518 3761 5706 5877 7786 6 6424 9809 6266 9182 1857 4915 1764 3738 3338 7500 9527 4273 2284 7242 7142 2338 2848 6686 2172 8121 4738 7387 4930 8847 6774 5112 6439 4867 1470 4713 6453 511 24 
7225 2167 9170 9042 6410 5948 4807 476 8778 6783 2754 5472 3319 8147 5155 1778 4120 4193 7221 5801 8996 3299 894 4569 7728 7982 2266 1251 2909 651 41 5596 4260 1483 2227 8836 1009 3831 9997 3311 9962 4070 7864 2008 7092 6096 2959 6691 5411 6244 3062 680 1150 5707 5173 851 5362 5008 4926 7308 5860 8657 3120 9140 6325 6974 5796 3829 401 24 9373 5870 6022 5075 3045 3265 6522 3898 4532 5671 8856 7559 6684 2430 6815 
1888 1103 110 883 5042 2095 5324 6298 3634 5797 6298 4165 97 9587 9600 1949 9651 7698 9541 654 7100 9316 4681 5578 5998 5222 4487 7169 3348 2074 8376 1601 4401 9968 2852 8845 8542 5355 8128 7883 6739 4949 6806 4416 4232 2973 6194 3340 3715 17 2641 4468 7918 8138 9581 4325 1740 1181 7958 2024 1866 6624 8794 9362 1678 9543 6426 8829 9071 5840 9829 4930 7885 2498 3850 2831 9626 8810 9594 4015 8496 9853 1456 634 2942 
3357 7276 4613 5161 819 6479 5160 407 4372 1119 4651 4293 6954 1603 9315 2590 9425 1097 36 5415 5938 1294 9430 2041 7768 8132 2072 9167 7638 5295 2046 3238 8764 2640 3152 6261 4017 9512 6249 8344 1134 7438 9445 9797 9201 4074 6451 2423 1689 7172 8710 7780 8815 3465 3613 9712 5215 7572 9297 8991 3029 8138 6159 586 7550 119 6970 4966 2705 1497 5876 7839 5106 7694 1843 1264 4063 9714 4816 3325 4810 9847 9646 7755 8217 
1836 8304 3461 58 9307 9611 2106 7984 2259 60 4967 2503 3954 1322 7393 5886 2404 3433 8719 9531 1094 9007 3498 7479 7228 3178 650 3823 8871 4864 5892 3311 9939 7215 6531 7568 4293 598 7131 6521 5355 7660 1019 1204 4710 5987 2227 2180 9683 4782 8233 9886 1809 7648 8001 5230 5894 6556 3853 7404 818 2319 4693 1036 8526 3822 983 5017 6947 6071 7436 1356 2713 3602 6257 6092 8790 1494 7185 9004 3541 4418 1672 7377 965 
8862 6611 5562 6555 1074 8891 9761 2667 1796 8789 6740 6355 6526 1140 6083 3258 5314 9255 9072 6784 7074 4899 134 748 8763 7039 1685 7960 79 6603 6846 7925 834 2423 3519 4203 1314 5854 4905 5961 504 922 7401 9661 6158 2037 1835 1866 9728 22 2153 6891 1310 9748 9371 7342 833 9542 2703 5009 2581 5185 9474 9080 7828 9842 6644 3067 4801 981 1555 8128 4663 4750 6478 1320 28 8182 6705 3623 2977 4837 9881 7858 8920 
5861 2165 9465 2261 184 5816 6802 6440 2257 3092 6071 3334 8364 8073 8285 312 1908 9777 8996 2549 2076 9519 9346 5747 5038 9603 6554 5191 9223 5089 1269 8090 8339 2877 6519 3752 4357 8639 6047 5269 1827 9609 3547 6809 7884 3732 7045 6460 2362 3628 7264 6272 2318 9000 7629 8663 5685 402 1317 8097 7421 8814 4933 4726 8987 555 2380 6102 6002 688 4166 7716 362 3826 1591 6162 3760 4376 1216 671 6184 756 8625 2689 6491 
8266 4205 6727 6081 4316 9347 5505 1715 6298 2783 3779 5342 5831 1739 2715 4825 155 1397 6675 8226 4265 2775 2120 2558 3550 9652 9496 1337 3916 1226 8472 2642 8292 9461 8962 4235 6120 7529 2180 3857 3834 2375 3409 4545 1572 51 4804 5447 6557 3055 8917 1587 2207 4143 966 3511 7016 1371 2422 8744 5230 1092 9615 7577 5695 296 9481 8637 5065 4565 4662 8815 4712 5423 5125 2603 9473 9758 6496 1092 4692 1159 5898 3620 5230 
9261 4793 9310 4415 2736 5675 4908 1189 7720 4631 1955 9306 9147 6313 9417 1338 4811 5340 2077 9765 52 4682 274 4327 2907 3111 7270 3805 7790 4344 4267 4457 6379 537 4181 7519 2321 3590 1854 4719 5266 7769 5220 8129 2796 6836 3257 2702 981 1073 5550 1045 2077 982 316 8233 9892 9293 2391 3909 1690 126 5057 6377 3199 7984 3282 645 191 2038 8412 6393 6331 1489 3951 8688 1977 8776 6500 230 9724 3124 5296 9632 505 
2217 2284 9406 1391 9282 2038 8867 1386 134 4089 1120 5161 5874 5300 5569 3621 5722 5479 2220 1233 5458 6844 8455 6683 6044 382 8997 1613 3241 8339 6814 753 5849 6322 9955 5456 7290 2354 6048 9976 4075 4794 1286 7098 7606 1500 3969 2916 5305 7924 1604 1107 6671 5442 5026 1877 8914 8166 5038 4558 2436 9372 8111 3711 8003 8224 5780 7217 8138 2072 5378 1265 406 369 5132 8181 4376 5682 6688 7760 7660 3889 9690 7340 4180 
9323 9706 2957 8748 1781 4875 4562 461 6803 6295 7654 3715 6518 37 8987 3593 2319 4140 7548 5117 9202 9117 2818 9641 5636 6668 4241 7443 1970 9403 4245 6271 4693 2022 7543 2702 5905 1980 7347 5097 5896 8413 9033 6659 138 4220 5043 167 6128 5604 3834 3481 8226 780 8618 4188 7095 9459 9207 6119 1972 5371 1392 953 5972 1489 938 4213 5780 6784 1479 5131 2705 1000 8711 2038 734 3679 9089 6084 5288 7733 5783 1201 503 
1387 8234 6014 8470 9058 3901 5082 937 3140 3157 2402 4928 2513 6330 2868 3324 8221 4738 5885 4277 7745 5088 7440 6287 7807 7026 7870 5195 1809 1133 10 9294 2366 7011 258 3433 7278 5532 6795 754 7113 6836 6771 9449 4742 8169 9051 942 4490 6732 8998 1891 4931 506 2823 3918 2459 9423 9185 3049 7795 4201 3036 4168 8026 4154 5576 5012 7161 120 3723 8840 1728 2309 6500 715 2294 7753 3001 4635 5472 6859 9377 9624 7719 
2334 6238 7911 4147 1552 5937 2910 2830 3823 3071 4388 1733 9520 523 4753 8026 11 3351 3551 2902 4666 3221 6334 8904 8 7338 3292 2239 8794 8275 5959 8298 4770 1311 5786 4704 8692 833 4919 8878 6270 9402 5809 5013 8004 2821 726 1388 4057 4384 9511 1448 7978 5343 9952 4476 5145 8526 6380 4996 4666 8144 9672 9759 9193 8924 8424 8318 7740 7393 3105 5852 5649 1514 3513 8765 3437 3717 7352 9854 346 5771 8703 7379 4512 
5799 1286 5282 4353 1168 1562 3768 6111 8965 3195 7818 2662 6262 2454 8928 3423 5933 8543 2000 2071 5907 3039 7230 3891 9342 2240 7844 8720 1466 3402 1449 2406 4861 6905 2764 5473 3714 2345 7145 4952 7586 1199 9886 7331 6049 3778 8004 4632 8303 3416 7341 7697 2846 5272 407 6505 5667 3985 8940 1778 3916 3949 5854 9986 4508 2820 5840 1859 4549 8130 7723 6183 6635 5652 7677 6171 9819 3542 2197 9973 9325 9741 5710 9331 4784 
