4618 5727 7614 1384 3591 2698 242 8484 9683 7464 
4692 9028 1269 7586 4812 1432 8241 9943 3244 6277 
3641 2445 6606 905 3945 4575 5394 2323 5972 6843 
5269 1877 4333 9775 6666 9146 7021 4635 4699 1814 
1077 452 4122 6990 5005 9267 3554 8044 6352 343 
9539 1142 8606 3402 4704 946 5545 9610 227 5758 
2921 512 4351 349 1384 3427 4016 3233 7670 7974 
3085 8097 3584 6306 2497 5767 6625 6265 2660 9036 
7077 7237 8904 2829 6413 4499 108 2036 4315 7014 
6417 1629 6851 7261 8074 7960 7684 1882 8957 4340 
