5918 4158 7545 3724 4080 7321 1881 3482 3540 2760 7198 4004 2434 1236 5493 1584 8448 3911 9384 4864 4696 750 2075 8931 4784 8644 1837 1423 3247 1540 5878 4764 3986 182 7598 9967 3427 8950 5089 8465 4579 4656 915 524 468 8438 6133 3246 2978 2568 
6904 997 7077 4897 28 8073 5198 6655 3829 8303 3969 1201 8306 5898 4279 6993 6002 8507 5372 4690 3675 6021 3860 7157 6850 7465 7494 7073 7507 7433 43 4787 4300 1180 1433 489 4149 2329 4746 2672 8530 5522 3252 7164 3898 4005 7215 9167 2818 5893 
8831 4087 6810 7299 8948 6488 4935 2916 2843 3183 6520 9499 4347 4879 7269 8768 2996 2585 5869 7829 7700 491 3824 7540 5531 6129 969 1587 8796 9952 1916 3218 5898 5709 9631 8774 4848 235 2761 7402 5069 16 6955 5093 8551 4428 5806 3996 2634 3200 
8634 7965 6750 9541 8687 2835 5301 6551 8231 2927 14 4554 2231 7977 807 4676 489 2604 1405 4139 4566 9947 153 895 9399 9855 3154 4727 3367 4422 1229 836 5105 1302 4093 8687 1441 3787 826 4976 7489 7508 8405 9502 9710 2160 2759 2993 4997 9102 
361 654 5035 4652 3994 5017 5709 8534 7375 8106 9302 7358 7340 4419 8768 1019 220 1766 231 851 8876 5195 9983 8878 188 6621 2211 3869 3532 1699 2785 6410 6960 9436 4068 7413 8576 7991 5169 8050 4683 3406 2486 2371 4571 3588 7091 4877 2169 1291 
4933 5252 9955 3183 2255 4802 5621 5314 597 2161 9161 223 7578 4613 4542 2785 4475 1960 4348 6546 5779 3020 69 7936 1443 8134 2147 8044 7877 1454 1905 9599 4858 6098 5714 1202 2677 9048 785 447 1507 8062 8982 5562 3479 6183 4170 7035 4036 6351 
6898 4587 8377 6097 3215 4469 6590 3214 4821 9483 9416 3555 3225 3638 8456 150 1122 8943 7121 7523 5683 7248 4916 692 1750 1637 9408 5460 3657 728 6964 8972 3784 1180 4481 7902 3228 3409 8727 6267 3838 3005 3509 3418 6942 4821 1561 2212 4584 3794 
3974 8844 7384 5706 1613 8938 9305 1412 5836 2313 8174 476 6921 7700 241 9620 1125 4405 8879 3636 3306 3831 1595 3832 9280 4351 5417 4223 1372 2642 4533 8028 9562 4934 8538 3294 4385 250 2978 8066 246 8582 3837 1700 8082 2178 1584 9443 9492 6681 
4714 2706 9144 6821 1899 2507 958 6288 4952 7165 2452 5902 6982 7809 666 7051 7675 9940 5259 2279 4509 177 3860 7407 2374 721 119 4817 2551 4208 8588 5727 9660 178 2230 907 1389 6994 1364 3725 2694 7026 2056 3183 2533 2794 5372 7621 2674 500 
8050 3546 1526 2983 6234 6371 5509 5586 7443 70 5447 3643 6973 4207 7851 4792 2563 6859 2459 5887 762 9650 9040 6266 5803 1950 921 3843 7379 1027 3281 2088 1019 3047 1859 4350 6288 5275 1875 45 3559 6531 968 8090 314 4480 2481 9681 3439 323 
7642 1427 2666 3255 8839 1152 9950 6382 4905 509 3931 8263 3672 3990 3365 1599 5431 4411 5781 4354 958 7620 1572 7729 5933 3538 3382 2826 5011 3194 599 3766 8219 1679 8961 6782 4029 5487 9224 417 2809 7899 7488 4378 6285 7188 6441 3533 2931 7658 
6480 4210 4113 223 8869 4372 5997 679 1961 4352 2914 8343 9007 6642 5198 7662 9806 3598 5335 7834 7393 7237 7884 8909 6325 9427 9831 4634 1954 461 76 896 8585 4502 2171 5827 5399 8620 2959 6319 6090 4134 7192 8545 8452 5796 4701 373 7836 6069 
3427 7040 8936 7326 3004 35 5583 5820 1728 3069 9943 9854 7220 8780 9990 7576 8449 1077 3713 8172 8009 3912 4448 3714 9279 8862 9682 6065 2593 8593 7980 2856 9306 1361 4162 1407 7144 3568 4318 6930 6041 8151 2844 6774 3746 8119 4063 266 6478 9585 
9688 603 8699 2026 5144 7302 9677 9626 5356 540 656 5453 2159 255 2440 5594 6347 4641 4096 4424 9901 5288 2723 7225 6186 5672 9049 629 6855 2094 6649 9542 3796 334 8984 6302 9187 8778 1563 2062 2468 7867 7761 4571 3269 4022 7038 4007 4815 5971 
7113 5562 586 2410 8628 5218 8410 2997 1170 1126 5574 7759 6578 3043 9581 7593 4681 8546 674 6017 4755 1262 5696 9015 2802 6327 3897 2141 9109 4156 4907 2235 5495 176 7102 1419 8567 692 5246 9234 5254 8838 808 1901 5192 5949 762 2030 5515 7598 
1014 571 5866 7287 8508 7759 2309 6270 2230 9109 735 6995 4215 5068 8936 2031 4968 3067 5997 3525 8095 9648 7522 1381 5176 2283 8830 1339 5616 1839 3707 3136 9639 4219 9873 8953 8301 2841 8378 796 6534 360 1991 4342 1842 337 9982 3059 694 1629 
3438 8477 6170 2907 3872 538 9370 668 7919 995 4885 2073 2516 2107 8929 3590 6708 4461 2055 7236 6187 8236 1295 8216 1542 1303 2730 6355 5647 1749 7921 981 9001 5799 2750 6864 7731 5446 1314 2724 763 5764 5098 2253 6020 6398 9437 2933 7318 5803 
7186 622 4108 7233 8048 8448 6631 5107 8015 1657 4743 6129 1911 4698 8131 5410 9927 1363 836 3371 3167 3746 5353 7051 3345 624 3378 4876 6384 612 4870 347 1156 5038 5013 4230 2124 4640 947 1525 905 171 806 8820 2849 4917 5318 8496 1421 3662 
3860 438 7090 7027 9312 3521 3823 7302 7563 2543 7774 2663 4228 1005 8876 2653 6607 295 4311 1168 2199 2144 8834 8585 7472 2548 2081 4440 7727 9810 9053 9106 8097 5510 8140 6158 9134 9854 8277 1866 2619 8385 8385 7908 3676 7621 4090 8000 6012 8925 
952 2596 4195 9328 6722 3284 7902 7765 6383 9730 7083 3503 8416 760 7308 8296 7840 6250 7107 5869 9492 8159 3076 6525 3605 9687 4871 7444 543 7442 9157 6443 662 6541 8887 8816 1994 3116 6745 5879 3980 8598 4798 6692 3653 29 5539 7928 6440 8862 
9993 483 7933 8069 7753 4424 1362 8953 1655 8431 6660 8472 8103 1663 9520 3685 6934 5797 1236 2131 4557 5705 5289 3563 2097 77 4231 872 7328 7779 9719 4703 6357 5373 9742 7861 8612 5999 3223 6522 2594 6310 1639 9768 5888 606 7691 9787 1359 5094 
6714 184 4051 4783 8724 3189 7301 2671 997 3628 8455 3040 3985 4618 141 3291 8596 1834 9610 3383 943 1579 4817 8094 2995 2661 224 4035 2217 6679 5442 4327 5665 8725 5529 4624 2185 9912 6043 4216 2983 8510 22 3200 4105 3512 8868 5185 8926 3089 
2262 1798 3581 9340 9221 771 8906 4739 7037 1070 3204 9752 6456 4191 6672 8149 7599 9331 5943 2078 4786 1597 7423 5033 5621 3974 1477 5574 2403 3442 3395 1202 1767 5611 3625 9482 7327 4143 4886 6994 7580 8918 2805 1110 8520 1062 4969 6495 5404 4528 
7036 7102 1712 5856 6137 281 1530 4031 4456 483 2471 2717 1758 711 6639 4470 9136 493 8131 8118 7981 5408 7135 6470 2535 9082 4305 8426 736 2688 3572 7240 6857 1992 6042 7862 542 5658 6586 4399 5265 5074 4553 6978 1893 6206 5306 318 4936 5103 
3983 9895 4841 7256 8025 961 2902 9162 4671 3435 5275 6729 8581 8363 2620 3130 3375 7084 7522 3849 6764 8312 281 1806 5787 3706 548 2374 9510 5755 2019 9634 302 7390 6402 3743 4660 8239 2298 243 7488 2546 8434 1909 5067 6052 2454 6635 7729 1700 
7969 4523 6292 5783 6455 5714 1023 8734 4808 6895 9655 8553 1631 3984 1167 1238 9996 6171 7588 270 3787 5429 1886 5303 4380 2948 8714 9381 1412 3492 5428 6900 3739 5803 3227 3147 175 8692 6176 3942 3210 8057 6227 431 5797 5011 581 3029 6828 8973 
1197 2068 8116 6755 7822 9613 7716 9245 4517 2166 9807 3695 9175 563 3906 2164 2139 454 8788 2813 5027 2241 6484 3778 5513 2096 1594 3337 7378 9082 7968 1594 5708 3821 1040 8096 9529 9337 6396 2135 4339 8058 3900 8989 1413 8208 3817 1832 4867 1136 
1230 3736 8757 6229 8668 2630 3560 3429 150 3033 7817 2501 1498 5629 5734 3195 4174 182 7507 2702 1375 5177 5197 900 7725 9169 1923 5229 8117 8911 6943 3362 6391 1655 5019 9497 19 5868 3272 7068 8934 6719 3213 5463 9456 4386 2051 9682 8369 7145 
4118 3122 7524 5681 391 524 1065 3795 3147 1157 5175 7247 9218 8435 1055 5246 8360 9725 9714 8339 6903 2951 8263 5342 762 6044 74 4050 6725 5148 9279 4871 4848 8425 6092 4268 1828 6331 1026 6546 4022 1396 6007 8639 7278 5816 9400 7222 6149 4164 
5523 3815 2143 6375 4197 7170 2296 9991 4485 4881 1990 5543 9625 7367 2682 4016 9775 7147 2708 357 7908 8688 4400 3508 3362 3468 8647 1538 5840 2202 9557 7951 1296 8575 1076 5912 3470 6793 3446 7404 225 4548 8584 7068 8955 8885 3282 6731 9411 2125 
1145 212 1437 4346 9760 2342 1030 2477 4449 5264 4493 4268 3155 2563 7392 5555 853 9058 2326 5979 8776 8050 7674 3551 4122 8332 5270 4176 5006 4129 954 9917 4238 2582 8807 471 3440 7884 4049 8536 1225 9173 6490 3021 190 2089 4987 4816 310 4089 
5890 9007 5490 3128 2426 2018 6668 3196 2448 7147 5578 409 3170 3092 9618 7482 5188 3709 3820 7303 2767 2767 716 8276 6893 4455 1836 5605 8003 5937 9560 781 2118 6417 3574 7676 2012 7731 5589 1537 1498 7900 1977 5063 3528 4612 6101 3336 9318 6202 
4718 3484 7592 7272 2893 7762 7505 7005 6392 4840 5624 3451 5368 2908 4333 7343 9994 8269 180 4422 1677 2139 3545 309 5600 4220 9428 782 5808 3422 5056 8738 2531 9391 618 2317 1406 480 2735 5244 7246 1645 4090 4829 9447 2027 8624 8061 9105 1628 
143 4900 904 3443 4267 2594 971 4374 2029 1959 648 652 90 1144 1214 3767 9410 6838 2888 4105 7946 2723 3766 6450 189 8813 97 3701 3810 1500 8720 8034 8948 8715 5228 6489 5553 2308 427 215 1393 5537 7295 15 4605 4395 709 4792 6520 4604 
3684 7705 9088 1695 3343 56 9831 5410 9814 1532 5564 5349 764 7 2148 2789 9356 7677 2263 3559 4628 2113 1826 9968 2076 542 1181 4533 7943 191 1672 602 4298 8039 4663 3900 7712 1192 3596 9198 1042 5008 6483 7632 8927 2331 1736 8520 5138 8100 
3102 4191 5967 5322 4454 9331 4090 7699 2953 5620 1616 9134 2478 5159 2985 2999 1077 559 9262 8114 909 807 9619 4240 8831 9947 6696 9921 9525 5572 705 5267 2942 7642 3959 5292 1193 6141 6556 2898 7148 7201 6316 5855 7398 3397 5469 6801 2243 1715 
1646 2520 3166 8600 5658 4670 7826 3534 768 4585 6249 7348 5434 4022 9305 4785 5600 269 139 5135 387 5973 8798 5462 5880 7925 2638 7032 2156 948 4305 4399 6632 3822 762 414 3449 5195 5013 6253 7307 567 9525 5314 4352 8411 1360 3465 9414 3504 
4002 8306 2690 7222 4951 7558 1387 1135 8728 7300 9287 5837 9381 9155 3039 1337 2004 4977 7840 8860 9670 2249 2151 2927 2853 5267 3258 5689 6679 1562 3818 6842 8622 8196 9507 8378 5595 7684 8445 1905 1105 9446 3445 7283 9620 6766 6678 2686 6604 8171 
7608 4000 4582 3358 7756 6079 658 9379 5337 4864 4483 3767 5513 2927 4304 4872 6968 2659 65 7957 7135 5889 132 782 5177 4102 7996 2727 9700 1623 804 9537 104 4073 8393 7954 6125 7354 3148 6984 5599 9829 9589 7068 3151 1207 4342 7725 7026 4784 
891 6479 4371 8441 5014 4139 1310 8936 6431 2145 4423 944 6522 3107 2613 5682 159 4824 2924 4211 1328 9189 4001 9286 2788 4766 751 226 7380 497 5500 5909 9529 2103 8940 5152 6235 3435 5819 2925 7748 7992 1548 6782 2726 7860 3740 3771 1721 5281 
3954 717 7797 7629 913 888 3736 7964 233 6597 2283 4919 6877 1037 6658 2962 6702 5980 6759 5689 662 7210 7656 7628 5049 8710 617 9443 1245 3773 6269 8153 4644 7461 6687 4909 8424 2004 8311 6421 8486 10000 906 5968 4667 8129 6297 2234 4104 302 
5384 9764 2324 7819 4744 1085 7552 284 88 9331 7612 8120 2145 3263 7138 1686 8459 8275 8602 5710 8149 874 4210 1306 1356 7576 4524 31 2754 3 2006 4890 1592 894 3060 4431 6949 6924 9183 1362 8758 9116 3479 2783 5983 8027 1664 1865 3214 7876 
5701 231 1981 2946 9635 5430 457 6499 9051 344 7087 7919 1862 8177 6971 4966 7362 9472 6399 2787 5108 7819 9383 4851 270 6972 6268 9614 9978 4329 6469 1312 8674 5644 3318 4082 1221 2343 9023 1816 6686 7971 927 1673 2311 2101 3025 8978 8221 2562 
3866 6169 7177 6058 5244 3663 4710 6197 8853 5371 9789 9159 8011 4274 1771 6861 5145 311 6380 6703 3605 7309 5291 598 4909 5646 4047 1861 6500 3841 7401 531 8968 7778 2763 615 3949 8581 4462 4343 2066 6052 5080 3530 9900 8252 7753 997 1164 6708 
1576 75 1841 9247 6345 7889 4413 9780 4305 5049 9781 9151 9335 4878 215 7466 6239 9169 6425 7469 8316 9076 4200 4608 8145 4728 4671 8845 1477 7748 6019 9657 2711 5484 325 8 5157 7876 8825 6470 3242 9566 5766 9439 1989 3102 5668 3874 8786 2093 
6845 1214 8140 8283 5805 5779 4342 3044 8257 8517 3260 7325 9230 9588 2978 6889 3714 5490 7765 1383 8299 8893 6004 3130 1668 4638 5730 1916 7374 7155 2374 1582 4979 6652 9044 3903 8768 792 3002 8246 2680 4703 3672 7633 3791 4196 2918 1067 9375 2576 
1686 6183 7289 1653 2542 8843 9422 192 5393 9095 267 1977 5189 4806 7986 8457 6525 6687 6999 272 4620 6569 1240 2528 3882 9794 8279 8003 1614 5863 5035 5515 3837 5739 2147 5108 517 5242 5394 8949 1308 444 8381 2515 5812 9621 3955 8952 9692 6546 
1872 5968 3509 2907 5412 5985 4020 1945 8265 9656 4444 7873 6006 1348 2900 171 6388 2623 1103 2609 2046 5069 519 7631 7069 6910 3708 6434 3449 1500 1745 548 7664 8845 9480 4032 2067 2103 7797 9754 5426 5337 9538 6434 4168 3093 4387 5024 7685 246 
1255 1615 4360 2219 6203 3407 8098 1446 1951 1127 2896 6367 8990 1700 344 2504 7680 6091 8226 1993 5093 6734 3082 4870 6888 337 2401 8723 6698 3274 2863 2619 877 8050 5474 5014 3263 4976 1999 8323 8271 7717 4614 2542 4691 3815 3407 5603 5005 5682 
2794 8864 7719 6163 4741 6898 4900 1589 5407 8960 8989 6502 7320 7564 4792 2175 5164 1274 9657 2854 6674 7590 3364 7112 4338 839 1471 2882 732 2946 7091 2616 437 7912 8663 6424 979 5185 1435 3042 2784 331 1112 6625 8825 2640 7711 7116 774 8445 
