9041 6195 5793 5038 7625 5504 7295 106 3751 54 1146 3430 6736 3579 4867 8320 247 1062 836 5032 7580 8411 611 8073 4484 6962 3323 3648 2913 7443 
9264 3359 8167 9830 7940 9892 6322 2000 7142 1548 6036 3526 4338 6581 4951 9574 8826 5731 7299 8802 6253 7502 2489 5777 6962 150 4506 9006 9112 6973 
9016 4601 7093 8212 3503 1613 6234 444 2258 164 9940 777 5610 5510 3242 516 6855 7986 973 8181 6647 5477 2350 1547 5936 8198 1508 5060 727 6490 
5340 5172 5750 9210 5012 9741 2145 8117 1370 5957 8226 718 9224 6865 1624 4256 2507 62 4543 5927 4054 5206 3988 4806 5477 7114 5923 5488 3916 1578 
1788 3528 9012 6489 6091 409 9904 8359 6129 5248 6109 7478 1621 5219 5848 3129 1724 2925 8199 6107 1219 6845 8308 3599 466 4560 120 7867 9206 3998 
1727 946 6551 4425 2920 9842 1367 2873 128 4849 3221 9181 1568 8861 7727 7782 7607 4287 6738 413 7198 4804 6423 9946 902 5105 263 1344 8328 1349 
161 8454 7529 3974 2891 9393 2049 8502 2020 6569 5713 1931 6188 4766 866 2481 3226 554 9383 194 6257 4609 7103 2260 3177 2976 8630 2474 1935 5931 
6598 9353 7294 1293 2875 9899 3474 1473 1837 4697 892 6531 2795 1916 410 8784 3618 5424 5496 9676 5695 1454 4344 5101 4548 180 7365 1393 8574 6413 
2851 8634 9496 1709 5666 4805 7760 7194 2372 5457 5226 4999 7604 380 3583 394 8301 6390 4224 7206 3185 886 2657 4726 6151 7832 8552 4417 593 4657 
591 9409 130 7520 9347 1202 7806 3070 2217 5884 4286 3239 5352 1914 6947 7646 9339 381 6683 5403 9024 1163 91 9435 8176 3914 1620 4732 4132 9246 
5632 6889 8594 1560 8618 4175 8397 7792 1814 3575 828 1886 915 3645 3910 6962 4391 4644 4560 9731 8021 7722 2815 1256 8298 8779 5118 1760 2976 4643 
5784 8430 4232 4788 2471 7881 105 7251 771 4820 1382 6240 9232 4947 3628 1787 6079 9351 4500 5001 2036 1477 6980 2375 761 5678 6350 9277 4495 4847 
3975 789 3941 351 4636 2353 6201 7481 7423 2202 3687 3678 4080 1649 3883 948 9383 5790 1930 5020 1540 5888 5297 9664 8915 8120 7748 6664 7800 5934 
4446 82 5299 9368 4991 4086 435 8499 9351 4703 6154 2046 9801 1553 115 6363 286 1432 4608 5967 3156 4445 1118 8336 9601 9127 4513 5988 6643 6486 
4466 8342 4653 51 3210 7879 2978 5003 4796 4283 3675 3910 8172 7930 8842 9276 9739 5542 6144 2578 4992 4827 6077 6742 9326 4262 6700 132 3615 7176 
6251 9136 9448 5386 8994 9309 4027 1245 8481 9807 8224 630 2481 5373 4352 893 5595 546 6317 6826 7246 2182 8740 7452 8034 6739 5244 7336 1514 461 
1578 297 1516 8152 7405 863 7809 7883 3956 9315 7805 2774 8150 7235 8764 8084 1335 2805 1058 8061 3808 1533 8314 1791 489 72 4729 1033 8072 2683 
5762 8160 6501 9868 5564 2347 9251 3763 8341 5118 922 4013 7973 5117 2704 1764 566 833 420 3217 6309 1909 462 8063 5350 4202 675 7339 1266 9096 
8526 2007 4224 7122 564 3695 9593 9484 4935 5544 774 2406 745 3355 3991 4155 1717 288 2138 3498 513 6932 2230 8570 970 8959 6164 5622 7063 9922 
128 1804 4460 5673 2014 1337 1472 8899 824 4060 9112 1953 6312 4597 6844 7333 7070 8817 9732 4499 83 1368 4337 1801 6435 7634 6095 8848 786 1614 
8408 9142 2422 7992 5542 1801 4509 7179 8945 7595 5995 5048 7517 3356 2940 9584 1597 5342 660 2746 328 1440 6019 3856 896 6332 8932 6404 8464 5696 
1093 539 7830 327 2550 1473 8814 1527 2225 4140 7195 6421 4142 5269 8976 6151 3442 5875 3537 5850 7475 8406 8680 5336 3185 2917 3923 4100 7200 1178 
3148 8581 8562 6218 7678 837 9910 4728 6306 1666 9035 521 5102 452 8729 2706 748 2118 2048 512 1202 1437 8434 5665 1784 2138 2240 2109 6122 5821 
5060 9569 8353 848 8557 166 5373 9266 4775 4194 2861 7076 915 8971 5283 9129 931 6272 6826 5804 420 590 1694 7903 4135 4309 855 6953 4248 7752 
6505 6801 1051 3993 8667 8387 1805 297 2768 1855 6153 3688 2379 7288 679 3008 4926 4891 5823 8450 5527 2006 2669 1608 6919 6440 9996 1585 2176 7771 
5093 2475 1188 7135 8385 3168 9484 9108 4036 7842 5263 9333 6339 5374 1762 25 399 6490 8281 2731 7491 7346 939 7432 8644 2301 9178 4899 3090 4156 
9630 6808 2804 3731 2123 8258 7784 6752 4765 8605 9788 2446 7203 1986 1178 5131 7107 6008 5531 4792 6584 6962 5593 7395 7440 1209 9195 1675 5396 1319 
347 7730 789 9371 4275 4918 8985 8147 8986 9550 651 8027 4757 8412 1916 2309 771 8918 5420 696 7808 7486 3314 6851 9080 9058 7854 3104 8441 9973 
3287 3981 8223 9239 5172 516 9662 9217 9383 3105 9106 4517 255 6539 6216 9157 4764 7255 16 1545 472 2862 2696 2809 1957 6404 405 5861 3357 7343 
8762 1532 6394 2551 1374 6029 710 9082 1892 6362 7271 776 1542 7448 5404 363 4229 3786 2527 1957 6603 1207 6043 2200 1305 7147 1763 749 1140 4820 
