3867 6236 8920 5640 2212 9015 8822 3860 4585 5121 6144 8290 8234 4876 2877 8030 9249 2179 1325 7740 4521 4203 2680 4861 8364 8897 5294 2573 531 1952 6681 7702 2048 2128 1537 7313 775 1065 669 999 694 2075 6678 300 5633 1961 1228 2757 210 8577 1093 185 1857 9616 1612 727 5582 6152 9285 8033 
6449 4978 2757 5171 7117 8260 1358 7090 3442 710 5872 8144 3884 7151 9644 478 5442 4200 915 4250 2544 851 1891 1496 4725 1993 6752 475 1049 42 8314 3904 2810 6822 7873 3743 2910 7269 9233 9212 6249 8608 5325 8608 8395 3577 1761 3941 2952 4249 5974 9895 88 9219 4435 2616 7215 7982 6790 6940 
2125 2149 7548 4770 837 674 2673 3742 4690 1287 2152 696 3847 2426 878 2028 317 6736 7956 4848 9746 574 4909 1483 9113 8241 1229 273 7362 2258 4574 3169 9552 5611 645 3009 7505 9306 600 5166 5430 9243 7960 6220 6267 2217 7101 2341 8681 1210 9851 5390 8810 9083 6641 3487 5449 5406 5834 8222 
7631 7936 9642 8486 3509 2514 6238 2435 8485 7663 3397 7423 3523 958 8220 3177 8007 6609 4894 8223 5384 7869 2368 6900 4035 3227 1513 4656 112 3791 8561 469 5779 3718 9177 6642 1617 5311 6243 6619 8013 9800 5007 2167 5313 3738 7023 2604 3582 9223 6433 518 9758 8219 345 8072 8312 9390 1565 8145 
3795 7234 4391 3453 9378 2619 290 3740 1915 9950 2678 3552 8788 3079 1925 2767 472 2434 7068 3188 9032 8103 1389 100 5229 2963 6434 3650 7673 6365 5356 7212 5780 3035 5866 4559 2250 3513 7748 5698 1342 654 9126 1165 2850 5198 6622 3019 5402 2348 3758 9118 489 1304 4929 9832 5222 4466 3659 8316 
4479 6329 998 6727 7604 6456 9717 5376 7855 8401 4066 5506 906 6303 886 4196 9197 9498 6433 4694 3903 8627 2411 6182 2922 7240 1120 7791 2105 3517 8051 8200 7781 4959 1612 2067 931 8031 9110 8227 1815 3134 6207 3038 6723 1613 2246 1198 228 9360 1359 2802 4407 365 9609 2726 1607 349 9272 2816 
7992 4577 3339 6466 4930 4640 7310 4092 5542 7169 8357 6151 7760 5934 6324 2319 650 8192 2710 866 1472 2657 1998 5738 2032 4640 6463 6174 3238 1264 8525 9229 7870 1331 412 9865 5227 4222 4152 8480 590 2281 6715 6372 95 4725 2404 1100 2258 459 7786 9463 5293 4410 8076 642 1346 3206 604 2546 
666 3632 9714 8850 3177 9068 8562 2197 4672 4264 5792 5023 492 113 8333 3207 8876 249 334 8508 1169 2405 3377 5149 8924 7173 7150 3532 6563 133 5098 4666 7603 1296 1485 5046 4327 681 9494 276 7959 7300 3576 6040 4954 2805 6994 1590 2698 3505 4026 7896 4299 9092 4443 7704 7065 1693 997 5608 
7001 215 9475 4239 3994 9440 5093 6596 8353 8850 9510 2298 4024 2184 6809 6328 6859 2434 9707 4066 8870 9024 9740 5426 5730 3943 1589 9354 8844 4222 6831 8320 2977 5745 685 9855 1014 5569 8566 466 5431 367 5122 793 7425 9210 6649 8541 1061 7857 933 2090 8412 1823 8671 183 9130 9767 9313 4652 
2949 6915 1670 7613 7400 8601 2703 9508 2498 6690 1609 1179 3188 6215 2351 1942 9543 6731 5297 8874 8562 64 3279 8693 5978 1645 7708 4596 6100 4760 749 5482 9367 4448 7968 8648 7096 992 4844 5690 786 9896 4773 5123 8291 1673 9039 4990 9146 3722 7135 9994 7648 8673 3781 4857 7672 8908 6059 776 
5550 5367 3486 8409 2484 1624 6376 9826 3644 9877 6428 4578 6373 4049 2556 4043 9422 8416 4011 4094 7489 3008 1327 8917 4883 2133 3086 6855 1016 4874 6126 5594 6684 8271 48 791 7482 6962 4792 4066 9416 2947 9473 5244 967 2515 3395 2168 875 9833 7368 5965 5366 7150 2551 284 9165 169 373 9737 
3621 1790 9780 7247 944 134 8150 3139 3207 1541 4578 1030 356 2092 1781 3073 1729 647 7663 3626 9352 4079 6260 8337 8650 5507 3053 3915 6230 1713 147 5392 6251 1549 4839 3195 486 5134 6329 8442 5709 8081 5206 7479 5457 2975 8139 1274 7660 525 7487 7386 5790 3984 5142 492 5625 7425 6700 4735 
9730 3213 5029 5678 3399 1753 9867 7962 7101 380 3435 3515 6369 5717 5335 2996 4908 1948 2468 7770 2273 3278 8825 8281 3124 7432 6279 1794 8867 7266 1137 6980 1151 8220 9423 1767 7242 4072 7834 9613 4164 3218 5385 5273 1853 5676 6089 4570 1418 5478 2962 9113 5312 9955 9232 2972 5020 1276 5845 8382 
215 5746 7819 8625 7283 9456 4253 1797 1145 4408 4541 235 4471 6603 2744 4205 2710 154 3326 3778 5648 8628 1723 8275 7082 274 5116 1745 9164 8225 8503 7562 9812 4644 9116 626 6372 4809 2343 4791 800 8259 8524 8265 7651 1983 897 7047 4451 7685 8332 9957 7850 2956 797 548 1328 6153 8745 6778 
5796 2132 522 1971 5400 5434 1752 9598 3267 3312 8299 6877 8139 9424 7405 6840 5081 1260 5741 7870 2323 8615 4200 2556 1408 8526 9757 605 5915 564 1983 5733 3446 8650 7582 1830 5795 9407 4069 1904 8201 1580 508 2242 5252 9314 3252 8298 318 5924 1317 9638 3810 2730 9629 3942 954 9649 817 6642 
8278 8836 1308 5450 1997 7530 5563 6606 8829 517 5679 3363 9710 9459 570 9839 8244 2434 64 2001 9431 4649 2918 201 9552 2678 7027 595 8469 2091 9073 7944 9104 1577 1460 34 9112 4207 6869 8720 3224 6554 9071 2985 600 9137 9237 6360 9308 2800 3404 9240 2239 753 8647 1749 5886 2749 9443 8648 
3290 6103 1580 9621 2213 2655 2540 294 9229 7262 4419 1803 7102 3770 4567 7147 6789 6413 3043 980 5455 2710 7877 9450 5062 4162 3510 583 2762 2180 9347 461 1160 5842 2950 6284 397 6139 2204 4215 3502 1740 6565 9153 1119 2230 9314 4665 3592 5285 6938 4276 9956 1701 9870 7037 7160 301 2807 6780 
2960 7329 1012 4319 644 5807 3026 835 8670 6472 6823 747 3198 5319 8956 8541 2680 4104 9580 3697 5493 9562 1904 3707 7368 6883 2123 7650 9663 7995 8088 8711 1786 799 7185 5641 8215 1759 6324 1437 484 6209 3073 4472 5506 8351 5759 7971 2274 6014 2099 3854 6046 5998 514 6403 8838 2735 8774 6060 
5286 3216 2350 8361 5919 156 9199 5893 4369 4273 9202 9385 7094 5340 8739 9246 1801 7119 688 7724 7523 492 4259 3954 7073 4238 13 7273 5230 4396 1450 2623 4366 1309 4814 1549 2560 8474 3793 3115 5632 3423 5437 8270 1059 24 1982 5986 1054 7737 2311 7788 8796 3275 7173 6513 3358 4031 2663 8364 
5578 4784 2373 2189 5904 4025 5244 9648 3059 4515 8313 1066 6475 2999 302 9323 1636 183 1689 7210 6706 4186 4325 8669 8248 854 62 9432 8847 4631 6138 1534 7504 8755 235 53 4396 678 3031 3399 9031 4977 6892 5090 117 8065 9706 4628 9353 9111 3834 5152 8734 5572 9390 3369 4860 3395 3713 1862 
6506 3415 6806 1804 3210 7286 978 206 1512 1205 8124 5805 3956 2661 5793 3392 1941 3052 9986 3253 8596 492 7181 4153 514 1888 5933 9866 2334 7719 8224 3010 2872 8587 8139 8804 4089 1722 6934 5260 1442 1463 3036 2485 3143 3357 7288 6546 6596 6592 9552 2087 5450 2541 5276 8525 7469 3193 2136 908 
5243 8653 3121 4663 9785 8310 2184 8182 8695 1139 6558 4545 8647 9109 8068 6957 6963 3445 6631 667 7780 6224 7826 3487 1127 3363 8548 7978 8732 4768 8464 7196 6044 4865 4057 9562 1137 2328 1377 9588 3679 4191 3953 5852 6626 8229 5735 9693 1552 1083 7175 525 9635 6213 3873 9093 4637 5967 1204 7606 
6082 9405 8751 158 79 6147 1404 8068 9916 4073 5337 1297 4454 9555 1111 5444 2996 293 7055 8582 4347 6865 1396 4526 7411 3715 2184 5228 582 9558 6189 2210 2482 7637 4455 4153 3296 3267 8498 3438 3705 8735 9171 9434 562 7323 6801 7509 9139 6897 1719 4172 5601 5146 6997 8984 6214 7683 1809 8257 
7771 8900 2108 6013 4972 8053 9547 8695 5150 1634 2099 3526 1221 2150 1784 7340 7238 8736 6716 3792 9725 4979 6342 2754 3418 7583 4435 2403 9544 4245 274 203 9636 6312 9246 8450 2580 6014 8701 6481 3660 8022 9950 5024 2886 3034 5065 593 7956 7425 4618 4725 1589 5034 8948 8196 3679 8906 5602 6705 
586 6199 4654 7985 1910 7183 8370 3826 3955 2169 8268 3455 9656 4906 7186 9674 6333 5358 1458 5187 5257 4476 9393 6107 7621 859 3500 5562 2704 1159 6886 4469 5931 6790 7592 5544 2516 2503 7501 5193 7697 7224 6049 4073 208 4608 2757 7440 5257 2321 7422 3531 8597 2651 6494 1584 5712 7833 7108 3557 
3415 59 348 3820 5284 869 4937 5130 2787 1896 5870 4880 166 831 3150 721 6187 9194 8430 6287 36 7095 9424 8796 3897 9100 4932 562 5473 5246 7340 3761 7623 8713 6906 4600 9285 1768 3752 8597 6380 7426 8616 2122 4648 2113 8204 9321 5886 4435 9030 6104 4406 252 8402 6826 7415 3107 6787 8837 
5149 6882 1824 3557 5341 9579 8894 2005 5466 8899 4674 4717 6459 310 2481 8621 1090 593 8099 1856 4188 5319 3200 2028 9439 4728 7108 3397 2419 7588 2642 1697 2543 3428 2044 6221 5374 9526 1439 915 2624 3382 4582 9625 7193 9200 6873 8073 2006 1600 466 3122 4290 3339 3614 8216 2284 3203 2756 6696 
9956 5322 4089 813 2878 7401 3568 442 5005 5359 7631 2615 6885 9793 2830 3331 9503 8891 471 6643 5735 4959 8221 9493 3133 5924 3704 5831 3535 3370 7492 2002 9552 5892 3567 4622 9626 7555 3928 2272 6570 4016 1787 6258 9234 1662 2682 6512 9952 2475 6713 813 7635 9173 5941 3449 9735 1041 2321 752 
6078 10 2217 6485 3007 7340 7161 7889 9648 7288 8085 5955 8367 2456 6255 7675 8697 9923 7286 8364 9151 830 8275 4884 4136 6345 4502 3449 4854 8429 9372 3911 5301 8854 3990 1439 2329 7552 233 1729 998 7171 8984 4034 944 9987 8314 7203 1216 85 576 9862 5090 886 2595 8306 3537 6704 3340 12 
9142 2439 8152 148 3878 5302 6943 2953 8421 8194 2496 311 3711 7383 7944 7304 5034 8037 5508 847 13 275 5814 351 6059 373 7974 4275 4981 8083 7344 3733 8147 6082 2805 3701 5691 1377 6400 4482 3362 6741 2710 7328 3698 2037 7112 3032 8035 1758 3059 1664 4487 1414 5355 9743 5430 171 9655 4882 
8601 9126 2706 7012 9849 3737 7504 8880 8903 5416 6842 2769 5184 2475 982 4318 9787 1281 6048 5268 6555 3067 3959 6137 771 7464 14 2869 105 9483 4266 1949 3632 591 3043 2176 599 5498 3202 5093 9356 5441 407 4642 9497 6092 4218 3646 7100 2778 7221 3690 3884 5252 9382 9048 8061 1665 7531 2244 
5896 2832 5938 3252 2522 2268 2209 9485 2923 39 1618 2754 6727 1208 6323 4541 9533 141 8307 1207 6718 7916 6311 4764 2775 4677 4626 2409 2245 9934 7093 6705 7229 8199 5169 956 8540 5112 4339 3622 6437 2087 3399 8047 7845 2506 9059 6507 4736 2078 7356 3382 3701 4126 6252 6088 1659 7481 8049 6187 
4 6719 7363 5209 3018 3277 1982 5121 7264 6962 3301 4548 6088 7651 5138 419 259 4723 1415 1340 4007 7111 3340 9186 8605 6976 4398 8862 902 2097 2178 6376 7572 8937 7032 693 5055 6443 2261 4431 1513 9356 9893 9593 7538 9006 3006 7967 1998 6415 2084 5344 997 6089 6754 571 7955 6846 6306 8515 
9091 1867 1667 5519 8190 5660 901 3497 1207 9628 9965 8327 452 5263 4144 8155 162 1449 1991 4400 1105 4009 2729 8528 7294 1884 5629 6332 4693 2817 3916 7075 6097 2029 579 6181 2510 5729 7886 5645 6260 2119 5392 4127 1911 9833 7200 2185 4724 5186 8670 1921 5677 6641 300 1104 6978 5309 6602 6850 
4434 477 5107 6153 6869 1933 9971 3236 7692 593 2391 2297 6144 9560 2061 7577 9459 2585 2804 5326 9789 2774 8156 1183 6098 3008 6274 33 3592 5890 8593 4557 9310 9670 6397 9911 9623 4879 1109 5862 9425 2415 9774 2607 1972 5809 3418 1245 3633 248 3046 6889 6897 6329 9814 5823 9937 2531 7312 1372 
2995 785 4842 5087 2835 8663 2321 461 8274 8018 7539 3307 5426 8048 7503 3332 5499 2745 8700 9472 5202 2915 8807 9265 5887 97 3555 9124 6448 9882 2879 6089 1981 5234 5797 6628 2347 5462 7403 8988 6117 8650 1219 8090 5852 5627 5686 8189 1462 254 2956 8697 8049 3140 412 308 2084 7208 1162 9197 
973 748 4999 2005 5903 2416 2072 9298 1406 1880 3445 3580 9779 4217 3528 415 496 6531 5666 7591 6762 176 7685 5072 1007 2000 8323 1264 5141 6921 8423 2957 56 1561 4135 4571 5147 8373 3769 5391 7218 5004 7037 2855 3959 592 1961 8181 8504 5344 5676 5501 9285 2905 6834 3611 4665 4309 9438 4636 
9151 513 3596 2017 3953 4836 3545 7356 2437 5635 521 4034 7399 1884 7029 4674 183 1664 9422 19 9780 9860 7968 4026 9287 703 5746 2269 9708 4416 8748 1831 6445 6197 6298 4483 4078 4640 9170 5215 1954 151 8407 2907 2448 5150 7661 655 3105 6855 3483 2372 7383 4656 660 7406 1849 9965 535 9177 
1251 798 9297 4185 4052 6759 3390 1241 5227 8148 1202 2719 4124 8077 6586 3993 1785 5874 3897 4831 2907 6296 5657 8996 3807 7055 9485 340 3293 7746 9315 3609 6053 2924 4317 9527 4538 7986 6844 6303 4293 6993 1036 2115 8938 1327 9616 1517 9479 4536 2721 8236 3790 5071 2400 8716 7878 1517 6158 2911 
251 8535 3633 1797 1759 8379 9958 6369 5291 8606 760 7451 3385 272 637 3528 9676 482 1377 950 2646 3313 8850 239 4430 5353 813 1602 857 5198 203 5750 4159 9090 3266 6422 9643 7945 8561 6796 8937 4411 8267 5885 4325 3961 3248 8471 6701 111 2827 9155 3782 4273 8305 6928 7272 9643 7490 1730 
7802 2023 6646 4800 7766 3381 4439 5543 1331 6719 4208 254 3730 4683 6044 7964 242 2196 8562 6523 1176 1191 8833 311 848 1687 7207 1898 8607 6781 2700 5002 7069 2611 6434 115 3636 1961 4720 7225 1693 2563 3725 475 5904 6797 4764 5525 33 719 5286 5478 2637 3093 1257 3260 7218 416 3232 688 
1247 6843 46 9907 7354 3616 4335 7141 4915 9358 1356 5417 6199 3444 7240 2942 8630 9793 3089 2254 3113 4079 4435 9679 5362 5604 8268 5925 2455 127 1883 6935 3573 6237 7377 6658 5020 9319 280 8255 9488 9624 7385 3680 6967 8363 2718 2812 8684 9015 4284 9170 2806 6088 497 7764 5407 1019 9669 9729 
5402 143 7498 5890 6202 5574 5291 3942 4129 8345 7960 4313 2218 9960 1224 8146 3869 7131 4676 8894 5921 2853 576 901 3020 8864 5877 9835 7778 379 5991 1001 9443 827 1896 78 9162 6986 2886 5457 6077 3868 3407 2653 3314 4272 737 9701 7166 6850 5829 1092 1473 8140 6459 3890 9584 6020 1311 1836 
8983 12 9339 3219 5278 4922 7901 4927 7468 30 922 8628 1117 6574 4902 2323 8659 3024 210 5216 9869 6595 3071 8949 323 4270 2830 6118 2731 8135 3179 7610 2729 1953 8716 8423 441 521 7986 4029 238 4691 5583 1273 7821 5364 3860 194 2180 6944 1789 624 4113 3509 2323 5982 5129 1929 4279 8778 
8921 2837 6864 695 7207 6634 6672 9402 4058 5882 2662 8034 9046 7354 2809 2832 9214 5474 3735 808 2951 55 8693 4323 695 7351 8094 8875 744 865 4740 5693 7322 1383 785 1542 332 2923 1037 8427 669 4361 7344 4375 8228 7971 4825 1717 97 7397 3822 7144 618 5547 693 6969 8146 5457 8330 3104 
4305 993 4876 7952 809 1800 974 448 9873 7115 7996 114 4848 758 7071 6667 2899 8651 3571 3401 3645 1090 6747 5036 6116 5418 9931 7102 5861 6076 275 8817 2787 5138 2160 8542 2622 247 8164 4245 4658 9106 303 5678 8414 2248 4837 131 8772 7929 5195 4880 8984 4555 9914 3620 1848 1192 7258 9687 
8425 6956 7938 5804 9750 5775 3420 1671 356 5504 2247 7630 3112 9051 6513 4707 729 7659 4439 964 1144 6556 5878 9087 5838 4968 8855 3007 9109 7772 4843 5739 3437 3376 3466 8074 241 6456 7535 6948 6316 2399 3971 2234 404 5780 6078 724 9569 4200 1837 4817 4597 2261 307 3649 9029 1782 8464 9328 
7296 2052 847 1616 9839 8856 5898 3205 8408 5354 9406 2436 1724 9935 5112 6626 3297 5587 7924 1246 4831 5967 2424 2179 2301 2894 6090 2303 3880 6409 5872 9386 1326 384 6506 3828 8137 5911 6779 168 8715 1828 2057 257 9692 6137 4342 6455 6746 2527 1929 5198 8193 5775 4971 5081 3645 9988 5447 8829 
6510 611 9224 2079 1570 6309 1299 9679 2749 219 3481 3792 7890 4397 2934 7952 3138 3051 9776 3760 196 2830 6969 9697 2061 3034 8089 1664 1741 5017 1859 2910 3350 6404 5620 850 9762 910 4402 4548 7732 351 7571 1192 9021 4924 3085 6711 9348 9209 8902 4622 3338 5965 7745 3869 128 3433 3339 7509 
8582 4271 5901 9829 9440 5585 9285 5998 5164 5570 4428 8133 6003 8178 8345 7419 6403 3125 9919 5203 8879 7101 2924 1267 8924 1789 6760 1562 3759 7479 9167 2224 3676 8055 4914 279 9990 3896 1529 8761 7298 1177 1125 6386 7094 7898 1911 5106 8791 2235 510 3219 6529 5812 6422 7448 3198 4994 3984 5101 
9975 3470 4487 5173 8061 4463 6937 9330 5586 4215 9496 5908 9974 5735 4080 8365 9539 5667 8349 5492 3885 8541 2662 9182 5739 3763 8774 4248 2394 575 3768 3577 8818 3888 4885 3502 4209 6416 7821 5287 8166 8517 7248 1256 60 313 2402 9692 3258 3847 2968 9718 249 354 9636 8002 3939 4063 8984 8467 
20 7247 9925 7232 1067 9480 3070 1657 2083 3591 6042 9347 9448 8524 6799 3444 5642 705 8711 9053 8700 7702 1999 1651 5170 2066 6419 3235 9268 1454 4889 1362 9503 7404 3745 7604 5805 4877 1613 1407 5886 6804 4899 5502 8588 8391 8284 120 6201 351 9169 2094 1111 9905 2496 2874 9847 6270 1583 2837 
5292 9944 8439 6736 7004 4662 5381 3204 9039 4370 4213 118 8602 5 4730 8287 1504 3842 4633 5116 6445 8664 9463 4927 2324 6702 1732 8939 4846 6625 6795 9436 7436 8576 2002 221 1899 3740 397 5059 3879 6820 4566 4909 3645 4363 6611 1991 6981 5319 7964 5841 8066 164 9755 821 4302 6680 2046 4946 
139 7053 2179 1186 5379 356 7202 1443 3229 1713 3484 5384 3506 8071 6124 7291 9099 9883 2652 1965 993 3364 3622 5194 3181 2688 2200 1089 6791 8744 2602 326 6003 8648 1508 3939 3944 2931 6225 3167 1862 7828 9964 6157 4336 5396 2122 7231 2359 7325 5458 2545 4872 4363 8133 549 5192 6999 140 3474 
9372 6650 8694 3705 6439 8315 3784 3833 3096 4580 9038 8301 3190 3065 4425 3271 3108 7281 9474 1727 3308 4291 1111 2434 577 2942 1347 8098 2990 1505 1773 8340 6054 1121 7643 591 3016 7873 4788 1404 7473 7570 1 4661 702 9644 6982 1723 8247 8371 2597 1153 1890 6869 7757 2697 1865 7563 6695 8067 
6393 9097 7365 5076 6452 714 2761 8591 6262 5974 2206 6244 41 8602 4173 1308 2226 4305 8630 3861 3796 880 1295 5936 402 5916 1535 3133 6688 3885 2501 9187 9563 4431 4825 509 137 748 5641 719 5856 9867 2175 2021 7389 7707 4725 729 8493 8828 2195 8701 5690 9671 8540 1181 4444 2934 7045 3231 
8667 7245 7975 6834 6097 4273 4879 9460 8188 4255 4389 2111 1951 7496 7021 3121 5353 4874 4166 6317 5290 2717 9107 9820 1034 2325 9803 3151 3666 1776 2576 9335 1995 115 7013 1646 5380 1461 4581 6029 9623 5038 5612 4468 8247 8312 6363 1002 6007 3831 2027 4162 4921 7188 3531 6953 1543 5951 1181 9989 
6254 7204 3541 6023 8406 9013 318 5321 553 3656 4552 3277 6848 6048 8106 9749 2060 6833 3358 4937 2981 4940 6685 7034 4365 404 5539 1441 6627 5757 7732 4397 9159 7031 5982 3394 8892 3244 5186 7077 1291 4837 3837 4769 7071 1447 7728 9224 713 8338 4245 612 2203 5086 7305 5962 2691 3160 7591 5826 
9155 9047 3516 838 5910 3989 9715 3407 2708 5806 397 524 1640 7928 2872 5655 9781 8605 7563 7248 1686 269 5918 2231 387 5323 1180 4250 4378 3500 2752 5136 9629 2170 2936 1792 53 4834 5560 4329 6732 7314 4131 8771 4705 9141 4950 5550 2465 7318 5450 4447 4697 3474 5208 6620 6234 2179 8308 5133 
2936 1918 2414 64 9430 8442 1606 8416 3012 5621 2096 6553 1645 8725 4331 4890 419 167 1152 8501 9724 4993 229 5129 9394 616 8352 9892 5228 4904 4642 2231 2349 9364 3057 8506 6130 4535 7844 5538 3257 3099 9976 9270 9970 9793 2929 5192 4212 572 5551 8769 7091 6305 1450 7012 9718 7331 6622 8993 
