7167 4825 6099 3882 549 8319 6405 1921 8536 5326 9999 493 6081 3733 2114 7153 7161 2110 7737 7817 674 6577 2256 1508 355 364 6674 62 7203 5465 3216 4591 9770 2195 606 9582 1381 3757 3739 8517 9621 8055 1488 8408 9049 9233 9637 5131 8598 5785 7428 5150 6726 8114 5825 8684 82 5009 3906 9402 7210 9442 3694 6610 7777 5424 8867 5032 6086 4147 
8517 5854 2448 9596 6165 134 1356 6454 7613 4373 6827 2895 5221 3709 3885 4792 5838 6372 7240 1605 9037 112 6961 3109 926 9860 2210 4952 1604 1917 1959 9116 2105 3955 4445 8662 9082 3796 3522 3845 3134 2692 3309 3113 6703 1410 1141 447 2448 2644 2213 4221 6525 5382 290 3853 380 4464 3100 8504 9705 8263 2017 1061 8375 6197 9876 694 871 4665 
9313 1482 8114 7253 5317 8723 4575 5254 5832 4705 4694 36 5406 6376 3809 8028 1323 6264 7122 3797 8847 3553 1253 95 2645 1524 5012 412 4209 1722 9517 9259 6188 7288 2503 1823 5276 4915 5619 177 8309 5533 714 67 2386 7399 2155 2147 2912 8051 9736 9069 4419 3276 6526 697 1215 4000 3198 777 3296 3451 1905 3831 6318 9813 2749 8719 5849 5058 
8307 8261 2646 6432 8180 5353 4039 676 6846 874 3658 3686 1203 1217 1667 4951 9364 1671 9119 2969 8537 5565 4519 3894 5120 8962 9466 1298 6680 9782 2330 2256 3073 5508 6034 1259 3114 7130 1218 8353 9576 9777 3689 9781 4856 8684 2148 9660 7037 6121 4185 9486 7133 9407 1419 5923 9216 7258 9733 7779 2554 7958 2838 8131 7382 8875 6494 1753 263 335 
8958 5987 7388 6809 9646 6044 8825 560 9971 6960 8216 9162 2598 6314 6216 7443 6318 2882 3 6665 263 1633 8156 1421 3789 3364 1176 5020 664 7369 4912 8940 8317 6157 7736 803 6058 9089 1431 3378 7659 2562 6714 3960 3503 9007 7679 2172 8337 7919 1392 468 7625 2047 7405 9419 1444 2558 4666 7716 2236 3279 2914 7709 8968 2016 2650 5186 3929 8362 
9621 3949 7058 6059 3450 7902 8357 5504 8135 934 5882 5081 9816 6873 6654 122 6032 6534 7153 9600 4640 6444 984 2402 1512 3888 1808 5051 8485 620 4739 7440 7256 7692 2187 3852 5675 2647 5013 2143 7059 9165 3314 2068 3619 3665 6007 743 1015 2855 4012 2200 4503 141 5648 416 7622 1621 9842 9639 7140 6803 7200 6754 972 9770 2481 8190 647 9106 
6240 589 3810 5134 5364 1327 1895 9124 6796 8543 2420 2385 9448 1189 8101 9587 1660 2965 1073 6680 3637 2447 2479 824 9363 2268 9310 2114 7031 770 2362 2436 5663 6994 7339 8684 6111 8767 3970 6698 1734 5574 3818 6207 6108 5624 5590 6309 9647 41 7403 9845 2172 4170 1457 6298 5978 6349 5565 2090 8312 1332 7818 369 6225 3639 661 4946 3231 8184 
3049 8847 4925 6695 4150 706 6892 8257 8255 6593 9069 3225 160 2472 478 8851 2673 4977 3195 1557 7773 1033 9038 1610 2535 1434 9575 4774 4574 7598 8986 4930 4807 2189 3449 7580 3923 4393 7506 3006 6910 6084 2755 3652 1972 3046 7633 8232 5722 1341 723 1348 295 4442 6948 4138 1040 4145 8552 2653 9174 2009 4815 4067 2978 4761 7898 183 7599 4094 
5250 97 2454 4932 9389 1426 2530 3341 1667 1974 6308 1775 7062 5693 551 2227 6837 9308 8193 967 5726 929 6652 9363 1539 4956 4337 2390 193 8590 2280 9628 2219 2667 8531 1115 9391 7670 935 9549 6611 6774 4164 8477 8018 4682 7712 184 1404 5111 2585 9169 5373 2533 7823 1237 1300 3960 4991 4132 2406 9338 4329 5225 1333 4913 6901 9194 5543 2680 
2923 8857 1239 2673 7700 9622 913 4441 6364 2338 6831 8857 8890 1750 5091 8218 579 6900 45 3377 9097 7292 3189 262 5309 8218 5113 5592 88 8753 2448 7894 6613 2424 9867 4987 3105 6819 7698 9238 1362 1179 7253 2588 5065 3717 6939 8431 3720 8518 3223 6106 3224 5449 3686 1096 2695 4184 7716 8440 6849 7794 9 1818 7130 255 8481 6535 570 9386 
7877 3064 3518 754 8301 8314 6247 8049 241 2132 269 5881 2727 9302 2238 5570 3858 2327 6549 4465 3175 9117 1368 1400 7290 2242 3133 6743 3975 7676 9828 779 3684 9758 8160 9739 3752 1824 2465 1469 2355 9189 2550 271 6087 433 8009 9717 434 1029 7618 5782 8543 2498 4124 5941 2325 8404 8415 4124 1856 3058 5691 1499 8648 1128 6765 8971 5246 9449 
5958 8717 7204 2922 1818 327 3860 9033 3243 1913 6274 9943 3056 3047 5286 4391 7820 9475 5578 6906 4421 2020 2279 5907 9820 9829 5171 609 4363 3197 2558 4834 1112 2725 2328 754 8866 2085 3505 6227 3230 1504 8170 6059 1160 3756 6527 1877 8487 1211 9788 945 8321 356 5040 1259 5448 7584 4560 951 2837 3606 5860 572 1268 3333 3497 3095 314 5586 
1644 6459 9900 7513 8372 7746 687 2101 1693 901 1744 8080 1499 9187 4483 264 9821 2347 3326 2039 4598 1296 7426 7959 3416 4691 3127 4747 2275 5294 8349 5479 7935 8584 4247 3870 1903 1456 7604 8064 3338 9427 4866 2638 7263 9693 2126 3419 2497 8957 4753 919 4152 1012 3180 7163 5728 4850 6497 3181 7678 9072 8715 410 5514 7329 9418 9745 4191 8796 
6053 6312 924 9852 3684 714 8156 6237 5836 4390 3679 7782 4506 8464 2227 1444 952 7224 2760 3926 9509 8315 3136 3298 1276 7405 3163 2713 8886 7707 8007 6773 5748 5537 1595 2339 14 1953 7441 8125 7854 8118 5179 6987 8560 1574 5605 6250 5461 1483 5391 3346 3613 1696 6676 1744 4760 639 6052 8939 1002 1475 6820 6569 103 6986 2140 1486 9228 1951 
6641 8309 1693 4624 7504 2156 3356 5385 9050 8350 9190 8539 7055 6347 690 7075 3971 2150 9079 3189 1933 7901 4659 5142 6263 4039 3539 9749 3858 9827 8070 1954 235 3585 8956 132 4294 479 7068 5372 1856 1876 5960 8819 4530 4136 5501 7934 5075 6528 4385 6811 4172 436 2467 4434 1863 49 7709 2984 9798 5191 6971 6793 8977 4619 5995 9619 1514 3842 
8481 4060 4554 3694 2280 7326 1466 7045 1932 8654 1949 4295 2683 149 7984 2032 7720 2405 7583 3171 3051 4783 6957 9717 3657 7820 2595 1739 3509 474 3735 8714 1844 491 7430 4236 4425 5460 5618 6894 4324 6394 5859 4086 2672 6059 8165 9833 2181 5008 2927 4651 5978 3309 8536 1393 8312 2200 7571 9271 7111 391 2057 9956 4889 8554 1682 5316 6041 2464 
8718 4913 9198 8240 7603 122 103 6058 5147 7388 6680 8034 9288 757 9464 3756 3203 5339 3052 1667 232 1323 6497 9543 4437 3842 4750 3100 7566 3653 3440 5168 859 3802 1344 7300 8961 2790 4166 2180 8883 1670 3901 4878 2802 6615 826 4093 5681 5442 9758 4590 9024 7567 8404 4151 4750 8557 4755 8477 6865 9793 9164 7520 9738 247 3008 8030 1439 7139 
2317 3108 8788 8507 4101 5312 2179 2 4719 1970 8145 3112 3825 9285 8270 975 9936 6581 175 7484 6509 4993 6790 4999 1024 4731 7241 6158 9304 4026 1636 3164 7957 9797 2673 842 1202 3570 7592 5865 4975 3546 1020 8090 7606 9667 6333 7743 6972 6468 6948 9643 3425 5255 3576 8755 8857 5675 2028 9069 2731 84 2850 7386 4885 506 6809 6747 4441 8189 
9751 3899 368 672 8099 9308 9450 2447 6688 3901 2361 8485 9178 8254 3548 1668 9085 4424 7030 3167 798 5598 7171 5474 1684 8728 8292 2753 227 3699 317 5465 1324 1039 5206 8507 8610 2448 4104 5443 5223 2202 7871 5833 9921 9993 1874 2015 1515 7120 809 7125 5887 5785 5992 6269 8105 9301 3927 8478 9877 1868 2054 1187 3138 1160 8043 6276 6768 2450 
5788 1632 6597 3114 5275 3272 3168 6999 3917 5446 8323 8083 8209 6967 1049 4668 8770 1506 9938 837 6082 9446 2860 6056 5467 1720 1708 3662 2621 7412 6485 7786 1996 8414 1062 529 8455 5520 9902 6727 3105 9837 7532 1465 8004 7601 6870 3439 3936 3270 4706 8295 1691 2881 5637 1945 8673 1976 7842 7131 9516 6164 6845 2308 797 328 3792 1005 5970 8312 
4233 6800 3102 7558 6438 4434 129 9512 9368 5234 8274 3092 2806 5190 573 165 7272 3531 2162 6177 3631 531 6953 187 4037 5282 8782 479 5668 6052 5791 1804 8242 8015 4640 1367 9185 9739 7142 9391 5446 8545 443 5228 3185 6558 9934 8329 7213 6811 6910 654 4880 8758 4875 5795 4160 136 4012 3422 4045 5452 4088 9568 840 5626 2358 746 1406 2384 
9392 9751 6929 6966 269 7884 2862 2901 3730 7803 9377 5319 9447 4985 3581 6565 1963 1375 6048 2297 3595 7688 2249 5934 6332 1916 6931 4049 4527 4349 9395 9279 6827 7280 4171 8519 7434 2003 4487 930 6798 2065 3720 8470 6606 551 8893 2682 8673 7042 4130 4474 4105 687 2516 8344 9669 5060 3187 3584 1780 5559 7874 1889 1981 2655 9570 9630 9702 1043 
3150 3790 7184 6971 3659 1972 1675 5682 1777 8658 5476 2009 6552 224 1937 7446 4726 1028 1493 5508 478 9136 1040 8098 4442 2283 4252 1835 4430 9361 6721 4614 3648 3558 5944 2811 5882 4828 2866 9208 4930 5702 5977 8766 4007 9142 7780 2555 5206 5981 8928 7796 6413 5064 2153 7999 2846 1258 4717 2496 4016 8815 7382 7385 7651 9494 2103 3232 9073 6987 
4536 1723 5692 401 2838 6260 6796 5810 2583 9486 5917 3452 6868 2228 3556 7364 6494 2614 3636 483 1026 9370 6707 7102 8971 7965 7040 1348 3980 6422 6252 3756 8727 3724 3975 4588 1200 5380 8654 1661 2614 7174 3901 987 3576 5626 387 3761 6855 221 6040 9358 8250 9571 6523 3446 7021 7556 311 1044 7590 7745 5672 3015 2685 2120 70 4956 3910 2387 
1518 2106 3690 615 3119 5094 6040 3192 4219 8212 1365 1285 7053 2696 5027 5024 9734 8377 9408 5217 1738 1161 511 3216 495 4699 4715 5662 4494 7789 5242 8384 4552 1683 5539 5672 221 7908 6101 7003 126 8045 4867 1670 8679 1502 4468 8246 2776 1589 7374 2849 7547 2996 8186 7403 3553 9505 5319 6771 7075 616 3866 9708 8672 7141 343 6917 5295 7289 
1072 2029 3665 7492 8503 6883 9407 3152 4403 439 7401 4432 9468 4215 6271 6186 8035 7106 3720 6079 930 9639 7854 3341 4661 6280 4000 678 1139 568 1834 1481 3293 2061 7780 4055 1654 437 3415 1027 2362 8895 4214 8435 1374 7022 8827 7751 4394 3972 2427 6247 5253 3820 2934 3472 6742 4739 606 1049 6217 4123 4618 439 587 6403 8190 4624 5651 9367 
3861 895 7596 2596 3429 1060 5996 8733 4292 7256 165 231 1477 6194 4340 2482 3215 1370 9279 7441 5074 2812 7812 6408 174 4163 2573 1847 1322 3789 6348 9934 6403 4735 5092 8926 1264 2527 9086 6313 6388 7297 6858 3745 7631 3520 9144 6314 8710 5160 4092 4927 6417 9714 3065 625 2950 8364 4344 4580 3567 3918 9870 3836 9183 2924 2493 894 1968 6654 
9337 9307 257 5296 3580 6389 667 5955 9124 6152 4836 5343 9304 2068 364 7179 203 2291 6035 7625 73 9839 5344 1856 8530 9940 385 1751 184 9044 6321 3004 8744 772 8767 6192 4738 596 9195 1939 6125 1931 8592 300 8583 949 6009 1244 2261 9751 5097 51 4847 315 5638 7917 5364 4390 1342 9465 2391 850 3204 2717 839 2938 7148 8806 7538 3353 
7784 685 7397 4935 9702 6777 7354 5156 7094 9473 5465 3769 7578 2670 8708 5396 4806 9476 5011 7866 5724 9472 306 3440 9732 899 3341 7132 240 7951 4689 3677 7160 3379 4645 1019 26 3875 4783 5017 8912 3050 2680 1912 1932 530 188 126 6226 3014 4154 5914 6876 6188 4848 3741 2185 5238 2904 5469 2317 2276 5974 1186 171 640 6006 8376 3338 1794 
7749 3722 8839 1773 1851 812 1220 5320 4274 3674 3812 882 6690 3336 6155 6258 3495 5444 9313 5751 1021 9807 9817 8013 2683 9665 7896 9059 6203 4077 978 3094 6177 5084 3615 9843 2237 4649 8910 6082 3646 7251 4428 4447 7791 5172 5068 6547 8023 6150 7096 2421 9125 5467 6868 207 4865 9967 8838 2419 1309 8214 7829 3677 9348 3726 6246 1249 5082 4974 
1444 4229 8425 2396 6817 9239 3829 8720 9513 3976 8754 2694 183 1165 1658 8256 3623 8475 2636 3641 5255 6898 5690 511 4035 9902 8791 1471 379 1927 4797 7674 7697 489 4150 6106 5708 2770 8388 5704 1375 9519 6432 2480 4128 2676 5055 9520 3869 5574 1837 147 1295 5450 7606 1599 2521 2491 9424 6282 979 6960 7449 9040 3679 7124 2808 6076 5579 4286 
4491 1196 1121 457 5993 5804 4792 655 8339 7917 7146 8430 8142 8052 7596 6149 3788 7947 5434 461 7152 1154 3439 6648 8612 4186 6282 1928 2107 4132 5983 7276 6797 8199 6943 3143 6852 5106 4408 5895 4815 3123 8869 2251 3080 1249 422 2446 7709 4057 454 7622 8252 978 9521 689 5 2909 6143 1727 2027 3380 7090 9113 3398 9848 845 4921 9910 4108 
9774 8308 344 4326 4414 6328 6542 6030 5873 9589 6252 8130 867 5889 868 8680 8717 3693 2450 2018 5416 4202 1004 159 201 9855 626 8460 3708 5528 6265 8238 941 1199 7844 9781 6805 7795 1110 823 5938 8558 413 8451 3148 55 572 2664 7327 9805 3272 1221 52 6641 4621 2169 699 9390 3801 5763 7707 542 8631 4252 3147 4894 2341 6685 6189 6934 
6744 2931 4888 7329 9494 9372 2597 3004 394 8828 8042 7905 3336 2977 720 6971 1166 7808 1485 7502 2169 497 269 8655 3743 4704 9218 5874 2327 1993 2441 2581 5015 5406 1698 279 8289 3859 9289 798 1837 2812 8456 6405 658 4673 7707 1534 4145 6691 3262 4624 5634 3628 4777 1590 4215 553 5596 7372 1436 8201 2411 341 1447 350 2341 9255 1785 444 
6826 9225 7495 409 9714 4427 4209 1977 9893 7805 2254 9550 496 8277 7194 6567 3737 4605 6164 1230 5027 6914 8829 5591 1879 6297 7637 3857 6869 8305 3422 3043 7704 710 8893 6359 9695 3656 6675 521 6078 2830 1723 2403 7993 8113 9886 7486 6271 3854 7352 5794 9188 231 5713 7722 3774 4738 6313 4071 9089 3307 1187 1575 3390 7549 5003 9339 5417 908 
3136 9432 9188 1788 4834 1659 95 7517 3210 7469 240 6876 4974 2084 4083 373 1908 219 5803 1945 4745 9579 7861 7643 8010 9266 5498 3486 8102 3220 2300 6012 4034 5238 3554 6615 2956 8120 9587 3756 3715 8283 5924 4047 1921 2891 8520 7421 3567 9890 2714 336 7241 9930 5172 466 9746 9781 3076 642 9316 6648 7507 4554 4375 8299 190 2506 8204 6221 
9626 3448 4547 1257 706 8391 388 8678 1004 3457 8481 4777 1982 5776 9887 3037 5163 7294 6877 75 6346 3305 6280 6988 7240 4751 3639 7329 2321 8843 113 8304 5655 457 4077 9197 201 844 9129 3925 8181 5430 1896 8487 3666 1183 7371 7367 3986 8684 4135 3720 445 9173 125 1901 6186 1878 5358 9376 3225 3729 9383 3690 4518 7515 4568 9223 3883 1850 
9461 9007 6384 1004 909 9460 7018 9895 2345 2456 6345 4185 3522 2733 9944 4709 7247 1612 6605 8604 8933 8281 5164 9041 9451 9414 7885 1081 403 7822 3716 6125 4264 6546 6738 1398 3501 82 4547 6858 948 7966 4830 8554 8289 2714 174 8345 5418 8748 2901 7923 1799 5997 4539 8571 4110 3157 3681 7360 1974 4951 1767 2332 8338 1012 8559 15 7088 3980 
5093 2209 7037 724 8810 3629 6707 3127 6385 1744 6902 3690 6845 2218 7717 1420 8866 9849 9038 9058 6755 7937 5250 9831 3555 9313 3498 8340 3049 9950 6386 6104 5041 1569 4874 7749 3357 4971 6442 522 3243 3952 4920 4103 5037 4629 6659 1682 4421 4017 7322 8910 6873 2599 6034 5230 1686 9841 7114 552 7127 7932 8886 334 8265 8706 6808 6165 4587 3284 
5676 2793 6500 3344 6662 8093 3369 6636 5115 2847 1495 9739 4674 8117 691 3548 4527 279 3502 214 2732 1086 88 9462 7815 7126 1857 4845 4660 4404 9832 538 5123 5726 7195 5168 5597 5287 7303 1416 8566 6042 8802 8616 9886 5473 1085 8761 7402 8420 8418 4642 8404 1740 1337 7595 159 5995 5979 9360 6644 4784 2385 1795 6912 1224 3911 8975 4776 5642 
3958 6416 9710 1945 3268 2858 8419 904 5853 7809 5684 8669 658 211 8997 1501 846 9703 5442 1884 5301 6317 7223 3586 6511 1907 1523 5012 976 6622 8898 9586 1371 8898 2185 9549 9108 7751 1069 8401 8546 2912 6552 6909 3662 4459 4212 7423 3307 5713 9525 6411 6355 8307 7873 154 2554 6933 1894 441 3039 8420 3314 9851 8785 7034 3078 479 6092 6154 
8729 903 7032 1443 2170 7132 6911 6595 4541 2979 3812 6132 6415 3629 9536 7460 6421 8941 1033 5827 4053 6368 9134 9136 4027 4526 8297 1315 5534 9885 8446 2912 4328 8172 8906 8197 991 1490 6970 706 3718 8619 5218 1423 8904 8219 4135 3438 7650 1233 3454 5933 2422 5912 6435 759 9103 2835 8063 3249 4228 5562 3276 8617 5844 2830 4694 8376 1639 642 
4714 2449 8367 3782 6004 7816 264 287 4945 3554 2490 8378 5473 2650 7500 2471 281 9286 8049 1674 8943 5220 9070 2755 1492 8105 8963 3493 3581 5240 704 4075 6641 5631 6585 687 3029 1187 740 1025 3222 6802 7449 6805 8830 6581 7460 5131 9744 543 9755 7152 4291 1799 5307 7151 8334 6779 2870 9890 9133 2200 2697 7649 2896 5030 1259 7827 9977 6897 
258 9172 5345 60 976 2955 7920 9067 2723 2980 7071 9507 1754 2819 8067 2706 1291 1335 6376 9327 6708 8856 7796 2051 9238 5929 9920 5426 4510 6653 1037 6604 5230 3544 6535 8431 8575 7544 2848 5470 340 5044 9219 1861 5294 4591 8576 6526 8946 2070 4124 3709 3820 2412 6905 7775 3119 7245 951 3817 3190 1937 8097 8929 767 7136 5106 5454 6953 198 
4678 8264 9547 620 4902 8016 7962 429 3987 4145 9418 2196 6982 1661 8859 4815 6359 7348 6998 7461 6500 6603 4851 932 1022 9713 5398 2288 8398 800 5172 4582 6462 183 9962 7360 3088 3148 1712 6477 9490 9626 4317 7596 9841 1494 7280 5620 8659 6215 4106 3021 4247 3128 5007 1783 9444 1048 8144 3289 7776 8543 7965 9823 5479 3173 1543 4063 2076 159 
3185 6522 8863 5939 2024 7289 5905 934 7360 2151 2846 8485 191 2506 2613 6940 783 6587 2061 4635 4921 1885 3175 934 67 3313 3605 8859 4249 4843 9933 2833 710 6345 4138 1315 3612 9146 5605 6873 3931 4169 6277 722 782 1751 4798 308 3992 1427 8860 1820 1320 5842 976 5688 674 1060 5457 5869 5414 8375 7007 4900 6563 7042 3244 1771 3499 3775 
7114 1494 1311 4592 238 8808 7438 2574 1427 8927 2174 9388 5157 180 6992 6003 3168 4348 139 2454 5789 9911 6115 6819 4497 6693 3980 9535 2128 6775 9059 5685 819 4596 4148 6934 1136 3657 442 8867 9447 9883 8269 8091 5298 3228 1820 5843 1727 9822 3504 3914 7176 4131 3615 305 1894 4932 4038 9882 6281 5857 9746 6410 6795 1330 2465 5037 2254 8596 
2798 5234 4975 1116 2077 607 6770 420 4492 5365 7493 11 1825 2969 928 7761 6084 1644 8876 3006 6561 8589 6399 2536 7294 662 29 6497 3553 3478 6322 571 5582 3289 9156 8489 3537 1391 5960 8451 8837 5901 4067 6076 6606 6352 7633 3333 2315 8752 2542 4393 2158 6767 5059 5849 6607 7370 9959 5143 6352 7884 8880 2835 8464 9416 3259 9228 9574 1783 
9973 8273 6102 2829 388 9339 8782 8552 2250 2077 9361 4405 4436 6418 3208 7340 3841 7252 7090 788 1482 3309 4806 1321 3156 6433 2471 5853 3899 3932 5605 8525 8958 8513 9396 474 182 7125 8258 4039 6293 1887 2207 1135 1573 7964 4316 81 1179 8586 4155 4353 379 7293 3724 2121 1672 738 5527 6310 2432 5660 4055 9818 629 2864 7502 6392 5910 4104 
248 2179 3410 542 1494 4087 8075 9137 2586 6504 5444 5279 3928 4979 166 3918 8593 453 5951 3680 5069 1085 3683 1740 4263 3630 4161 7013 722 6955 2664 5556 7454 6900 5176 3725 8128 2759 7542 9564 9879 5213 4116 7999 5216 680 7373 4536 5830 1227 6165 1188 5125 924 4229 7789 6808 5976 4493 8614 4054 5104 1704 1569 1337 9513 9449 8996 7003 4223 
3604 6484 4949 4535 8267 1806 2235 7761 1019 3249 3102 49 5625 5427 9613 5429 853 2630 2328 8127 5265 1342 9737 3512 4370 7423 4452 5720 4338 2470 8827 7309 3073 5463 6161 4124 202 1137 9770 6838 8505 494 4858 6086 1665 7517 6288 1346 3430 3176 3738 7272 3528 596 7638 7648 477 8760 89 9769 4110 1388 1573 4084 3720 2815 4115 1200 3383 1169 
6730 2480 3163 6235 2195 2541 7338 4091 9195 525 4655 4708 7136 7673 737 6832 9913 5471 5284 2086 1785 4706 9614 1535 5341 9376 9975 6121 1128 213 6735 85 4617 7307 2597 3972 8739 9966 4115 6611 3178 9757 1093 250 764 7689 8093 8894 295 6417 7064 624 8206 939 166 7449 7940 2544 2339 6282 4670 6177 2359 1552 7692 8537 3649 4704 8465 7886 
7312 4558 2736 1560 4104 8317 5177 423 3076 8651 7816 9060 2067 8363 6242 2547 1467 7687 335 9172 2846 9504 8212 2824 9414 6678 9938 3053 7711 3329 4794 7318 9071 1763 3239 8504 4245 9407 1694 921 2513 7155 200 3454 4029 4452 4885 8338 5224 773 9108 6470 7779 6690 7134 7279 558 647 4640 4137 9438 6807 1538 2129 3509 6663 5678 2567 3908 6190 
9554 4378 4494 4987 3492 8295 2261 7307 6783 3675 671 6980 8485 7608 3481 6329 2093 5112 4426 7949 4304 6911 1168 5119 258 9274 6398 4962 5357 7786 1546 9455 5598 1020 7222 7407 9740 9394 9192 8971 3798 6239 6975 5475 9556 3239 810 2996 643 8542 5528 7643 1217 3405 92 1336 4810 4813 3906 5387 204 3460 5572 423 7896 6260 6598 4061 240 2171 
9803 4545 667 8669 336 7358 4654 2738 277 4185 8231 6516 472 6609 6478 2476 4483 7579 7466 3113 933 9946 5664 9702 1607 8894 7944 8779 2337 6636 6675 1349 7741 6772 985 2334 2650 358 391 6459 2970 812 733 3953 8493 263 2459 9649 5114 8097 4750 5262 5124 9298 3413 3922 8985 7812 9521 7009 5198 9305 9118 7723 4146 5869 3282 7759 6138 5289 
5927 2869 3443 3329 6864 2992 2458 8580 4840 1473 59 911 5220 9151 5556 8184 3468 2151 3379 9004 9160 2032 7540 5256 5918 5777 2101 7290 4382 7344 6069 6887 8991 7882 8644 472 5686 6321 1461 5946 4690 1523 8117 5156 3623 9590 1643 664 1714 7032 1949 2846 2387 7742 2208 4518 3353 2506 5926 8885 1266 4731 2235 4597 6369 334 2019 8459 7088 8252 
8821 5323 344 6887 3530 4254 7829 9477 9035 7572 6719 355 194 7523 3297 3859 977 7574 1129 5296 987 8599 316 9222 6214 8657 9360 3751 3220 6214 1506 8014 8880 6372 4666 3530 7910 4961 8160 6374 9770 305 3039 854 5595 1228 4588 4555 6782 1558 9642 7367 1081 3155 2586 4037 6987 8001 8551 9530 1211 2850 850 3940 5751 8356 7406 7834 1951 4987 
7396 5474 1818 8959 6186 4042 3825 1726 7455 8852 9186 9286 8103 6676 9304 6252 6610 8600 5355 8530 5303 7355 1586 5133 1280 4604 5830 4221 973 4270 363 947 8881 8966 4397 8670 2818 3984 7257 7970 3858 4107 4673 3188 1336 8643 1095 9280 6724 2879 7913 4142 5044 5805 8877 5743 5885 160 6392 7200 6655 705 9412 4459 8024 5857 8922 1532 2026 4169 
4954 4841 1521 9447 682 8589 3505 7838 6494 1449 5961 6062 5617 4170 5229 509 486 3070 8051 197 7141 8530 1548 9281 7566 3289 4621 9108 873 9563 1396 905 2722 7674 4964 6980 931 3536 956 3938 826 2619 1199 86 228 4740 2569 7898 8591 1696 5373 8030 7285 4704 4188 8306 3339 1444 866 8212 7552 5646 1818 4974 4817 4683 979 830 5997 8104 
7669 2491 2414 5764 7840 734 7329 1020 4355 9852 966 1961 7728 4549 4714 6166 2536 6331 7495 6602 4154 691 7668 884 9469 3602 8916 3478 1034 3903 4095 2356 6144 1030 2475 9134 8646 4152 6650 3189 5759 8087 187 5426 9872 9199 6269 4582 3884 9583 2804 9627 5205 590 3893 1916 567 7829 784 2476 49 8788 3290 7045 5971 5251 4020 7057 2764 2285 
3038 9626 9729 6288 1183 8915 940 6768 1143 6964 2517 8547 6215 9865 1444 6267 5088 3697 7333 2576 7791 7063 6903 1076 3747 5124 5289 9640 6906 8369 8534 8109 8727 2981 6971 1532 4237 7047 7562 4414 3880 1540 1593 1124 2099 829 5252 4528 9318 6025 8289 1742 5495 174 6874 3900 4903 7878 581 3327 3511 6834 1644 4142 3003 6689 9649 5066 9870 9494 
1441 5499 5332 4300 285 6522 6852 381 9007 400 4555 4591 7458 6148 5949 1054 4956 4144 180 3481 161 3314 1342 284 1536 2236 3006 751 4529 8318 7295 6658 7285 5898 5138 620 9346 7497 6808 4694 9711 9371 9531 5841 7388 5425 1712 2388 2624 6031 8449 2573 1756 9565 5983 1923 7820 6506 3543 8756 3458 7290 3284 1932 93 5717 7685 3211 1413 1814 
2458 4638 8428 8158 2000 2535 3933 4136 456 587 9153 2022 2368 8166 1863 4120 9420 722 4291 5222 1786 3153 2853 3099 9816 7345 4952 1982 2089 2066 2918 2987 6357 1807 1402 5392 803 3472 6852 2803 8507 6951 6174 7892 6319 109 3039 1627 7338 7650 2875 9050 89 3544 2868 6609 4940 3542 8234 3801 1145 4347 1559 7437 1594 4370 4969 5644 4656 2789 
5760 6233 502 3058 3348 9778 4126 1577 5384 3074 4422 3482 3404 318 4509 6183 6261 7513 5858 8419 8859 3653 1568 6723 134 926 5914 1830 5542 1865 2165 7756 7170 7384 4380 8793 8214 1912 5377 3368 9577 9903 9760 3979 1042 5381 687 3571 2146 9981 3702 7352 7135 9579 4051 4101 225 4380 2107 4597 558 3795 2333 9107 9532 1672 6122 6944 2136 1277 
2866 7863 781 3912 4317 5028 878 8961 9277 9585 7561 935 4127 6602 776 3115 9736 4505 3727 8590 2172 6068 6002 87 2855 1753 7379 9138 4158 904 1326 3924 9430 9567 7506 4873 896 2846 7731 7839 8704 6032 7298 4026 5282 608 6616 7305 5929 1902 7762 1588 3465 2255 7167 1316 6008 9844 7539 5445 4486 4515 2256 645 4715 9198 877 7025 4572 1402 
3372 6376 7077 1532 9687 5955 5878 6682 4970 6433 5257 4549 1144 6781 3383 6755 5422 2031 5966 8791 4370 2095 7511 7696 5696 9194 4376 2974 5718 5740 7731 8243 6027 2237 312 4287 6987 6182 2150 7193 2126 570 9032 8203 4368 5059 1819 3270 1902 3475 9730 3884 6452 308 2926 4974 2544 3371 1190 6998 1853 8223 2676 5951 1900 4321 6005 2811 9661 230 
2412 2551 1853 6863 2316 4713 4973 9058 663 5495 3163 8567 3363 9357 7685 4120 7969 6610 6763 9194 9686 2733 1129 3723 7225 5576 9711 9587 4226 1699 9977 6567 188 9671 6145 7532 221 2028 8945 157 6764 4480 490 5487 9109 236 3350 2030 2222 5010 993 737 458 2723 4954 4413 6705 2726 2144 705 2922 4788 605 3786 1534 1775 9648 1780 7894 4514 
4386 5029 6314 3886 7729 4055 2812 6178 6192 3677 6808 9470 4335 658 363 1991 5278 6982 6973 7067 6203 2704 9178 7576 2071 9881 6173 9667 4506 4445 7562 888 570 2685 8055 1838 4121 1785 6063 3648 1146 6587 5240 1592 5139 6741 9857 8499 2915 9372 2828 4988 9999 1299 5017 8735 1538 4148 879 9560 6347 8490 4273 8283 5366 830 1335 2743 3776 5225 
2882 2132 2205 4767 747 833 9042 6532 6229 4641 783 8445 4913 7899 6511 4000 6883 6685 455 367 7488 6125 2536 7697 8071 6149 6935 7646 4253 6366 3932 2604 8197 4741 8862 7797 5717 2076 1428 2023 6038 4701 2739 4754 534 9637 4529 9687 4457 3160 5951 7371 7783 5711 5279 2587 3056 2386 9422 8034 3850 1159 6281 3065 6471 8908 7451 5016 3416 6573 
9243 471 8548 582 9236 6991 1964 8307 500 5076 9027 3249 4342 190 4563 9577 2030 9946 9179 888 3288 7357 3326 8112 1595 5061 5666 1733 6153 8253 3906 1280 327 7267 1202 7629 4681 8973 5303 431 6025 7686 6768 893 3243 7697 5697 6894 457 5260 5360 2579 4512 9850 2870 2241 5433 3712 5469 8007 7224 8065 8996 4024 3086 7794 4345 6040 7201 9407 
