2672 267 9060 8951 9458 8279 108 9359 9865 8265 5853 3314 4791 9850 3217 9777 7453 9955 8316 7691 1309 1073 7988 2320 5632 5210 295 1862 1294 9127 1960 8009 6699 9010 5194 1254 6226 2405 9837 2891 3917 1695 1070 3318 3969 
8969 2319 7260 9356 4403 8124 1696 5826 8469 4640 4874 2769 4689 8588 4730 3763 7781 3235 5706 918 2392 5540 1411 2604 9497 2403 8455 6962 3614 2557 7772 2692 198 9032 4713 6680 8611 2295 6281 4802 6087 7765 3180 2883 6284 
2392 6738 8882 8228 6516 6997 4521 678 1288 1890 8537 4868 9657 5704 4938 4033 9365 2733 4664 3559 7080 5493 2651 3320 6033 9572 8199 8427 8985 6828 4590 5512 2645 3008 1969 5351 3255 6567 8350 8434 8700 1958 3931 6736 8363 
6584 9978 6732 6559 1577 3638 8412 8453 8183 3097 9135 382 7245 5518 7130 3405 8141 8496 2859 8401 9089 924 4325 3310 6052 4919 2582 2322 3407 8267 4199 309 108 2248 2970 1335 967 3979 8994 7975 2966 5465 1446 9652 701 
7680 348 539 3295 2106 5401 5281 7556 7319 525 3310 3376 4840 5977 6397 5119 2933 140 2356 2442 59 6110 4468 1437 6512 3108 1010 2909 572 4952 5322 2108 3843 5369 7803 4319 1623 4709 8734 979 8653 859 3911 1452 4213 
2503 5061 9175 981 5247 5821 6214 1967 1353 2862 7804 1368 8396 9611 6029 6765 3871 7214 3716 8071 5107 9859 2112 313 2755 8085 8985 6113 8118 4086 8863 3784 6659 7736 9808 203 9659 224 515 6080 8566 7565 4287 8038 9926 
8917 2044 6443 5173 8740 4668 6402 1143 8872 1162 1210 4559 7340 7877 3804 8767 3377 3502 5332 6815 51 1547 1771 9619 6644 5483 3013 8357 6674 2292 2156 666 980 2971 8708 7802 3574 7959 3931 2265 6842 165 4634 6243 6726 
7045 1026 4479 6342 6730 2397 8089 4065 576 9863 2403 5311 4913 854 3772 4844 4509 7908 1333 1652 5768 9441 8998 4897 2098 4876 1842 9856 3650 6344 5134 6586 3614 3998 5527 4485 6103 1443 9183 5200 3042 5209 5326 4046 8392 
4240 3926 5668 7749 4696 1456 3784 8183 1133 6406 5466 3168 4586 6175 2885 2152 3380 4144 2348 4914 2391 6761 6609 767 4842 979 9383 2377 9960 1364 8467 4597 2458 6618 2659 4680 4880 6876 1171 1304 7929 8001 6318 9743 8949 
8422 2065 372 3384 4595 7661 1193 2603 860 8384 9206 9684 5190 6721 3801 8629 2171 3902 5646 328 4334 572 3955 4838 7691 1791 738 2336 8902 6265 1429 6392 713 6088 3252 8774 4527 5545 294 5940 3969 470 3311 3090 302 
8186 6497 8868 1380 3165 9146 3736 7299 8200 9779 974 6658 6789 4726 1688 8904 3935 2362 4157 6933 7360 1093 3674 1468 4305 4403 2742 518 5457 8237 66 4699 4313 4911 7669 9107 143 1942 9798 7756 5219 9144 7065 8227 7104 
8718 327 4307 6539 2735 3986 47 3905 743 3905 4060 583 8551 3001 6830 69 149 9257 9602 1285 8704 7487 6863 7550 6392 6633 5438 9978 6521 2904 2858 1345 4799 3850 9797 104 5267 9425 6283 3186 8240 5146 2364 6725 7933 
6145 1908 367 3711 7852 266 3040 8936 6638 9723 4127 8215 7561 7318 4156 9856 8917 5762 5880 3847 4663 6429 4238 4176 2743 4415 6150 9938 4495 8402 3673 6250 9633 5921 4292 61 8542 7488 9551 8670 6727 2651 6243 5489 1194 
105 8042 6358 9451 9400 9998 7038 7031 674 9781 3115 5472 3947 1320 4815 8712 8068 2629 3620 5951 8173 8084 2690 1946 3992 5580 9301 9007 8144 2201 2911 652 4321 1527 4830 8042 1765 7503 1551 1455 6479 7531 3493 8563 5268 
7547 8754 5644 3851 3939 8374 2338 4342 7066 9121 8597 8121 5389 6829 6180 7371 1934 7708 6300 5442 9469 5528 8561 1203 7053 1040 1436 6979 1833 7235 372 733 3809 3962 5287 1222 9765 2343 7033 461 9064 5613 6248 2207 3877 
4573 6583 8575 9988 6629 2317 2385 7714 9526 8792 4004 3429 7037 8965 1964 8861 3973 748 7132 2940 1305 7059 4968 9339 4460 4087 8235 1102 9966 6694 2007 5518 5840 401 8409 4404 3971 8539 8653 6645 9040 5709 2529 7511 397 
2298 9072 7417 5331 4848 3929 8450 1289 5351 4520 5117 4653 15 304 4600 9268 8421 5380 2951 7936 9964 6266 610 8673 7387 4058 4196 4945 8471 1762 1923 9839 1495 8516 6389 6288 5342 4798 7165 2040 1180 8244 7826 5329 4954 
3090 9980 9539 620 6 641 5529 6696 9266 3234 9982 2298 6826 6559 9366 5778 101 8738 3534 2863 5293 9974 4609 2161 6604 6418 1640 3485 1863 6121 7449 4805 7955 7167 3753 2915 506 810 4761 1544 3175 9762 272 8655 3918 
1965 6399 3356 8182 6641 1504 8065 2920 6711 9754 9735 6744 4042 6676 5726 2864 4480 188 4467 4610 5960 8926 8656 4507 6238 5261 7236 5133 8739 7399 5789 2158 8080 5323 730 6541 1107 6462 4835 277 3697 2728 7263 8481 365 
5992 6366 2542 7068 8879 2901 1214 308 7771 4306 7176 2165 7281 4395 969 9931 8550 6129 5667 282 9526 4293 3756 8246 2818 3323 4003 4074 4638 9338 4834 9431 7025 4035 4950 7674 6923 9625 8141 7243 971 4872 4661 9400 134 
4431 2998 9529 3078 2803 778 1971 3263 7463 1804 5484 7886 2357 8823 3078 7136 7651 9703 93 7609 9690 6731 7757 5961 3432 770 5119 6140 760 2058 3851 8457 9074 2136 7838 7644 782 7513 4010 9458 8221 8805 8728 1099 471 
9620 6639 3335 8531 5319 3955 609 6294 2154 8980 6763 3687 1080 9383 6778 1298 3429 662 9548 7681 5880 434 3785 8450 2306 8700 6157 6257 7492 8682 4003 6009 7125 2232 8030 3699 5012 1573 9692 4327 3826 7155 7439 8636 1717 
3037 3573 466 2087 3964 4390 9931 9294 7307 9370 3521 2605 6883 9051 4360 2612 8515 3813 3795 9620 3073 2670 9606 2389 3510 3740 5006 2893 1459 6394 1949 3620 5490 7560 8435 1793 748 9159 3993 8946 2799 3804 302 2272 3412 
330 2986 6086 4401 8623 4357 9757 8148 5706 1440 2504 4787 3056 4404 3378 6841 3313 8575 845 5835 5767 8335 8332 487 8184 9257 6071 9567 3200 4937 8579 4813 6879 1121 2969 380 3041 5312 1014 5051 7597 1186 3990 4421 7843 
1585 3104 5869 2472 4255 7271 398 4948 6170 4167 6288 2739 7067 9620 9212 2304 9588 594 8036 4637 6643 4780 8286 4110 3509 9803 4078 5640 7873 6191 7944 1880 7989 5253 2565 6060 5517 1775 2750 883 6000 9256 535 523 9328 
2927 9958 8278 1819 571 8107 4764 1414 5763 3737 6287 1824 1251 4200 8129 3482 8886 85 7551 5747 2555 3435 2847 9116 8626 1096 1138 5473 9287 3057 2177 7307 5669 9702 3886 848 3981 5722 2504 7241 5056 5679 2252 4518 4592 
9089 3165 7373 5487 9719 3850 2983 9205 1432 7090 8186 2013 766 4798 6619 5192 2719 4672 6451 6885 903 6658 2890 4504 165 6925 3152 5856 638 26 2349 7259 8187 6475 9566 9073 9960 7588 8838 9017 9661 5301 5505 1398 9071 
635 4263 8010 9597 8810 5943 5125 7548 4655 9555 4393 3073 4290 4621 8373 9326 4380 7682 2298 4119 3273 1160 2113 3506 613 5232 2619 6634 4393 6193 1698 1243 8809 1831 8555 7308 2208 2228 3651 47 3564 9156 3026 7133 1474 
718 628 3859 6871 1191 2678 1794 3516 5394 7503 4219 850 7812 1399 3134 9193 3785 7916 1596 7511 286 9816 6105 7999 2507 7896 9415 5458 6653 5619 8998 3689 2163 7207 4131 7590 2308 3101 9276 6318 476 3260 4 4861 7249 
7594 2928 356 7299 2396 726 2922 9313 1041 4541 8823 6897 4111 7413 7384 4044 2709 2652 1943 6159 1599 9369 7556 6826 6566 448 9617 2027 4017 7215 846 7832 4907 3810 1161 9705 423 8463 9139 1597 925 5234 9580 2436 5637 
3625 3886 2453 5886 3040 1316 6092 6608 6319 5251 8018 7103 8439 1163 1196 6142 8783 6380 8040 6107 143 6976 5519 5450 3738 8468 3784 8812 2764 3701 6231 7383 1555 8082 6408 1868 5494 7929 4235 6073 2474 8830 2541 9621 3348 
7529 2552 1185 2622 2929 2526 891 4207 9243 3555 414 8880 7144 6550 4630 6192 6428 4937 9846 6688 1654 5145 7047 9042 2088 8426 6442 1564 3263 2005 8268 1190 5850 9086 673 9570 3767 4962 7070 6874 5605 7103 6595 9813 7397 
6893 1066 8259 7044 4638 1769 849 7159 4464 4886 6120 152 189 3238 5493 4313 9861 7400 464 7839 9872 8205 9114 2301 777 4167 5479 6080 579 5598 3304 1322 5426 259 4805 2138 6197 9334 1810 2794 4102 6802 9905 5871 6130 
6141 1491 379 4475 5837 9614 2849 5189 5617 7271 7356 14 3283 9240 1343 345 6514 5119 7454 6306 593 8931 7629 964 3061 2572 9218 9985 5622 705 8132 5176 1658 2351 7805 1268 1640 4679 4776 5639 9375 3353 9593 9535 4905 
4821 2830 3141 3412 412 9599 7534 2780 8765 893 6849 1563 4965 8144 1094 9552 6691 2466 519 7702 9226 3328 1098 5083 1422 1553 2401 8898 9681 1041 9721 8163 2725 5687 3862 4044 9087 6541 325 1379 4447 76 3451 8361 2240 
1740 7201 4565 3143 735 5625 1074 366 814 6340 7671 27 9910 7545 5987 111 7987 5475 9977 6961 6947 2109 5221 7110 4062 952 2184 9632 7375 5091 719 8053 5593 8478 1527 9617 1411 7769 6702 1614 3247 2320 416 5039 8840 
2171 8263 105 7626 5832 4022 5838 6110 9641 6922 3439 2070 5757 1079 8469 6134 7996 6849 7176 4398 3265 5346 7213 1373 7917 4784 5512 6999 2967 4413 2214 5100 9465 4031 6964 9079 9549 9038 2972 991 8215 3594 3802 9150 6855 
7411 9594 7994 9812 2888 6849 977 3081 2616 2065 3015 8209 768 6876 7791 4071 8428 711 8895 3752 9530 2070 230 391 6092 5955 9091 6091 2038 5942 8973 7099 4695 4896 4367 2828 2571 5768 7689 8414 4592 558 9953 3235 489 
9644 9141 7765 1015 6014 6090 1503 7089 5676 499 3195 7881 4092 9578 7023 395 8871 2094 381 5992 3036 7349 357 4284 7477 8285 8393 7015 1837 6926 8052 788 6420 253 4015 5043 8238 3332 5005 9253 5303 5278 5778 4 3274 
8549 2778 8652 5442 5577 558 9534 4093 4580 2705 1262 7264 5968 5035 5346 2285 8391 900 6466 287 3394 3532 2370 599 4354 3884 5646 1930 4647 1202 7230 7679 4592 1397 2156 9626 139 7929 5218 5340 2277 1979 8558 2344 4908 
280 345 6643 8628 7209 4639 2397 4490 1581 8102 263 9140 8974 9429 9373 6178 6741 6853 1769 9360 3743 7467 5510 5923 6105 5677 2230 9068 5484 2198 4830 9317 8559 4604 9348 347 2315 1723 6419 5747 5946 7964 8848 3514 7439 
6004 4325 637 4476 1667 4097 2555 3919 6437 8615 5377 4669 6138 537 1300 6967 5244 7357 2098 1568 6293 5218 2201 9582 9515 7993 2858 2747 1618 652 9271 2680 9114 2819 7478 3687 5298 4084 1325 7822 6754 8362 6893 1497 156 
6702 873 3885 8670 1451 5344 953 3933 4166 1493 9784 9554 4433 1175 7697 3583 6632 3721 1329 7378 761 4019 8899 4243 8792 675 4712 2883 5660 6719 7867 6815 6020 6136 7654 3686 1665 3209 9141 3219 4402 2610 7444 9708 7762 
4541 4899 5805 5741 7245 765 616 3802 702 9188 3699 7073 2612 5574 836 3568 3359 5446 1879 4542 4812 3595 2538 9774 7232 9720 2030 6720 2623 9556 179 6894 7342 4920 7639 7697 1876 5319 1385 2745 3438 5956 2896 8344 856 
8269 3628 1449 7243 6366 7651 8423 4183 2573 6977 6786 4113 9284 8120 5256 3026 1075 9355 2753 1049 7032 5752 7581 2852 2570 5810 4833 6589 474 3123 3556 5980 8583 3125 4931 1793 6313 7109 2175 6617 685 1482 5720 9993 105 
