3337 2301 6204 2273 6997 9915 1277 5996 4128 4461 1283 767 4656 4146 2196 1431 2547 3841 5861 6500 9772 9337 400 2551 464 3708 9422 9071 256 8488 3103 2942 6222 7666 903 9934 5473 5599 7813 1033 2931 603 5247 1383 4726 5405 9802 2044 4613 7261 1667 2000 9963 8790 3449 5866 6968 2431 3296 9496 6450 6229 3780 333 5113 2305 2648 7157 7243 8213 5482 2892 4467 9728 7664 3652 102 3189 188 4268 
5105 3066 1301 9007 2190 5919 5839 6771 4216 9081 7174 9567 4585 9708 5387 4641 8469 6060 1298 3507 1958 5094 1597 9456 6442 5334 3497 3878 12 4216 3183 503 1922 8375 8538 9854 6520 645 4526 8427 4200 5858 8156 586 8535 7556 7528 7657 8724 7664 47 5920 7624 7862 7907 9468 512 108 1235 5036 5637 8290 9139 8391 1517 4817 4597 2683 7699 3526 8886 2984 692 5481 4501 1612 5475 4121 7106 3903 
1767 6604 8525 4741 3784 7995 8547 9867 671 8886 949 6549 9216 2138 1818 10 461 5773 6261 8068 4836 8897 7751 1283 4301 3156 8603 342 7171 2935 2448 7717 6527 6907 9800 1376 5268 4935 1886 5240 9094 6855 3323 2921 3117 6298 2983 5585 6623 7114 3246 1985 6333 3674 782 3779 4398 5653 7003 3543 1733 4323 9060 3992 7639 9910 6832 5025 2569 4702 3253 6323 9254 2534 3429 1753 6546 7062 5301 9373 
553 7213 693 7327 5426 3728 3290 3049 5544 4115 278 4656 3152 4195 4843 7688 1256 3670 2156 3545 6240 6755 4019 3601 2077 201 2952 8975 7245 2063 3893 1678 5980 476 1420 8203 8068 8380 1596 4995 799 9184 6528 9967 4290 1475 3401 8204 3962 5866 4635 4059 3538 9878 9179 7724 4559 944 9384 7391 1859 5564 8820 382 9813 1536 5169 5201 5859 9741 1473 1056 5543 4020 1141 7384 5130 3598 4342 2693 
3478 4804 5741 642 2765 5985 6405 8037 4725 8572 8020 9984 9982 3549 420 5923 8335 1156 6045 5930 1293 8231 3637 2984 3942 4542 3561 8104 6269 2505 439 1672 4347 3427 6469 3159 2886 275 416 7231 448 5985 1873 7133 8737 2797 9090 567 5821 9460 1402 5003 6797 8061 1610 3008 8103 398 4814 6904 268 8861 4231 454 6757 3860 3945 4552 1954 280 7766 6357 5615 826 5151 3821 2172 7496 4575 56 
5611 5188 102 9000 5765 9041 7715 7747 1276 1264 4604 937 6114 1041 4639 3686 8730 9613 2072 8251 1417 6690 7610 1197 8074 7856 6321 3593 4906 7616 5692 3398 1093 6175 5646 2803 555 5101 4825 6947 5584 5465 4346 2730 2103 2384 5913 6199 4851 9266 8000 4140 9595 9932 9421 7181 481 5028 3815 2306 1296 7931 2773 8101 701 4289 7733 2875 7886 6981 8628 2942 6834 1832 219 3984 2320 4314 1936 5082 
7459 3892 7901 4377 5338 3083 8350 8277 5744 6673 4405 209 9251 9610 3875 651 9767 7263 9028 8838 6035 2733 2860 4687 1042 6287 4876 9257 3073 6903 7871 4637 2692 3752 5916 8693 9715 2830 5521 92 9723 4373 5193 985 5782 6872 1041 3994 8999 1479 5077 9070 4953 9466 4045 9930 6496 7945 3675 5248 7589 5646 8542 5918 3465 8279 7260 1213 7601 5605 4393 1618 7696 2084 8545 5640 9312 67 7126 1442 
9687 6139 4533 9762 7258 769 1350 2767 3731 8670 63 5764 4066 8834 9416 6499 8171 7559 1522 4221 8857 8967 2475 546 4026 2214 8459 9822 7833 6795 1205 7268 1316 8355 1883 5063 5528 181 960 1425 2996 4329 4859 9805 5361 824 7773 8934 1454 2565 7107 3580 4851 8864 4893 3382 2376 8516 9970 8216 3462 3355 9221 861 7304 8024 4545 3445 7506 1164 683 3460 398 8924 2144 5931 4096 361 3520 9723 
4094 3178 4092 1456 8226 4711 4850 8987 6285 2473 9188 4230 1689 5908 586 9715 9735 6086 4428 7976 1610 9425 2271 7400 1949 3817 9754 6262 2636 992 669 7148 7391 1240 3086 6266 5950 9412 9670 3238 5652 3817 6515 1459 1140 3587 722 3227 7098 2367 973 9669 3144 141 3769 9326 9984 3882 9705 5244 2978 3602 1017 1495 2041 1466 4557 371 1766 7298 8161 3777 190 3155 5813 4575 6670 6017 3376 8165 
8946 6181 171 2933 5810 2644 3436 5453 5952 9263 601 5858 5521 8727 4627 3616 9743 7570 7644 6548 1238 3973 8487 6306 9346 5800 5973 8795 5229 5127 5174 1646 2860 2123 3403 9113 1062 9528 2870 11 2233 497 8930 3060 4105 6100 2698 8502 1942 1403 5961 2947 3039 9347 2723 9040 8524 3780 974 3348 7468 8160 6355 6387 359 988 1957 3641 5306 1204 7955 2302 6730 7135 6215 8744 7998 7888 1170 9099 
9694 4437 6978 2069 9351 6376 7469 5997 8989 3595 5046 8758 7581 7889 2568 8548 4588 6519 9321 8643 1053 1782 9764 7116 7540 4368 2324 6230 6562 5903 1929 1893 627 2849 4394 7620 8968 7949 5270 873 9949 3328 4023 9223 116 6294 1625 2043 8877 8566 9714 621 9919 3812 6625 2873 6898 8304 2935 5053 1640 3651 6045 14 1825 6098 1408 1846 689 5054 7482 9920 4778 8472 942 6197 984 4692 4909 3614 
7153 8238 7284 2340 2594 4453 7596 8488 5037 5677 1429 3413 4310 9782 7658 4691 1030 5104 5163 6989 5886 2726 9086 4922 1924 7461 3890 4856 7126 4494 6947 5140 4545 7346 2162 363 5083 9653 4518 1426 3257 1401 9019 606 1160 9392 8265 9052 3496 1542 2510 6476 9956 1010 26 974 530 4724 4376 5083 591 6814 377 9092 4926 9873 9627 5037 2895 4720 4134 1245 2661 298 1251 2415 2751 713 3358 8418 
4035 4970 8131 7042 738 7946 8901 6422 3345 9859 4766 1492 8570 4649 9261 9970 4781 3014 3049 4637 1771 5551 5996 4112 1804 7922 8110 8521 8746 9450 5708 8104 591 5585 3617 1346 9190 9947 8423 5007 884 5265 3807 53 440 4019 1910 28 9511 4839 431 3186 7076 8323 2341 9514 752 4823 34 5959 5473 3728 5323 4256 9606 5020 3538 793 6954 4404 1192 6958 5928 7873 82 1775 2257 648 1660 6537 
4993 8850 5706 4935 4438 9271 5337 4100 3827 7005 9734 3446 7250 8194 6017 5822 9440 9215 5045 8294 2506 3884 765 675 733 8332 1159 2409 9655 9635 4724 5373 5477 9145 1729 3315 6886 1145 6962 8361 8920 2945 6808 8591 7436 8251 873 1938 52 681 4976 7603 5170 4879 9237 5112 9285 7939 742 2431 2205 6310 9396 8712 8987 4400 2311 4336 4512 4139 666 284 4619 8200 9165 1608 2849 3243 8955 207 
6366 6551 7542 3698 5936 3307 7542 7185 6657 6888 6222 2668 6688 7780 1918 1966 9226 4898 9952 637 2258 6984 9585 8289 9617 3956 2131 9346 9449 7212 8207 2209 2101 4746 3860 2029 9358 5098 7496 7781 1507 8098 6797 5144 9569 7325 7693 5880 4350 8155 6740 1049 6165 6641 6916 8200 919 4959 7756 2153 9480 5175 9105 2357 1186 2594 3705 9009 6045 6738 4845 420 655 6810 9288 7387 3643 6053 2070 1372 
9672 5713 9412 1297 5931 4239 9547 4171 7970 5328 8658 5836 2007 6558 7286 8375 3559 228 7253 1506 2477 5334 4574 6365 3716 9546 8820 4043 2651 8036 3307 920 6539 3149 5717 3209 1439 554 188 7974 9365 1042 3624 1326 4786 6434 8482 7346 4359 3858 5421 7879 9362 6028 1388 8357 6767 3335 7568 6839 7661 1083 6953 400 3919 6488 4614 7059 5987 2249 5607 9813 5015 1765 3849 3302 9427 6768 8502 6894 
7809 1991 152 2520 9880 9647 3805 2142 2534 1641 8021 6204 4167 3485 1093 133 5961 2792 5807 7226 8269 6756 4794 5109 7427 8451 9815 6924 2558 2505 160 7746 8475 4784 4510 6495 3185 7210 939 7671 5164 6546 6694 741 1307 4684 8930 4706 1465 1472 1010 202 2194 492 3283 203 8340 1640 7783 6113 3010 5905 532 9008 9286 6671 311 4948 592 3799 1144 3342 1177 8040 9534 9915 1355 7875 379 5593 
3360 8171 3103 8278 1175 6426 7259 2858 1898 553 2509 6997 9214 977 6829 4308 2360 4356 2641 3790 6588 3224 2851 456 5382 5300 541 4563 1086 8087 9693 2654 9530 5358 1412 1269 1345 5227 650 5046 3322 6568 4946 4855 2101 1647 8975 6559 9852 2742 9924 834 7448 7933 4819 1687 8385 3078 314 8279 2023 5501 34 8184 3384 3632 1655 9178 1 6538 8663 8409 6751 1164 6027 3859 6494 447 1685 6881 
7744 2657 8886 688 8952 1407 3463 9070 6486 8112 4121 1757 726 5546 6466 4327 8629 720 6913 5434 3630 4697 1763 4203 5580 2992 3709 5691 7445 4929 3436 7995 4223 4182 5919 262 7980 4792 358 4612 8363 179 1839 6243 2828 6679 2199 7 1237 7224 6401 918 4116 6804 6673 3587 9299 6347 9079 4821 7806 684 6660 929 9156 5909 17 5366 2322 2053 8005 1523 5547 1241 5810 4603 7712 9322 6856 7501 
5856 8378 773 276 8317 3273 6742 3330 2223 157 4573 6186 6430 1374 1186 6886 5260 6665 1531 9847 6812 6409 7115 2717 2924 3406 7614 3832 5518 1071 6229 2813 8121 2004 3803 8013 4802 3586 1378 1445 8979 1258 2595 2968 2617 4135 3543 2617 4179 3828 6332 7944 9951 5596 2225 634 412 3307 3366 3609 9750 2160 9959 6157 8738 5516 1760 5099 3634 8579 5759 3973 469 5419 5599 6959 9083 5141 9081 5570 
3794 7479 7900 7861 1537 4854 1063 5184 2995 3774 1056 6365 4700 1571 8470 8386 3223 4759 9610 4607 1691 6582 1602 3723 6550 9704 7337 2520 9855 449 5475 4921 8513 2550 2926 3769 6200 7394 6123 3441 8850 75 9493 5538 5792 2102 420 2574 2710 6144 339 7065 3910 1160 6359 1801 7642 9909 6609 9936 3201 2129 1067 8248 8909 5753 8046 5067 3478 935 675 8566 7127 1540 6742 1696 5092 6162 236 7679 
8284 5097 8083 8065 1317 8983 3715 6894 5159 5757 8253 1854 9263 7412 3389 1519 8389 3183 8229 22 1941 1364 3846 999 5201 8797 1570 451 9170 5928 7430 9871 868 9391 5887 921 8736 6870 7222 5183 5742 4158 1053 6774 1900 6006 6934 4803 6796 9929 5989 1767 8807 628 1792 5575 9707 3582 7760 5149 4952 5630 1713 2279 1795 1352 8489 7979 6950 7906 5001 3352 4075 7257 797 3082 2057 1086 2380 3202 
3337 7054 2722 2183 3163 6910 2725 7802 716 1841 7600 5807 9487 6639 9992 6273 9068 7741 7226 6324 8032 7646 3885 1738 2507 4650 8946 9244 7401 7237 7802 2900 1221 5798 4143 6761 2819 5723 2038 584 6027 9855 7053 7242 5632 3290 1007 223 7375 6295 4699 7920 2828 3382 2370 7309 8130 2745 4609 3157 4874 6210 703 6046 1195 3525 4913 1741 6011 7365 113 6767 6038 963 4787 4352 1999 3529 8579 9654 
8246 5705 2650 4167 1242 7592 1072 5396 1134 3123 9340 9828 3642 1741 8915 8891 4982 7509 7056 51 9462 2260 4929 1171 8470 4062 1371 5604 7405 154 1255 6328 3262 4572 8806 4994 1148 9104 6527 8001 3856 1409 1346 3974 2123 2018 2368 7253 8927 8615 5077 8386 8615 4555 9725 8542 3136 1306 1750 5513 4589 5376 5373 8798 811 2396 5394 1028 5267 7806 1629 1613 3269 3988 6469 5305 6631 8950 1460 4468 
1184 717 4910 1442 565 3722 2135 8385 1351 9717 8082 737 3474 6443 7860 7465 3768 6036 1361 7388 5236 2578 2245 857 9917 9107 4397 68 1131 6616 7605 8933 1635 3221 1059 8383 8956 6169 4955 4194 9578 8479 5170 8456 848 9890 8203 8062 4825 7723 9847 4723 848 8254 4031 4984 1732 9334 8980 4803 6431 1765 4194 2586 3722 9720 2578 3969 1757 8144 4442 6761 4025 3082 4926 4598 6480 1503 9461 2852 
6925 2436 2468 2939 2885 5751 6122 2644 8731 1071 4985 6490 3219 6121 4512 3903 6865 9464 5398 4540 3639 8800 3323 3127 1478 5680 1533 5458 6440 6556 815 4905 5480 1941 6836 6841 194 4983 7817 5592 2252 896 1317 542 7264 4228 8239 5344 9793 1047 420 4697 2258 7847 4154 3957 6467 9207 9007 2000 9295 7009 4243 8898 8194 5899 9636 8221 114 5418 1731 3567 9362 4140 821 6511 4153 3037 7550 2984 
8276 5859 1709 891 9259 2354 9059 1249 5070 2860 6107 4381 1948 7735 7060 8132 1225 3890 5155 3871 6660 4745 9188 2025 4690 8532 7017 1086 9626 9441 6121 1726 3995 1067 509 9733 1634 8365 3754 7615 8110 747 1662 1927 1898 213 5544 7556 1155 346 6464 6731 9369 2630 3302 6444 1374 1517 6931 9291 7851 9770 2110 8234 472 6096 3011 1940 9514 2935 807 5642 1479 8004 8262 7344 903 5362 6956 289 
3697 9099 6172 1731 2981 4642 4530 7074 9107 2209 3900 539 2921 1473 2084 1770 5920 3185 4212 5094 5104 7005 5961 7677 7736 7303 6673 4207 2265 3194 4522 6267 6603 8175 2152 6525 6410 5478 3979 3522 1235 9419 291 6479 9707 4592 1068 6074 2905 5694 748 5721 3550 6824 2154 960 6584 6822 3808 3670 7289 7107 1182 8870 1093 8107 4475 1266 2258 6881 1207 2707 6384 1484 9636 4292 9823 929 4222 3992 
9088 9128 9840 506 8727 3569 2116 6960 7876 2623 2509 4467 6866 503 615 9480 4568 4841 8703 4240 7770 2225 6563 1180 7486 1446 4875 6455 9146 5077 1443 5518 1111 5444 1452 6735 682 8682 6950 3749 8940 976 8023 9762 354 9093 9951 8972 7001 1334 2801 2651 3465 6692 7551 330 5662 7529 6170 3364 7916 5872 7260 2133 410 1830 6296 9779 112 3946 3684 2572 2538 9539 6423 882 5055 1541 4465 4578 
4547 6910 4523 6008 7304 5958 2893 9335 9928 7176 8613 6387 9419 2181 1583 1044 8085 3368 2287 738 8325 3635 7617 6101 6962 4998 7151 2201 5708 4162 9771 5948 8751 165 1901 4362 59 1725 5370 4252 3369 7037 3339 3593 3284 2583 9769 3465 7100 7866 6054 7960 72 5838 8927 6590 994 1797 6134 2487 9312 5160 2058 2765 783 8727 5452 5528 3558 7608 5276 5212 6698 5751 7999 652 9175 7779 4166 309 
8503 3313 2553 1114 6459 5360 9457 7655 2515 2374 1858 6946 8239 9316 5707 9424 5734 2221 4605 8734 2755 987 3280 2430 9365 3638 614 5738 7327 7380 8564 7250 4396 2980 6468 8638 7690 434 496 9891 6505 6907 862 1671 6024 6878 8507 3328 2152 7431 3471 2855 937 2537 391 2845 3809 2620 2680 3858 126 5065 9411 4167 6917 2870 2874 1958 6574 567 4081 6996 1373 9160 6754 4635 6496 9774 4178 3089 
2504 2471 6186 8835 6647 9302 8724 2801 3243 2581 491 9612 8516 1412 5739 69 6952 2910 733 9406 4688 6750 3476 6071 2368 3679 4099 6417 4097 7711 5718 6205 7536 6309 4534 5923 4592 9801 5609 8673 3682 156 2205 7417 3058 3351 9540 7194 5036 8711 9385 9447 7471 5482 6376 8341 9702 7673 2087 6239 2416 7289 6811 961 6471 4728 8276 9701 8869 5081 1023 6090 3046 3410 8191 947 1055 3010 5984 3434 
6043 7688 8022 2467 4923 4978 6249 3725 79 3069 1533 2169 5144 1177 7674 6935 3984 9251 3845 696 8428 9356 4899 8008 6440 2124 9882 7209 7894 3834 7819 6867 855 9565 46 5303 1399 8864 7117 5057 7937 5840 6866 6436 1596 5075 2936 1100 5225 2488 5460 8564 8752 9014 9543 5428 4175 8519 231 6564 7667 4475 3088 4504 363 513 1897 6090 5864 6303 3623 6330 7676 9172 7401 6885 9404 8529 5455 3390 
5245 1533 6889 5228 3712 3923 9295 6154 9859 4698 104 9448 5909 9983 7200 8107 4855 5313 1298 9721 7819 7074 2039 8186 8797 1264 9554 7556 7071 656 1104 5066 7106 5886 8656 3742 1911 395 874 2552 4040 9796 9528 9544 8511 9737 16 9132 6233 6990 5697 5083 4483 2482 5924 2695 5310 2593 3689 8303 352 8945 1117 5942 3641 7664 7326 3493 1474 6071 6575 2178 1705 6163 983 3921 7147 5672 5517 775 
2433 7996 1431 2581 4097 8275 7036 9450 9802 5417 7103 6883 3985 4737 2835 1198 6133 9250 7406 6534 9486 4848 8060 8808 2905 1480 8677 9580 7738 2704 7384 8615 76 6618 213 1609 9635 8026 507 6733 2437 2562 6741 5666 7569 4860 8649 4628 9852 2601 147 147 5853 8477 283 7481 1006 897 2228 3442 1243 2271 7812 4073 9463 4373 662 6929 8124 5241 7972 9634 9157 4295 5402 8921 1366 6883 440 679 
9521 9824 1531 1646 1817 4736 8707 270 8721 6076 9137 4522 4150 1083 4375 8688 8104 9410 1224 1992 744 699 3842 7730 8337 9539 599 4799 1436 6541 2614 4060 3967 2921 2267 9042 8751 5801 8184 3955 8376 4503 5212 7155 6976 3040 4885 3370 510 7696 1563 2454 4032 7000 5687 368 86 8470 6249 2994 3905 7296 4290 5025 6727 8048 146 673 7455 7873 6600 20 2020 7599 312 6237 2844 6386 714 4140 
9253 721 7198 9378 3442 8017 195 558 6167 7304 1996 2428 554 222 8875 9745 5197 8978 230 4472 9493 2349 8369 3320 8870 8228 5058 6256 8195 8391 1536 7077 6493 9504 1617 9272 4134 4327 69 8527 6457 671 2622 3639 955 3595 7896 9465 6848 3894 3048 7370 2227 3507 2113 7159 31 7137 5990 2542 2421 6391 8941 2630 5486 5728 9429 7325 9939 6856 9151 5863 4170 9441 8735 7906 2134 5503 6354 8235 
8877 4059 4478 8742 816 5585 8787 6782 1388 2353 8758 2690 2158 7353 4434 4281 8326 2971 4164 2496 5803 1188 9138 5206 2324 6016 5285 4330 2246 8812 9604 7276 6936 1225 7481 3559 4722 7948 5879 9029 5953 5996 5616 2397 9616 6436 1216 5904 4460 5243 9656 7476 1194 8322 8145 684 3859 494 8826 2987 7268 8885 3168 4123 2216 2302 6723 3467 3501 9347 191 9180 3576 5562 3366 486 3784 2380 659 5969 
1663 7183 6659 80 9238 8108 5595 4651 944 1055 1240 7329 3885 5668 542 2861 3496 6158 3745 5706 1077 1800 989 3218 4902 6916 9048 3505 8638 5334 7590 6811 1372 1297 4640 6429 117 7587 195 9431 9806 4931 12 6343 6083 6260 4168 4249 8176 6785 6213 6777 1687 4799 5162 3178 8991 2353 7021 2492 3190 6969 6848 4734 653 640 4556 2473 5870 9949 1392 4854 7039 4173 5905 7486 3794 9028 3918 6940 
4523 707 3705 9502 4557 9925 7798 756 4107 2939 5206 5440 4696 7750 3848 4235 2540 8419 9956 7232 692 1949 441 7767 5489 5863 7139 3218 6882 9080 8622 6099 7724 8736 7825 2364 9073 8221 704 8631 1512 2577 2832 6887 156 3806 993 7848 7027 6059 4638 994 9923 8360 261 1014 731 3750 551 7265 4850 8861 9869 1268 618 842 6387 5876 4295 3626 8557 9444 1269 3429 4481 3049 6068 8941 6141 7232 
6137 7811 2313 4526 9096 798 2669 9599 8617 2640 3264 7990 2352 5351 461 6983 9129 4590 2536 2015 1907 7383 8266 9395 2553 7229 1670 3906 2886 5832 1573 5275 5224 474 642 8679 4524 7648 9896 9266 9836 2134 2366 8107 3507 7153 356 3059 5050 7921 1848 6987 2248 8287 8768 4951 9133 9107 9950 7495 8267 6702 7434 2057 5800 3513 5591 9254 8409 6968 1716 4416 1232 1899 4497 800 4880 7642 6616 4464 
6893 8877 5120 7811 5875 5942 4579 4874 4660 6775 3192 4815 3395 5678 9261 5980 3115 7316 217 1654 5133 9729 1177 5175 498 6213 3056 8067 522 8927 3703 267 5101 1972 4090 2867 2422 957 6293 8578 5654 2683 1538 9221 7084 6429 192 8080 3735 8271 1669 3780 2675 3730 1230 4715 711 8626 9939 4670 4263 9147 8142 849 6198 6910 4640 1067 308 4756 8654 1195 4131 249 1717 8082 3102 2320 2000 3221 
2482 2592 5519 3510 1440 1549 9358 8651 8745 5034 7114 2273 2363 4656 3980 1649 8761 4622 3689 441 8176 4265 2169 9952 4339 8874 561 9435 4446 5852 6520 9211 6394 1620 4536 6848 7121 5912 9589 9020 3832 10000 3295 1612 5467 4134 9464 7652 9340 8435 411 8522 573 7792 971 3459 3496 5343 739 2370 3101 2410 5391 8120 3042 1187 4988 5752 9480 2871 3079 6437 1706 8063 4143 6343 8495 4212 450 4871 
5882 7528 5328 1207 227 7404 57 6347 4719 9344 3300 3091 2557 2648 8670 3214 4886 4344 1423 1457 5727 3648 9236 2586 1429 8892 3471 3684 3673 3491 943 8600 3754 461 1186 7003 3694 9171 6828 7175 3237 179 8338 9657 7809 9278 1921 8852 1338 4152 3787 853 2042 1058 4418 4592 6888 3272 455 8630 3391 2533 5162 4078 138 1798 9129 4307 3562 7624 1706 6319 3940 3187 5354 1645 8051 8847 1442 2604 
7092 4909 6950 4259 8822 2891 7625 5749 7474 4503 7730 3486 2251 3905 6581 7743 6733 4230 9340 6510 1963 3944 9936 7182 1642 759 7835 7441 8645 8874 9111 421 7235 2847 6427 1380 8122 1273 7335 8865 4927 4047 6141 8515 5565 460 6377 4065 9672 6444 5885 4963 168 7625 8054 9203 1492 8376 7937 3817 7810 87 2685 2289 9135 4463 7668 4151 8084 8035 8412 4571 894 2783 6899 6069 7032 9817 2887 8271 
6728 9707 8268 4109 1176 1784 3655 7513 9249 6139 1264 325 9564 5054 8861 491 8524 8229 4634 894 5749 625 846 8649 5630 5369 2619 39 6263 2436 4963 5936 5168 3623 8101 7355 970 3778 8655 7691 2010 9059 9423 1307 1832 1073 273 9193 839 4698 8552 4926 8618 1896 9710 6185 3571 748 9814 2242 5879 1901 8844 7522 9477 445 9339 7760 7119 982 3102 4027 2605 9811 2268 2016 9704 8882 8607 7891 
6265 707 5650 7300 7524 6603 2639 6684 2530 232 8875 4373 3254 3695 448 6668 3000 7492 8359 2835 5487 9860 2808 9104 3958 5310 164 8318 6448 1867 7708 6865 5227 3533 883 1842 1975 3112 4055 1301 2505 5279 4220 3854 7151 4400 6095 3099 4389 1771 8844 4227 6219 5808 1081 6031 787 2746 2790 1563 2640 3557 3028 7985 622 6788 3058 8598 1842 896 987 6982 5663 974 2807 4690 3943 3103 2077 7161 
6759 2098 8005 262 4773 1012 368 6502 5631 3007 8648 30 541 1057 6914 4054 6472 5624 7795 9569 9709 6402 2100 6667 9343 3632 61 2798 6895 5868 3460 4360 2867 2234 3039 5242 1447 5228 4413 901 8007 6194 8993 1682 7896 734 3022 4988 6898 4267 8574 9865 1664 2823 5053 1119 8657 6858 1720 6112 5101 7351 9206 5129 3416 9772 8104 4984 751 2430 1178 5979 7373 8884 1044 7795 498 9292 6424 2660 
6587 6001 2292 3232 6913 6004 916 1868 7179 5661 166 122 1633 7024 6125 9614 5917 5998 6778 9727 1624 6460 5176 3564 9609 8618 3717 4799 2318 7803 5336 3963 7971 1944 8112 7944 498 4012 8908 362 2693 2751 1390 430 44 861 1041 8435 7924 4236 3665 2197 8947 3084 6373 9402 5196 5001 8161 8721 4599 5437 3623 3944 7280 2884 1903 111 3898 5862 2466 3392 3397 9756 7765 9982 7641 6354 9203 1266 
7018 9918 7915 4484 6995 4078 2305 9634 5679 1361 3300 7348 1517 7612 7792 5573 9004 1321 8479 3821 3680 6183 5204 244 5420 3388 4086 6527 2370 7831 1296 2792 3245 8448 4752 7272 1170 3321 7652 2772 8195 489 4990 1925 8600 3656 4892 4278 7599 9155 6841 7340 5127 1445 4667 3891 8033 1296 9902 3557 642 1611 6886 4309 3885 5940 8891 7445 3100 79 5581 3440 4140 3591 761 2719 7815 4063 6676 8282 
1380 684 6582 7401 851 6350 2886 1384 4283 8164 2824 833 334 1120 9427 7330 2846 561 7938 3940 9724 5777 5780 3737 1067 6219 4306 420 131 2893 983 4260 4565 6118 6912 272 5634 4161 2814 7512 6463 1372 4601 4100 7306 9812 1295 4611 3504 3905 8605 2295 8413 2098 9034 5904 6017 361 2193 9933 3327 2443 8867 3415 7189 9262 6543 2955 496 5612 1900 1978 9560 7762 5486 8055 7560 5556 4263 2706 
825 716 6644 5817 53 8438 4086 2940 7413 4077 8764 171 8006 1860 2549 5493 656 1762 8683 7955 7342 2826 978 2258 6627 9382 9029 3561 1280 8864 2106 2987 6394 5629 2288 6428 5673 8066 4489 9977 4026 7789 9694 9841 6957 6786 5707 7252 3870 8936 3128 2134 1704 6565 1144 380 6595 1120 5112 3634 9312 8242 6187 6299 6436 2668 1504 406 8279 8759 4446 9433 4982 3883 1321 2213 3957 3404 1495 3684 
2769 7293 9433 6606 6369 9620 8040 6633 5560 239 5444 4447 3051 1179 6059 461 4413 4811 4788 8371 5788 8059 6168 3309 5714 1659 9849 4304 9985 1783 3402 2703 9871 8095 5332 341 4961 7632 5321 8839 7695 8411 9030 5138 5689 6638 8336 4666 1491 2563 1873 8669 3439 4536 3966 7832 7304 3895 5857 3777 8681 7232 8254 6427 6217 3580 4897 5888 7816 7950 1260 8564 7697 201 2205 2340 2677 4204 2711 4039 
611 3174 4542 9733 3381 3408 5319 3727 6052 7377 6958 474 8497 5615 376 8064 6128 8548 8074 802 1068 9580 4629 9010 4846 3437 7487 1234 1609 7998 5238 5599 7963 9698 7980 8307 7227 2792 508 369 6205 3259 4765 6197 1070 8242 8068 4303 7980 7962 1878 5625 8297 3923 1830 7314 9333 7254 1123 9236 7550 7944 5626 360 8615 3533 8792 3732 4727 6917 2550 492 3501 2880 1498 4497 1077 5219 9253 3478 
8899 1788 4610 3878 2349 1994 3577 5459 9348 1119 9475 2334 5044 9384 8435 8546 6003 5117 3190 2562 5150 1849 5274 734 9279 1264 8720 506 635 7622 9748 4446 7273 1036 2278 9377 3325 8672 1208 6309 9043 8258 5958 6522 4629 6379 1412 9722 2625 498 613 8653 9125 1020 9875 1183 2555 1502 3502 3945 8817 6910 3940 5339 8638 9608 2405 870 6701 6236 825 2834 3510 1840 5359 8389 7857 369 4378 7966 
276 8451 6791 7507 6309 8201 2110 8028 5372 9746 6416 9147 8948 5634 1002 1542 1680 7460 6836 4441 7053 6163 5492 4630 7803 1507 6438 5720 7727 8017 3693 4808 922 7263 3788 5632 6320 9316 4051 849 2318 5571 5871 8891 401 2448 1434 8797 8181 7101 7183 6589 1288 6635 7050 7769 1191 6466 8779 3137 5877 5722 3118 366 4648 9038 7081 5305 7839 6035 6592 489 2665 6753 5582 5636 2130 6579 4962 9694 
5154 5826 8505 8709 8903 3997 4271 4939 9653 3339 2370 4160 1692 1039 4858 4869 3609 7210 6162 3349 4767 7842 4694 5925 6534 8000 2709 6087 4928 4205 4593 6955 5757 7154 3810 1249 8545 8073 8453 2359 3071 1035 4607 1420 5456 5316 5886 2835 9649 3978 8840 7057 8577 9075 6835 9197 3046 3900 2515 8848 1666 4575 1017 4069 1314 3816 1534 9667 897 6669 1733 9045 4762 4807 4683 7002 3753 43 3159 9090 
4354 4230 6851 6040 3760 7717 5386 93 9138 5146 594 467 7618 6595 5615 386 5076 8101 9952 5261 7970 2610 2973 625 5660 3648 9395 1979 9488 6896 6409 2377 8022 4383 9661 1685 9480 7163 1115 3095 2595 6489 5609 9000 3645 2789 5032 1463 9949 2394 7060 5824 4027 5417 9119 7336 3655 4069 9423 1744 1286 7895 7116 5705 3161 1426 3287 5210 4133 5052 3190 4598 757 1871 9600 249 5265 2940 164 4304 
8026 6123 6402 4018 5299 9483 7506 5828 3352 9996 6781 590 4871 8151 2106 2672 6413 8690 9402 2080 6999 4400 8457 552 3855 1855 3448 9396 716 8470 6727 2345 6834 7401 7733 3981 6902 1449 2751 679 3803 4538 521 5160 2937 9733 1277 2794 900 588 270 2434 6778 8179 6039 4464 9573 8658 3651 5267 2665 6788 9636 4709 5241 1508 9357 2594 5424 9832 2670 4976 1298 5345 2588 3139 1010 6921 4469 5845 
7148 5761 1770 630 6519 3178 2761 5125 7379 2016 4269 2398 4123 9475 8560 2454 820 8880 4892 5893 1113 7097 3956 3021 7286 877 8430 438 7271 4982 3513 5887 1512 6586 1171 5946 137 7680 4993 7666 5382 8814 1470 2027 238 7751 8900 2820 8781 9576 7337 1923 2619 4492 1593 8303 3424 6905 3059 8384 6279 5173 4144 8946 6736 8654 1521 5289 4302 6905 188 4677 3061 7270 1346 775 1925 9105 5449 5563 
2119 7297 4859 2658 4479 4973 5749 4798 6129 5580 5126 3622 1870 2141 1694 3256 8770 8509 997 341 2615 7666 1358 4572 1746 8012 4808 4620 2239 4174 4352 7257 9614 6102 9700 1173 7277 6234 4842 2627 7864 2256 2591 9823 9069 898 8187 5320 9559 2356 5706 172 9628 6657 1382 1349 8702 1360 9417 7829 9066 9019 8216 8539 2435 5043 499 6072 5727 135 4981 9640 9547 9833 8064 8386 5034 2550 3039 7396 
808 9555 2416 8802 3399 9636 2274 9824 8381 2505 2398 2644 639 6668 8775 7393 7507 6559 1167 366 1885 1124 5483 9684 8015 5763 9094 9404 2506 6671 5628 9760 4218 4567 645 4545 4573 855 213 4863 2281 3718 5758 480 5172 1143 1407 1277 8769 3236 2470 2595 9143 8387 35 463 1899 6644 2474 9336 379 8928 2626 8753 228 4369 3944 3851 5865 9916 9203 4453 8250 519 3181 4759 1619 5164 6699 8595 
1754 7482 8255 6321 599 2248 7263 512 6884 6982 9648 8579 3073 1309 9967 4512 6901 6939 5363 4771 6560 8219 9758 3609 4534 4278 4118 4064 9839 1909 3008 8277 2797 6627 4194 954 7956 1388 3713 2899 6216 8211 9898 6128 5969 5437 2308 2470 5147 5451 4602 8304 83 4701 9989 2797 4793 5522 6274 449 775 6659 5252 7350 3761 2225 7814 7864 8542 3689 7478 2135 6790 5690 9395 8391 4538 3413 6916 4404 
382 3214 4502 4960 1267 836 1741 1778 4077 9142 4991 9244 4299 1808 4206 8618 6801 264 9204 5161 40 8050 2280 6649 4327 9724 7838 4505 9477 8851 9902 1079 8714 4020 3967 9399 9407 4355 4595 6413 9721 1931 1169 7438 6238 5748 5445 4210 7731 1003 8035 8243 9167 1940 663 5264 7933 8206 4270 2810 6821 1851 3830 984 9399 194 4944 8178 7081 2717 4837 5143 4174 4650 8562 6235 6568 6758 139 1183 
7462 6781 8603 6627 6967 6562 6194 8260 7993 8942 5779 372 4669 3989 6827 6939 4921 3583 9126 8044 2778 102 6035 3988 8592 7607 1527 7887 671 5814 2147 5413 9683 7543 3239 1004 9754 7671 1199 7459 5421 5926 5484 9509 8343 5821 8963 9265 1743 7206 8713 3842 8567 374 9724 9761 8421 885 2864 2926 9248 1451 5331 1045 1533 9864 7573 70 4919 6740 7132 9992 7769 4277 5426 4593 9047 370 6070 5733 
9162 5499 3318 6227 693 7050 2166 3806 3562 3625 2036 1213 3009 1590 5262 2390 1407 189 1561 3179 1551 6901 9031 1798 1736 2577 8221 1520 9376 2214 5364 7221 5105 2632 7724 2944 2196 9053 1571 8078 6370 2254 180 7708 5286 4284 7917 5574 3710 8147 386 1951 710 7657 5241 3329 8296 5124 5704 9575 1553 495 8688 6412 6952 229 29 877 9883 3310 1919 1490 4151 5444 6559 8881 5913 2471 7190 9593 
7695 680 1279 7128 4342 8309 9587 539 3106 8651 3123 7661 573 7600 7664 5490 7115 8024 9690 59 5777 2747 6740 3044 5384 9623 8045 6515 3357 4523 3797 4531 9188 3832 7691 5510 3873 4383 848 4393 5723 9206 3765 1143 5792 6311 1320 6369 3046 7663 943 961 1875 4548 4773 4725 6548 2839 3178 3276 6092 1355 2816 3077 8788 8205 7556 5433 1591 7696 795 5853 1799 9602 8554 8365 7491 7978 7117 7821 
8927 8136 6117 8576 1675 452 6414 3626 8053 8011 1538 6148 5975 6843 4770 51 8593 2546 7674 4436 9044 5774 1766 1557 5595 677 4314 9994 9387 654 6718 4583 7375 5615 2599 7874 4059 9614 1836 2322 2078 9670 2054 4461 6583 2476 1501 7281 3596 553 8702 3342 5640 2038 5864 5937 3446 4848 9459 7994 4708 9011 7541 1510 4227 7475 878 770 9472 6691 5694 4579 9583 9324 3193 958 7691 5583 7533 6780 
7204 1957 6662 2840 1458 5510 7430 7113 5569 3078 417 7955 5049 9146 6470 9985 5654 3796 2554 2953 6489 6171 4847 1840 5380 6185 5141 8659 2551 9640 8878 2900 2957 2939 868 3274 4815 9070 8313 4906 8864 8164 1666 5704 5731 2783 6947 8725 8518 3960 7589 9821 420 3328 7248 4991 7158 3118 7028 7817 675 9663 9360 1241 1993 2739 8134 2362 9365 6862 869 5534 9806 9595 8774 430 8805 8819 2446 7265 
2848 3549 4823 723 2363 7909 189 2968 4334 1114 2945 1240 8083 2200 9011 6555 7761 825 6908 7258 5302 8806 6580 1138 765 5771 1558 8756 5634 448 3615 9521 7590 8599 9507 417 5266 2676 7015 3148 5359 8465 5380 6520 2542 1467 8533 2578 241 2297 6546 6424 896 8596 5299 6881 5593 5615 8226 1786 6323 6024 8652 783 2712 9811 484 7531 9468 5984 9962 9293 7347 9132 8960 5579 3439 8287 6653 7079 
9554 7856 4077 5431 59 4110 1408 8232 3452 9679 9881 7925 3271 4766 9963 7017 3612 5045 9551 6160 3291 6551 8515 7134 6832 941 3633 6868 5618 8307 1343 7099 6855 6243 7034 715 8065 8119 1705 3224 1179 7417 6208 8760 8495 5364 3241 9006 309 8500 1644 1605 4247 8155 1837 1979 4453 3051 942 9022 9215 6878 1985 2063 5599 9441 3946 7998 5292 3653 6695 1790 5231 9443 8253 5125 8501 6665 6909 930 
2424 4548 2071 8322 8767 3529 7060 5445 7356 4628 6660 1475 4903 5956 3094 1711 9799 4839 5556 5095 5252 1229 6132 4788 897 1381 7290 4374 2502 5889 3361 1492 1613 7763 3999 4429 3255 3401 8474 6049 7163 5905 7493 439 8313 86 7741 7180 8229 539 6840 4436 242 9613 5350 1216 6650 1028 440 4343 5874 6806 9288 2133 7072 9259 2216 5734 5767 6008 8087 9623 2911 5468 3890 7643 8303 3140 3099 632 
7265 2266 2718 5206 9701 685 6956 1958 1260 2465 546 7763 77 4172 4970 5620 1170 3289 1195 5224 618 8315 3811 372 7291 2326 578 1464 5563 7749 8646 5614 7683 8820 2919 9250 731 3038 8598 687 1604 1833 7247 9054 8178 9480 9271 2399 1736 9282 7499 4621 4927 2805 7472 6485 7494 1564 2691 9204 7743 4066 3183 566 3975 5438 7413 2127 1472 1971 4764 5487 2957 9319 7447 3097 9639 8394 4680 7814 
2588 3305 1750 3497 8598 305 5573 2172 1457 7589 7288 2168 7920 8185 198 5897 5215 1993 6181 1846 5549 1562 9546 7349 8871 4309 8059 4141 1960 4229 1801 7772 9829 2932 211 7706 4716 697 8791 4871 7520 1783 4540 8453 8028 7160 7155 6847 7864 2781 3675 1286 7523 6246 9968 5755 5591 3033 2908 1997 6 3266 4771 4662 7364 4272 47 6630 6775 3802 8229 3227 9589 9884 1081 7293 9803 2689 1508 2084 
9461 9125 6474 87 3819 3864 4580 6513 529 5891 4515 3520 7419 1550 6481 9647 6832 6313 9795 1613 2257 7492 991 7815 6324 6480 9635 8132 5909 9021 4244 2162 912 6946 3258 1353 9282 55 648 3693 9069 3700 9237 6700 2285 6283 9685 1584 8302 4538 5504 4759 9140 7648 9804 5343 9579 1251 6736 9845 5147 4388 721 1665 6569 4297 3333 690 6851 2140 8774 1254 7034 7843 5285 6992 1299 8491 2804 996 
6483 4371 785 4066 2557 1434 3898 4142 9853 405 241 7307 1669 4593 6560 5093 2375 4551 1245 9143 6485 3373 8390 2934 412 8891 3611 1318 8502 9250 9076 527 4871 3854 4002 579 9523 2297 7809 7978 311 7185 5695 7427 2420 2054 4698 1335 186 2242 3120 3355 7951 845 4402 1487 4370 4172 9952 5810 7592 839 4510 8120 2837 7376 3658 2568 2455 5562 7655 4450 3351 6179 7387 8337 8975 9370 9476 9571 
5229 7935 5654 3244 1142 3523 6705 9721 2277 8650 9969 2776 568 5386 9661 4433 1589 8113 2302 7623 4746 8267 2794 6203 9442 3026 6623 669 3453 3971 8855 5356 5718 908 7563 898 6952 9890 1547 3103 3170 9106 5938 6310 47 5141 8145 3195 6415 7238 7290 8594 3858 8900 4274 8385 3131 3666 4654 2369 261 8236 7137 8022 9547 525 5075 9410 1526 1231 4359 7169 2602 6459 6530 7214 6119 7649 929 4635 
8404 3383 4812 6372 6939 4119 4833 2693 9235 1628 6787 1930 7043 2404 2154 1172 4951 2716 3183 2409 7933 7222 635 4955 9526 1933 4848 8228 3141 7621 2861 8828 989 7910 358 9724 1523 351 1966 3847 3758 2534 3332 6066 591 7263 8070 2655 8631 9982 4396 5766 3319 130 9618 5053 6770 2347 6860 2610 38 124 3816 2263 4365 635 75 2076 5688 9085 2523 3507 1242 900 4306 4989 5124 2853 1809 925 
3007 4516 8630 6882 8865 1597 9222 3311 7945 1932 1454 6322 4137 1167 7874 534 3609 7794 7734 1952 6187 171 7461 5943 1463 7333 6924 781 8001 8416 8468 9508 4361 8829 2962 6825 4242 9501 1410 9745 6230 1867 8379 104 3877 8904 2179 9052 6257 1161 9539 1782 7443 1854 9951 4803 5241 6208 297 2598 9920 6313 3240 4329 5505 1895 4005 4420 6190 1634 8546 9540 7914 4164 4927 5099 4077 4378 7228 2475 
3815 9880 1745 6148 9129 6577 8778 8119 3845 5325 2968 8718 5428 5637 743 6705 6872 6228 655 1091 449 9690 2718 2295 2480 8430 172 7795 1019 6605 258 5806 2455 2239 1327 960 2064 5072 3629 2774 7405 7584 2471 1489 8987 8038 5300 2222 7104 4918 7436 6069 8677 9993 7321 4432 3983 9245 38 6199 389 4809 4878 3076 5594 1310 5034 2909 4237 5089 6338 4487 1416 6839 6430 8493 6372 3980 1685 6396 
