2067 2454 1033 4649 9215 7936 6193 36 2535 5468 808 2507 6504 5952 1498 8758 2496 6211 2410 1918 604 2617 1648 2834 7782 218 545 6466 9096 6222 64 9287 1280 9650 8063 3027 2447 1233 7923 9862 3115 8033 9510 454 5935 2213 3641 8084 6359 5320 7058 8962 8309 8888 5015 5045 9152 9839 90 1187 2822 5410 8280 1587 5588 5556 3465 4534 7854 9422 4841 5420 1119 7772 436 180 1127 6957 457 9564 1709 4534 938 9157 5622 
8730 5063 1402 9910 1067 441 7422 4358 3005 2838 7407 8852 696 3928 6978 7585 1416 7920 1795 2207 7033 2335 3106 2177 1869 809 4449 4405 2981 95 5779 4944 3359 5078 9711 3728 2342 2398 4383 1840 8783 5449 4435 175 8068 7330 8498 5749 2147 152 979 2613 6536 8866 1692 8392 8312 2606 8365 8297 359 7122 2878 3438 5888 6392 8366 2295 3606 4281 7190 4596 39 1790 8526 2452 781 6812 5256 3313 2185 7854 5860 7571 7943 
2878 632 886 9477 3170 4869 7380 5387 3376 4082 1932 7940 8376 7767 4759 8652 5225 5995 2219 1122 5715 2026 3660 6954 4879 6028 735 8424 2083 2809 5699 1689 4413 1033 517 7376 1890 2592 8993 3632 4666 767 7008 2434 7814 5835 3518 5233 3193 7590 1988 6082 5550 3080 1988 7012 8667 2098 5895 4586 8779 5353 2767 4425 4496 9698 6254 2223 4331 361 5800 9220 1173 8005 5012 6787 1790 938 9510 4280 5267 9815 7219 8302 6045 
9958 7491 6866 3720 7419 5752 4379 1785 3071 1905 1887 2223 1175 7833 50 2674 9740 5714 5502 7435 8745 8113 6951 3185 817 7778 8097 9872 848 9282 5885 571 356 9902 3268 6294 7510 6536 2578 1572 5518 7576 8577 9976 4273 3646 1161 6635 9878 7980 8776 9577 7759 1896 6000 7474 9189 2456 7736 3703 2441 2695 8260 7951 6810 7598 434 7283 5918 1468 436 4963 1976 9920 3416 2975 1252 5304 8125 4071 2655 904 3941 16 8301 
5077 9782 2530 2516 7315 7268 9654 6700 6317 5627 6940 3484 8011 1890 3619 1948 7280 857 2810 4394 9175 2330 6704 155 6224 7923 8475 1953 8856 3409 4347 9763 8413 302 4530 9876 5762 1931 3450 9260 6392 1006 6294 4737 2096 5714 2171 6208 4158 6901 4653 7045 8105 217 3806 9532 4771 5813 4783 1223 9239 3131 5902 2712 923 8239 779 8379 8202 3427 139 637 9111 9101 455 4940 7268 117 3239 7880 6557 1865 1647 1539 1475 
5556 9424 2173 9135 2894 4779 4957 760 8710 3976 7589 7249 8792 8363 6471 6786 1758 8738 4472 4748 1942 2454 7674 5916 7456 2014 3996 8480 2986 2395 9994 4834 2062 8628 8148 8016 9052 4408 2726 7695 3017 5828 1440 7277 5983 3656 8721 7459 7329 8503 2880 5235 1305 5699 3114 5632 204 5268 4966 9053 862 9313 4313 9230 4566 2344 6630 9687 7302 9970 7168 1837 4217 7006 6448 3783 9398 9379 791 6374 4578 2177 8168 1325 2552 
705 6095 9746 9943 858 8446 1950 98 4541 9395 8197 3040 6643 4814 6321 7154 6631 5631 4441 8810 9720 7476 8701 9097 1202 4068 7078 2259 7255 8511 2462 9500 8806 5444 7246 3607 1223 9926 1454 5077 1551 7730 217 1586 2903 4955 9044 6220 479 6593 2423 7726 5935 1347 972 8354 2672 2832 3444 1264 3192 6594 1539 5549 1015 2750 6064 6833 3878 672 2283 7037 4465 6476 1524 5838 6273 1370 6695 4395 2756 5055 2255 4153 9520 
8691 5783 2920 9951 4285 6349 9243 3126 3280 2045 3855 6532 6590 6177 3235 2974 9419 4012 2267 9711 8784 8148 3458 3788 2300 9485 675 9610 8750 1549 2421 2823 9058 7030 7490 1137 1662 9423 7020 5784 8949 1662 877 7550 6100 1452 2716 3442 8426 4984 6711 3378 5183 7374 5859 4993 6249 9964 2797 9182 6096 6020 4952 8029 3454 2422 4601 1967 8898 2018 6856 5629 9939 827 6659 6923 5046 5810 382 7319 1381 858 932 3988 1525 
4960 39 5565 7535 2934 8180 9035 1520 5937 1074 5448 6495 5312 6895 3602 6723 544 6495 8145 2647 2282 8002 9902 851 4481 7865 6685 7747 6346 2998 2056 9216 6846 9272 5786 5190 36 2514 6673 571 6980 7118 1436 8984 974 4868 66 5249 7070 6139 9259 9091 212 7285 7892 1232 6917 8839 8388 9580 4873 9490 2183 2191 5343 3780 8192 2260 64 3252 2369 9032 9440 7898 5322 9742 1175 7215 4727 2293 143 377 328 6598 5764 
9924 7852 7825 8056 7348 6152 1339 1216 3648 2107 6641 2596 4663 4137 7572 9850 5006 5603 8953 1563 4524 6567 8667 3058 9472 271 6325 8841 3990 2192 857 9240 9272 7490 517 16 2454 1657 5585 6461 8394 9333 9804 6536 2737 9699 8627 4530 3375 5175 2253 8182 3822 5716 9891 6772 123 3366 1362 2293 5434 9145 2383 6654 5466 317 3658 9893 4964 7307 4354 7109 8289 6365 7801 447 6884 1572 5526 9716 3955 2540 7719 5959 9830 
510 2734 3857 869 8461 4255 5402 9590 904 7342 6066 5855 4749 9744 6613 749 6923 2341 7012 1772 2631 1839 3293 8615 568 9691 1001 7955 3379 2891 2809 2604 8397 2170 9726 1834 3286 826 765 4164 274 6648 2915 7155 1946 2403 2433 8365 2898 9397 7549 4880 1179 8511 8881 638 617 6235 8378 8913 2051 2025 7257 190 1205 7475 6207 1172 7323 468 8670 983 9154 685 6374 351 8237 7744 3038 751 8005 6009 4850 8838 9289 
2201 2679 6141 9345 2040 3049 1081 1342 3288 9168 896 4289 6268 6666 7494 1453 9161 4022 5066 5506 7291 3160 7782 7794 7815 8625 1505 6868 9998 6504 7161 5407 3528 6441 3441 8410 5221 4964 2725 6217 6471 7261 8287 9321 4470 3941 7747 181 2662 3039 1505 6158 8544 746 6922 506 808 3022 1831 2514 719 5682 1540 2909 5627 9525 3301 158 8116 4711 2376 4307 1571 8761 3007 3708 8119 9656 7584 2235 8505 4206 8998 4969 8961 
2827 9750 3259 3506 3598 6363 9650 9110 8115 1809 3026 4149 928 8293 7762 658 2998 2857 3472 6500 4229 8707 5614 9175 8662 1490 3944 8676 8672 4831 3126 8800 5612 4802 230 6777 7084 8847 3208 6557 5884 6834 7549 4294 7888 7097 6245 3530 3229 4963 6011 7084 8156 9450 489 3278 129 2100 2247 5967 5414 3800 7481 8825 181 3024 8864 4549 1811 908 2708 9356 6224 6609 2584 3583 4393 5816 7709 350 9201 771 8462 9140 8594 
4780 7491 2918 647 7068 8549 3084 2779 6169 8817 4482 1592 1794 3903 6856 5958 4290 3957 157 25 8668 2865 5286 9930 4239 8904 965 6424 1625 3227 430 6528 1224 4062 9156 5927 5781 4722 9061 5666 5126 1184 1882 6256 248 2283 8688 7226 1085 689 4668 3249 3519 2523 673 5295 358 5434 6369 1161 1681 9566 3694 2036 4035 6452 7798 2643 7686 5853 6882 5590 3675 7020 9309 14 3956 5364 1329 2693 1557 5515 1136 5234 9183 
4419 5726 9971 6452 9511 5419 6557 9233 6994 1184 7279 6871 9304 909 5876 3605 6682 5643 2572 9729 7038 9780 2496 6922 4198 5377 3912 8665 4483 7919 3317 7765 9718 8801 5684 4043 9740 6500 6908 1122 2594 9885 9758 9469 5203 1053 8354 5907 147 8718 8334 5179 9553 4423 2310 6483 6029 7163 3062 4003 3472 5941 8785 8259 2053 4856 7675 9219 1653 9280 7373 855 3630 7561 7610 501 3203 6875 226 3468 9864 8464 812 1449 5582 
8938 1195 8080 669 6809 7338 1306 2754 6075 2130 8488 684 8832 413 8259 9683 9644 8889 1637 6501 5112 4133 3348 9951 2663 5852 9677 8583 614 8664 1653 303 7889 5619 6219 9703 4743 2387 9598 5869 9322 5693 3131 2519 6053 7621 4468 8058 3694 9305 5451 5063 9839 8291 612 9755 3533 6789 6872 9220 6059 1981 121 9339 8949 2477 4820 5290 6186 2250 943 7121 7361 9484 7947 7791 9698 8839 1778 5299 4839 6460 1033 1998 520 
4109 5281 1294 6554 8290 8136 6145 8655 6973 5186 2746 8267 6718 2778 1086 3625 8732 9561 5951 3198 283 9486 7902 4229 26 4421 8354 2248 190 782 1699 8405 9196 4093 2793 8738 2377 1486 7140 3336 6196 6314 3810 9562 2265 9976 9786 7403 8156 495 840 5119 3922 4432 9648 8913 8930 5534 9629 9222 7655 1021 7921 236 2721 4559 9067 9188 2883 8302 9530 4528 3534 4893 559 2598 9188 7234 5937 8404 4231 1132 2301 7724 3402 
6844 7652 2583 1983 5308 4516 7021 3856 5064 7983 4982 455 8809 7989 8110 1201 2831 8628 7293 5329 1380 6627 187 901 5513 8069 3631 809 9969 1325 2792 8504 3220 7106 4243 6089 8876 3015 342 8629 2179 9501 7843 5649 9807 8544 6619 7671 167 4870 8429 729 5785 5598 5380 1661 3881 7602 7211 2465 2108 3950 5271 9965 3146 709 8680 50 9593 77 8744 6474 227 6478 6453 8722 6404 996 6881 1516 5840 3099 4183 6247 6797 
5612 6746 8805 1884 7214 1295 9081 3977 7944 7027 6474 2094 2300 408 2090 5003 5492 4559 5262 4753 629 2146 3795 7140 4392 2129 8304 8187 3728 5929 5519 2231 9684 5242 2874 2558 6255 3649 1577 2365 3179 9870 4142 7850 1384 82 8036 2564 9349 5349 2182 4995 5777 3234 8795 4925 8783 9695 1680 2088 4397 3192 9076 8072 3293 1483 4610 946 380 8962 476 9510 1324 2233 7562 2580 9123 3491 2428 5984 2359 5066 2927 2681 6449 
843 9477 3528 3337 9521 4224 4896 5843 1153 8663 8685 1406 7287 1985 5702 3431 2080 2185 944 2527 8060 6860 3591 6030 7952 5346 4530 9844 4517 5642 9187 8847 3400 2070 6301 9870 3490 3520 6332 575 7953 7966 571 2864 2305 3198 4426 1315 4531 2083 1845 8598 9056 4598 9984 3078 4786 4920 8723 54 5458 787 8611 1797 1367 7438 1939 4485 6968 7659 9040 9135 741 3582 5513 8749 5527 1009 3625 8039 8371 3949 1384 8703 4347 
554 7831 4216 1646 3096 7668 3332 8853 136 7801 8664 8328 1853 7688 7253 3184 1368 6148 3198 5691 3951 8859 2120 7077 9215 3591 7279 323 3334 969 4298 4917 675 2265 9342 7325 3819 4355 3703 2165 5626 7619 1833 5111 3451 4990 1972 5280 7891 1164 9450 3816 6972 6723 6254 9161 8695 2771 6030 1243 2877 6090 9709 8584 7760 9466 2149 7124 7605 4163 4198 6508 2029 149 2817 9741 9213 5695 9589 7530 9719 2911 1590 9911 5302 
776 1747 8312 8926 9842 6078 1507 161 6541 601 9069 4453 4105 8377 6401 4233 2766 7839 368 9582 4197 6144 2545 4582 7808 3211 379 971 1987 9424 2099 1280 1817 9105 9571 9384 915 8674 7501 6125 5594 9053 1059 3529 6330 6162 3763 2679 3535 247 4427 1686 9731 263 6579 9470 9443 6915 915 5732 9743 6829 3006 445 7626 269 1889 814 7587 9848 1295 1089 9520 8550 9149 2252 9143 9125 1599 8586 2788 5367 5447 2775 1758 
772 294 3469 2850 3199 7444 3262 6032 3737 860 6660 4424 3844 8549 1983 9959 5978 8090 3188 9747 412 8249 6395 9633 3351 9179 4149 3319 6526 6639 5578 7415 1708 1749 3871 5938 9641 6483 8106 5291 1123 9877 2729 5781 3976 9773 6824 4030 1003 2589 6142 4758 138 1864 4250 6464 9469 7123 1403 7606 1101 7020 3218 7477 9801 9293 8483 6976 7709 8970 4559 3642 6902 3937 9660 8086 1349 5110 7992 1290 8432 2310 4538 1585 3091 
6361 3676 7724 9052 832 9681 316 271 7920 1318 280 3703 7251 8096 1278 9954 7335 8247 7106 124 3351 9962 4996 7696 3176 4263 1202 9843 4362 6429 7331 972 9548 482 3499 8626 2907 6127 177 587 3422 5200 1874 576 7018 7991 3834 9098 8127 4582 9202 7141 1200 291 1001 8352 8961 8183 4387 8803 2424 4253 5485 2790 8092 2338 9881 1683 2499 4774 2162 961 6457 8066 79 5248 9786 9510 7670 3940 616 7904 9432 514 1492 
488 4588 5777 3255 9254 5068 517 823 5953 2758 8916 3835 7360 1213 6860 4486 1039 7762 295 2547 2157 2518 8794 7053 5852 702 69 30 408 2009 3045 1933 7247 9795 4737 1859 5938 6973 9153 3392 2367 1520 809 5717 8558 6284 6177 646 9244 1812 2163 8415 9484 3271 7265 1534 1423 3008 3038 9787 2922 9167 9983 2791 214 5528 8482 8236 2835 1701 8952 8700 1545 7645 6635 3108 9071 9549 6141 3011 2354 8484 2384 2401 8010 
8591 2170 688 6794 8426 8769 6414 8572 6512 4747 7681 5682 3452 6801 1066 4043 1172 9441 5927 4917 1889 2460 2 2331 7541 5342 3800 761 2089 1150 6527 5764 278 6228 8404 7106 6708 989 6943 9576 4208 9260 4646 7284 3058 7502 6660 5703 7122 4216 2751 971 8619 3505 5793 5147 6886 1493 5923 4305 4948 207 6487 498 4981 2469 5941 9769 2975 2457 659 5148 2820 155 8653 3649 5761 8097 8107 9665 9420 4143 7578 2337 4019 
7449 204 8628 695 2391 4531 6091 8995 83 2520 2541 2816 6656 7549 8477 7511 4298 5657 4998 128 7939 2220 9686 2673 1691 3326 5987 8136 9590 2608 3061 3405 7949 1332 6815 2128 6567 3966 8051 5963 8346 9487 6829 4375 6376 5636 2035 5964 8403 6964 5114 3982 6009 9129 27 8098 5065 6314 9062 2080 3966 8254 938 2814 525 5794 7459 7380 4056 9254 4658 9766 1403 994 7580 7737 8657 3884 8952 8093 8198 6003 9561 6908 8617 
7197 1759 1763 1538 3603 6093 1018 3753 7383 2966 6048 302 3956 4528 8634 7654 3665 4124 3062 4643 9360 5753 8539 1194 5813 9090 5297 7342 7864 4874 5813 5329 2629 6134 7403 3619 6341 7770 7351 4733 2723 7183 3040 3934 9070 2650 5962 6540 3084 4250 1020 5720 4678 2570 7046 3416 2037 6642 2415 9983 680 1567 888 5427 4068 9619 4154 4921 4846 6406 7064 7868 2078 9733 5514 8417 4706 5292 886 433 2440 5567 3085 1966 1734 
9016 2743 4358 6913 1535 5588 9686 5421 7935 9868 430 1179 9337 1206 7378 8342 2623 3553 7482 6224 2225 5059 4715 1181 3988 6790 5346 4286 448 3095 4785 9857 5875 3104 9813 68 8145 4415 2945 2226 3149 7859 9759 3769 9020 5143 6662 6857 6118 3484 4152 7470 6665 3447 8414 8650 4708 9919 5725 7967 7982 2957 3674 9320 6444 4982 1868 1243 4872 9057 364 9020 1656 4684 2619 8819 3757 6789 1106 1630 8865 9268 7074 2135 4876 
947 7877 2042 3410 2053 5188 6762 5902 6058 9309 1107 7279 3407 1536 2174 847 645 5355 7551 6193 1661 6976 9928 4030 783 9904 6261 6081 424 2648 3032 7963 7152 1485 9437 9776 9376 4919 8152 6536 3271 7580 1832 8869 8111 3977 2124 3835 7167 6322 4869 2875 9435 7767 6387 9315 9034 3021 4749 8002 2964 2657 3997 3560 6966 2235 6543 3576 9243 9659 8853 4325 1683 5726 2540 1873 1990 1118 6240 9111 8248 6816 7352 1098 9075 
4114 7022 49 927 785 435 1864 6777 8603 4568 3267 9217 2603 669 7392 7100 4474 6930 4715 2902 6730 9931 5749 2518 8870 5417 685 2948 1156 2206 3247 6537 2366 1269 7895 2534 8 8224 9080 6285 8960 4636 3169 6005 1011 1660 971 8128 973 4819 5599 6042 7328 2755 9709 7003 7536 6832 9134 894 2686 4540 6938 3966 9535 2170 7022 8422 5830 5542 2078 2264 9725 6585 4000 9253 4689 8915 7497 258 2608 1353 1146 5311 4022 
4154 1025 4112 3502 5610 4696 6592 3557 8888 7014 599 1940 8361 8381 4095 116 7375 2450 6164 9205 3417 7051 3208 3683 6518 6959 7614 9968 7275 6951 8543 3470 7485 4998 7472 649 6884 1963 5786 8442 7319 4246 250 7189 672 7937 7982 6178 940 9610 2656 5182 1241 1954 2590 8027 6293 8183 1015 9195 424 747 3400 5097 7670 9020 8403 3947 5828 7090 6382 4540 1069 9358 388 4084 3415 852 5177 285 2895 9709 4095 7701 4174 
9583 1674 1279 6221 6880 8433 3965 3976 3866 3621 1288 1771 5584 1938 582 2438 3786 6228 6301 3831 8774 3161 4805 7035 2989 2336 2719 3987 1615 9114 5550 6388 8564 4000 7811 6489 1959 482 6053 6687 3423 803 2070 3018 622 4274 34 2828 3746 3398 5215 2236 6507 2410 6067 5537 9475 4296 1845 9468 6989 9090 2201 7347 6671 9697 9062 5346 4784 6987 9972 7710 2877 4547 8866 2931 3199 4474 6800 2109 47 507 7710 9810 2169 
1297 6434 5678 9795 8308 9034 3571 730 6715 6930 7773 3429 3041 5905 4825 3951 7427 6532 2592 4853 5085 1486 4776 9575 6531 7693 20 5053 4108 7123 4485 6245 4004 5736 1421 7036 5211 6848 7776 2956 3549 8737 5789 6445 2194 1826 9355 9475 7305 8241 1532 9482 2211 7054 8566 2884 4096 7957 9005 3695 2209 6522 9786 8752 6274 2336 9779 4861 4258 2944 7026 7522 1685 8078 1521 1785 9083 4738 3979 7665 8277 3448 3886 1439 797 
1953 6500 5573 1004 6533 7302 1035 66 6356 3195 8988 9367 8046 3464 2848 4854 3931 2705 2758 4242 8625 1286 3144 2302 5798 9113 3221 8143 7967 8962 9634 4621 3811 8520 4880 6075 6905 553 656 2564 7982 6249 1906 9278 7191 2512 9926 1306 8901 4913 9856 5969 5608 1203 3222 1080 4447 8663 3024 1292 284 308 7452 5037 4677 462 2143 4479 3783 4738 8416 2833 7881 4506 2947 131 1672 5256 3597 1403 4663 7082 9978 5100 7305 
943 9305 259 5223 5028 8019 3835 7216 5757 8161 4468 3422 5502 2690 7891 8569 5927 5526 4902 9221 4058 8904 1618 539 5039 9216 3838 4139 1137 3127 3784 2345 4924 6087 1381 870 6065 8610 2468 2800 6333 6504 56 9488 5711 2914 5928 8000 8202 764 1340 2124 6847 147 7 6170 5317 2223 5046 2613 4961 1162 66 2865 905 2329 2054 1815 9735 6847 5181 3216 9524 7910 2211 7747 2859 6080 4907 9924 9104 1442 2964 2542 791 
2754 3126 5196 1375 9324 2450 2677 1099 5329 6276 617 2262 9214 1019 1517 3107 3745 3920 3680 7241 5335 6820 5100 6321 3201 2427 1627 1576 4926 7967 1009 627 5641 7353 9164 2845 3102 6279 8170 3563 3291 7458 9732 262 6490 1591 2651 9126 3584 7096 6663 3581 6449 9610 3336 8639 6745 8573 7289 867 5351 9181 3442 3043 8319 1666 9949 5615 5553 7639 888 7957 4918 5791 8139 3698 2749 8383 6899 6606 4286 6387 5164 5176 6735 
8021 6134 6304 1118 1736 2338 6024 7455 6850 1870 4343 7948 7167 8893 475 6340 4462 8705 1397 7482 1629 261 7587 4223 8988 8342 6212 4109 7046 8259 1882 3121 2455 746 4985 3704 9244 4859 4488 7413 1178 4216 6637 7591 8721 9031 1933 7178 9212 1485 3149 9382 5735 7044 1252 6958 7577 4085 5417 6963 9319 3497 2461 4968 4220 5475 5148 1396 178 6155 7735 8721 4524 3982 5196 4078 9709 5110 754 751 5503 6053 8704 5271 2186 
1440 4478 2604 2967 2425 9487 4911 8329 9 560 1523 8119 8269 3622 7762 2111 791 5770 3874 3358 29 4550 5603 7819 6440 7494 803 1606 527 6451 7451 7460 2188 8022 680 8959 5552 8762 4885 6262 5588 864 3731 8119 7933 9685 1070 4420 9083 6906 3833 5761 3479 4339 3343 1064 3344 9640 7147 3255 4304 4127 2694 3975 5156 6240 1743 6847 5385 4805 8579 8137 1366 2173 5905 9664 5593 1206 6486 9030 2640 4711 6022 6189 2044 
5607 5757 6308 4826 8405 9459 6737 7923 6855 3062 5395 2361 4490 2740 8149 381 618 6342 8647 8752 609 5690 5010 1319 4382 7621 3471 9586 1287 1114 7229 4343 2743 5705 2828 584 4684 9444 8865 9619 6044 9462 6750 1540 8858 1816 5736 788 3421 8222 4435 4374 4476 6731 8946 5220 5878 7950 831 4848 1267 5398 9613 8763 4966 2365 78 6282 1026 645 7711 6289 8770 7593 966 7459 6857 7688 9070 6486 8296 358 7406 776 8399 
1347 5751 7268 1298 8214 1692 9211 6739 4633 5658 6131 3731 7270 6 1412 8206 4962 9848 2526 2009 6758 7288 1850 7396 2787 1892 6552 9604 9259 2738 9870 3175 6636 1262 4463 2714 2907 1006 5077 3636 8573 5684 9506 9316 5305 8355 3928 9160 6273 7895 9291 2968 7062 3846 9185 2164 4109 3745 270 6285 7315 8841 90 8485 3046 1409 8827 1794 9332 9983 7372 9655 2657 832 3256 1538 8004 1535 5101 9684 4852 5598 7208 931 6769 
2116 2519 8126 4548 2990 6568 4458 2961 7669 8961 8079 2667 1358 3724 1058 4251 6270 5354 9208 3683 9164 4569 9555 4614 366 6133 1935 7641 6891 5705 785 7042 1884 8621 4067 9674 7521 9076 3088 6162 828 3089 3581 8589 8082 7614 504 6787 3717 1762 6025 5201 1171 7152 8610 7598 767 6178 4507 8365 3186 971 9646 2375 7975 5515 1711 642 9554 4091 4079 616 9147 429 6310 9281 7055 6946 7348 4068 5057 9789 5140 6547 7744 
3302 4886 9376 1453 5965 7398 9139 7939 4394 7489 6678 172 9426 7324 3169 1055 3768 5354 9636 9424 1882 7888 393 4550 289 8456 8689 4590 2484 3033 6079 5273 3233 6564 7056 6680 6065 1824 8377 8135 6222 9252 9671 193 1883 1449 8274 6512 5470 8382 5488 7388 7809 6603 4088 9121 5060 1563 5683 3665 6955 6697 5060 7672 4808 4407 6552 4297 9706 8193 9436 7320 372 4072 2604 3241 9193 8703 5370 7478 688 9467 9646 4344 8959 
5176 1014 1781 6908 2486 6329 1550 7768 7057 5515 1062 5799 2440 9325 5011 421 6534 3273 8605 9831 5717 6254 5427 2605 7958 9622 1769 8154 4082 9544 6557 914 2225 7052 4984 8645 2300 9396 462 709 435 6058 6264 8391 4929 3924 1951 954 4999 4515 672 3751 3161 7691 5209 1440 7058 6752 31 5739 3412 1661 8428 2536 7001 3466 5055 1235 6959 6432 6049 4382 4814 574 1567 9102 5147 9378 1593 1187 9042 4364 3110 6950 9271 
9328 3715 9929 5015 5041 4809 1142 4764 8067 6292 944 5850 4366 8842 5684 1382 8767 4631 4817 1094 2890 5451 7319 8959 628 6599 5604 1176 1750 6021 2567 3556 2674 4987 3617 9781 8097 7065 9896 8349 5704 13 1872 3815 8071 1528 4844 3158 9489 4376 6583 408 1804 5 5741 6917 9034 5751 8464 820 3218 7257 402 2779 3460 7640 9353 9879 9738 6545 6204 8309 5874 9684 7375 5953 9738 5095 2798 4644 4603 3418 9835 2541 1778 
3623 2999 7143 3453 7477 2287 629 9574 2900 601 5173 9385 948 6982 4600 8920 1421 3552 7850 6247 8082 1630 1037 8348 2811 174 5579 4170 8541 9370 6483 8818 619 8411 3356 118 3491 1556 8172 3820 152 3626 1115 3606 7692 5419 9603 7041 6431 4172 5250 2633 1584 663 5982 4665 415 5974 6964 6341 5143 4156 2306 2578 5972 1089 6619 5609 9015 5350 1232 6449 8068 4108 849 4014 831 3865 5403 8081 5933 944 1503 6579 530 
6030 7212 8220 9994 1542 3655 2490 3173 3033 6570 1259 99 188 3575 3349 4779 3986 2894 5562 4899 7736 4582 9241 8297 7838 737 9438 3232 6924 956 4106 1663 5444 3407 7544 3064 4678 6552 771 209 9259 701 5658 5920 394 7809 5086 5802 3768 2165 5106 7344 8317 1313 7717 4682 6039 515 1390 2021 6528 4496 1737 658 7158 9219 1111 6211 3167 6569 7684 1890 9187 601 417 7735 4580 4118 3169 181 7150 471 5727 1083 3529 
9416 3582 1787 3063 3842 7726 7065 9326 4540 4327 435 8239 9423 8508 186 1806 3395 1836 9335 8687 2291 9415 8605 6040 9912 2637 7311 9985 7929 3088 3975 7016 850 7491 4831 742 4334 8720 1851 1143 8484 7473 2681 8603 8856 3380 1313 4124 1256 8140 8739 5834 4835 6196 8658 5066 4228 5362 7257 8063 853 9214 5879 7198 5463 6172 6517 8901 2450 6827 9216 1332 2181 3131 8694 9148 8924 3470 1963 4992 4889 9780 726 510 127 
3721 6088 3792 956 9297 693 2360 4155 3532 4340 5612 22 5516 1623 1862 245 7752 3468 6574 4975 3795 1200 7108 3084 4524 4614 5972 2871 6652 1363 6131 7346 9217 2351 4215 9831 3976 1983 6363 1654 2908 9859 5304 9734 682 1223 5437 7072 4021 5000 3533 1913 2822 5413 9259 8183 6851 936 9886 328 9627 9176 4631 1424 4346 5662 3112 6561 70 5397 8603 8526 4598 3122 5097 5785 4014 334 215 8852 8486 2813 9814 5825 6218 
3129 6100 7176 3655 4713 5672 1469 7946 2187 4567 942 6065 6200 3677 5306 5195 9381 4815 5077 5469 3812 1129 8837 2067 7887 2196 8147 1996 2249 2286 47 2670 3867 8703 13 6115 3902 3590 5034 4799 866 3967 3323 8257 785 1993 7614 9154 3231 7870 6626 8567 2160 2687 7808 1032 5188 1389 3233 3537 3112 9992 5670 7233 3551 2079 1737 2746 4333 1487 7714 47 9229 8136 9199 9371 6301 6465 8713 4905 5451 2396 3051 2850 9648 
9704 1350 9558 1233 2990 3559 3492 4248 3485 3850 1338 8352 822 8879 1996 5406 8168 2068 5018 2147 1099 7907 2067 5717 9811 6904 4704 4412 1407 541 5112 4868 2903 9018 9403 2735 3962 4172 9368 9820 4698 1693 4334 1430 7429 9163 6637 8269 7538 5044 7330 8037 2806 3460 6733 9410 9491 5932 5408 7826 9208 1395 5427 4144 5900 9885 7674 7386 5233 3551 8715 4265 2066 9418 3467 9209 8920 1024 8797 2366 8461 6717 2131 9176 2076 
5783 1086 5914 9593 1026 9679 8631 8780 7709 935 1603 8943 8910 1542 9451 1171 3248 8684 9547 2183 639 1298 1669 2292 5000 204 9506 2642 4152 5083 7759 6491 6623 4825 953 276 6891 8505 3159 1668 8796 5270 6318 5154 4484 7784 7856 8069 8778 9009 7979 8859 5863 8339 8758 9257 384 189 1148 6850 2792 7276 6788 6601 1630 6134 7372 4820 3982 9985 3706 3357 1569 6069 5009 6435 601 1861 6887 951 694 4746 8655 423 3047 
600 7870 4337 5056 8144 779 3716 851 547 8000 8278 7871 2061 8786 9725 6252 5060 1855 7048 4024 1093 9507 1649 2271 9328 9311 1665 4465 2849 4035 8937 3542 2438 7570 1260 7766 6954 7724 7979 5681 2072 7045 4172 6500 505 6084 7322 1933 599 3246 9363 2681 4746 487 9238 4200 2394 8444 5457 5474 4035 1988 5139 4404 6642 8788 5892 6665 5358 5731 48 3570 37 8454 7819 1528 4146 1903 8814 7231 8132 3909 1487 9661 9483 
2044 8893 4080 1270 8330 5595 2353 5183 42 3306 2522 1736 700 9997 8707 7263 2679 5991 5700 2014 9945 2813 273 1533 7436 5084 8139 2853 725 5350 7901 2450 5533 3472 6840 6003 9600 6073 3281 7529 6908 2909 4157 5340 6638 2163 3829 8192 9144 2921 6568 8798 7926 2535 6637 4384 9494 2791 3116 3456 6822 648 7451 5033 16 7391 3556 7729 9539 7622 9398 5861 9682 148 5500 3001 7014 1204 1034 9519 8594 7889 9274 2239 9105 
4359 3486 6723 9299 1543 831 6267 5103 4388 5757 8480 9478 8439 695 9517 5850 127 8934 4787 1819 7183 32 2615 8385 9017 5192 1314 5757 264 5302 9006 9712 3799 9134 2907 2786 9578 8053 2788 2112 6370 3762 6577 4673 7945 6355 5748 6626 3065 6440 5061 5867 1951 919 1654 7816 322 2388 8726 4902 4473 8101 813 3289 2896 1665 7345 8169 6598 3151 3373 1179 7535 9861 7112 906 8374 1064 323 9309 4186 3586 5146 6108 7909 
989 3188 6610 6601 1029 4287 1049 3988 471 8823 9485 5060 9028 9129 3829 4773 2760 533 2763 232 7471 6074 8291 6276 5850 2749 9622 8792 135 229 781 3521 7670 3488 9071 6614 751 1552 601 4578 334 3595 9583 9220 4732 6228 6131 6382 9735 9433 6206 3221 8998 3297 494 792 1862 3239 6083 5528 9204 6733 9891 795 8276 1533 1352 2854 8859 5322 255 1993 4537 5278 1328 7016 4903 2164 4881 8481 2362 7629 1901 17 3066 
9022 5367 3717 8325 6960 6258 482 1920 2374 5994 7126 6240 6075 7897 6782 3663 9099 2428 525 4832 290 3519 1091 883 8324 690 5251 6977 6362 6548 3117 1082 8737 5633 1170 2176 1274 7087 8753 836 9682 3529 7951 7930 1147 1696 4360 3789 5139 7657 3786 9907 4402 1920 9126 2786 5857 5031 8442 9791 2845 4882 9813 5069 4052 2398 6933 6622 3740 4197 2032 3712 1415 8028 6770 9546 5627 8887 4084 144 5020 5520 3658 4813 9463 
3758 4549 4821 8476 2121 1399 5822 9936 4889 7335 9818 1913 49 1568 1524 8669 8558 7215 8695 106 8432 7911 3546 1505 2824 2703 2619 9866 3629 7595 2953 6287 3016 7095 2191 9372 7798 5499 4906 436 3391 749 2888 2113 6409 6776 3568 4290 7012 5356 6776 9993 8312 8379 9709 8668 1016 465 2486 3421 2077 1305 6449 2897 5379 1029 1988 6797 8144 638 4531 378 7370 8179 3012 6506 5086 6749 6542 3387 2859 5010 5013 7437 5959 
5991 3873 6579 3165 3402 5339 1025 7740 4376 3373 5579 8966 8708 5867 940 1490 892 5187 2819 861 6464 9443 9325 4803 704 1802 2266 682 2989 5873 1373 7207 9653 5029 1074 8747 1807 2277 3014 3013 1921 2156 6225 2431 7922 7114 6580 531 3112 4497 1362 2145 7323 6427 898 890 9995 8704 4114 7196 3405 3912 7832 7483 5544 2128 1339 2734 8263 1757 1590 8756 6885 9907 2441 716 213 5651 6785 9291 1614 7480 4175 6243 2766 
8406 7773 5583 7934 9853 8963 8448 6666 6293 7703 5795 2059 2167 1310 294 1704 1670 8201 2660 1307 8788 1833 9257 5559 1181 7440 759 8669 2071 1029 665 3864 5601 2607 8630 1271 3038 9823 9741 701 3462 992 4935 9487 2639 8852 8497 4402 5514 9924 9042 3047 6863 9735 6800 2228 184 4196 7475 5719 731 3637 8889 8758 7963 9154 9128 4223 7217 6434 5733 751 5343 3518 8156 1458 8821 4839 8531 508 3736 5055 6777 3359 5255 
6720 6303 4062 3050 3468 4002 1103 8663 436 3381 6763 7307 5170 8568 3871 5849 8011 2361 1372 8665 6555 1805 2330 1897 2843 2188 8887 7202 5916 6745 4387 9115 8779 974 4190 1791 8129 9601 3742 6494 9179 4991 4573 5990 8612 4871 2614 9866 5323 7510 4650 5629 5610 5688 2643 1823 697 4844 7182 1413 1529 9202 6266 905 5277 6325 1244 9472 8509 1411 9939 2595 3051 2314 4017 6239 3049 8122 5604 624 4478 2408 9288 9583 2281 
8458 8513 1193 3682 7179 8604 5625 5046 1280 4256 407 5173 1404 4282 4930 5652 4258 435 790 9916 2796 2052 8008 1703 8020 2952 5277 2372 474 856 4336 5946 681 6927 3607 1289 7874 1735 7428 8490 6656 7898 7155 9704 6299 4724 968 9770 2089 9532 748 5462 983 7777 2102 1684 8811 6701 2202 4079 9137 2209 402 4483 9974 9961 8346 75 6008 2010 2924 831 5575 3594 6566 3560 865 4933 7668 3641 2345 6257 5510 1386 8580 
9950 8754 7640 1617 141 6411 7726 4193 3924 7779 4372 5858 4467 5378 3814 9248 3949 2049 2860 9131 5911 8664 2666 7666 1559 5701 3973 29 4709 5331 9783 4667 6609 7410 2961 6617 9405 6287 5946 3325 4391 3195 8461 2176 8916 8460 5096 9992 6573 9305 5309 8899 315 505 8900 4194 436 6938 292 1640 2999 8241 1990 1509 8092 3486 8201 3844 8784 6594 6247 6573 5510 3497 3906 9289 2594 5500 3059 821 8709 1012 5020 3580 9411 
4609 7758 1491 7659 3053 9928 5143 7521 85 6036 9469 6336 2905 3620 9483 3064 5063 2194 3709 2064 1111 9884 8849 9597 4343 5286 4057 601 6180 9718 4635 7227 2095 276 6236 6579 5744 1999 265 8616 4602 6977 1345 8195 9554 1548 1229 2077 8705 8098 6945 4896 7610 2418 6026 2839 7005 1677 5147 721 2452 9300 6776 251 4552 4449 5760 442 2453 7180 7930 861 2350 6388 8688 7051 3469 7928 6118 5595 6883 9861 2599 5789 1981 
7670 5133 2188 6238 5027 1015 5714 9340 5068 9792 8697 8760 4904 8716 5934 4402 6477 4116 5819 7923 8897 220 2235 249 6153 6393 3885 6647 1904 1403 8973 7404 2227 4600 453 6917 8248 8863 5964 5990 4139 7630 5469 1764 4030 1563 1146 8041 9572 8393 1723 5599 2038 2319 5924 1473 3327 3857 4366 8981 3264 5202 6628 7894 3486 1566 745 3309 6018 8028 8485 6820 6312 1634 8089 1612 920 3309 3535 3246 240 4319 9831 1498 7347 
3469 8473 7215 9595 321 6362 8758 6517 7922 8188 7654 578 4778 8323 4286 7236 6505 5289 9587 6951 5562 7664 7819 9012 8765 72 9056 342 8540 2297 8111 5444 3296 3484 121 557 2203 3247 4643 9359 3092 9219 3188 1157 7977 957 4471 2464 6743 9748 6619 5282 5658 1685 2309 5019 2359 3003 1637 7117 9702 6319 6847 3562 4000 592 5461 1384 3704 437 4785 8820 395 9809 721 7419 9264 9144 9633 8063 4597 768 5748 144 5630 
6077 1729 3941 8350 3033 8203 8757 2341 5435 1911 6736 6496 9823 1370 5613 3575 75 5537 4158 4909 2938 4409 6583 1436 3018 1526 7816 4329 7975 4643 4774 3373 5505 5388 4324 5707 9029 9173 7850 1771 1527 1354 5360 4032 3917 7127 5211 7390 548 5638 4964 9695 7218 6061 6015 3208 8052 464 1021 9605 8816 2579 4069 5356 307 1933 5927 5049 283 9065 5942 1785 3444 9582 4769 4360 8301 5690 7656 8168 6888 7531 2446 2002 7555 
1337 1446 7023 8888 9747 3509 1701 2778 3676 8184 4703 2509 3119 9426 5810 1014 1891 2022 1967 8555 9715 699 6844 5751 8733 639 8510 6510 3708 5872 4924 5255 5650 1168 191 2020 7478 9278 248 6192 3968 6125 6557 2179 5599 9841 4716 2627 452 1007 6315 9673 4650 1676 6727 198 5925 5803 6043 6591 5073 998 353 4658 4828 1200 4149 6227 2651 5707 666 3237 7064 6348 3420 4011 1930 1991 8456 3187 1569 7045 1017 8324 2174 
8940 7796 8357 9256 5412 2831 7249 6384 1602 4814 5998 9274 287 5604 9718 837 5381 3633 3846 2785 6447 3868 2073 12 8455 6900 6898 16 6122 277 1666 9314 6591 4045 1247 2691 3267 5627 8063 3737 7363 9097 8673 3929 9138 8944 54 6089 9358 1302 183 6855 3411 1267 1027 2165 3253 2307 7786 4017 7671 5283 262 9726 41 9140 3313 5940 3747 8067 7425 2018 6300 2085 7362 3439 481 1660 2787 7179 3846 4660 9392 94 1352 
4623 7047 2010 67 743 8594 8013 4235 2484 5476 684 7610 7900 7778 8122 4975 6645 1219 2550 7940 2255 2974 5265 9404 7191 98 8816 5100 2595 9928 5667 3105 1504 9165 8978 552 2040 957 1942 5901 1313 2492 3932 9153 6169 2059 9839 1812 8003 3605 9945 3921 1203 228 5919 5458 2793 5362 3778 2117 7882 2043 3462 7288 5097 5616 9094 3867 2118 3164 7809 3275 791 4039 9200 5252 4254 867 6066 7942 1015 376 5835 3921 9415 
8531 6189 2724 5934 5919 5926 8196 816 8001 4644 2484 2327 4363 2751 5264 9594 7459 963 7338 6981 4327 382 6980 9277 4025 6972 3861 1006 280 4796 577 3603 6558 2935 7549 3675 6252 671 3964 1671 1013 1557 9648 6675 149 7911 2312 1228 3499 4851 7476 2431 5571 4441 1065 9536 6573 5991 8901 5928 2034 9203 457 4440 5019 5600 7722 1651 7684 8358 8180 15 6873 3364 7293 5958 7984 3947 548 4522 2011 7729 9596 8979 9341 
393 3119 654 1528 5182 9751 3210 9941 4182 1844 7070 7920 1855 3818 2362 3667 8226 7617 5144 1987 5874 3614 9073 3244 5122 9342 7589 7057 6722 7758 5500 3752 2456 9959 7496 4347 7575 2998 5470 9197 2995 3625 7522 4592 2252 3226 3940 8522 7048 7481 1976 2030 8425 3272 969 1367 8215 1472 9365 1211 6581 2984 8542 5255 4731 7892 7489 2139 8316 3869 4574 6859 2497 707 7500 9523 6726 2208 2469 7656 5706 8887 6553 771 1067 
9305 3376 1314 8696 4879 8969 8060 1211 4062 2057 8925 3858 8299 7107 9357 9232 1831 8086 6366 1077 245 3722 6524 3044 9516 4530 4749 6744 4085 4044 9950 7626 1509 5589 9518 1314 1406 1785 8309 6791 1287 5165 8569 3376 9483 6161 2301 2719 8630 3856 7541 2993 9245 5557 3172 4877 952 173 8454 7177 6984 2618 1529 3880 5191 5239 1775 6340 6168 8827 8606 1839 2741 4160 9139 537 7993 6353 906 5234 2926 2463 3100 2127 832 
9469 6823 1714 2123 6066 8039 8575 7479 1327 1586 6490 5822 1068 7553 4502 2379 6065 2775 6733 162 6800 6414 3128 1009 6004 7433 3178 2864 8863 8598 5449 9090 2462 9733 6066 5167 9414 2746 2145 8077 3932 7500 6609 6132 82 4536 1285 135 7449 6667 2838 1642 4536 5493 6835 2728 1467 710 2306 5645 6187 7389 1999 4184 9982 3673 1412 4842 8141 1609 5277 7545 8909 909 8654 5990 2849 2736 1420 3451 255 1951 7033 5156 9261 
9631 7578 7902 5460 2419 1361 1510 9513 5810 7984 1248 1696 9008 3798 2867 7441 452 1497 544 1879 4734 4753 6008 4683 9125 7355 6842 9425 8787 7822 4854 6270 7223 2911 3045 2992 1290 7553 3741 6938 5298 6350 210 898 7304 3500 533 6880 4819 1861 8464 8730 5160 1671 496 492 7195 9893 609 8349 4931 6865 3002 6756 2174 1839 1420 9976 610 8492 7235 1815 109 4834 5468 8690 2977 9273 4863 9333 6790 6854 6048 8436 6311 
2905 1831 3081 8107 5554 7738 3348 1212 4955 3533 6373 6261 8079 2210 265 330 1601 2899 9121 458 4714 2481 5397 7641 69 8456 1939 1933 110 7907 2249 723 4137 9285 1322 7639 2578 828 4491 8361 5210 7483 9268 6997 9969 2561 3130 2082 2356 4658 8582 3614 3717 7409 8283 1234 3361 1926 7233 5125 6513 9354 8158 9173 1948 2346 6521 3265 1577 493 1472 7896 5899 1786 214 7557 9624 5685 936 6297 4276 6930 8191 4246 8708 
8493 5933 2573 6528 7667 380 6185 8489 8401 9501 7225 729 1394 7071 3473 9121 3406 2793 2803 5994 4122 532 8693 5761 145 9374 8575 8564 7603 3361 7889 9370 8185 6688 437 8353 6673 4845 8225 8149 101 6399 44 5710 215 841 7715 8667 3686 8039 8792 5052 8921 9841 5956 5270 2020 7055 4070 2072 8411 5608 7137 4650 4006 6806 4752 7783 438 5939 2676 2941 9384 3331 2123 8662 9895 2771 4598 431 5021 890 1822 9109 9513 
5935 5751 3498 4690 7869 7004 5783 8009 8866 6968 9702 2495 4702 1456 468 3758 4880 4466 3941 4457 4769 4481 2785 8145 4694 4224 7817 7784 2377 16 8807 3471 5016 2127 541 12 3952 9682 6168 7643 2184 1673 7031 5142 8486 5401 9923 9944 751 2480 2383 7707 9987 3088 3139 3217 7920 5403 7690 7003 6372 2817 2484 5798 2380 4058 5611 7479 4620 863 3147 9383 94 4709 4156 7066 525 7048 753 2873 4914 931 2403 4897 9378 
8073 9884 2398 4287 665 5685 3317 487 3246 2301 898 9778 7930 5581 6844 6430 9414 5946 636 1795 3070 1588 7675 5067 6252 8658 5469 5368 6426 1398 7971 9805 206 4164 2040 8385 7640 3295 6577 7549 8203 4432 1242 1038 6821 455 9240 3748 5040 4531 8124 8036 853 5909 8921 1131 8826 8767 6594 8424 221 2960 359 3433 2599 2967 3127 8079 982 3081 4401 7068 3279 8720 9608 1751 2677 9242 2431 8310 8764 9553 4437 6361 6034 
3113 6198 7800 5846 9689 2813 465 9568 5036 3492 9039 8474 3811 1401 6988 3163 436 4850 2979 9715 2147 2956 974 431 9986 4206 5548 6293 6679 863 9815 8143 7449 133 2513 453 9358 2442 5219 9936 6411 6357 9566 3804 2548 3586 6708 2684 5417 5001 5574 4182 7879 292 4155 2847 3548 6930 8498 9689 2918 1767 8366 5718 9493 7027 2273 5245 8904 4634 2375 4558 6596 5011 3619 6286 2642 1349 2358 1252 4324 1479 1995 9734 3854 
676 1585 3041 6488 3885 6975 5686 1760 6315 3119 9410 7073 7530 1832 3682 6840 6118 775 225 2975 8946 8987 4402 4182 134 3846 4627 7658 9571 8203 8049 5175 526 2474 6464 6591 775 7431 3273 5924 6137 6937 6439 477 995 6171 8187 1513 2420 8815 3669 7206 8669 3682 444 5041 8153 3802 7236 7489 6418 559 9376 1491 1571 2197 8913 2801 3852 8898 8100 585 7916 4759 4249 4979 8990 5118 6728 2502 6255 3244 135 1872 4484 
5 8774 8606 8765 4037 9655 1101 8396 8849 5333 4682 7323 5635 7501 1668 8777 2301 5719 1497 8283 8683 4344 9490 6874 8533 8105 915 6272 669 4220 655 1422 633 8843 5414 3834 5391 3095 2199 2363 8464 7106 2813 6409 3827 4305 9761 4458 4922 9924 487 1572 1164 4218 354 7674 4948 6571 1557 4345 3250 7535 7791 7801 3911 5785 5847 2600 6834 5825 1930 1293 1027 2811 2664 6018 6997 6881 8796 5023 1788 7813 8417 2581 1653 
9574 7850 4419 8263 8028 8557 7182 7533 2960 8510 2457 7895 6389 3114 8218 2186 7570 7933 8384 3292 6396 4379 6922 9873 4663 6254 4775 127 3757 4746 9529 6308 3394 4763 6353 3359 2147 2112 9348 8790 9449 6654 5144 9657 8982 9798 4256 8302 1553 158 613 1904 3757 959 9950 9521 9339 3992 7506 6329 4421 1605 8663 8741 1341 3289 652 6629 8859 4257 1830 4908 6594 3249 4465 6003 8018 5256 6789 4462 3480 5735 7082 6101 7913 
2111 2295 822 6589 4591 6119 7266 9194 2332 954 6719 8861 43 1179 6192 4056 4927 7646 5236 5765 1069 5787 7612 185 4092 3006 7646 2230 9185 4308 5467 8196 4395 7440 4733 3802 3013 8272 3000 3282 3102 5402 8438 4765 11 9455 581 3854 8856 2546 3023 9412 5919 3979 1937 2533 4606 1285 2497 6450 4062 6244 4711 7117 7941 8936 5312 9572 1697 7336 9586 1606 4037 2623 8579 1061 8324 242 3440 5689 9536 7374 2066 2869 6506 
1115 7875 4142 2828 437 4756 6402 6362 1075 9894 1743 1807 5953 7249 8139 8505 3806 3719 8972 5385 8550 9915 7946 8049 2007 4837 1086 6096 1092 1162 3800 9640 1633 4822 3680 2990 3196 2713 6786 3033 3900 8715 7926 3002 632 3181 4589 4445 7176 1909 3324 9123 7778 9337 5423 6472 9565 1084 6710 1985 2248 5559 5636 9448 3563 289 3589 6506 7482 116 8487 9748 2911 2627 4330 8527 996 3848 3403 6983 9145 1475 2769 9202 2225 
