7738 8627 5024 3181 4611 7460 8708 8156 2324 5586 1458 253 9016 6063 6759 8110 9985 4511 8860 4490 8712 3139 8047 4966 6126 
7786 2002 1482 6322 1251 711 2254 4590 3833 5011 4867 8294 9896 7500 8127 4873 4992 8001 9136 9429 165 8885 8600 9446 6443 
6592 6628 6312 4365 223 5046 2838 7382 8916 3053 8087 361 1978 8712 2180 9091 987 7304 6794 4098 6553 7383 186 6759 1428 
6979 7831 3181 7739 9700 6325 1925 8120 6521 7432 8537 1626 8878 2749 2928 7770 1847 8401 53 8784 8727 1029 7080 7801 5313 
9130 3893 1965 7611 9363 4297 7989 3143 3005 3452 1 4741 7139 6929 1467 3218 8423 356 6266 1588 5731 112 6321 896 3857 
6766 8891 767 6770 1611 6024 5432 4612 1165 7738 6622 7107 9941 1164 8477 1804 4835 7852 7483 836 3617 5602 8828 135 4726 
5233 9887 9171 244 5342 7679 4439 1561 6703 3578 8654 9653 3952 8973 7415 4957 3044 432 4496 3454 8127 3313 7300 3874 5701 
9502 399 9931 4446 2299 6001 4105 2488 4294 8045 7635 1170 7673 379 6789 1372 6356 8853 4004 763 2196 3933 1020 5906 1957 
982 9690 1838 8063 852 7032 6415 5858 7821 832 6768 9899 1051 4103 933 3074 6355 6348 4571 1554 3193 6962 93 7761 2372 
1533 7620 1611 5885 7565 1787 8398 6794 2236 691 5695 8994 2494 4961 7292 1530 9114 9556 9147 1961 416 2708 8975 43 5384 
4649 3436 7870 2575 519 5852 7680 6450 801 777 5868 3678 8377 3139 2696 1436 4399 7508 1083 3491 8239 9892 2561 6857 462 
3233 1560 4210 3578 6192 1853 7780 2569 2236 5629 7121 2225 8073 5342 8982 8977 5546 1266 4890 4259 5633 7147 319 1569 7782 
7794 8213 5106 8266 9997 5700 6343 2318 81 3338 3715 4261 7210 8301 2851 1891 4376 6589 384 8681 6437 3922 9523 9203 5593 
2286 4527 2008 5918 49 8957 3918 9626 2060 4286 1256 1737 8614 3514 9717 5744 8692 5877 9890 8908 962 9347 2235 1224 1557 
4051 1637 19 380 715 8245 8134 3789 4720 3118 5277 5681 8389 7701 5299 4414 5857 5368 7418 9620 370 4662 7045 68 9362 
369 3948 6657 1610 6145 7380 9711 8168 6581 3812 49 406 7688 9186 2332 2499 438 3192 113 9030 1731 3462 8611 2927 6243 
712 7208 418 9322 1170 2156 3036 2664 2436 4396 748 8711 2670 8526 9081 6775 9560 2872 9587 8374 7177 7742 6701 8609 2119 
4432 611 4883 8267 5869 4962 5860 5684 1284 2426 2545 8389 6755 9707 328 3781 6877 7560 9597 8655 1387 5995 5414 7883 8004 
7865 7460 8764 2075 5985 1704 240 577 7209 7127 7659 9218 8786 373 6048 8184 761 9379 6844 3221 7931 8667 1661 2226 7439 
4422 8408 669 8783 7054 143 4538 1442 9817 1325 4095 1989 7313 4829 8183 757 3758 4375 6663 9736 5900 8454 1817 6755 9805 
1702 7357 8933 8362 5318 7155 248 3051 4363 2180 1392 2554 4165 1860 973 6229 6614 3872 9354 8449 9254 7434 9209 1610 649 
6674 33 6120 4037 4537 6840 4016 6109 6267 7234 3172 5900 5995 6002 8683 72 1598 4044 7676 7621 6348 217 8987 9091 1799 
9348 2305 2845 529 9055 343 2687 2313 911 3503 8899 2755 5576 4147 3534 5645 2731 6067 7128 8028 8490 8847 479 5591 2710 
8674 9812 7182 1929 3765 960 2910 1510 6242 8173 687 4458 2242 4252 7473 3032 494 2720 833 1737 8840 120 2769 7095 1822 
9228 5519 1863 8097 5165 7917 3491 4085 3139 8706 8000 4167 8071 1181 1151 1437 8415 1692 9381 1447 9750 3653 6393 5061 4501 
