1561 32 3350 8176 2961 7576 680 892 9542 2359 8035 7404 8675 4411 8533 
3896 7007 2020 2990 3888 9982 9761 3521 6741 2063 5869 3434 6915 978 2599 
5842 7268 9346 8882 9238 4405 8454 3360 7963 2340 4317 8322 8928 4759 5863 
69 9917 9519 3262 3105 5345 3995 6361 1774 7207 9006 27 2181 9249 9854 
3943 1098 4204 8382 4196 9525 6986 3853 2342 4549 8185 2189 600 7772 8110 
9829 5619 7426 2365 6794 8950 8871 5468 6438 7346 2541 3455 7666 7322 5123 
6079 1640 3088 198 6173 8684 4750 5830 3038 4553 2705 9439 5207 3972 7107 
9885 335 2496 6468 3212 4829 452 1454 1050 3510 1428 8966 885 281 7069 
9520 328 5228 4498 575 3326 2423 7060 1368 2833 5796 1112 6335 9032 9816 
2539 5863 7557 4160 7488 1517 4729 9012 680 1247 9940 805 4366 9591 2613 
9364 3640 6416 6177 4527 3391 9040 7887 2121 3193 5379 3248 4029 3125 3391 
5497 5087 14 5130 293 5625 3273 3254 8857 1285 2606 2111 3288 2261 858 
1870 7173 2818 4079 937 5522 2037 9141 3968 9133 2654 3646 433 6862 588 
984 1405 693 8532 4454 9708 4941 3867 8004 1497 8813 2620 1709 3047 7860 
4835 7476 888 5825 6211 80 6406 2849 7179 3103 6454 5459 5026 5027 397 
