8440 9764 52 2048 4278 3284 8733 7519 494 6877 9490 4422 237 9428 1209 1381 769 9365 4864 1145 2634 3462 4414 5583 5984 6673 515 2717 8428 8405 1333 8331 5093 8640 1575 
1436 2595 1477 7594 4674 4460 7094 6442 2500 3522 5470 6576 4736 3112 2937 5035 7716 8580 6577 2912 3201 9100 7801 8484 1420 3258 7113 5965 9282 1650 2879 3560 6709 5736 5006 
3378 5289 6912 4416 9172 7534 7246 334 7404 9394 884 2351 3713 4729 3813 2180 8186 756 13 2379 7086 237 3735 6934 7500 900 6747 9285 5863 4898 3030 953 1330 9772 7554 
2291 6274 7129 6716 178 889 1132 6734 8626 8730 4222 9278 648 3476 126 9705 4365 8654 9287 7296 6220 6201 1870 7377 2126 3726 2795 4827 129 9298 3239 4235 5559 6327 2647 
5781 6915 1015 3543 7830 4890 761 210 7336 5035 7538 7447 3231 4047 3894 5427 2012 471 8417 9994 99 9958 1742 3142 3322 8941 4422 7632 1868 8035 355 4338 5538 1987 9403 
2002 3890 2046 92 1822 6066 1078 5498 7107 812 1956 1991 8108 4944 8450 1082 4000 3680 448 1307 1571 3919 9034 4815 3740 1423 3473 9580 1802 9300 3713 2083 3238 7541 5357 
2220 6436 8805 4476 4082 2827 5398 2983 7790 1552 7866 5414 2308 5771 1880 6471 6981 8203 700 6423 7597 648 4676 5126 5835 8680 8549 7903 2017 9467 1437 5173 433 7565 5386 
406 1318 3013 1877 93 2495 2543 8724 2405 955 904 3729 7744 2475 2493 4087 7863 8824 1702 6082 4244 7790 8881 3304 6101 660 9173 9076 7628 9658 3799 5880 3725 1427 7929 
2664 857 3857 1233 1470 1459 5776 367 1517 6884 1463 3470 2212 6175 2059 8141 5434 7647 4689 8894 2108 7936 8929 9123 2114 5343 2375 3183 3085 2417 8144 6559 2412 5194 273 
6869 3819 8130 62 2189 735 8183 6019 2048 8022 765 5938 4953 2811 5617 6386 6250 8345 5798 2125 1793 5048 5968 1146 4200 4921 1907 6760 5770 5952 1067 7923 2606 1578 1374 
2556 6098 4229 7192 9359 221 1278 9634 8851 7821 7821 4581 7634 1749 8162 4844 3578 1329 6798 6266 6855 8298 7796 2157 754 413 8317 2400 6533 793 6782 2860 3094 4221 974 
3620 8754 4007 1705 3667 1245 2646 7376 7446 727 7535 8397 5969 164 5525 1433 6817 8958 5218 8660 1578 2075 2796 9176 6531 1670 2459 9803 8143 7857 1087 8478 3305 9679 1077 
7183 4243 4719 6178 2376 2256 381 3935 8896 1452 6793 5739 4945 4711 9739 3739 9339 2591 7463 2478 9586 57 8119 7160 1988 995 5906 965 9232 5796 6956 3078 8571 7437 1796 
4510 7774 3089 2686 1185 9686 393 3467 4759 2699 4068 711 2925 6388 702 5356 695 2671 3382 5470 7770 5202 9340 5573 4722 5166 3466 1193 6643 1555 3870 9457 6387 6389 7522 
869 5621 2623 5888 9782 3407 6824 2690 3779 6007 9651 7103 2133 9850 173 6016 8522 1659 2472 4932 2072 5186 6714 9584 2557 4503 7405 2468 4723 8007 5642 6040 528 5612 806 
6915 1222 5317 7469 600 4882 4911 132 9501 6372 5873 1692 2486 3074 9402 5997 9580 2090 9583 5926 2822 8711 2438 8464 9586 6197 109 9164 4289 5024 4238 3838 9600 4233 8310 
4515 2676 6428 2829 8559 5988 4742 773 6009 8476 9029 8288 7812 2067 7057 8518 9003 1491 20 6294 9848 5606 5127 7784 2713 8233 158 208 5161 3546 1371 7348 8265 9626 9803 
929 3844 5496 9372 3982 3828 3217 8211 3016 2241 6245 5856 3896 3782 7295 9624 8686 6127 2860 682 9103 530 3933 1160 5595 8948 5607 8003 6554 7466 7387 5871 1113 4149 2142 
7249 1609 7781 9751 6581 4493 5913 7330 1180 64 1901 9032 7992 5479 3787 3687 1781 865 4391 4601 665 8424 6372 3348 4467 7883 3423 3437 859 7094 9419 2248 4170 9238 8960 
4769 6930 9819 9997 8803 3984 3417 3381 7379 5588 6292 2359 3117 7648 4378 9623 3176 8591 1139 4459 8105 6510 6659 6766 2876 5437 4456 1219 2872 6751 7190 8134 3039 3260 8289 
9015 6710 125 878 6562 4372 9639 9706 5920 7985 248 3049 8596 7499 2831 9896 2850 2953 4540 6750 944 8956 5859 3474 6911 8427 2482 760 228 8227 1821 5788 601 5853 3095 
4333 7600 4820 8013 9591 7349 6438 5540 9168 145 4991 505 6005 4373 5727 4638 6288 4260 3993 2780 6537 6093 9482 106 1724 1545 8003 1163 3894 3171 6507 8845 1076 2332 7013 
1814 3295 5642 5487 2345 3872 6443 6517 1773 3639 9522 57 1532 8212 7553 9034 6467 7111 4414 915 3083 5247 172 3553 888 3118 7490 678 3513 4876 400 1662 2861 2417 8267 
5481 936 2903 3293 507 6800 7747 1993 6438 1442 7422 5368 7950 8094 1686 2981 5668 4809 4567 9945 348 1216 9425 6179 8728 5046 37 1250 2535 510 54 3898 893 9540 8364 
6672 6175 1788 7984 5966 8969 9588 5550 9453 2243 5747 575 3376 3195 909 4717 9533 9652 7337 5609 521 1835 7981 6934 1841 7634 6622 5415 7197 9294 1031 3689 3028 9994 386 
8396 4775 2469 7928 9098 5994 5876 7041 855 3976 6811 9366 5062 9318 9169 8181 1283 7314 5697 7943 6732 2468 4697 9976 8779 2477 9537 9526 6668 7111 9639 419 1585 5168 5046 
698 1190 6798 5028 8615 538 464 829 6287 4860 357 8120 5883 8832 9881 5045 2055 8343 779 9024 277 3515 7504 8114 1124 2586 7744 3838 6050 2456 8426 8165 3043 5596 7014 
4048 7746 4677 9776 3204 5764 9998 2347 3766 4105 4754 5085 3992 2848 5959 2411 6670 8345 8329 2423 8273 5230 6201 1882 9263 3591 9845 2004 7152 6749 6193 7444 5609 3636 560 
2209 2501 1628 294 917 9949 666 158 375 2489 1242 9080 1230 9455 8512 4140 2374 5285 7988 7503 6596 7668 9776 9043 8608 6137 2372 6423 1998 9974 7351 7421 1381 5401 9236 
6661 1401 181 5552 6973 79 8952 6121 1742 9950 5491 5190 3351 3249 9998 1849 7042 3336 8723 8402 2223 1532 8148 5759 8303 9220 4176 9322 5621 7771 3994 9450 5738 4766 5664 
864 3154 9792 9275 5113 913 5309 4516 4547 4128 4420 4409 8588 1305 5134 7158 784 1232 7529 177 5230 6903 5673 4771 5604 1393 4130 283 4370 6246 1789 5706 8030 3522 5981 
1035 6717 1434 3211 1351 7178 3519 6434 604 3554 5154 6149 1407 9768 1987 2391 3278 4011 2297 1636 9219 7084 6633 2278 7549 1781 1513 5177 7498 2968 8766 543 1203 7772 5185 
7500 896 2588 9923 459 473 7600 7808 688 6496 8996 8135 2422 4314 6772 2076 4891 8286 1222 9494 414 2774 6176 4423 7980 9895 53 7960 45 4831 5817 5380 6991 8134 5914 
3579 8645 6985 497 3270 6543 1095 2435 5561 8119 2153 2365 2544 2254 242 4285 5420 5897 4500 8095 3056 763 8587 4177 6797 5171 3261 3633 2051 4337 1268 3317 8313 7871 6219 
406 9815 7129 4259 9057 2857 4323 9948 1979 3143 9307 3141 1997 6288 1754 9830 2210 9352 13 7963 7497 4736 5984 600 7754 8586 1563 8959 1937 7669 6259 2354 5906 66 9685 
