4485 5477 9024 3866 5674 4047 3801 3404 415 4987 7966 1963 5129 1791 7989 936 3905 6922 8572 3688 8032 7097 5561 8658 9506 4964 8323 8645 6639 7245 6715 6800 1327 6842 8890 7882 1174 6457 5582 8824 5965 2353 748 8348 9403 2273 3516 164 5773 2328 8327 4405 4664 7180 5234 
2832 6152 8531 7982 6799 2890 8629 3319 1294 6087 9197 103 5435 2470 462 2970 4814 8337 8767 7157 6405 3152 4482 724 485 2792 7475 3115 3573 8472 9573 3410 8788 1318 7736 3438 7086 2013 8374 3848 1543 4025 5837 2563 6436 7067 4786 8875 4960 6151 6519 8097 4945 5556 5670 
9258 2424 9443 690 6410 3174 2157 2121 5630 5387 111 3966 8778 416 2546 3779 9965 888 3538 9783 5864 8390 7590 317 1571 3647 6613 3654 2476 8895 602 9895 7361 932 439 2119 4630 1148 1199 6900 5613 7705 8868 6590 6979 4134 8698 4739 6223 73 4029 4630 2175 725 825 
8924 4503 6903 1153 3529 6669 5332 1784 9767 9276 1085 1870 6945 7815 4770 9600 9250 5205 2222 5297 5735 4124 5524 114 16 4387 7583 7784 3472 8554 5610 9277 7332 7896 1109 9568 7635 5689 6696 2550 3170 1522 3174 5292 9663 8689 1334 6377 8739 5434 7738 6501 3410 650 4568 
9527 9107 1414 8865 8575 7370 6963 564 3543 8197 8825 8374 4437 9064 1988 3272 9382 5359 437 1303 3569 4998 4183 3791 2255 252 2437 3495 489 3856 7301 7755 4963 4332 1404 9818 5908 8626 2928 3168 3052 8820 2139 586 8146 3897 7900 7556 3484 5702 1272 2104 2467 3752 4389 
7750 3190 6028 936 8130 4832 5689 3236 5311 6053 7308 3040 4255 9081 2044 5270 4572 5278 9154 3919 9910 9756 3739 4487 2431 9696 6351 5398 4213 6027 3731 2114 3794 5988 4110 64 7626 9366 8724 8065 413 4180 7809 7645 3 1196 6999 5316 8762 2304 3156 5932 5728 5542 7529 
6898 7072 9558 9938 51 5504 5849 7070 2509 9147 6814 689 9503 295 5932 6789 5161 369 1172 7510 9963 5935 8517 3540 3069 4166 4482 4440 3044 7435 740 786 2798 3502 536 5097 2913 6588 2124 7028 3373 6928 4742 7505 4556 4399 3950 5673 5178 3773 1611 1396 4398 9164 6605 
5111 7285 6261 3355 6404 8840 3538 4596 1724 7097 1887 2602 8083 286 1865 104 7649 9179 8962 3323 6250 6611 9320 8018 3791 4473 4117 4177 1372 2114 4472 585 8911 556 7603 6031 6960 3507 3508 3352 7072 1624 8952 5883 4486 5058 8012 3604 7271 460 3310 7991 1839 513 4777 
2856 4165 5057 5599 4834 9256 5252 6592 3303 4290 7301 9824 7684 8208 9172 7813 5747 8633 5149 3587 3038 8704 5276 4087 6455 4295 6704 5157 8406 5795 1631 1660 4707 426 1435 8521 8888 7648 7776 6916 1532 7955 2793 5462 7203 5795 2516 7741 7987 9142 4259 9685 4338 125 1963 
679 715 8299 741 726 9434 3208 973 3894 658 440 6975 5203 7650 6679 7114 6039 231 1275 3137 4798 706 5930 8023 59 3927 2181 7335 2655 503 5766 3161 4400 1378 5208 8994 7248 3921 7938 9387 225 3187 7454 3158 2219 498 2861 406 9511 2529 7262 94 429 1102 5437 
989 4462 3874 138 4964 5139 6928 5422 340 4279 7437 8475 6627 2241 4280 1259 6440 80 1143 4085 8281 9133 4830 6781 6596 6814 6224 710 5452 7538 309 8431 9212 8883 3955 1320 7245 3947 6886 2962 8692 510 4257 6191 3406 9036 8355 7890 4705 8651 8714 9897 3221 9363 8981 
9498 8991 9840 3188 6064 3491 370 3503 4615 6597 7247 6658 706 9912 1470 9934 2128 6295 1497 2033 3555 6978 3703 3653 9235 7765 3485 5830 5024 4487 3252 8670 5889 7486 9992 7240 8471 8906 7868 586 5706 9615 2988 9432 573 6816 3776 8712 8176 1776 6667 3475 9454 2985 4673 
8880 3526 8350 6990 2052 4691 5808 5951 2267 525 1776 4238 5818 8594 660 7697 2738 1198 1796 5268 7236 2173 1432 4108 1012 3534 9668 5465 7879 9565 7374 6882 2954 8973 1227 3344 8434 7545 3194 5500 5669 1818 2391 6543 8427 1519 5689 4298 3375 5896 4136 6491 4749 5372 6309 
8543 2471 3876 7496 9749 1764 9669 8862 6810 5705 8902 2303 4351 7353 843 8319 9856 930 9662 8886 7939 8793 9365 5511 150 8242 2142 1280 3287 1474 7422 8455 7821 4683 2833 400 7148 1309 4411 515 5004 504 6095 1939 3776 1342 5614 6351 6928 7933 9511 193 2165 1413 8421 
3872 8868 5818 7083 6596 3730 3809 8589 283 7827 3845 8240 6903 4464 3707 608 5143 4393 8411 7195 1045 2428 2946 5729 7946 9641 6429 7234 7573 7729 9564 4510 6610 8408 3299 4554 7983 5755 828 3268 7607 1095 9347 3600 9204 5145 1691 9449 5380 9664 6410 3236 8795 7235 2041 
4562 2331 2134 4866 2375 6375 3452 375 2805 8680 7757 1636 3067 1142 2027 1223 6296 4021 4861 1232 3475 4767 7624 9566 2740 5514 9152 9871 150 6255 8961 5345 3019 7705 8426 5840 6129 4104 7911 7338 2505 676 9723 1867 3590 5949 9119 5133 851 3885 2157 6553 2199 4210 7625 
4699 2624 2894 3179 6381 7849 6352 9645 4287 2521 6239 5067 4595 7585 5286 7740 5163 8417 705 3352 888 4414 9436 9782 7853 6806 2457 2060 3129 2934 5960 1536 3477 6540 509 1313 3030 2442 7070 8438 4348 4530 9192 1775 4618 9178 5180 2861 8985 9911 3930 8382 772 4824 8492 
5007 9076 5181 416 2488 8613 7289 1397 1500 8919 2022 6930 6982 6877 5714 8909 8507 4448 8368 735 4021 5025 3276 3046 627 2289 8588 5831 7998 8742 5586 7186 2456 6077 2025 172 6026 4387 2671 1585 3363 3835 9616 5424 8307 2619 321 5123 5900 4209 3763 3841 7617 8970 6266 
865 6944 4848 5486 6800 7943 5515 8698 5903 6697 1824 9195 2564 5187 8314 9157 2538 8494 2951 6577 7181 8112 9921 7886 1369 1960 5447 5174 8710 8680 8834 8844 3464 4990 1305 2856 5220 4815 7551 8488 5321 9214 5819 7344 9332 7920 7846 1718 1703 9360 2389 1098 4100 5828 4384 
413 8111 1529 7041 9502 4311 3968 8114 2321 9610 1087 3380 7182 8267 7660 8666 9488 4082 3862 9816 4360 8372 8873 2914 8128 4343 584 3045 3544 4130 5264 8075 3743 3938 3511 3678 5527 9159 1457 6325 2386 959 7285 9201 4134 9421 1111 5636 6686 5181 837 8228 7793 5745 5020 
8359 7636 2819 659 7111 5090 5179 2969 916 3213 2734 7297 7815 2201 6339 9050 5772 6827 1516 7129 8602 181 4899 8647 3950 2403 699 9521 9133 4966 6428 1976 3057 217 2263 1801 8196 112 9294 973 1230 8010 5049 7486 1882 2852 9794 1718 3229 2779 1728 7766 1299 9470 5613 
6957 6651 3112 8918 9303 1536 390 8183 3313 280 5420 6172 787 6426 9660 8523 162 7746 3813 9516 7260 1777 141 7699 7359 3654 536 9593 7460 3983 8859 8880 3585 6431 5835 8025 6627 3545 3215 8873 4496 7613 8080 9692 5598 3647 1010 7640 7175 8328 2178 9561 7715 2 423 
1078 6794 1776 75 3126 5679 2197 3974 4774 3524 5902 7232 4272 5991 7715 4997 891 249 918 3846 5469 6175 9569 1978 4042 7624 1911 2966 4912 4993 4989 8274 3227 5851 7004 878 7944 2179 9896 5102 3546 69 5813 3280 7725 1120 7589 2560 9716 4821 8069 7567 8353 9594 9729 
3053 3684 7347 3701 8868 1810 4654 4951 885 7537 5513 1889 6745 807 272 3062 4723 4220 1891 4623 3803 7958 2143 5508 7803 1599 3081 7915 4118 679 6838 1186 6244 4296 7330 367 546 8209 4646 4643 4095 6139 7182 5639 8601 5366 2226 5810 1240 6176 2247 9686 1668 9440 2431 
7393 8375 4148 6044 6089 7171 5251 815 6563 4996 931 7445 9309 7630 6447 2691 8810 8762 2935 4481 9582 8330 2621 6850 6010 3695 2492 6175 2095 8097 7053 3757 915 6788 4899 8436 6685 5604 8075 230 1413 7344 4513 8207 163 5813 9383 5348 7774 5307 4994 811 1521 4384 214 
3957 9258 1942 943 4537 4698 546 9847 5546 5464 203 4590 583 9586 8672 2474 4885 7105 2068 8971 2046 9196 2983 1518 7074 1498 5056 7525 1528 6262 1366 1485 3734 5382 9232 49 6199 4338 7557 9906 3914 9476 9376 1186 2572 6423 6456 6069 5975 4995 8811 5505 689 3290 1596 
7174 7154 4343 3569 4082 2866 1552 7495 9542 92 9379 1086 7390 3822 5474 6591 5179 1566 3987 6297 3053 9133 6665 4637 7813 6508 3740 8306 9730 1299 7598 6377 6559 6089 7730 2830 9017 5218 8698 189 5151 8943 8983 5139 2359 1252 7799 1866 4293 2085 1416 7398 1799 5293 5326 
2971 708 2238 9213 9288 6238 1506 3112 7968 2849 1968 8897 9240 3060 8127 8583 6346 165 2021 9769 8268 7842 3225 843 2601 921 8897 2173 1125 5260 6079 1598 1738 9204 5427 7271 138 5615 9450 1537 574 9506 4344 386 8489 885 2173 8480 8069 5656 3393 3781 4079 8268 4404 
7771 5353 2875 139 2699 6776 6317 8530 5587 1076 5759 7685 5489 698 5854 2136 525 2271 3513 4049 3020 7260 399 4784 4018 8866 3473 2583 6935 4278 2161 227 6767 6957 2765 9699 187 8713 3238 8695 4267 7209 8319 9699 8150 1751 6535 6631 1277 8961 4775 7827 2961 1833 6267 
6914 4209 9504 4805 7913 3840 8861 4967 223 6190 6238 5601 7716 2319 1153 3717 302 5845 4474 2725 7410 9580 5441 4628 1138 4949 4752 5264 6578 9127 6892 8324 8660 2503 3775 6512 7049 1766 2024 2877 263 4121 8751 1577 9618 5594 1151 74 9734 5727 7599 6526 8095 4525 8141 
2110 8457 1924 8889 7712 6522 9317 2439 8957 2934 7217 342 1389 3674 787 3237 271 269 9804 7365 7304 8738 7219 7448 7477 2780 8892 2521 2307 3430 6619 5697 835 2030 3322 1354 5447 1482 3818 6961 2213 9946 381 103 5245 7725 3849 3954 3982 7844 9143 2963 105 5018 9520 
7299 2707 4196 6778 211 5267 3169 5126 6793 9577 5843 6779 3430 1054 3979 3268 6762 9608 9099 8303 9738 2700 6000 6558 9964 2132 161 9710 5347 9354 8254 2939 297 8061 6957 9885 3727 3350 7280 5199 42 1807 6987 6254 9199 6762 8795 8218 569 2393 5781 9869 3255 3349 1439 
4467 1103 3793 1395 7909 4316 9330 2272 325 8237 8846 9073 5706 4280 9489 5016 6763 3246 3042 1980 2428 2094 3518 3248 5485 5904 2124 2550 9406 6928 1349 4594 3961 6589 1679 3088 3846 7208 6163 8962 401 2292 1794 3368 9872 5785 5312 303 788 281 3992 5384 5238 7732 8405 
7502 4829 9617 6638 7409 6188 6920 6368 4285 628 6387 2401 2322 1544 834 270 9197 2303 877 5932 1117 6412 7111 6804 6786 2148 853 1704 6560 4511 7002 269 3093 6044 8089 9480 5750 6059 3741 3837 8845 4459 6573 5350 7212 2583 824 2495 2852 7541 1375 5656 9873 8687 5008 
1519 3210 6588 7839 6826 10 7264 1819 3238 9412 1970 6374 6923 467 7782 3949 3430 4214 2463 8235 6990 3399 4207 3930 8060 9114 5626 7461 7909 7963 3766 8035 4605 5665 4753 990 9196 4929 1085 4632 3408 7924 3574 4991 2086 1509 5963 3326 6139 4200 5091 3770 4496 5029 3401 
4370 977 3350 9244 3479 3987 1675 9469 6488 6298 8083 4886 7516 4335 2437 4312 2132 7520 6750 9647 5032 2779 7505 1501 3711 3114 876 8752 9486 2135 1641 8592 8951 9952 8715 1519 5458 2833 8165 4206 6247 5555 9685 5589 4211 2055 4038 4822 6496 7779 4241 4450 7370 4328 3997 
8056 3976 2339 6093 7211 4909 3875 7342 5412 2214 3296 6102 4572 9409 1966 7481 7752 6667 1249 7420 5408 6457 2718 582 8892 6074 1313 495 9655 7617 1003 2494 1569 8193 7924 4711 6036 5838 6598 4377 5886 348 7735 6023 1810 3554 3983 8316 673 8710 2885 4756 9102 5785 619 
5823 8551 2633 331 4430 941 6585 3218 6518 3434 3214 3052 655 6070 3921 3510 1495 8752 9525 3587 6263 7189 5758 1548 3847 7358 794 382 5320 8731 4282 9102 4247 5837 4380 8996 1480 7362 4734 9764 5158 5948 9390 8763 9544 2529 6324 340 6700 1299 2996 9805 7641 360 3730 
5419 2474 9231 1066 1095 1262 737 5950 2880 4493 1110 165 5416 9857 7507 5159 3479 4227 9319 8179 8687 6800 1000 8876 6021 6233 3452 8157 5616 3857 9487 7366 2734 8099 5043 7628 7420 7403 9866 9456 8432 2097 7034 8930 8688 6924 5568 6032 4407 2865 7242 6851 6322 5562 5028 
1738 6524 422 8905 6108 7166 4126 6711 7206 9399 2367 9819 3539 3808 6290 1616 1815 3837 2252 4203 5450 8836 45 2887 9710 5861 9219 1093 7626 1609 2292 6341 4851 2110 8051 9294 9261 9668 6820 4115 1379 7491 3357 1426 2388 6036 2856 2772 1128 2831 5189 1879 594 1989 7357 
1568 4232 4929 3996 3201 5900 3051 1463 5601 2788 72 6917 743 5652 2950 2671 4124 2990 7064 2804 4177 9496 9382 5251 5161 6463 990 8164 6060 9868 6101 7619 8437 9882 5095 4017 3536 3897 1541 5799 5152 1897 2954 1849 2097 1310 286 3110 7761 3014 7514 8695 3025 3404 818 
8878 6137 6478 5125 1557 4950 8559 32 4794 7298 3315 527 7529 5792 3035 8014 7440 5303 2197 6973 7117 7579 4233 970 4810 1578 5283 9376 3381 9061 2552 2744 6303 2599 1788 7725 7826 6313 150 6871 411 3154 2026 5943 8744 3994 6593 3452 6522 9892 5198 3051 7119 1688 1666 
2802 2102 7750 8770 5567 9710 5835 4557 7855 9978 2645 818 3818 136 7148 5212 5481 2390 9900 1693 1862 7200 8350 2568 4796 6111 128 4155 8243 7265 2875 1053 6721 2081 2054 6136 412 3130 4050 1303 7098 8401 6108 3114 4273 437 6497 3280 940 8973 276 8257 308 1270 4834 
3238 4258 465 388 2040 8462 8132 9898 3758 6585 4016 5536 7598 6446 2388 1636 9180 5171 386 9580 4266 6187 8614 1150 5977 7815 886 7214 9516 1386 5850 4104 6827 4760 757 1672 9994 9492 4651 5203 5025 5406 6228 162 8619 9090 2338 2237 3685 9951 4871 4738 2090 9477 4646 
5174 4102 5618 4743 4409 5428 3111 6451 9353 4939 6155 9449 6782 4916 2636 4567 3858 1187 8079 908 5677 2247 67 3611 9233 124 4508 1633 1046 7368 6146 5449 1909 3934 4728 4019 8024 3269 6510 8302 9943 2867 4507 1859 9444 2647 727 3947 781 2609 2892 9382 7539 5337 271 
6773 3989 1919 974 5038 9625 5849 6703 6398 5392 4666 1275 6022 8496 4964 478 3775 8520 6148 2868 5150 738 9564 4971 1576 8937 5217 4047 7813 1852 8691 7986 597 8026 9940 201 2596 5564 4751 2283 7458 342 3979 5061 7500 2458 600 4949 106 6699 2421 8762 8244 161 3993 
9375 9027 8459 4197 1834 6554 3863 7932 3566 7971 2786 9971 9055 8888 5166 3236 4023 5062 8148 2680 5448 8619 4598 7205 191 9008 7085 6735 7881 4911 9427 5348 4745 1272 7269 9588 1038 6371 4170 7075 3750 2874 6516 8118 3206 7926 7419 644 5856 7791 4672 5243 5218 1507 1745 
4614 4385 5142 1700 9849 8543 7394 428 4583 5967 3218 1737 2395 4444 9234 1858 9472 6994 749 2235 7826 6098 7017 4227 2713 7092 3045 6507 6188 792 270 7759 5659 6893 5900 8942 833 7531 6909 700 7367 8077 8345 1200 9865 8570 7514 3673 8511 6108 6472 6137 2242 7380 9541 
9181 6584 9488 1352 3447 3407 5448 8972 7673 2605 3810 7563 6832 40 3716 1775 3194 3445 4551 3501 1542 4336 3362 4825 2819 2240 4817 33 1189 3779 656 240 132 5134 2065 511 7873 2848 7760 8553 1498 1966 6972 6932 1373 7536 2217 2290 3737 6323 7380 3666 2032 632 6507 
8242 2736 1245 5253 1351 5504 9295 483 7292 4262 7824 3252 1932 9589 1679 5503 6082 5104 6609 5996 3997 3220 2351 6003 2085 7463 9981 1112 2242 2440 6720 8141 1922 3342 1490 5085 56 2317 1004 2358 1834 5749 4312 3616 3374 9240 9582 617 4074 860 1296 6538 8089 679 6786 
7945 3886 9517 7225 6847 2025 3657 6265 2190 5524 4823 4339 622 3820 4151 6054 3159 3556 462 2894 818 2923 4501 4969 858 379 8443 1521 6837 5681 693 234 1467 6037 5220 1514 3685 9588 1736 1406 6678 3764 9960 7334 2827 8711 228 5110 3316 5772 8394 7240 4538 7884 8077 
3305 3495 4210 6302 2775 5280 5843 6504 8843 2031 4409 8555 5403 7759 8030 2815 2580 7335 4694 7381 7800 6585 1545 3888 7020 3844 7927 4609 6956 2979 9093 2940 3523 9703 5063 2582 5924 6602 4143 9446 1035 5904 1235 7377 2084 6279 3758 1166 7552 9417 3656 7371 7692 6548 8894 
3275 8583 4278 4522 2839 8690 8283 1323 7836 6571 5395 7168 8565 8909 4389 4115 5593 2958 1296 5927 5519 1845 9139 661 1811 5664 3801 5295 2020 2806 3787 5601 2051 4874 7028 9628 3956 5659 1858 1765 4455 1167 9993 6204 5963 611 989 8144 8191 5478 5530 3535 9854 281 7511 
748 7696 6162 6677 4152 5035 3022 7135 8687 3172 4277 178 3429 7116 5387 3048 8224 9554 3457 8527 3292 1217 6528 5688 4475 7778 1341 2187 5830 4481 8303 3266 3149 5247 5801 8022 2963 890 8074 2079 9990 8192 7384 1265 9147 6203 7147 3862 2609 1644 5239 5674 8965 4570 1326 
9897 6945 6491 6172 7775 638 2923 5440 1144 8079 552 1098 1570 8719 5261 5114 2159 9713 2686 4682 331 1479 7969 8277 3523 4250 4964 5436 5721 5287 2033 1004 2681 5796 6505 1025 174 6173 6665 2349 9056 3745 2403 93 2534 8135 7301 3974 6009 2957 556 5713 8605 8117 6414 
