197 6572 2547 2362 9229 3154 6922 9383 7515 3711 1344 7838 1885 5957 1683 8514 2586 9897 7882 3091 5113 6156 897 5494 3888 
8916 819 9496 9021 5025 4586 7028 100 2612 1496 5826 6521 6337 9930 3946 3341 2882 5721 3022 7012 1754 2985 3866 6892 9788 
3439 5062 7611 9461 939 4095 2470 7241 4648 8945 8299 6052 327 3461 1896 6515 3717 9319 2579 9541 4432 8141 4026 779 9169 
1312 1194 6535 2624 6342 773 9908 7088 9396 669 149 7998 6775 9290 1467 1200 215 4729 9895 2015 2795 2961 8183 9583 949 
867 238 483 9533 2087 3293 3947 4826 2548 2414 9407 2744 2134 391 8235 8032 1791 1711 7312 1804 9080 6912 5329 6869 6442 
5046 2402 7734 8934 1558 378 7111 8313 7994 9407 5053 796 9105 1002 6134 6899 6855 4097 5843 3983 6833 6536 2597 6969 9268 
3975 6699 4618 4014 9730 3949 3727 229 5936 8927 3905 9605 2063 8483 4807 2409 4902 9116 1702 1149 8390 1845 1506 976 3925 
2948 7717 6602 5341 787 8100 4176 5596 9381 2245 9034 4951 6985 8014 9413 9940 511 1335 7616 791 6308 2724 865 3772 6263 
8511 6336 9444 2516 6062 2562 1995 1646 2217 7393 5978 6726 719 8961 6315 6952 2186 2770 511 4273 6766 2985 2992 2546 8313 
7777 9171 2429 6306 1169 1666 8970 521 3882 7043 5851 8305 3441 659 9944 1468 8834 9736 9272 2818 8973 8665 9622 4750 8190 
5691 9840 4092 4042 5838 8679 6425 4109 7868 9487 5981 1574 4367 1832 2218 1836 2870 5505 2391 2551 5311 319 1706 7590 7453 
3857 8311 2334 9833 2053 323 2858 7203 6760 3856 7295 2565 7596 9043 4588 6654 5519 8298 2696 7380 7665 1824 3714 1232 2644 
1537 7625 9171 9384 366 7688 8119 5951 3312 3729 6434 7602 2155 1248 7355 1787 1295 2601 1281 4162 4581 4894 4460 542 3412 
3874 9943 1878 6420 5343 4805 671 9273 5726 3914 825 3557 2517 1460 6013 4896 5857 4740 723 9056 7705 9213 9379 8645 9965 
6113 9261 3292 8617 1493 974 8876 8623 5318 1694 9024 7260 7815 6115 6364 468 668 3176 315 7104 6188 1591 4364 9696 9623 
1250 3591 3137 1863 4484 9656 3169 1996 1043 2484 2168 5503 7970 5176 3908 7186 1347 5859 9310 1157 5471 9191 3070 3853 5831 
7206 2203 7480 2933 411 885 8876 3609 2819 9698 4094 6746 4639 5254 9985 3464 2066 297 4289 5707 2799 7785 8296 5214 1448 
1183 9303 4699 5791 7764 5438 6602 8796 9633 6181 8173 9187 8014 62 3435 6932 6059 2923 6185 4709 1073 1531 4914 1490 2892 
551 5296 1223 8369 6892 6106 6339 7583 7877 5846 5877 3020 375 4556 8933 4061 6406 7137 4685 5247 5971 1055 4492 7624 1778 
927 2516 6545 5893 82 2843 9858 4554 7810 9032 6985 1071 3148 257 2414 6798 8209 9739 6178 8176 1526 8018 1869 4207 4489 
1939 245 2287 1055 8930 661 1461 3987 7235 9583 7364 1798 2482 7934 9207 9483 2299 7362 8203 1153 2326 6729 4004 5377 2202 
8387 5271 1654 7989 6962 2640 7503 6234 1625 1605 4844 9714 8152 8027 9496 7900 5422 5254 9607 7701 2182 1671 7454 4968 8351 
6189 3937 8590 5643 6919 8576 1285 3998 1900 4817 6767 4253 6758 4382 7013 9047 3738 8498 7802 5490 8723 9452 5778 3685 3154 
6073 5244 2485 9693 3814 2195 2632 9604 6536 6291 7070 4253 5772 9245 9382 4457 8751 1467 8716 5692 2257 1671 9036 9942 7214 
1296 9411 5995 3859 4789 2033 4299 1188 3212 2765 2372 762 7708 9462 6847 3218 7183 633 5764 8848 3462 6315 1808 2695 1572 
