9861 875 6971 4743 3949 3042 7375 7641 9403 2576 5811 3414 1701 2888 3211 6122 1070 2565 5313 4860 7688 2902 3815 467 2721 4527 6018 9639 6171 3177 2384 2532 8326 8470 6328 396 8170 9981 2403 5657 5670 497 8419 4307 4659 2615 3854 8883 8389 7215 5319 111 9467 9695 8380 91 485 1261 6198 6643 6677 8458 6043 7074 6328 8384 9676 4781 5210 3358 7619 6196 2228 8511 8089 
241 2448 3511 4533 2029 4905 6297 1129 1611 9811 9647 6176 2955 8403 8398 8358 7636 7856 1934 9808 7014 3147 4019 3935 8454 9107 9940 8261 8501 3404 914 2316 6048 1676 519 5958 7494 4890 4974 2995 1128 3689 2507 6879 1159 9309 9375 9915 5866 518 7624 5079 7554 4759 3250 8309 3327 8532 5103 3587 8238 1403 647 6713 7641 8556 2448 8190 9942 1540 6910 1761 1420 2737 6052 
8845 730 7408 8378 3596 5097 482 6666 1611 191 2540 506 8522 105 1027 9711 1005 4770 117 3593 6360 5746 9134 5624 8240 9897 6877 2306 8929 2450 394 91 8691 3624 9596 8040 6778 893 5396 3168 3067 9528 8951 7628 6411 8411 3780 4066 8611 8566 716 6795 7555 7688 8739 937 3431 9575 9591 4115 8007 1008 8329 6870 2673 2719 8047 3861 9504 4833 9442 992 9609 4083 2883 
1103 5636 3071 9428 5669 1368 705 5310 7788 7844 8368 5267 8038 8837 2765 1260 4747 3411 1551 1336 1616 130 5389 6311 2024 5956 7413 3573 2765 3386 3888 4562 4535 5110 8650 8448 9181 7489 2594 4231 5397 3468 3859 7555 6075 2671 8699 488 3073 4848 9534 673 5884 8642 5909 2787 3734 804 9965 9807 6040 2361 2669 502 6711 2842 6098 2693 1189 1417 5586 3569 9368 4351 3301 
8346 218 1230 988 8158 662 2948 8264 2541 34 1516 4265 5421 961 127 5376 4069 7423 4559 4079 2826 6507 5815 8535 7229 7355 6048 943 8848 5156 7816 419 6041 4207 7961 3770 3703 1860 5784 8188 714 1922 1680 116 7013 6292 1747 1703 5531 2340 349 5252 2046 7728 9157 616 8261 8913 6933 2426 6896 909 492 4768 6250 7829 4409 7477 4693 9946 1715 8175 6789 4511 4124 
9574 5628 5208 3124 8255 9468 4682 2042 8102 6302 6174 3927 5429 322 772 3114 1425 5876 397 8216 103 1572 4423 7801 3570 7150 7477 6016 698 2341 9328 5860 7787 1032 5695 1696 619 3044 2947 3985 2379 2168 3779 5485 1053 8359 9770 8918 9891 5983 5161 5318 1547 5297 7008 8527 6617 4426 176 8949 5712 9791 95 7983 3344 3748 9064 9844 6387 3852 4070 2510 9826 8468 9448 
5656 8893 3192 847 970 4254 4064 6475 185 6465 2976 148 5081 5540 6652 2024 4424 9185 5304 7929 797 9010 7433 770 1543 9414 3910 6393 7490 4941 696 1003 3437 3703 6957 3037 4394 17 8810 2699 6560 9405 5711 3472 8353 618 632 3979 2589 1569 8018 5591 740 9981 4161 8977 2938 1000 8947 598 4689 9305 7965 7026 3843 5685 1319 5078 5891 2676 5529 9214 6041 5468 231 
5491 5346 1989 2107 1519 9453 9142 7811 8977 9020 2246 9283 3585 4807 5326 9500 5250 435 9113 1517 9432 1300 9100 4843 8057 6991 8693 2231 5769 6033 2592 1561 3972 7842 3073 2454 3050 6384 3888 6282 5760 866 46 5474 2920 9244 2135 1265 9947 4003 1632 3251 6746 3013 6726 4620 9567 2582 5158 891 1060 3907 8733 4116 6371 5852 465 7810 6355 8880 4264 6686 2566 5047 4056 
1539 1463 9447 2698 2905 9045 5056 4451 3463 1784 8152 2550 481 24 590 2876 8851 6760 3798 6747 5782 6417 5088 6019 4662 3291 2233 9070 9456 6430 7774 1688 6798 4489 7136 6686 4449 5457 5144 211 7096 9010 8628 9154 9185 5354 5004 6938 4807 3304 2323 8250 7319 5767 9517 6910 5034 1026 7480 5341 2538 1608 9117 9549 6195 5430 1791 2169 2465 9261 3513 8180 8031 1746 1200 
2186 8974 2638 2105 5681 4773 9605 5974 8635 4963 4785 3666 4000 4074 2988 4303 7426 6774 3610 698 9983 9347 1849 7709 8089 9047 5951 863 5325 6830 5534 3701 1934 5159 4549 7141 8537 8081 9803 2944 9623 1555 993 4320 8369 8282 5562 6423 4664 8316 5816 4632 3747 1547 4806 4876 3142 7769 3452 8075 7410 4194 5658 6671 4548 1160 409 7343 4568 8735 3436 1857 7401 8664 4372 
3094 6203 1472 1743 998 4590 2666 2311 2953 9597 5175 4855 3975 705 6804 5790 8182 9154 1904 6057 2326 7939 7971 2257 5081 1321 573 2406 2271 9043 109 2 5672 1516 9134 9342 3227 4739 2616 5808 6250 9707 9970 8364 8807 2750 9677 667 3102 6462 5519 295 1186 1492 8644 915 3925 360 3868 5463 2663 2840 9591 3505 1768 9982 68 4142 7402 9593 5474 1077 3374 63 2527 
2247 6685 2672 9285 1747 1165 7266 7614 2988 5850 3892 217 2133 1620 6108 3135 9655 9861 1834 6467 2023 1756 8591 1338 3804 554 105 9271 5997 4965 3845 7949 3108 4176 8599 3814 19 5149 4129 8082 3806 9918 1506 8375 2604 7829 881 4765 83 2094 4552 5119 3004 7243 9737 4272 7230 1430 11 312 2030 5675 555 8267 744 9285 873 6482 7708 1050 9247 3945 935 1463 732 
1244 7628 8672 7610 6833 1363 3450 147 1270 2576 7978 974 6505 7538 2044 7737 5243 6103 7142 3051 592 5804 5461 6494 8593 5830 2130 4160 9946 3731 5456 1348 3161 9035 2943 9723 2996 7425 9845 921 8335 2651 8501 1984 482 1256 387 7350 7026 5374 2568 7918 3291 3455 2429 2095 218 1974 1456 2836 5998 3527 5910 3679 3112 4218 1297 2132 6743 3532 2499 7070 8889 256 7984 
2039 8573 1258 5813 2551 4758 2076 4614 5436 2212 4348 4469 428 9463 4428 3568 8850 2419 6811 3271 9679 211 4822 9271 2612 4914 9253 8087 4267 1138 7656 5859 2318 3695 7731 2143 2542 9539 2023 5406 5189 8323 3462 3573 5594 5655 7660 9642 9931 2241 9183 6561 842 2259 3839 723 1968 2291 3860 5579 3557 366 9663 1123 6576 3636 2968 988 3037 9725 3015 3184 8217 5661 9558 
2356 8778 8155 1850 6895 1012 5332 3451 8821 8754 5600 5911 1851 4249 3463 9769 8255 2917 7383 6265 7997 5859 7128 6134 1355 9525 7988 9673 3688 440 3166 6391 7289 5621 4306 8497 7390 8185 8203 5527 5553 3036 7526 183 6723 1918 3959 8362 6706 6851 4853 9519 4890 7847 452 9572 210 1139 5247 5860 1077 6611 2412 2430 854 2557 1178 4077 3066 5408 5162 6455 6094 1317 6012 
359 3544 566 9036 130 5577 8296 5183 9792 3062 3388 4672 4610 9941 1968 7361 8933 8731 8225 1271 2991 6245 9892 9160 4282 1263 3717 6579 4507 340 2599 7664 441 3205 8757 1438 2620 9139 5031 9448 6056 7320 3663 5496 9145 8127 3583 8006 2239 3009 5591 8204 1513 1809 5507 7934 3840 9713 2018 2409 5335 4374 6217 345 2811 1133 5146 2254 7922 6940 8654 7351 3673 963 6876 
4185 8441 7750 4562 5025 1137 3191 3577 9699 4285 2050 1887 8840 1633 5403 6140 8539 4690 6650 6329 5344 3023 3641 2322 376 6665 9482 3156 2058 5750 2008 252 7719 9476 7544 6169 8866 2257 3650 4930 2595 9478 4422 2749 8975 4895 1009 1493 9799 7728 3997 8607 636 7151 7216 1462 686 2779 8006 9387 2177 1104 2874 6554 2259 8845 7086 133 6197 2381 7680 9199 1364 7816 9488 
1986 6355 1934 3144 903 9938 2175 5170 8188 2534 1309 1621 1645 7511 8574 8418 7070 1991 4468 2656 7300 5423 6157 9380 6701 1354 1299 8693 8071 1889 4367 5150 7258 1495 7719 8334 1159 3486 1833 1391 2908 4044 5357 1311 3739 5960 9227 2858 5910 3987 3010 5635 8395 7956 1814 9681 4679 7607 3269 5661 9276 5703 4838 3872 3982 1579 6415 9239 24 7722 5579 1279 1916 3695 3830 
7113 5095 3617 1134 2199 4261 3780 918 2794 3021 5221 3438 827 5945 7163 5717 8987 2352 3241 4243 7317 7332 6328 5846 8007 8072 5799 4923 5158 4825 7004 5691 6351 9512 3199 5523 8446 4526 5744 2947 2790 437 6068 3551 8369 6878 3812 3215 7331 8758 5648 2409 13 1930 8416 9960 6307 1923 2505 3882 8679 8285 4090 5490 6808 7906 234 2351 4465 6226 7224 9572 5635 4931 495 
5342 861 3730 2825 9758 8300 2282 4246 6801 1131 6796 1269 6630 5985 8240 5939 6783 8493 6911 6825 1536 4827 8393 8726 4011 2537 8620 8269 706 1221 3237 4398 2406 4339 5015 3707 522 4016 5253 2343 2688 7267 60 4198 56 3435 9975 1296 3429 5455 8315 595 7521 2271 1869 3348 5905 6538 1796 8502 3348 4495 7002 4208 2668 9275 1767 3657 4369 8952 4619 343 5287 7479 1199 
236 4198 2603 6623 3158 2947 4699 5538 2936 6199 7591 9665 9256 4966 8751 5975 5952 539 9978 3918 8952 7998 5900 2148 2915 7704 2371 7351 1175 4135 6406 8152 1940 5798 9833 1778 3953 2059 4041 2117 8085 7711 4153 3473 9364 1886 8568 774 6235 3944 2223 6457 6076 6685 7954 6487 7836 8547 3183 8524 1420 499 4700 1083 4565 2918 3250 6756 8088 2883 7954 4221 6181 8045 9273 
2213 2959 4748 2897 6849 8435 6761 2350 746 4783 2676 1896 8283 2951 5558 6870 1521 1842 455 9739 6183 5423 8696 4190 3955 7892 7598 6340 7676 2944 1161 4573 1611 4877 4230 2474 9807 4051 8315 5747 6060 4850 1146 1206 8904 8729 7162 6829 9725 3152 8662 7448 2304 9165 2456 5873 4500 728 5235 9950 748 5717 1933 5088 9114 7383 4569 5633 4107 6475 6647 1677 1324 4862 5922 
9788 2662 2084 565 1166 5404 3556 2207 3409 86 6962 1026 4302 5334 6731 6651 9058 4345 7460 5405 5439 7015 2137 2138 8704 321 5957 9133 6180 7736 4785 2327 5208 7319 108 6963 5664 2286 9429 2042 7230 2471 2834 1807 6157 8602 8915 4340 7518 5524 4062 6 2912 7450 9915 6007 5735 5310 9864 1531 5789 1464 2210 6890 8163 5886 6137 4677 3154 390 5554 8916 2323 2653 4833 
5292 4376 6267 3675 1784 6129 1131 7915 8990 7246 7499 1846 8627 3483 2290 5957 7120 5667 5039 5597 6000 7496 5543 8668 3365 9615 9078 8891 6067 9451 2040 986 5403 9525 7300 8820 8512 8610 3945 2144 4753 8919 350 2471 6942 6093 1288 1137 9856 6384 9216 6141 6125 4809 9602 7052 6889 3757 1557 7362 8128 2776 4081 7726 268 4170 1386 3279 8074 7692 4522 5493 6308 8241 2558 
2818 7276 6021 3034 4714 6572 8557 9782 7766 5893 7979 9987 9960 2914 148 6279 4560 9930 3191 763 4720 2287 8039 824 3363 874 5941 3237 9829 5974 1216 5984 2656 176 7859 6924 8344 2240 2826 6363 67 3132 9905 748 6771 6984 1057 4931 540 2645 9075 9724 513 9511 8556 3622 6154 7703 2988 2542 5717 5649 2097 5202 976 2366 7165 1571 7544 3488 6911 4712 7366 1904 4615 
2199 2224 145 7901 6404 3464 7267 896 4362 8989 1565 3899 9441 3635 9226 7149 2062 2967 5842 7226 6097 2895 9311 3138 5090 550 4263 2773 2367 1362 7927 6655 3097 8013 626 6212 5681 2715 6062 9075 3527 2901 2574 1126 8277 3970 6401 927 9823 698 7251 4202 9017 403 9042 8685 9148 2537 5635 1693 8279 9878 6716 4557 1228 3505 8757 2703 4812 5117 8333 9265 7100 6059 8738 
8060 8217 919 9154 1092 8590 5148 2208 1279 9484 4062 5012 2367 830 6694 9107 1895 1024 7879 2306 4848 2088 7642 1660 131 4836 4038 3959 5119 1479 2273 9095 3886 3283 1616 6512 3361 8986 107 6237 1850 7603 8536 3831 8682 9083 7022 4338 717 8040 8442 3276 5689 4480 2922 2849 9894 5718 5398 7455 1933 5239 9433 5835 8079 8664 3597 5070 6687 3647 6964 8425 2190 428 7508 
9730 12 1912 5907 769 3078 5595 8047 5785 9005 3648 5481 6214 380 1100 9117 5066 9573 1217 6335 2203 5921 1434 6749 5144 7760 5154 5134 7472 5705 1702 1451 1667 1148 5857 9136 9958 1238 1 8605 982 9854 7229 1735 2303 1933 4122 3575 6639 3498 2702 2782 4934 4165 8230 1494 9205 1921 2488 144 3644 4779 9255 1541 1839 604 3623 5680 5628 5248 4370 4157 9173 8913 2360 
6659 4851 2490 3493 2414 9135 5662 9490 2120 4724 7843 790 741 7119 367 9259 1619 4781 207 26 9545 6929 6582 350 5963 9499 5476 3626 5808 9282 1054 832 3014 2575 2466 8914 7352 3646 8747 3004 179 5230 5398 4464 4358 8558 3862 9937 5341 9489 570 4856 4380 1633 1717 4354 6858 84 2059 2519 4378 1619 6334 8264 9665 9642 5640 7271 7593 6381 7027 5958 2033 1942 6210 
3552 9790 62 1655 4416 1873 8134 3578 7972 8461 1342 8142 9894 9842 1599 4819 9042 3448 4147 549 7527 1108 7351 1929 5256 8657 5779 6783 7903 7695 5628 1852 1808 7787 3846 7386 7264 4751 7896 7021 3547 7362 9640 6821 7882 7005 4048 3890 6822 3071 2636 9793 4091 6990 8000 5795 7856 3196 619 2045 1718 7009 8269 2016 9688 7987 776 7498 6088 9723 2264 2011 9755 2159 5994 
8448 1834 7709 8336 4490 9081 1860 440 3971 6594 1564 3038 4842 210 3586 4532 9475 3346 228 3618 9464 8489 2428 9430 5756 7479 9511 6524 3666 1595 8845 9594 3082 4627 6435 6206 3349 3951 5864 913 5326 4087 2376 6138 2088 878 206 5617 2038 1298 4793 870 4355 5708 4925 8229 2650 7468 1510 2847 7059 2074 2900 4459 4456 5227 1004 5114 82 8336 722 2980 4442 8219 394 
9428 7079 5134 4338 4200 2827 8167 6706 9170 8208 3188 7028 3930 8484 3556 7962 1790 7664 9714 6542 5460 8177 2084 6232 8400 966 9477 9372 3456 3622 1369 7719 1899 6752 6525 1239 7773 2316 5267 2995 8101 6328 9931 5443 3957 6221 6057 4736 6425 9044 402 8416 275 7635 1236 3068 8941 9784 2822 6399 9655 1666 1067 37 5753 6968 8052 5389 5084 5528 8423 8734 7094 5361 5606 
799 4392 9607 2863 9066 4669 9366 8860 9098 1463 4434 7252 9775 5647 8983 3774 7484 8773 7810 4197 2416 3845 9353 6536 5912 5014 3181 1981 2948 1895 3504 5635 639 809 8920 1890 9904 6432 8067 4456 7327 3420 3880 6353 5099 8894 5561 3564 1659 8065 6956 4390 2094 6720 9690 9745 4762 9944 2318 6707 1716 924 3048 274 729 5385 4579 9681 1304 7860 9606 3266 7535 7115 7964 
1364 9326 6235 4362 155 9582 5699 5410 3158 2995 3546 5707 4722 7729 5535 5449 7133 2846 3067 5232 660 2128 7603 5256 9072 4666 972 7158 6916 3685 4028 3556 2302 8553 8601 7783 7270 3633 7091 8300 4751 9397 8616 5924 3661 4297 8385 7270 8467 5712 8233 7170 9758 5800 2476 2995 7280 6478 4659 3503 8207 5325 428 8073 5987 7032 2644 7534 5572 2515 8197 6522 9798 6455 2706 
6360 7080 9901 6782 5245 3487 7929 5872 9032 3631 5234 8384 4909 4802 5836 4874 4727 2835 4222 4222 7497 5663 1482 7088 2119 6753 6105 1077 7292 2431 2956 6313 7474 1080 1470 5417 8795 8892 2439 9611 8132 1215 4660 5555 5713 706 924 5355 2616 6611 6151 1295 8532 374 6087 997 8476 4678 4907 2 3569 6048 1886 886 2050 1927 524 587 5820 181 4264 9642 6046 3617 3419 
1810 5367 2773 5524 2332 9911 7853 1394 5088 6959 2738 9567 8312 2024 7233 4045 714 7393 1071 292 8550 6041 5290 4899 4089 5798 1722 1265 5348 1752 6677 7863 1435 8719 1565 8361 6497 1755 2149 8541 6693 3334 4596 7218 9621 9203 2 852 4515 5945 7231 2641 821 3556 9759 6836 1420 4562 8943 1832 4780 7011 6212 1080 7700 8992 8338 8067 6168 4174 4044 266 8627 2911 3421 
8270 2686 6817 5307 3252 5785 5373 5522 3395 3670 1273 9648 4487 4383 178 4367 5986 3084 8626 1032 2884 8420 2414 4049 6140 6974 8601 5744 4305 1066 354 5231 7734 234 6784 495 8497 2464 4148 3521 9325 511 323 3653 5649 8781 8165 9732 8863 1048 4276 3629 3468 3384 5734 1325 9985 6172 7748 4571 5376 8682 6694 3330 3716 2766 8789 2532 6915 4408 6781 3260 4130 8064 3286 
7098 5245 7406 6041 9173 3695 5949 8293 8451 93 6442 8266 630 140 6797 3477 3553 887 6402 1962 3388 7133 2996 2295 1404 2906 9927 9502 5877 4450 5398 4015 1215 582 7809 8037 2754 9789 4269 6206 8138 2074 9726 5242 7338 6675 4517 2664 2942 4961 6575 9092 3700 2518 2483 1408 5700 4935 8378 7539 4078 5155 1765 2361 6428 930 6631 3259 2250 6429 2442 7216 5574 7314 4362 
7289 9536 9496 5686 3540 4432 6460 506 4501 2299 2254 1820 7417 8993 5343 2604 5118 4806 7416 6353 952 2163 1943 4238 5451 9057 6799 5993 4933 8363 8775 3861 5714 1705 9670 2737 2092 5837 644 5602 6812 8464 7507 1458 3269 6448 7173 4639 1558 619 2998 5384 9615 4368 1569 9648 1161 819 2541 2332 1118 148 4413 8557 1969 517 2728 8982 9078 5796 8920 5645 5778 6260 1915 
1563 446 5191 9339 2907 206 9234 2941 6408 6258 4731 3246 7422 2381 2192 1706 5459 7445 9049 3692 184 791 6186 6831 2714 7096 4953 2649 428 4505 1502 3663 5121 3106 1511 5805 4216 5176 8201 8403 2983 2445 1575 8041 8447 1764 8063 9224 6778 5942 3309 5375 2096 9270 197 1377 3744 8844 3200 5908 8475 7296 8850 3726 6259 8835 7639 6316 32 231 4800 5807 8617 2633 613 
1025 2888 3463 7500 1375 3126 567 1167 3338 3680 1104 9931 3583 6914 9359 8585 9776 3765 3175 5695 7963 8492 9879 3946 5304 4518 4343 3227 4212 2777 5002 1839 2519 6863 1888 3212 839 8752 4957 1095 1068 2227 1395 3059 2687 1708 3917 6775 1324 5594 8980 2665 5450 5078 9365 5575 8609 5819 2918 2632 2823 5822 9166 7661 1641 8119 9920 2582 4215 6981 5514 5204 7652 9362 1102 
8925 1677 7358 9872 5275 353 8115 2254 2228 7581 100 2373 4530 6672 9274 5918 436 8696 5409 3657 5482 7550 6712 843 6396 968 6846 718 8034 1703 8883 4030 8465 9224 8117 1947 5971 6547 6136 8151 5432 8782 6631 6196 218 1078 2200 1311 4131 8860 4088 3730 5251 7652 1366 2886 7078 2832 8838 24 8767 7113 4662 6556 210 7850 7787 5765 4139 2650 2947 1530 7516 9990 7853 
53 5647 1892 4318 8551 391 8946 7409 3103 5917 1956 2459 9410 5040 1154 2640 3687 5425 3757 6641 6536 2813 4309 6270 9469 9251 1847 5034 927 1330 3239 4494 5908 8603 4301 774 5293 6162 7083 3671 9258 4482 8841 6620 2954 2309 6908 5843 4777 8010 158 824 888 1574 9737 4510 636 4517 1967 7628 2039 5805 9238 8747 5060 9746 9080 9173 3446 6785 563 8562 8445 2755 7736 
2769 4012 9616 8327 8633 4948 3851 3968 7116 2964 2713 1996 4783 3091 4102 5348 1383 4458 2860 3832 7580 7578 1977 7325 6160 9014 322 2279 4402 5611 8546 7993 5152 1721 5983 8516 197 8512 7810 6356 7691 1809 8934 5864 2665 1312 4098 7635 7291 9444 6589 2101 9899 6414 6955 1711 5488 1228 3241 2416 1127 9698 1680 2968 6371 1535 4267 8635 7439 3935 9272 4765 7120 4310 3809 
7211 6740 2700 4971 3070 7104 9878 9915 7594 7172 9113 7132 2401 1184 656 10 7834 701 4410 4600 1864 7596 8972 9172 7733 7749 1935 4689 4562 2181 5693 7177 7696 9814 9222 2800 3487 1222 2934 1713 6881 4 8632 9397 9158 3583 4589 7383 9210 3215 5503 2822 983 3236 2607 3372 6615 5116 4589 9641 9302 4878 9644 5978 8106 1940 4670 915 6779 1320 7916 3997 6720 8649 6773 
1225 8161 7119 2935 8650 8558 3214 503 6691 4685 2166 8139 6001 6962 9668 4626 1437 164 8891 4255 2542 6074 6217 3910 5867 7693 2802 9673 9933 7520 9699 8369 5402 3578 6641 8194 4524 4279 884 8275 8274 936 7367 5774 9210 3410 3842 3604 4601 173 8860 3060 3053 7151 7932 2446 1711 3882 2617 9060 8198 2815 5088 7330 5376 702 7435 5519 6868 6274 9035 6526 8893 5130 3919 
6806 541 3843 8756 5779 4373 5093 6318 7290 3445 9332 6379 6280 9893 3401 49 2888 1950 7327 4369 132 8268 9211 4353 834 1298 8664 1027 571 9045 1877 7357 7172 5820 2664 6408 1342 9065 7225 5761 3031 9850 6900 1097 3669 8018 4447 8918 9271 9654 1273 3124 4730 3233 5084 2584 8180 4549 3074 2742 3243 8355 8540 2320 7830 6757 2403 3072 67 7951 1754 1373 6753 105 7772 
7805 2687 9237 5488 9406 2909 8013 1314 5732 4505 3820 1135 8365 431 4178 6963 442 1690 1396 6446 1839 5418 838 713 2550 6242 493 1917 4163 8062 8583 414 946 395 5713 7724 7007 9881 815 8727 632 5568 2259 9018 382 3056 755 3498 892 8543 1249 9625 2574 8121 1355 6906 255 5308 9544 7619 1304 9809 9100 91 8590 7334 5166 8668 4113 409 8270 3566 9619 5798 4944 
5632 7724 4261 9460 7881 9012 1315 1265 8776 9917 8808 3192 3912 2846 7900 697 9558 1964 527 232 5106 4669 1220 7416 9316 323 5677 8112 9473 5028 5399 1520 6339 6782 3888 3815 4479 3907 5934 7102 427 6191 5616 1656 8040 6302 1282 3492 5674 8919 8912 2392 8297 3180 1884 1433 5256 1068 6258 9721 6008 5443 714 2815 1730 351 3319 3510 9128 92 814 8662 704 6074 863 
4886 9309 4513 3972 2601 1606 8809 8034 5903 3163 7437 3386 4184 6730 7832 6163 674 6614 9037 3057 326 403 8999 9700 8479 5600 3782 1810 6371 2566 4263 2473 7667 4284 6136 3126 5774 7337 8952 1184 9222 5395 3323 5872 4111 5514 4697 4568 7182 66 4187 3651 7366 7489 6328 474 4767 6457 4576 2356 5217 8872 8642 9411 2212 3748 4268 7276 6548 8716 3072 3274 8866 8409 5062 
9551 5728 8622 3361 3351 7110 8165 4 6162 361 8672 8404 7631 5988 3006 1045 3411 7376 4434 1032 5658 6344 6471 295 11 114 6016 1190 2746 4198 5590 4815 8588 6190 3949 5653 635 6757 6855 3007 6683 1706 6499 28 6416 9058 1090 2132 1196 5538 68 6199 4688 1567 1351 1339 9190 3023 6093 290 6001 4213 3941 3577 1358 9329 3022 4614 4817 2045 4482 8458 5333 9402 7736 
1 3778 7590 656 6403 9820 2538 3921 1413 4787 2481 3351 8103 592 6499 96 1496 2115 7616 7255 5999 1471 6835 8436 9536 9450 3581 5111 7710 6898 1260 9476 3566 6280 2464 9495 261 7560 6327 1221 3287 3594 8986 9637 9765 4944 6465 8967 3488 2430 9237 9524 5227 1561 9382 9637 7665 9251 1853 2957 3715 8806 5147 7882 5508 1603 9688 9119 5047 1777 1542 1254 3468 2561 8142 
5970 1366 3794 5293 5108 1121 1914 5645 3304 2524 1137 8646 4731 8255 2893 8074 3507 4761 2790 1518 1898 7588 4062 6015 3241 267 3558 5134 5847 4557 7377 1601 6104 924 4243 975 4302 8094 2419 4430 9305 2506 6142 5015 2747 805 9814 7930 9213 221 5592 247 9912 1877 8213 1886 433 367 7320 9303 7658 7566 2148 6829 1421 4789 1491 603 1465 5199 5197 7747 3831 9894 2038 
8137 6704 706 4866 414 3755 9120 9833 2162 8631 8415 6056 9215 1942 4994 6588 6468 2844 6222 1146 2868 1402 6170 8238 1087 1183 9274 5183 4180 7981 2922 984 7605 7428 9532 6834 8081 6832 7050 8966 2265 7334 4064 6204 6043 1279 5858 2433 3195 31 1183 6588 8566 6154 3001 5208 4236 4220 1417 9194 88 117 8220 9465 1416 1332 7386 8234 4893 5213 1724 7700 4702 9661 4796 
7507 8649 8641 1509 2018 7833 2629 6364 1977 6216 4214 3097 6993 8555 7752 56 6411 7854 7775 2602 1908 4070 993 3890 2112 1304 282 186 6037 8172 2587 2485 9952 671 2528 9623 5910 3102 8757 9104 5706 1385 5358 9173 7269 2689 7634 7564 5589 8363 7318 4071 295 623 2296 4996 3687 267 89 68 7047 429 2771 5357 9711 8140 6835 6248 4702 3585 7228 476 7692 1531 188 
4272 1878 2868 9491 514 9503 4529 8178 3407 291 1735 5218 7380 7539 2661 55 2380 3027 2218 8735 3084 1584 9007 2753 9678 1038 6999 5599 3287 2304 5584 6625 9777 1304 7050 6926 9558 8567 9105 6981 1654 9666 197 1927 1387 5663 9506 6052 1684 1519 1578 7107 9441 5154 3042 9871 3671 3836 483 9997 8409 4653 9961 2283 313 103 1956 6572 5994 4680 4694 1282 8735 1477 1080 
8117 5774 748 4703 8472 1699 8962 5712 5225 7777 7894 367 5623 9918 1577 3269 355 5064 2313 1213 7957 6838 2154 7779 4286 5748 2007 8641 9038 6004 7657 9479 5559 6493 2929 2696 3945 4412 6663 5107 1551 6671 9771 493 6771 9619 92 8853 6837 9466 6679 5927 2488 8935 9786 2075 8324 5804 5024 9118 2570 4206 8802 3464 8101 7638 6234 7475 366 8834 1275 9273 2420 917 6685 
5476 6575 8407 1512 4367 4892 7516 8405 6454 533 7007 3143 9663 695 4501 1398 2427 4696 7250 6244 699 7156 1885 5696 6997 7857 1990 9399 87 6432 4371 2209 495 1481 7533 1506 2153 9816 9807 3349 7105 3745 9575 4539 8048 6965 9623 642 3223 894 2691 4945 268 9266 4687 9076 5560 6009 4943 3189 3577 6219 1986 8009 7756 1314 6293 902 5699 9972 6971 406 1091 6456 6255 
2174 1659 7874 1211 2913 6883 3466 9678 6082 6828 3183 9288 7827 9359 7216 9111 5389 7170 1797 8903 6602 1005 1224 5302 5501 7803 5499 7303 1273 676 1530 4027 9644 5014 1012 8607 4822 2954 8032 5785 3065 6503 4936 9784 47 4354 1311 42 6798 1241 2521 3110 6929 6928 7361 1088 7252 3038 3981 2284 9772 4895 264 4438 1532 1448 1802 1607 1783 4234 6798 7359 3681 8197 4597 
1633 9061 3326 2886 6402 9817 5381 7630 9979 3956 1582 9802 5852 2436 62 4714 245 5074 5740 2280 9734 1839 1090 1970 9600 8605 284 1639 1706 9082 9708 7423 5235 516 5703 2769 9694 6732 1692 7992 8436 7514 6798 6795 3750 6267 9623 7388 3098 3537 6085 9980 5683 8747 3564 559 8478 9159 9206 5754 8238 2222 5810 6944 4070 1446 9430 1878 4386 9159 447 9604 9312 1973 2424 
1087 321 2655 8121 9889 3382 6026 3057 9976 3470 6667 2698 2614 514 6831 8974 9306 8810 4104 6953 3085 7541 2994 5336 2455 5862 7281 3045 7200 9229 2774 3995 8016 9431 5225 2698 8234 7888 5120 1781 6110 8288 6198 3549 457 4416 3294 8955 1723 1826 4175 2405 3309 6602 3648 2351 8340 5248 5085 4520 8726 4109 1252 3217 9603 2084 111 7243 8153 5646 7436 8655 7059 1343 8757 
2800 7784 2343 6660 6667 1601 3567 2118 6304 8298 7253 8278 1584 374 875 9673 1317 6747 2284 1231 5058 3008 4668 3933 2763 7007 1769 6276 7718 807 2961 9830 7560 8596 9395 8820 6895 9495 2918 5083 5868 4540 6739 9321 789 1049 823 2050 3991 9266 4729 5291 7512 1073 3831 3393 4590 2397 7120 719 6768 7705 1953 4229 983 3414 4981 1550 9254 4794 7978 2120 8840 9070 2623 
2082 9668 2207 4462 8073 1353 6534 3258 1946 1275 7598 5830 4606 5980 4922 4656 6469 1776 5647 9023 9650 8282 1388 2598 2140 6929 6539 8896 5106 2349 2169 2401 7528 2870 5708 8214 7034 6675 7222 4158 4669 3374 8507 3448 4884 9101 8178 7165 6871 8757 2272 7620 3265 97 3674 3363 9724 3541 802 4435 823 6420 9408 8200 7389 4321 1246 2640 3449 5731 8677 3803 7643 779 7775 
23 5559 21 3541 2229 5593 7230 5301 2817 5 4031 6761 3086 8334 2883 3784 2758 2237 4194 3339 8916 9825 3141 3373 6099 2963 5727 1915 8986 2763 7479 3321 3202 4411 4336 840 8440 3988 54 4779 6779 2202 3981 807 1419 8331 320 1290 1870 5290 4059 6409 1705 7296 4861 5460 5401 501 1371 9001 2603 2182 7182 396 9323 1545 6345 6873 3898 7352 6853 4312 4620 8287 5180 
3044 688 9321 6740 1959 5705 3159 4938 3867 1416 9790 6895 1041 6776 6901 357 8385 1897 9988 6993 3210 8604 6003 6836 8801 2519 4663 8621 6691 2724 1663 7948 3505 3557 8849 5024 8347 5673 1303 2350 7872 5056 5477 4247 7402 7101 178 5221 1806 1150 5095 1079 4281 7863 6862 791 187 3580 9621 1121 603 922 8055 248 2782 328 9536 5987 7838 8420 5750 3215 2180 5845 9354 
9901 9595 5098 432 7891 21 1096 3459 9520 1613 6139 1444 4759 6577 8393 4293 8887 8910 2183 2113 3748 19 3117 6802 5364 6975 3598 5394 8313 4979 5465 6860 9648 9897 2420 232 4605 6738 5553 6300 9136 5846 2849 8111 4366 4220 2184 5209 5583 8193 2054 625 1166 4323 3822 1815 6752 1553 7820 5119 5868 4814 6857 4270 140 184 8885 5146 3849 897 7179 7830 7006 4176 3887 
4034 5826 850 4249 4356 5316 3192 1823 7982 6712 9389 2381 7348 8048 6434 8794 4567 2536 6847 153 6310 5455 8427 5381 4742 224 8315 8708 5471 2153 5184 7328 1679 917 9653 2710 8934 6861 4670 1875 5027 6347 5761 8383 5505 1975 3745 2 3376 8568 5321 6250 9258 4434 3675 1653 6547 9755 5919 9570 5845 3508 4769 8505 9862 190 9149 5838 8904 944 8779 3606 7503 4814 7412 
9653 4403 6233 142 3889 5592 1994 9189 5676 983 6924 5119 9434 3444 762 7625 35 5414 269 5032 6884 3485 4610 6325 4844 5555 2869 2796 9545 5643 9448 9697 4130 4682 6470 8623 3403 4559 3283 1440 9128 1968 2674 9491 9355 8924 6198 5519 930 8948 1569 6783 104 6870 3003 3390 76 8682 3940 2137 531 7726 7361 3014 4157 7584 8876 734 7145 8180 6560 2448 9860 2032 3023 
8576 3271 4146 2275 3843 8152 4029 33 2651 8244 9701 3937 3122 5219 8663 3429 274 9584 4077 246 9951 3876 4380 7359 3226 2159 2065 8349 3633 5493 2532 5408 6354 895 6077 8705 9804 1888 8729 7846 3711 1522 5166 7462 7381 5921 731 3536 803 8367 9987 676 8033 928 6628 6403 5367 1871 7090 8320 6269 4940 8006 2213 5998 4441 9307 3757 3592 8667 7661 5697 5794 7149 6304 
5346 7782 4192 4730 9084 9315 5104 9044 4368 203 506 1122 8622 979 841 7485 5744 6092 1607 1605 8975 4141 5139 8442 2318 4191 8775 9279 5580 3572 2799 4460 3279 6763 3663 1108 147 2675 5217 5405 4830 644 8886 5141 1496 8198 6719 1735 7297 2413 8054 9920 5029 6241 7473 848 810 2612 8792 1945 4270 7447 6510 7512 2574 9472 1273 4829 922 7455 5763 7356 78 4054 676 
2437 331 9378 4855 8757 2181 2142 7105 180 7675 6815 1099 2870 5153 1649 3960 9576 701 4041 6637 1693 8719 4595 1030 3195 8021 8207 742 4879 2319 1816 9385 7582 8393 2303 5334 8689 1451 689 8031 2890 9542 1561 4685 5280 3153 9346 8771 3027 2472 9801 1839 5371 7846 9333 589 7204 7724 6999 5771 896 7680 4836 5769 4899 1705 1975 2254 1332 821 2501 4168 6627 1252 7951 
1246 8924 1457 6203 9645 3401 4695 6981 2615 1104 429 8562 8099 7001 4622 3461 9537 9547 983 1848 3526 148 6491 4608 5028 1656 4793 5435 1784 9425 158 6174 2125 5690 9122 7298 2147 4052 7923 3998 6276 8107 3488 772 4838 5100 2629 5864 7158 9031 6345 7712 4587 9953 6367 4602 5436 6293 285 3451 1646 8379 6220 1581 6314 1358 9481 7536 1350 3437 5689 9821 6478 9777 2803 
4705 2966 6931 521 2216 4368 379 3656 45 4972 389 8240 563 4871 9031 4303 7987 5953 7544 967 1749 7386 1602 9061 9775 1308 1419 9590 5231 5838 4751 5684 7173 9029 6501 2841 3982 7261 3860 6416 6347 2866 3591 8152 8276 6971 8983 9767 954 8202 8695 7163 558 4365 8273 3573 5645 5616 2696 8711 5704 2668 3501 2439 2915 5757 1422 4413 7971 1971 607 6482 8354 6362 1446 
1711 1861 1435 3376 2800 9269 2214 8014 2449 9779 3336 6949 988 9203 6967 3726 175 5292 2334 4320 5411 3030 7524 9272 8666 5291 4802 8933 3214 2336 1823 9057 9190 748 2739 5533 474 1862 8922 2042 914 3443 746 3868 5318 4542 6077 3430 7205 2947 454 1339 8451 4223 6995 739 3009 9878 5874 3730 6951 7966 8118 5901 3443 812 1763 2004 8457 5453 8953 8307 9937 7084 8986 
3 1470 4642 5066 6882 1007 9516 4137 4001 457 4894 3927 8040 3304 8929 4795 4015 2973 3256 4632 8669 6169 5567 3523 1139 1836 6463 5205 455 7644 38 1104 1027 1304 3782 9250 1924 6763 5855 3740 7168 3186 7072 332 1144 1316 2205 9641 3352 7189 6593 3706 9262 2312 6337 4379 5885 3831 6857 7291 2822 5304 966 7688 1446 6337 6848 9007 3172 7255 8611 1211 2377 8881 4946 
