1024 1135 8224 1900 4332 1082 3227 9073 7624 5749 880 7277 9779 2481 8587 4440 3826 8840 3324 3159 9025 832 6829 7886 6718 2592 9171 4693 9609 7975 8103 5043 3248 2149 3105 9010 2862 4866 7194 8178 5607 6418 542 4314 5712 5991 1252 2817 2085 3261 3619 135 101 413 852 
9482 3764 4729 9248 6017 5148 1892 5971 5810 6223 6619 2822 7083 4578 13 3998 2911 9952 2087 8768 9817 9763 6759 9683 7324 410 8679 2575 4165 8812 1987 7557 7041 4727 3296 3419 1159 3942 6379 9286 6292 8359 7476 6321 5162 573 9670 9914 1839 3147 5067 5662 266 5002 2507 
3624 9829 574 1517 78 5211 6198 8601 7146 6899 1368 3590 6605 143 1308 5407 162 9441 9050 4987 5675 1172 2532 3287 2085 2996 1988 3138 6896 951 5440 533 3170 79 4282 7339 1326 244 137 4424 9956 742 3906 3088 2537 5293 3659 9826 346 5979 7085 7453 3691 7431 6551 
7046 9988 3837 8000 8105 8263 9525 1574 3569 4773 9524 3973 1334 9427 3235 7350 6766 4902 281 7144 4869 4282 1292 4842 8602 5540 5778 3130 3959 7797 3179 957 8825 5401 9996 6750 6863 7926 3160 4478 7328 2001 5811 3644 7317 2649 1874 1444 6738 2528 2916 6471 8097 9198 9780 
246 458 8417 4326 3623 5217 4519 6369 3710 9824 2082 3548 6885 2130 5239 7309 5178 8366 5881 5806 5254 5963 229 6682 3984 3688 8803 6539 4021 6034 1295 2719 4818 7763 4396 8770 241 8220 9398 3976 5541 8747 5080 7274 1886 7289 4609 7749 7592 6362 1115 30 4587 4904 2932 
9759 9555 7713 5992 624 8504 5334 1804 710 1423 4699 8454 7087 8521 348 770 1535 61 4025 7414 9511 4714 2683 6705 4772 5364 9949 805 5933 5334 1649 3641 5015 979 8818 645 5885 7849 8319 563 3013 4870 6608 8654 1613 6277 4579 3107 7652 3682 8716 3202 520 1772 2162 
3647 512 5584 8469 9662 4746 3257 2452 7003 1919 7582 9739 6353 6467 8996 8912 2136 2648 4166 1338 7918 3588 4847 4923 2882 8859 3654 2619 7292 7054 6921 7309 5475 8933 5793 5313 8510 8824 9391 4558 6883 3627 4092 7698 2630 479 6727 8641 3379 2341 8635 7283 9578 6185 602 
2629 9608 4116 3059 2257 3860 9874 4875 5896 3393 7076 7662 2940 9652 8449 637 7709 6518 1091 4173 4288 9878 6812 4503 2333 8427 2122 7632 3355 9931 2967 5903 9154 9353 4318 7642 9694 6463 2216 8986 7783 8689 2670 4588 7018 9491 9582 7100 8105 1234 8316 1676 8779 3934 9600 
8511 4416 970 8199 6900 9344 3957 4044 293 2363 2698 4953 3876 321 5333 1207 7219 851 5580 4764 6908 601 4466 6901 14 2506 43 2751 6896 9518 5491 6712 378 958 8702 2063 1466 1303 471 2616 7552 4391 494 1105 7140 7259 3622 6069 1684 5725 6268 1677 1684 4414 9867 
6895 7698 539 2908 6230 6013 3857 7310 6782 8348 344 3109 7084 4461 953 6294 3738 37 257 5360 1037 3521 3993 7846 9438 9488 2901 1216 7326 6387 2121 2487 9395 5530 1378 9974 9952 2920 6698 6721 9329 69 4980 6722 6898 7673 3788 1328 5696 9645 9340 3549 459 1085 9748 
8894 2754 6608 50 6387 9988 2060 5725 8426 6193 2572 6201 1471 8699 2185 9718 86 6798 5313 4565 1539 8352 511 4428 7629 8303 4746 5054 2656 1444 2514 9591 7988 8853 4471 2908 7869 8241 5676 4862 6207 9637 3477 9871 9742 9752 9920 3043 867 6982 6543 5110 1778 4552 7470 
9907 6443 1331 5148 6410 9560 4643 6591 4456 7822 9548 3898 747 7963 5061 8645 1408 1084 4309 8925 6213 3078 9296 8325 4262 9269 9698 7401 3836 8034 9483 9422 1700 8797 5148 4870 9671 6163 1197 5190 6700 9187 2229 1481 9800 383 7657 4370 3985 8680 2473 7466 1158 9698 1058 
7878 5394 2226 7070 4635 5932 4903 1126 4150 6632 7487 2720 1063 9604 3960 4841 4887 6015 2417 1426 2004 8697 6635 9177 6460 9954 2224 7953 4670 2376 7943 2490 7696 8408 1741 9924 4587 5872 3036 6134 73 1144 3977 2660 2099 3743 6681 962 7086 2180 2051 9051 5841 3249 1536 
1514 4956 435 5692 844 6910 8125 7569 7349 8733 3291 8666 6929 1828 5201 7683 8915 1858 3544 8521 9629 4271 7962 7483 1643 449 2105 5277 1403 3000 4620 363 7194 5770 6089 8599 9846 9993 3330 191 9576 2393 147 3 8313 9857 6101 7357 5021 3408 4818 9512 9745 4914 6831 
5262 7961 2567 910 5578 8809 6334 1160 4123 694 8627 5615 6830 556 9472 722 2172 8178 9306 6759 6665 5921 4597 7604 7754 6136 9771 5407 1753 6756 6881 13 1556 1861 9598 5825 2038 2987 3078 2814 3563 6471 8011 9131 1731 5002 8857 1135 393 2071 4148 1958 8484 883 8334 
9574 7678 4164 860 8673 2830 6269 2312 1510 3760 2462 5090 2871 4259 9613 7108 3780 7777 7852 2234 1978 405 7683 9497 3119 4070 2179 7498 1046 4415 9623 1170 1562 1813 7623 2872 6513 7205 2016 4400 4328 7660 6068 2907 212 1356 5732 9124 336 8361 205 5822 3360 676 1683 
6052 5206 9830 8647 9326 8918 1377 1594 3328 845 7697 790 3401 3922 9986 5770 4364 2221 6217 2513 5540 2960 4697 6051 2266 2106 5583 6562 6850 7257 7063 6842 6541 6914 5588 115 1420 784 5673 8400 8071 2396 4539 5075 9341 9352 4511 810 6317 5214 2223 6991 7788 291 8038 
420 1876 2733 5617 3792 6435 6842 771 1330 2569 2876 6536 5892 9693 8858 6491 2819 1191 4143 5515 8405 7944 8326 3326 5233 2349 6127 8801 456 8925 1770 2059 9993 8919 7311 7148 3683 5649 7359 2916 4133 8537 4254 7264 9727 4329 2970 7694 6805 2878 1177 4755 1461 9739 2892 
3634 4740 2822 8362 9308 7543 4913 5483 3473 3149 9917 2087 7045 4277 5157 9221 1663 778 7290 130 6389 8764 8446 7425 6849 2746 2256 5618 3681 5243 8813 9894 2751 1209 2484 2250 171 5408 2534 1652 2431 5417 1203 7308 7455 8107 8847 8117 6218 9013 9657 2119 7894 974 2107 
7344 6836 6728 2100 7599 6951 7500 9542 9242 4445 8997 374 7308 4954 4948 7270 9935 3283 3429 3279 6305 8700 9538 2376 2573 3369 5051 5127 8646 1681 4 9754 8834 421 1796 3873 5045 8387 6499 5100 9802 9164 3932 8874 5630 1762 2174 8929 5331 9110 8545 2846 2556 2788 5134 
2214 7814 3035 494 2753 1899 6567 6056 4426 6611 9149 9955 680 4042 9200 2818 4825 8126 3971 2760 4397 5695 128 7805 2113 9047 2741 9229 1641 6624 2756 3972 9809 1379 1530 8202 1664 8101 3774 6033 8844 2319 45 1008 6680 4881 5212 3960 9714 4470 3739 1049 9136 9684 5435 
9427 9902 1498 660 244 9911 2594 602 6909 3590 3741 4759 304 9311 2359 207 7382 3494 258 4664 6924 576 8558 4576 8283 3655 6351 7236 9835 8442 6190 6932 3908 6521 4254 3975 1899 3844 6151 8072 3069 248 7875 8355 1370 5293 3382 485 5890 5429 1464 4114 3189 9692 8882 
6918 1035 9685 1349 9984 6872 5210 7733 8901 5279 2399 4737 4521 8961 3536 173 4038 7885 7572 541 3140 8932 8807 8489 6364 2832 3114 2178 1756 2839 7075 9119 6030 7325 7837 3659 2058 4966 687 1060 8752 6716 7908 4709 5857 8359 1877 5730 7301 3682 576 3655 5399 4911 12 
1142 6202 6916 1505 1225 458 9166 1911 3964 6873 4285 5926 529 4583 9268 360 5583 7343 6688 3382 5668 7955 9264 1899 5286 3406 4145 846 8053 7024 7118 15 3565 3949 5476 7246 645 929 1067 5365 9101 703 9906 6950 3402 2053 808 7322 5344 4060 8212 8375 77 1498 8395 
6423 7002 3588 8398 7820 8888 8172 9345 5322 2594 7956 3344 7632 8028 6998 4224 4403 8490 358 7558 6092 910 5212 5619 3659 5757 4480 8949 4793 7755 7876 4514 9007 5185 3806 6633 975 589 7752 5112 7637 8653 6330 5717 1788 8244 3931 8808 3056 1360 5372 2721 9352 7980 9497 
2380 155 5158 3037 1366 6673 9981 4483 5489 7101 1730 7074 1352 9841 7741 9162 1714 2785 9449 4461 1302 8260 4675 2635 2447 1717 3746 3358 6409 4397 8049 1041 2842 7005 4672 4933 6839 7016 5919 4422 6138 5304 6074 580 8192 6270 3390 3581 1477 3869 3737 9087 2661 7090 402 
6165 1339 5003 9479 26 9166 6401 6211 9604 8635 3041 9301 9212 9386 8576 5348 8896 2592 4895 4070 7407 9952 1305 6588 2875 1115 8418 1381 854 507 1768 6436 4342 8559 6269 6006 5285 4280 3870 4643 3777 9526 442 3051 786 9149 559 1470 2278 6154 3026 6492 9057 4476 32 
1678 5320 4474 8695 8766 4779 9923 5619 9102 4190 5471 993 1863 4555 211 9415 9676 1220 6796 5228 2158 1280 9650 6471 6124 8189 2740 9811 2204 715 911 6845 5545 978 5097 2964 8717 7477 2834 5312 497 1691 3775 2047 273 7161 5635 5452 9273 745 1236 7168 5006 123 8932 
3035 6371 2547 1396 1803 2824 4146 5577 527 322 951 5524 7843 3007 7312 8932 7228 1672 5396 339 1876 3916 4127 9869 4041 3266 8178 2925 8904 3129 2798 7885 216 2618 5587 6548 6285 8641 7090 2434 9757 1309 5529 8136 6459 7725 3228 9801 7631 8810 2946 108 2652 7332 7209 
7050 9160 1444 3237 2607 5545 2236 8231 7251 6429 8107 4442 7568 121 8951 9071 8213 5045 36 988 9357 2071 4297 4712 9910 7230 7821 5833 8489 3303 2010 1279 425 7814 6862 735 6162 2681 1342 5984 1560 6299 2028 4768 652 3709 7361 7535 5756 3796 8073 7161 9434 6434 2813 
4756 8369 6496 7866 2426 5366 5520 3304 7116 8828 4506 3294 1419 2527 4067 3277 5637 6247 1178 7290 7979 4363 8774 2446 1000 7642 4784 4748 8702 8997 9319 4435 1684 2020 1758 6353 63 7023 5337 930 7095 8131 4413 8573 558 1630 1881 8711 2787 4671 284 6126 743 7832 4956 
3801 1843 4957 5737 6487 1073 3313 2370 8854 9211 5316 4087 9879 6776 7019 5276 3833 6100 7931 1679 1353 1728 3060 8229 117 5474 9498 3497 3210 5572 5874 8301 6992 7407 3726 5758 7827 8714 5376 9692 8133 5208 1113 7224 6566 1155 6114 617 5260 3916 5562 9899 9859 934 4468 
4423 3680 7017 4320 1529 6952 6412 825 9931 5905 9851 8898 149 7818 3583 8052 6672 3096 5237 2147 9868 374 391 7075 8815 3531 9164 3907 5160 6751 497 3797 1183 1158 8476 1749 9747 2159 2565 401 4349 1654 8656 5169 4779 7485 2524 5423 7559 5736 1299 1227 7374 752 1209 
1810 5843 9922 6755 5678 6288 5136 9924 8549 7977 48 7369 4769 6090 7174 8854 7643 7475 3640 9818 1334 1640 5744 8263 8357 3584 965 8927 5966 6929 6371 7162 3884 1887 7228 6023 3507 599 8964 8536 9188 1378 8596 5598 7192 8978 1435 9789 1794 3604 673 9250 6653 5857 4073 
3473 9227 8031 5425 6571 2122 3171 7497 2690 5935 5103 2276 5954 4139 2001 3023 6589 9367 7210 5324 9608 9399 2884 8209 8616 6080 9427 7295 1055 7388 6308 454 6344 9693 8668 2878 3860 263 363 8332 6280 7439 1939 7884 4298 7249 2220 8970 9656 622 4215 5199 3951 262 1880 
144 8598 7659 5435 3374 4974 7342 2122 9835 8877 1790 2685 152 7978 6533 3415 9624 8887 8574 5236 4003 5212 5350 2788 5903 5299 1145 9455 6157 2624 3264 9457 5344 5475 2301 9694 3674 6794 2051 5241 9053 7309 5296 5822 2217 9321 2274 1450 7270 954 1278 3824 9332 4359 9715 
7636 4700 994 223 3132 8968 6759 366 6621 8931 5195 3843 183 1140 3974 9414 1822 8057 2584 9226 6868 3279 716 9223 6591 2341 2711 2271 8175 6109 3703 4606 9937 2770 9161 2881 4366 412 3553 2952 5461 7195 7233 6740 7416 3205 1539 5265 9552 5343 6499 7029 1742 9283 861 
6687 2122 7240 5749 6653 8707 9383 6290 2320 8897 7243 3876 9793 4144 2048 3832 5973 2920 2122 6491 8327 8162 6140 8148 2170 295 7637 7185 6399 2226 250 8038 6734 5933 4206 8385 2392 1010 2755 1482 3972 500 478 2286 4631 1359 3301 5461 9540 4983 8467 5676 9712 8994 8123 
269 9390 9888 7417 4581 8392 9008 930 9604 8648 9885 2219 7999 2870 1800 2783 5792 4991 5848 5191 538 7898 1693 7916 8335 1050 67 4318 4293 8382 7276 6203 1425 5285 9675 9224 2743 6567 228 2121 6338 7835 5245 8653 2095 4730 3854 4807 259 3258 7925 526 2723 2486 6247 
2112 7394 3622 948 8012 9236 7725 819 6925 1347 5751 2829 4328 3692 8388 5372 2928 188 8996 1417 8651 4372 7214 2160 1821 3093 9935 2356 7876 4040 6498 2499 2068 65 8014 9697 552 2093 298 7866 8611 211 2513 5452 8987 8517 809 9627 7327 849 2902 9655 990 6485 7305 
9645 6727 359 6142 3384 5378 862 5299 9411 7893 9912 1122 6847 9530 841 3508 6154 920 9533 759 4001 9025 2546 9568 6626 3378 9874 6298 6330 1346 1942 4838 7868 188 5349 2873 523 2290 5754 8711 9127 3268 7260 4659 7499 7238 9691 585 4682 7100 13 7112 4851 9428 4873 
3544 1682 8502 1698 3169 1058 224 9651 4089 338 2040 4286 9954 9531 8579 4014 1743 6784 6847 8567 2479 9072 1015 335 6113 5838 9685 6291 9544 9392 7700 9443 3873 2285 1600 2233 4234 6242 4644 4322 2565 53 9898 4622 4765 3642 8783 8956 935 8986 6984 8644 2440 4205 8926 
5650 2654 4166 7773 6678 5583 2348 1769 8659 2796 5321 1948 3887 8115 964 6124 3812 2280 2422 1476 7207 4135 5035 4303 7553 2560 4364 8112 9305 2076 8111 4070 8046 6807 7208 205 5815 6428 6569 6603 5047 1263 6837 5600 6751 8314 6332 4426 2162 222 3748 6298 8332 9702 3719 
6759 9303 3927 9327 4703 4967 2685 9264 2052 1801 8849 6187 50 1390 7242 8202 5967 5338 1075 6643 1183 9112 7889 118 5353 7585 2611 7082 2950 5597 4562 5554 9794 893 361 8782 8764 1531 3370 7164 2281 3140 7618 5439 8901 4328 5742 3401 3926 5435 2402 9176 666 3696 461 
233 385 2628 997 5315 3729 1336 7617 5871 6011 6798 8375 6677 5476 3060 1098 211 8510 5288 2805 9628 124 1049 9585 5800 8147 3086 8202 6268 2020 2705 3202 7137 6445 4993 5558 2987 294 4632 1520 8742 3817 8909 1743 7402 9674 6842 858 8028 9962 816 9526 8741 1323 5888 
6002 4786 6748 7268 6959 4574 389 5647 6616 3607 5779 558 9359 911 2697 4054 9660 4963 1534 9029 1111 9337 9667 2290 6545 9953 5035 7127 4951 3262 3572 2446 2621 3617 6671 6449 9704 6594 4299 8277 8483 9552 2946 3758 6343 2284 8372 6638 794 3426 4942 4600 5060 1013 3963 
7423 896 7828 2854 2002 9181 3364 5143 7960 1430 2487 6918 8521 6521 6813 8910 7348 8607 4071 5519 5826 9683 3768 2201 4320 5703 454 2561 2110 1440 927 373 5049 6761 4413 9935 7710 6555 4384 9741 5156 7498 9861 2678 1587 9821 4903 2275 3031 5909 2215 7994 8264 1900 3427 
6531 8282 5771 2310 5094 9674 1041 6111 9033 3709 1930 1736 1282 1024 9005 498 7366 7416 2972 8968 7341 421 6497 6776 5445 1620 3674 7564 7717 1899 4188 6597 9305 8775 2552 7299 8426 7809 4382 6168 4133 9410 4772 6353 5927 1653 1749 6751 7751 8463 7992 3249 9253 6874 6883 
1532 636 2618 9944 239 7383 5396 557 1726 1805 3325 5661 9329 8418 1745 3334 9402 2464 279 6756 6564 1117 862 340 8274 6083 3391 2985 2904 4915 6482 8114 8610 5882 7503 6738 5241 5802 2692 941 6589 4184 4978 8823 890 9532 6604 5263 2958 4339 6443 3415 4399 3660 8011 
7156 491 1657 3188 7978 4654 8902 9451 9394 4996 3799 9759 1156 5243 89 8811 6140 1296 7821 9444 6413 8901 2939 8827 3663 4072 6191 2454 567 653 6353 6809 1272 2037 2266 4164 6631 8879 1575 391 8860 7070 7625 1659 5955 710 9620 6467 3345 1786 377 2388 7737 3211 1832 
354 1820 1164 3818 2374 7351 6654 93 1036 2114 6735 7954 2261 7289 8255 1767 3509 6726 3784 617 9819 7724 9456 1281 4598 1043 1777 8982 5169 542 6289 2950 2291 9725 6577 6517 9995 81 944 1426 4069 6797 6062 4117 3831 3463 8917 268 4628 1682 260 5229 6334 3152 3310 
8941 8011 9889 9939 1249 4775 1620 2946 346 1989 1435 7826 914 7828 7833 9910 8881 5001 3711 6063 3976 6790 3459 8947 7160 7949 8752 2594 9341 6852 698 8444 5397 1474 2315 666 3421 386 7261 8997 2981 2116 2424 1485 4689 6850 6177 2662 5016 6979 2081 3674 6626 8061 933 
4202 8098 9308 9955 8573 6994 7200 116 1641 6865 6961 6241 7032 692 6759 3140 1234 683 8015 6751 4860 2618 6556 7243 5875 9824 3144 2506 4382 5405 2829 9727 5822 7442 3296 7378 932 2354 8424 9771 9588 673 4497 1392 6368 8790 3740 4993 9434 5659 9899 5191 6498 1490 2608 
171 9814 3708 6553 9851 7133 5136 9439 1477 6279 9479 6403 970 1989 9465 3157 2449 8276 432 6740 6621 3483 7978 7641 7796 7622 7166 3896 2106 280 9797 4008 6251 6791 954 5631 1743 7045 1790 4773 2124 2327 995 8635 609 2094 54 2473 2726 9316 331 7966 3032 8847 5543 
4317 3185 8323 6598 4253 2363 1667 5904 4663 7684 8448 3313 6051 2698 6133 3041 5469 2030 4797 8208 4970 2536 1986 6957 7823 4509 3788 1 4348 2335 4244 3505 2263 7968 1868 5614 8970 8435 9563 1961 6833 3746 4245 6278 1911 3377 5729 5196 6584 9683 8020 7928 7499 982 2811 
