9046 7118 3302 9606 3774 1737 8776 7828 8223 594 7412 1404 8571 134 1727 7691 879 6499 8777 8551 9252 6024 3026 87 8485 2040 1247 1061 1536 9519 6373 4563 4710 6074 4704 4375 1535 9240 2726 4568 9273 9034 9342 7223 1786 5930 7180 2544 1089 9878 2321 6118 5998 4016 3515 9120 223 5800 3553 6814 
7722 8530 7401 9545 2548 5373 5049 524 4405 7806 112 881 4709 6534 4521 7963 375 2900 283 4132 7443 1916 6078 1322 784 7060 5505 8653 5780 9763 7274 5510 1015 9389 8325 3750 4333 4915 6871 3812 9843 7593 8709 2996 1623 791 2406 6731 4134 3385 2329 4375 3727 6194 2853 4613 2151 301 3192 9805 
6481 1361 3605 9453 4494 2948 8612 4117 4938 7767 5231 1357 3937 1751 1748 9392 2104 8105 7354 6027 689 1425 6204 3974 4747 966 2517 3804 9804 400 9744 4947 8291 6873 222 1093 1931 4220 4553 990 3880 5545 6251 1509 6561 5931 9873 4852 8885 5057 7832 4292 8984 5006 6707 6985 5508 1610 9892 4691 
8106 4169 8859 9348 2035 9552 6841 2521 1106 3547 3979 7675 6733 1799 8201 322 8938 5319 1703 1239 3310 270 8731 906 9762 1128 7220 8499 6500 6697 8414 9575 1446 2202 408 4119 7877 7755 289 3078 4296 7253 4956 9333 9999 3397 8121 7942 8157 1174 15 4311 7371 6355 6289 9533 6999 5725 1900 4926 
2861 4250 1572 6021 9557 8490 1821 8366 3060 6484 321 3063 3109 32 6908 7564 2844 9078 3260 6873 8202 1385 3478 2944 8805 183 4454 1045 899 7634 5032 6695 190 1746 1422 6559 8451 1725 6980 622 9301 4528 8601 2583 3538 6493 9655 5495 4079 6168 9175 4256 6595 9530 1433 8262 5585 8840 4104 2088 
7513 604 4859 8759 7068 4847 9508 7182 4359 2616 927 5640 4747 7188 6805 4364 7222 686 5893 5052 2703 7715 3369 3198 7497 8783 4064 1470 3754 3233 4204 9939 4407 9619 3563 7077 1005 631 207 7257 2712 951 4569 4558 2085 2035 7055 9351 2192 1960 8378 1746 6115 8924 2678 9416 693 6166 948 7398 
2219 4683 143 7943 4387 7462 7612 8118 9262 6123 2792 1961 5220 4612 5501 188 8321 1735 4661 3879 7177 8809 2938 5638 320 4820 8178 125 7407 9906 1521 7079 8537 6166 9789 5132 6686 6069 711 2385 5795 1301 6455 2473 6770 7328 7555 1578 4163 4080 7835 7484 4475 7177 8950 6672 4150 7285 765 8570 
8649 6603 8561 3572 2624 3902 1250 7631 8341 6386 140 7555 4641 612 5046 8942 3270 4690 2521 6088 545 2886 6742 3396 4106 1009 2563 5088 3883 2451 2433 1351 5876 2409 8959 4735 7428 969 6646 2961 5385 2371 377 1460 2106 5406 8284 7583 7861 7007 6802 3017 3268 1121 100 3553 2085 3540 9844 2470 
3556 5843 1010 5007 2119 4844 3756 5026 2972 4841 5539 6574 4872 8706 1274 8619 481 7978 1192 9878 4733 3963 1575 6876 3500 1989 5481 4654 1348 6752 5838 4632 9860 76 7208 1936 7177 9473 6007 6042 1074 4259 6860 7746 1096 9142 5730 956 9960 3506 8402 835 6063 9882 2268 1502 4435 5231 9093 4770 
4666 2578 1012 6907 2051 6151 8471 7427 5808 8025 340 8052 5043 2280 543 6507 3986 387 4383 9315 8071 6075 1303 8744 3113 6072 9403 8900 4339 7203 3324 9375 3775 5105 288 9794 9568 5310 9925 2165 946 5836 9613 4389 3860 5230 6501 8467 5875 5073 2160 1816 3448 9642 9710 6682 4818 543 5936 6610 
2086 3274 5287 7112 5753 7025 1214 8343 6099 9202 2897 3529 6179 3117 6839 4386 7859 1220 2568 5403 6759 7192 8729 6792 8159 6376 5370 4853 4768 633 9549 556 1062 4921 8892 9772 2948 4378 2687 7915 8116 6439 3843 8120 8254 3113 9270 3 377 6182 739 6797 8108 5005 1124 1036 8178 6863 3632 9518 
5268 3501 257 5930 9529 358 9858 7993 5357 2751 6259 1833 9981 527 7109 3023 1066 6764 9136 3766 6151 4539 7347 4295 9915 8715 1338 2997 5236 4319 4086 429 9742 4754 9931 842 9349 6367 3991 9627 407 6624 1909 4461 2622 7819 7527 4657 8442 9986 7434 6030 4793 7225 1807 4270 6741 7883 7181 3377 
8309 8331 8512 5099 3382 2128 4585 143 4747 4249 1702 8150 9404 3542 2942 3507 5487 6892 8061 7851 9411 2327 4056 3224 1445 7793 5764 6348 1076 8631 6084 1424 2452 9235 6904 4557 8768 2996 7914 3228 7292 7457 1259 7412 9715 9657 7812 8604 4546 6405 1204 1579 8006 3974 3592 2284 4774 287 8648 9604 
2707 1664 3622 6136 7976 5364 7739 8213 8479 6387 6846 6890 2798 6550 1243 8769 7397 1996 5772 7276 9563 419 9288 6665 1677 9679 2054 6256 6642 6943 5972 9197 7791 438 3160 9651 9587 5813 5265 3445 6520 4272 233 2123 1773 1824 766 1833 9399 2470 4611 1735 207 9934 2813 3374 7594 1920 3369 5051 
8092 8868 8343 5988 763 2000 7079 5847 6620 48 9827 9291 6576 3068 6117 99 1622 6943 9628 4627 7306 1718 7700 4747 3009 6568 1188 5185 3452 2209 7777 5986 652 5821 2373 492 5489 5283 2350 4516 183 7769 6196 3612 2671 5714 4061 5364 6167 375 2688 3373 7389 4879 4750 6051 43 8757 4597 8175 
754 6236 8496 4103 5321 4316 2993 1906 4283 8575 6997 239 9147 9196 3695 9354 1510 3626 6835 8488 7818 5325 5531 568 1890 4379 6008 4709 400 7371 4777 5240 4922 62 3276 6905 4805 9165 4110 7493 7663 5966 2715 5484 6348 8035 3082 5324 6644 8518 8435 1921 7054 7726 935 9607 3349 3641 7299 4180 
8845 8032 9375 5224 881 4602 4100 6275 8050 4271 8257 6435 2566 5352 6827 2721 163 5277 1600 4422 9161 9935 1934 6644 800 4037 9513 833 193 6739 2061 4876 995 8889 9973 1591 479 8659 1863 5635 6896 5088 5470 5955 9826 5797 6278 7764 1391 3524 9292 8205 5350 3257 7795 9607 1326 9497 647 6248 
1762 7127 9501 9156 872 4477 4129 124 1506 8236 2184 6488 9428 1277 5164 2481 3842 1690 5781 6058 3629 4736 6602 8431 1332 8767 9977 8590 2522 6069 2245 2163 6954 817 1949 2686 3524 9502 4462 1304 5084 4088 470 9442 4792 4014 4872 2842 1832 9828 2539 7670 6207 3223 1366 3395 3726 8279 164 1346 
2701 7674 5279 2698 7108 7645 4793 1358 9566 7063 3343 3784 4243 1213 295 7325 9783 2034 7917 6398 8867 5945 6932 4834 3480 6194 9737 3384 7062 3095 8446 9047 1787 8487 3028 3882 3898 8220 6668 5062 7350 564 9295 2019 4992 7636 38 5437 471 3543 678 3091 1905 8111 2520 7321 3759 1280 7319 1422 
5103 4798 2011 7509 104 4938 4985 5598 3771 5840 7929 9419 4703 1908 7515 4710 8033 3675 7517 9650 5298 4678 3671 8586 9570 5393 4775 3634 3123 6600 8947 6117 9469 9087 2261 8634 2995 257 436 3832 4783 6997 6696 3958 2643 3637 8620 7285 4360 8445 9429 4149 3417 8052 8603 5726 8472 2980 4391 7547 
9870 6002 8813 8128 3734 4154 8274 6492 9968 906 696 6281 716 880 8237 454 8356 7449 7960 1369 3339 7678 832 8781 88 2956 9796 9981 6254 500 7162 6748 5161 9019 181 816 6311 6978 61 8121 8036 4697 3415 7175 616 926 8151 756 2026 5409 6231 7521 5811 4653 948 965 5512 6594 8194 6945 
2119 1897 4398 3074 8520 7209 341 3646 5265 6175 8180 9348 8131 3934 1168 994 2073 9039 1357 1233 9126 2886 3176 6967 2506 5675 1690 3277 5788 6113 5320 1044 2575 8665 3994 8804 3273 8379 1897 1889 6214 2163 7507 8577 7807 6768 7185 7158 8043 7564 7921 5838 7729 5827 3390 9857 8128 6956 4760 6111 
8830 111 6738 9353 6735 3694 5082 2325 2925 2763 2065 1156 7243 722 8371 4596 6721 6747 8443 7257 4743 3613 4147 5437 8842 6695 2275 1862 6257 775 3631 9578 9008 1260 7272 7293 7167 3046 1235 2997 9950 2370 2136 1223 2562 3840 5157 2836 7269 9608 2754 4894 8966 3589 1100 9300 6590 4931 2595 197 
9946 3157 1490 3285 5542 7872 9946 2290 3580 9408 3437 605 1826 7720 1236 3696 4080 9828 9636 3622 7952 154 2217 3525 7927 6946 6703 2693 3905 3655 1231 9803 1390 8990 5937 50 4158 2506 9236 2112 4540 344 3568 5457 9980 1180 3204 6206 5665 3101 7539 2963 5195 6452 9132 2653 3624 6154 5990 3825 
1225 6627 974 7258 6167 1983 3457 2722 5922 725 8334 5413 5477 4959 4988 1205 8533 7290 2978 7404 5613 45 8915 6363 625 2127 4545 8142 4399 8792 388 4133 1093 3490 8714 2558 9714 8591 5431 696 6407 3450 3449 4816 8172 1123 5318 2022 6607 7936 2789 8878 2691 8431 3504 5491 9050 5980 7173 6891 
6281 3741 9979 799 3785 9649 3220 6889 8786 8360 2276 2483 3680 7541 4848 5170 687 4635 7543 4578 2356 2259 588 588 7155 4653 3365 9016 1308 4562 6086 539 3523 4004 2007 2819 6192 1352 666 3264 8781 5367 6442 3484 860 4160 4345 4280 6323 8613 9476 2717 1791 9132 8007 8266 8497 497 5354 7047 
8255 3398 5456 6054 9824 4962 2603 9156 249 1192 9737 5342 3661 4828 9097 5332 1840 2337 2696 2415 8533 9411 4206 7420 6150 4002 1058 6620 7478 3185 2924 5314 7491 6623 2102 5020 4161 6354 2095 2067 3317 5153 8772 1565 2489 36 5338 4096 9224 4685 1600 7666 7929 9325 5015 5119 1175 6530 1637 7831 
1187 6532 2380 4554 9352 1642 2768 4920 5600 2602 8567 4430 4536 7463 1349 4464 3882 2942 3830 9316 331 9891 145 6110 742 9742 8875 3468 9704 6615 9009 6516 1136 9277 4808 2076 4854 4944 2802 771 939 3168 1466 2858 8400 1263 4382 1302 7454 6257 660 5798 4700 9006 978 396 5162 8008 2475 1971 
3450 7484 6609 7077 3596 6766 3384 3134 1787 1530 324 2438 3667 5151 9079 7148 2513 1754 4455 9304 9123 7459 8932 8293 8124 9925 3483 8361 2230 1203 3826 6852 264 2889 2724 1279 2821 4001 3687 1445 5740 2727 800 7525 7802 1325 9783 2361 4180 101 5137 5945 1122 8217 9441 279 9798 4316 6361 6286 
8452 8918 213 3781 5820 4013 2906 2908 6581 8029 1214 5381 4257 1777 2230 4917 5128 1866 5650 7932 6027 2401 5164 8589 4521 7055 5441 3694 820 9630 9389 7284 1475 4599 5047 7669 7914 9078 9100 3109 4607 4140 4781 9192 4126 4783 2988 3576 3090 6819 285 7056 9713 915 9805 3631 7354 4643 2734 1578 
1039 5060 1189 6178 2153 6017 68 4210 7111 7547 4924 3515 3069 3909 9934 45 8475 9321 2475 3031 9937 4507 4734 369 9119 919 3032 9232 896 4459 2529 2197 6701 8105 5125 6452 4823 3570 5390 1975 269 9439 3628 4686 6096 2537 2458 5128 1382 4803 203 9417 5599 4237 4551 5000 1893 2145 7955 8777 
9068 7359 2193 4874 8864 5085 7570 7431 4545 3572 1786 4939 456 3965 1182 224 4486 9033 4834 5979 5219 58 5152 8235 5746 6481 1233 8518 3801 5405 5806 2583 4323 4644 8780 6908 6028 7590 9732 2677 3913 255 6663 8814 1125 8849 5610 3551 974 561 9382 1360 3698 1130 8128 3859 3530 4482 3217 9707 
9740 4538 3508 8680 6304 1092 5862 5573 5025 947 7876 9119 2101 743 1526 5822 7230 9637 4436 3673 1664 9609 2339 1615 4986 8473 4484 4021 3836 1887 1875 351 1642 4353 7679 9586 8954 9056 6265 1376 7578 7889 6188 4061 8854 7583 1826 8521 2930 1565 2496 4103 8124 4010 6722 1297 2795 3885 6013 5254 
300 3086 6322 3737 9462 4521 5012 3530 5030 5151 6743 6808 1915 2172 1190 7472 6485 6756 2400 544 6578 1157 5862 9287 5804 8976 58 7383 1431 8977 4595 2665 1002 5925 6290 6940 9051 1473 6854 655 8350 3066 3845 3269 3508 9020 9296 2878 2494 632 4134 3211 9277 8282 5790 166 3858 3420 6627 521 
1266 2108 8040 2331 9188 9823 1722 9831 7050 1069 2958 6114 8059 6333 6720 1705 280 7446 1098 7225 5348 8334 4136 1378 255 2227 7803 9919 8900 422 3358 828 402 3178 4361 652 7396 581 9613 3996 8389 1323 6910 7145 4638 9867 8930 9168 8269 1930 9745 7106 9618 2755 1803 4237 7004 5665 3529 7156 
9108 6464 9227 2065 3724 1898 4885 5987 8550 6342 6914 8770 1465 2911 4070 980 7294 9938 8701 6816 8562 3571 9389 6512 9821 165 7887 3370 5790 3978 2809 2407 5814 1332 6813 1785 5140 5290 1728 8107 7022 3566 6083 4259 8752 4329 6698 8843 8997 4420 4225 1926 1365 9814 3608 8254 3620 3680 1160 4323 
4057 1357 1769 3409 2673 3499 6309 7348 2163 23 7714 6208 3604 948 2062 347 7886 2894 8516 2310 8211 5502 9054 7456 5222 3249 4115 474 2010 2010 8474 6485 4589 6477 5010 8434 1975 3020 2293 2820 450 7314 4793 1763 6072 8359 2233 7393 883 837 7397 2664 3324 9411 9704 1878 808 8402 8954 4788 
4577 9118 5559 9331 6368 3163 578 7948 967 8592 4248 2987 1511 7885 9010 8409 79 6230 5250 6896 8699 4529 928 4988 83 5670 418 206 411 2226 9829 396 6519 2528 1096 8952 2697 6666 8266 3397 5509 831 238 9330 6828 1359 7132 46 6535 8349 3234 2233 5539 6592 127 3547 3909 5164 9690 5102 
5876 441 7335 1637 1829 5241 1967 5873 6243 3470 2563 9215 3832 7180 9574 57 273 8090 627 2562 3948 8495 3448 1226 6184 8608 1453 1838 7824 9231 6385 2403 8609 9189 6901 8186 5824 7439 6752 5616 8812 2570 4062 3421 3898 7363 7573 6672 2363 6584 2019 7016 1584 4184 8977 410 4336 6116 1530 3608 
490 389 6138 4531 8274 1860 1261 6433 8709 5091 1405 7426 3487 3136 8779 1010 6124 7841 2953 8816 2047 7388 7784 2226 7749 1285 3307 7863 241 2921 2263 6813 2157 1684 7387 5386 9477 4886 8948 9563 1116 7764 9519 106 2234 3234 3589 392 2534 1641 4031 256 9295 8974 9864 8437 5366 4438 3860 398 
2169 8736 9969 6015 1447 960 8364 5138 5637 6590 3651 8856 532 277 1529 1547 6166 3388 988 2299 5379 8225 7009 432 5939 7170 7483 5292 9042 4734 7687 1023 5732 7993 1613 764 3932 1230 2627 5249 9369 6192 9621 7213 9093 6802 4318 4777 8698 1852 1946 9418 6729 9927 2170 3826 4883 1750 8382 680 
7620 1285 2346 8388 1918 3676 1056 9523 2604 4472 7335 7744 1618 8216 499 3076 6125 229 3768 91 4659 3423 6327 7728 6373 5707 7427 3692 1731 990 6501 4086 4565 4727 1192 5155 2499 6579 782 3846 3947 8643 9201 7325 779 1472 4627 5261 9770 4284 5662 9694 1368 4445 8437 3330 9830 1770 1646 8887 
8575 8851 516 5425 5856 5023 6262 6450 1992 7991 1033 1586 113 2474 1324 4372 5286 221 5159 9756 6214 843 1314 4858 97 3990 4943 4618 3030 7515 9292 8173 3063 7432 3240 9978 3948 1401 3705 1599 3158 8729 6453 4902 5866 5458 3086 1799 2688 1478 8536 2122 7804 3388 3595 4036 1349 9750 6712 9462 
5146 592 900 1226 4999 4733 5894 1858 114 5836 424 5228 6328 9991 3858 834 4140 6595 4708 2184 6671 9219 9081 8705 9328 4185 4280 6507 3068 5615 33 6553 2118 4118 1196 3534 6558 2034 9173 6773 4495 1377 6320 4639 1518 6385 2199 7165 151 4531 9364 32 5277 5402 4980 850 5197 9790 588 1472 
8239 3684 2558 3554 4364 163 7078 9514 6767 2134 7386 90 6764 5064 8710 4964 7845 6345 6146 3946 338 7096 3104 7586 2912 4097 5749 8301 5567 3354 8526 71 8478 4827 3638 8722 4414 406 2784 8816 5571 1768 7474 7948 6432 8916 9380 5529 5725 3992 3152 7689 8608 1436 4466 3922 5332 3601 6565 3983 
4870 5923 7080 1715 9459 951 9660 9929 1649 2859 1451 6920 3448 9953 1083 7515 1603 9840 4758 65 7866 6655 6853 4263 536 4133 9966 7560 1512 494 3820 7196 6867 4327 1862 9482 6618 9242 2962 575 6608 8665 7388 6595 5576 4669 6525 7412 1985 2428 385 5470 2691 2526 8508 8995 7977 7138 8890 6786 
5883 543 2878 3051 5376 216 7557 3049 8390 304 356 1595 7141 6076 7751 7828 6839 2950 6341 7384 3602 2610 7285 2561 7255 635 4165 8922 6711 7894 2973 6205 9477 4379 9843 5144 7983 8707 4436 6813 8892 9310 203 7254 6918 9181 7597 2535 746 3481 9297 3465 4397 2079 3880 9324 1697 1261 3939 7066 
6872 3523 4497 3932 9953 3312 1189 1867 4197 4363 4334 7487 7513 1946 922 1708 6878 7204 5164 7025 209 9579 8834 3726 8759 5629 9564 7085 2886 1143 2104 6312 6335 1952 4938 6901 2802 9854 8986 9509 6421 8038 5689 1638 8595 9332 2997 3391 2642 5031 4618 4126 6202 2922 2911 2494 5739 4907 113 8280 
2822 9474 7449 1284 3858 9711 882 7301 2340 6733 9085 6008 4296 7227 9713 2138 4879 4876 3611 7047 7421 9970 970 9776 6535 4723 2219 1069 3074 2202 2052 3933 929 9324 5143 1731 912 9637 5002 6100 4275 1625 6960 1051 4588 6049 7823 1664 5886 906 4812 8140 6624 3964 7210 7450 6213 3263 4769 8324 
1953 257 6458 8892 5926 1697 9906 4923 5472 4629 8075 3647 6680 9807 7244 1440 7541 7216 1131 5027 7042 7820 3356 7499 8430 6595 2358 4234 2719 3208 9009 7038 9398 1934 3041 5378 5704 9031 7517 7080 4860 8334 2029 5172 3611 5711 6559 5917 6977 7285 2206 1489 9737 4336 7219 7887 2809 6965 2009 4730 
3017 5322 7986 5558 5434 5617 4118 267 4373 5750 5436 3968 9696 6444 7193 113 8130 998 2022 727 2840 440 3869 9784 7071 5578 8604 2217 9927 3751 5407 3940 6266 9859 3606 3550 2987 2788 6760 314 4128 7626 737 9561 5183 6024 4084 7145 382 8769 5796 7775 558 5775 6874 2512 1543 5130 3113 8560 
8252 8439 165 1327 7953 3192 4716 7445 3069 4731 2111 7120 8897 3534 9094 8162 6407 8122 1219 5135 1707 4627 8908 6402 8607 5393 8743 5536 1512 3805 6801 1340 5915 7664 9273 5177 7728 7433 1719 8458 3075 6302 5698 3944 1891 810 9406 3735 5904 8260 6459 6792 5375 7769 1300 8962 8595 5397 726 9817 
5890 1418 201 4370 6985 9107 8654 5520 9888 6862 2473 408 9990 3982 7872 9292 3548 2905 2869 4838 2287 1011 9480 5218 4574 3743 9089 3401 1645 5406 2920 6466 3048 1203 4613 1875 6826 8819 3917 7901 576 7745 8977 2791 910 2994 3798 812 2392 9373 5448 4758 2152 4980 1079 1883 7437 9180 9395 1633 
4512 255 4213 9270 1764 6521 6622 4791 2193 4214 5545 3724 1432 4147 627 2367 9313 5646 5834 1932 4661 8198 4583 8337 9793 5555 9818 925 9678 9078 554 6929 1098 8948 6405 3021 317 7563 5099 2655 7726 7376 4539 5838 7552 369 1436 4255 5544 2428 5624 5773 5217 6023 425 7113 5938 2945 2996 6845 
5901 7705 4024 2621 9782 2259 2353 5413 5357 2079 4518 3937 4431 1035 9682 9046 1166 8371 2907 9866 498 9993 3706 3823 8965 4923 4822 8778 6178 5851 3523 9933 193 8478 1224 4890 2095 4374 7289 5045 8428 7036 8200 2788 2712 6503 2682 676 6213 7311 1552 6240 5805 9401 7624 1833 483 1851 9197 9956 
390 3528 2588 4944 9981 8767 8879 8930 3947 5973 4307 2661 6306 4042 9813 8185 7174 7969 43 4929 8950 774 4395 2486 2097 3862 5756 9523 5322 319 2787 4797 8687 7235 3796 4216 9759 2722 2053 6050 9568 8710 3337 2392 4297 3544 9052 115 8816 6384 1283 4075 2721 1954 4533 7439 4449 6636 1562 8703 
3501 9740 1029 9595 9015 3940 2427 5313 3107 4483 9499 3358 9542 5171 6178 7491 3424 8633 7691 7365 9800 3464 7235 7994 1113 8530 4081 272 3733 3832 5489 7772 6258 6999 8041 3193 3249 2455 434 1606 3875 2844 216 5323 1644 5174 1809 5808 8904 4329 3277 435 2942 4013 5273 8600 7349 4121 7619 4820 
6706 4484 3881 3841 1862 8714 7119 776 4270 473 2967 3721 2581 8625 8733 1896 5274 6159 1577 4717 6709 2424 6747 7560 2288 8709 2859 5407 2866 4292 3442 5379 1396 4482 2057 6891 1088 9866 542 1831 8254 2827 964 6603 1526 5132 7970 76 8954 384 2624 6446 363 7269 1969 8138 8098 6113 4143 8433 
789 7329 5990 9499 2515 5246 1965 3467 3421 2748 1272 8358 5096 9201 5833 3021 6065 4085 6233 6615 4191 9822 3586 521 3174 2196 9767 3187 4906 4429 862 2439 8696 5687 4644 7762 9566 2765 6267 5076 6855 1314 5381 1250 903 1384 9476 3357 6138 9261 1499 5175 736 5037 9822 1307 6441 6196 3354 8617 
5492 8345 1554 9159 7062 2586 113 4290 8586 8434 2671 228 2704 9475 6418 1566 5420 7196 7934 990 5072 6005 1164 3677 6875 3056 4652 8144 5267 9872 7994 4490 3910 8405 6967 4148 7632 3728 2606 6315 6585 1842 7336 7690 9985 9256 665 2382 2946 8064 5812 3527 8370 418 1055 2082 7326 5112 777 6702 
