5918 3762 309 2913 1530 5684 8683 8504 7025 7332 3905 4126 7859 8633 6672 457 7649 9928 1890 433 239 1178 7226 3009 3038 7890 4389 2652 9820 9798 3485 6730 6483 3263 1598 2434 6802 3484 8583 5308 87 6196 1717 2400 5155 5619 4626 4295 5017 9153 8104 460 4355 8065 6240 3011 4690 7921 7830 50 8473 6651 6976 7852 6208 6357 7950 6980 6358 3268 9682 2425 3073 3169 1910 6613 6947 5640 4413 1451 3878 18 9039 44 8030 5296 5355 7065 1573 4305 
3198 7070 3546 3283 7933 2471 7660 8172 3556 1764 3575 6842 5634 773 6772 9301 1940 1820 6610 9569 8032 9718 7985 4644 332 1461 9670 4389 7710 389 2657 4606 9129 3220 9920 7024 9731 717 9083 2862 6636 6677 7107 6135 1279 4547 8229 3642 7902 5865 3997 4584 3964 6317 431 6114 731 106 8898 245 4095 2288 5693 8954 4972 6971 7142 3467 1838 6493 1212 7774 5018 2205 9588 842 5428 7012 984 6399 2733 1014 6045 1910 3365 7375 2843 4770 6341 3458 
2000 4581 7465 5448 1676 4008 7547 1460 9607 1617 4821 1689 1535 9015 1572 217 3118 327 9021 2476 5219 5390 45 6359 6643 1784 5364 6105 4683 3465 4818 2757 8103 9254 8958 4313 6148 4425 6052 8515 8549 3762 6205 5155 1188 6414 6446 9241 7561 8430 8828 2923 7259 7396 4263 5785 3951 3414 9151 2116 8926 1199 7061 6809 2364 2230 4786 3308 740 5940 2644 7888 9629 7404 816 1363 6759 925 7769 7172 3378 1912 9391 8809 5742 9615 6875 9220 2579 5849 
525 6282 4591 4020 10 1450 7429 47 1650 3783 8814 6996 225 7292 4623 7639 7195 1781 5024 1916 428 2984 6120 8875 4150 6538 2953 8215 6780 7509 7375 745 200 3396 2010 1778 3996 9030 7017 9160 4653 6631 5050 8065 7150 6254 1116 6133 952 8422 8670 1556 1638 1610 6780 4027 7669 5887 6879 9146 8095 6910 2242 59 6052 9323 7024 6260 5948 9320 7882 7936 2674 3712 8726 9496 4307 1333 9603 6250 3293 1856 7534 462 4853 6431 3924 482 5171 899 
9076 1011 2681 710 2677 2379 1266 3059 4479 3317 2219 3457 1005 3145 8069 1004 3576 6857 3103 8760 8460 1554 2042 6671 8382 9091 4987 1342 1982 9007 8698 1080 4238 4777 7877 6471 9799 9241 9271 5823 6827 4893 6040 7828 5286 2422 2371 2765 9224 3142 8154 1536 4382 7181 7280 7279 5062 6087 6215 3508 6488 2877 9598 5622 3920 2180 670 9715 3682 3230 995 5406 2959 6138 4676 9753 1210 5662 2681 7370 2616 5255 9804 1487 202 4954 9780 6712 8959 16 
8219 1871 7521 3728 4301 8030 3444 204 7889 1223 1295 543 6927 4864 6330 522 6590 510 1422 5763 9987 3441 6751 4761 7943 7990 696 5871 1767 2458 484 6251 4430 805 5232 988 4496 9675 1457 5461 4881 4782 2446 454 3942 2978 1662 5567 1728 5524 9353 3837 4760 8384 4673 1011 653 6339 4300 6411 9271 2764 6948 811 2129 7426 3491 5882 1755 8983 1395 7294 7931 2008 4705 8513 9916 1937 2424 1051 6649 8344 8984 9401 8382 8252 4817 1263 4843 2178 
2548 2985 9312 2133 997 9278 5518 6469 4765 8342 7895 3816 4740 4183 9836 7152 6456 7106 3800 3365 2805 6228 3856 227 8856 8037 8541 637 7600 3567 3057 5212 7971 1383 3330 2655 1227 3708 41 786 977 7927 4627 5163 2391 471 6531 2683 6841 8909 1584 7086 5968 4974 2435 2735 7898 472 4060 7039 4251 8648 3464 4667 4744 6014 952 7940 3827 4642 4600 6035 7138 1591 9480 3011 6551 6748 8416 7489 3691 8718 7030 7522 9885 750 7183 2076 1619 4703 
1737 5148 9892 1453 8447 4132 2844 2651 4730 8576 1018 7938 1073 5526 3762 7017 2932 9552 1760 7127 8170 1330 4105 6471 6664 9541 1868 9159 1709 9246 7756 7930 9139 6081 6228 1330 5432 2295 5323 7616 776 7696 5469 2480 9979 9600 2800 1424 3398 8563 646 4191 4539 579 8584 4887 979 7809 9001 747 1420 7150 1859 1874 2779 5279 5749 8066 9482 2745 9768 9846 2970 2427 3592 6054 6057 7399 2855 5001 2128 4943 6976 6668 2181 9116 3045 3950 5224 6003 
2092 6056 647 619 4048 540 5799 5701 2333 9033 2624 8663 1294 245 5864 6757 393 1302 505 7365 6003 8768 5808 2323 8453 7801 5296 9585 6731 69 2591 25 6541 8410 7194 770 3219 888 2529 1475 2532 7616 4377 6031 5745 5936 6534 8918 8150 3134 9921 3670 8489 6962 7335 3837 8597 6339 9603 9808 3770 9645 8672 5139 2021 5971 7678 7677 6033 5873 3208 3488 2492 9019 2926 4005 4902 5998 2579 5413 7542 6851 2886 704 480 6205 120 887 830 1731 
8781 2496 1992 7759 1488 9894 4250 2641 2805 3380 3273 5734 7609 5037 5597 6425 4337 8420 7862 2069 3713 9468 7337 5851 9320 3460 4117 4501 8353 508 7839 4143 8151 3599 7504 5443 3608 5546 9146 7192 251 9819 7822 1066 2418 7298 7680 9080 3319 7968 990 4347 2588 6694 7083 3801 7787 7221 5382 1765 5668 1110 6037 5364 9653 1481 4338 1379 387 1698 7167 9577 3854 1809 939 4982 9910 8405 6747 9330 9430 5167 146 7662 3455 9903 211 6245 2088 251 
5880 875 2742 1061 6067 7481 971 2560 6434 9339 2885 7312 8949 6000 6739 3058 2734 6546 3782 6818 4556 3613 561 4429 3968 1876 8706 8702 7560 7143 7820 9030 5723 523 6147 7636 7684 6521 7596 6042 4557 2745 1901 7532 5843 4728 4010 8735 9475 3988 9230 4288 6697 5229 1773 6901 8455 193 7291 3727 2941 5434 8648 4895 5133 3709 5420 1236 9456 9320 4217 3142 1606 1796 4653 6728 7805 4197 3661 8913 247 3571 4568 5823 2408 7739 737 8990 9332 4144 
4683 3058 9331 4292 4819 8263 2464 305 3765 9445 5400 1736 6110 7974 5138 2527 7146 9558 2899 3363 8093 8747 4881 5513 6384 8471 912 4057 1685 9120 716 8859 1266 1273 5912 5217 7796 9445 4154 7201 4906 4877 2649 9336 1979 9635 9009 8754 4731 7844 4775 3289 6430 8279 534 8990 9777 5040 2986 7287 2751 6188 3185 5092 1042 6607 5014 8035 7218 6530 2506 3111 1171 2762 2185 6274 9637 8603 9700 5744 661 9427 8099 6427 6701 4447 3548 8002 9613 6352 
5411 3419 4879 1920 6304 3472 6557 7078 9797 7171 4668 8038 8074 2995 4657 7849 9511 9585 3174 821 9195 2243 6888 6971 9785 8890 5561 7724 8270 9723 7277 2687 3624 1729 1321 5382 7765 6998 7051 419 3037 6719 2643 6053 6829 3897 5796 1530 704 6879 4975 6862 159 8658 8783 6170 1676 2833 2193 1843 5074 4131 9849 2518 792 6455 7870 4473 2530 7817 3555 7069 5986 4224 9138 6047 4011 1947 8116 3898 2123 424 6622 574 6799 9053 7806 8553 7399 5341 
6776 7480 2458 7332 8723 2953 9286 4656 4851 447 1875 8598 7361 3809 2803 6448 5377 4815 8972 5873 2074 8549 9091 8652 531 4304 2755 3810 5160 2127 682 7757 3312 7395 6244 5807 1132 9783 8894 4367 755 695 3265 9067 6458 6340 7582 1887 1914 5168 8599 1046 911 1260 110 4765 6407 1007 1073 3677 9705 8964 2641 8554 6284 3217 2475 2020 9921 5090 1558 6220 9939 5659 4610 2878 1822 8343 4498 4455 6754 540 8927 366 5274 7384 7292 235 1839 2125 
9796 3827 7400 7800 3560 1628 9545 1101 5316 6827 884 4028 1705 8631 6534 621 3071 2214 7870 8379 5542 4098 2046 2066 6589 7777 2157 1810 9273 3259 5335 2970 5172 5993 3014 8636 2881 3980 8736 3548 4582 3700 5835 3308 3656 8333 1888 7851 285 5986 3484 5747 3832 2001 6658 8033 8269 6632 9130 1560 6427 1692 3641 116 1719 2673 8501 1563 9406 6326 6219 8594 6317 9463 4354 6661 6378 2377 2045 8073 4271 5034 6540 1984 9873 2797 4196 7497 1554 3618 
5733 7767 3637 9133 3738 4166 8120 2008 6395 6762 4572 3444 7614 6582 4261 6866 6750 9497 2979 5314 9660 8229 1494 3828 5951 1064 4206 532 4172 6907 6541 7322 3484 3692 1464 242 2695 4531 1269 389 7075 5714 5069 1090 3629 8461 5426 7669 7283 105 708 3557 4687 8997 2851 3033 3745 1067 9747 7291 9547 3052 6323 7667 7383 8411 1604 2523 3775 6513 574 3133 431 7941 9870 2703 8975 5047 8848 5389 4361 6922 6739 9535 5696 1398 5707 6746 4617 5266 
3943 22 6574 8378 3231 7730 3089 4446 7546 4762 8197 7725 6592 8744 3231 4624 2422 3112 9106 3862 7409 5888 381 9771 491 8454 4926 2036 7154 5037 2054 5502 5185 1997 112 6231 1273 4 6364 4280 4991 9637 4312 3230 2483 6789 8669 104 2514 1086 4470 9189 2306 8499 4311 7570 3723 8092 2116 103 3741 8201 5990 2259 5066 5020 3801 2402 3273 7212 4977 3488 7841 5218 5118 8691 9349 2870 3281 4276 5401 1130 2321 4159 7015 2042 4605 5402 7660 4597 
6042 2037 2156 8943 582 1632 1574 6209 9671 8768 7215 7423 2981 7485 8101 4362 6742 5028 3015 6977 3680 66 2178 908 2040 3787 4260 7603 7275 6961 6553 2033 8058 7680 2393 696 6763 4181 9565 3346 6178 6523 1287 774 2075 4820 5440 5162 2905 8026 5932 6997 6790 7086 2437 7363 3992 1037 5368 9790 8784 104 498 5966 9952 645 6190 1054 6590 3217 8900 833 6710 6220 6220 7616 3116 8373 3856 214 61 6791 860 123 7266 2131 823 4856 4512 9944 
6765 971 8163 6268 6926 5181 333 141 1849 7156 6070 5313 4636 6124 9201 7705 6903 6779 7392 5019 1976 4145 7488 9320 3190 2944 6885 397 3519 3392 9974 9353 1176 7395 191 3865 700 9620 3707 4899 2317 2140 8041 6770 9860 4794 1944 5734 8541 3273 6340 6430 1242 2806 1731 8804 2180 3370 4852 1451 7863 4180 4803 6614 9859 1281 8664 9400 3504 6311 7078 1325 6269 288 4047 6266 5455 7963 6121 7244 8567 7578 1532 4756 9967 4865 4590 3119 6773 4834 
1438 1797 9180 8525 6113 8881 2280 85 2624 2140 858 6274 507 6770 6546 5517 2167 969 807 799 537 1885 9446 3792 2940 5864 3710 3415 8170 38 6267 502 2923 5376 2722 9356 9880 2610 3922 4135 1990 7148 4307 4259 4841 683 3394 9131 8866 3889 9777 1504 7929 7614 442 7556 6719 842 1579 8730 7020 8112 4182 1299 543 2622 480 8609 7815 5735 8051 5141 4797 3774 3055 5225 2095 1275 7520 1202 3312 7684 2486 910 8533 6598 186 8601 3589 1285 
951 7037 5893 2815 7944 7263 6402 1628 2105 954 7295 4504 874 8396 4315 7330 2279 8021 3405 5895 3842 5096 2413 278 6113 3642 597 2563 4403 8165 251 1511 3175 1993 1516 5308 7360 5531 8459 4914 2285 833 2137 9159 6544 698 9631 2199 7788 8975 2962 2200 3244 232 5130 2770 1215 1619 6843 2603 5549 8374 4680 7570 342 2229 9094 1234 1684 3606 3405 3426 2481 1690 5313 5540 3745 2297 8879 928 2439 1651 4636 763 4469 2652 1311 4776 2431 5570 
6197 3897 4650 2715 347 998 3517 2392 2411 6736 9118 5268 5845 7251 8681 9454 6336 2885 5064 3014 3767 2185 7846 1349 844 4507 2362 9649 3677 8731 7448 1727 2633 6563 4694 7373 7054 7735 1566 8090 8621 7992 4774 3592 7429 2481 5685 1579 3709 8510 2612 9596 7390 8703 6813 4500 9808 4277 6930 2994 5401 9457 5385 8271 2808 7470 7912 7319 8978 369 373 9972 6807 5776 179 378 3162 6038 5589 6787 8290 2570 7026 1209 2207 7471 417 9679 225 6050 
6948 7225 6948 4004 1923 701 8321 9462 5499 3057 4915 9921 2497 5522 9371 6866 1038 7408 3202 9525 6199 1226 4870 8103 7406 7109 9900 3875 9680 7441 3591 7984 6667 1108 5697 5759 2909 3742 7483 5790 1011 4498 7872 7849 6379 3618 8065 330 8733 7552 8934 6550 7241 6849 9511 9693 2547 4130 2094 9255 1113 1511 5623 3170 4270 6998 518 59 4943 5783 823 2446 9330 4866 7142 1306 2678 582 4732 1440 9493 6073 6886 7606 1487 5836 543 1800 9316 2165 
4178 6959 9877 2119 1478 5983 8135 2880 1563 1731 9706 913 2375 9921 3185 5049 6049 7145 4893 9308 301 8275 2905 3211 8740 3422 5913 9122 2603 1722 9010 9011 2161 1960 8946 8498 8259 3283 551 6127 5960 9981 5868 2905 9831 6727 2459 1449 1541 5970 5932 5450 397 6642 8056 5356 1864 7464 7332 9888 7987 4302 8926 5236 1665 7424 9831 9611 9796 6373 3339 3718 2652 2386 8832 3810 7878 2651 1809 7403 9053 6283 1160 4259 8737 9141 494 2478 2973 6021 
6282 2284 127 4398 6207 8304 7699 4065 5439 5671 3448 6425 5294 3938 8764 9656 2847 4626 7382 2270 8325 64 1295 9160 4940 3726 1475 9055 3186 7892 8002 244 5252 5314 9245 1800 6533 3519 3541 3925 9040 2849 1591 9670 9736 5731 6480 8567 1268 9571 2571 4421 912 832 3641 9464 4510 7968 4250 5402 8582 784 5602 4525 5987 7580 344 6643 5905 5884 3409 7355 2844 7110 6469 1654 8399 6643 3974 8618 6873 7496 1558 8971 2413 1216 8182 6795 1657 1022 
4049 3611 5000 364 4375 1756 8043 538 8906 6927 1537 7281 570 8131 9130 5307 2424 8827 7361 8786 9740 7240 1773 1368 8913 9247 681 4440 3951 1008 8825 3948 857 6253 888 2225 8144 5557 1284 9676 4186 9593 7765 3935 6099 3719 9065 7180 5512 7209 6621 7998 9525 7887 5402 188 4927 1714 7959 3056 4796 2053 8026 2572 3715 2883 5982 1233 6605 7236 9431 845 3345 9987 8223 4852 62 5823 1097 9497 2685 3707 3363 1999 787 5205 9545 5494 2789 6977 
4939 8069 48 8228 3559 3564 6898 7952 4020 9715 7832 7214 3767 7302 5156 251 4989 8889 1718 2888 7451 2930 6514 9960 4211 3114 1670 273 484 8748 185 1371 2523 9024 460 2684 4488 5721 8417 3671 5138 571 4934 7745 4839 7820 8980 9382 7993 8705 9256 8593 1644 2035 9939 9871 563 5710 3522 9776 3707 3530 5047 1966 1986 497 727 2258 3490 6825 651 2739 2640 9732 2756 8118 8299 2141 3830 5934 8596 7272 1968 1371 1917 8597 9193 139 8440 5737 
6967 4802 3027 3581 6834 3937 1281 2340 6998 5770 6379 651 5359 8106 3793 7361 4393 7185 3408 3720 8769 6029 8595 1280 316 2798 1154 9308 7584 478 5479 7831 1510 9708 517 2425 3139 5665 8609 4250 7742 4335 3785 9322 2751 1446 7081 9788 4500 5763 7577 3256 8447 3907 8137 5591 3498 1235 7608 369 6797 2614 990 9157 3164 703 2999 2047 2034 8980 3385 1084 7083 6763 2223 2622 7617 9212 4931 696 5601 138 2889 373 9740 8683 8501 4168 1653 4479 
5738 7315 4930 2325 3878 9707 2110 7459 8128 449 4692 1534 8249 3745 9003 844 9595 5493 2774 1548 5173 8515 4024 4712 9108 4483 4148 9752 4292 7123 7839 6323 9734 856 5419 2761 366 8520 9065 7594 2017 4071 5066 2327 930 6040 3420 6361 4546 8915 3552 7941 6463 102 7180 3264 5692 4695 1711 6096 5276 9520 2896 9978 4653 6864 6830 5556 5325 5531 9888 4951 8750 8673 3943 3699 900 4746 1243 6768 7181 6427 397 2312 507 8791 2726 1624 558 3276 
1393 3065 927 5506 9411 5449 6496 160 6220 7470 4210 9946 5894 6240 942 7431 2326 9346 9905 7963 9841 9837 9144 9324 1860 2608 9893 9174 9096 4353 1409 2406 6423 9516 9517 4062 4014 4536 2086 9591 6952 3643 7519 4153 7671 1166 3204 6249 5653 8674 2167 9698 2169 463 9265 7428 7386 3002 5251 2010 3051 6877 894 869 9387 4322 2541 3623 6605 9158 529 7879 8051 852 3345 8388 4786 3730 1698 1225 3070 8895 7759 5166 7378 2742 2998 1378 1911 5652 
687 5740 3180 8851 5194 9764 2218 4268 5706 1197 3546 6608 4920 415 6286 9924 3959 4656 5846 7555 9643 9192 6732 7251 1455 2354 230 6020 6763 1187 1707 4038 787 6573 9436 295 2016 7698 5056 3031 948 5699 6372 9732 6244 5634 1757 4083 3361 437 8527 4350 7371 9272 2255 2922 1029 7640 5156 2697 6670 9345 6430 5995 5199 7684 3016 8783 3218 5304 9362 9100 5766 6659 8752 6083 1516 2195 6605 417 8863 7519 8576 5785 1451 8696 6699 4782 5876 8494 
9002 6744 2229 3552 1303 2067 2518 5013 2483 9150 9509 7974 2233 4808 5648 1568 8448 183 4992 5817 3605 4199 6889 9872 5515 8888 104 1143 9721 5168 5278 9175 5926 8823 3223 1745 7056 4736 9232 5031 8114 1569 6035 3504 5006 4222 3031 5733 5562 3335 2767 1684 4020 1137 5873 4232 205 9462 8607 8099 3464 7993 1775 597 9563 5620 622 4032 5403 7535 2485 619 8622 4501 1327 8996 9576 7498 2810 1270 3729 900 7122 9625 6743 1177 3959 5582 3300 8380 
6657 7653 3956 5915 4959 1627 9250 6877 6228 3492 3447 6129 2956 674 9454 9721 9144 8854 5150 9272 7873 4434 9743 9211 964 7838 8210 1673 9970 4894 896 1201 4148 4498 61 3902 29 3267 8312 5708 6230 9353 7619 1302 1909 7036 8274 4484 5161 9009 3909 6459 1906 1247 6179 9567 7538 3659 9666 105 2131 5233 3037 583 9251 4351 4692 8174 7432 9378 1576 6309 3723 4401 8974 3964 4993 3910 6826 8111 3758 5480 8498 3332 5990 4275 6851 4393 1320 7540 
6450 5508 3229 8927 8333 7091 2406 6112 5622 5713 154 134 9563 6800 245 2502 2946 9425 3589 5596 8130 7960 907 7882 6488 5426 894 8182 8627 7338 7466 5771 5725 7411 1 4233 4209 4279 3128 9674 7308 2964 2974 551 5862 851 6804 1236 2433 6918 1205 9643 3154 7970 8910 3373 9128 9526 224 53 1697 2248 8965 584 3179 1578 8182 7782 7455 6084 8598 5515 9191 8419 792 5004 6370 2396 6974 6346 7266 6081 2436 6025 9076 8549 1191 6138 6239 2464 
7680 9751 6685 6155 3382 7160 7421 4990 1612 6549 7837 4560 7786 4287 4644 9312 7263 1793 8860 9033 5627 3373 6841 9979 6032 5334 1726 8946 8117 3066 35 5710 7011 7264 1993 1604 2225 7490 3673 7830 4089 1231 1792 698 1418 8431 253 466 2334 2474 6715 8523 3545 8217 6983 7814 8239 8636 7144 2135 4062 6767 60 1736 224 9888 5406 9006 6541 1848 5839 3612 5643 4823 3125 1131 9106 3670 5550 5008 3604 5066 4407 4714 2375 9769 626 3459 8936 2094 
6877 3368 485 1446 6062 3376 5397 2683 2493 7581 6957 4853 288 4654 9889 3508 9657 853 5642 8327 6476 6023 1509 1374 8196 1661 183 3035 9331 9860 1224 2228 6711 4471 5288 1022 1187 8958 3896 5507 6010 5014 4458 8443 674 5309 386 7192 9659 9453 9955 7506 8613 4607 4325 867 1809 379 4177 3010 5517 5887 3829 9795 8095 7843 6333 6940 8816 6145 1077 9305 5234 1918 1193 2315 9912 2027 6638 1946 8437 7149 9154 8623 1204 993 6089 9701 5863 8968 
9817 7304 4887 2937 3092 3323 9864 6766 9045 5652 75 5241 9602 2110 3921 64 6134 2057 8470 5007 9677 8902 530 1270 3599 3215 8267 8905 5451 75 8228 1184 2451 3245 8059 3766 5291 4209 3947 6821 5895 6843 3903 422 5872 3355 2585 7059 2479 6328 7473 558 6211 1187 6152 1772 527 9772 8389 7519 8594 374 3199 3225 5798 9220 8238 2093 3778 9286 66 7788 9506 5480 3001 633 4216 3452 3401 5082 6067 9380 1826 3604 9004 7994 344 1070 7891 5688 
2752 3417 2492 6415 5581 5196 7928 5566 8682 911 9057 5424 5146 3033 550 414 1964 7490 7558 1570 7218 4979 5324 3109 137 6629 5525 2049 7487 1007 7335 8337 687 8607 7738 3815 6692 3240 1626 6914 6409 1581 2110 1348 2055 3189 557 5381 7386 8989 5209 5441 1757 8230 3056 6757 3873 5677 9313 777 4426 719 9910 2766 4856 3225 1774 9692 1612 7054 9031 5316 316 8113 4077 9051 1571 1588 9113 6891 1415 5824 2353 31 6287 4899 9200 7974 6301 1985 
5898 32 6831 3193 5669 1342 8244 7430 253 8159 5243 1040 5631 715 9317 8161 6782 8633 3651 6437 5257 4933 5360 2278 412 6572 7653 5597 2791 4664 9328 9104 9094 6882 4613 5453 3287 1018 8884 8495 5691 5975 9521 2659 8011 9302 4499 7847 861 2902 1607 7453 116 6383 3462 402 9152 1545 8925 557 4218 2910 2442 691 3996 918 1154 5712 9567 5091 1108 7487 5911 2306 1071 611 9697 7726 4418 5407 8439 9742 9136 2194 9472 9067 102 4468 1045 1186 
4699 8415 5577 9841 8466 5726 4521 4095 307 1633 4207 6203 7176 5899 2743 9031 9293 3994 7412 2163 3144 3652 4950 8935 8340 2372 5643 2849 9231 6235 9638 185 8176 5639 2574 9781 212 4509 5213 9303 2672 114 8095 4680 3857 1730 9453 7857 9518 7778 4485 6828 3131 5221 1801 4691 117 2409 5511 105 5695 3659 3975 2071 5059 1868 4375 6719 5937 2928 5592 188 1660 6097 7656 2118 3253 9100 6615 7314 2919 7607 8871 8172 791 1469 5270 5128 7499 239 
1035 6096 6643 1776 6856 3148 5084 1225 7511 6228 6924 1669 3430 5928 5949 8008 6104 5514 4438 27 146 7354 1918 7867 2343 6259 4949 6240 6297 8348 2797 847 9910 8756 6000 6774 9474 4672 2909 8081 7195 2513 6469 5541 9871 5911 6899 5343 184 7932 7057 6112 5173 7953 9641 5975 9301 7799 8312 391 5038 4667 5475 7881 466 3969 5278 4705 7162 3627 55 6766 3921 313 6401 4571 1916 3219 4998 9365 6431 7879 4493 1443 3695 6840 4890 4071 2645 5475 
8664 7518 3927 5912 9811 7784 6948 3082 902 4298 3747 2385 279 6070 4849 6782 8524 7152 7382 6336 2389 2183 1404 71 6153 7388 3723 6598 7975 7463 9520 4214 3471 5283 3170 6421 1082 4360 4667 2219 3850 4630 2891 6782 646 5663 7399 7873 669 3556 7063 9088 3656 6859 2948 7952 4524 9249 6012 4394 39 2296 1612 8691 3707 6162 1844 2196 8161 5968 4293 9758 6100 1687 6366 2997 5081 7383 8607 119 3966 7612 6387 9701 6052 2247 6903 4497 5199 9153 
8172 1349 1797 9992 2477 2373 2970 2547 1263 3224 1357 5461 1212 5748 5379 7147 288 6997 4569 479 9754 385 7055 6861 7726 488 8913 3474 1716 8744 3489 3559 8182 1132 4576 882 3503 9701 4091 5310 1797 8653 6451 8864 5113 5764 9580 5338 2592 7335 3150 940 4457 2228 3408 430 2001 3448 5910 3786 4269 238 7277 346 865 557 2435 8813 5899 4802 8231 3192 8385 378 8543 1577 1852 7991 4712 8261 1589 5146 8816 9622 1347 8623 520 2996 1164 4869 
6284 7191 8533 5932 3141 2208 8044 1787 804 6625 1299 5767 2149 5788 8115 4983 7593 8596 2394 4109 228 8484 6561 6469 7941 8400 4108 7238 1396 6110 9571 6717 8471 3926 5306 3998 7998 3930 4106 2755 6062 6896 2055 6325 6629 945 301 8123 6454 3414 7523 4417 2725 8755 9520 4727 970 5177 9873 9089 6163 7364 3814 9581 3585 9508 2209 9526 1433 8397 1703 9104 10000 1304 9855 2813 896 4241 3154 9386 7466 2477 778 2630 8019 2301 17 4842 424 8559 
2615 118 9221 2322 4083 2648 2101 5477 7203 3686 985 2103 7296 2694 4390 6561 2604 1870 2747 6024 2776 9623 5329 6420 7065 5851 9867 8760 5430 7768 6397 4056 7649 8556 4506 8615 4390 7945 5519 4804 7263 9612 5137 8516 9591 7900 5044 1858 5266 7754 9889 8069 7890 3750 5573 5878 7296 8818 2571 8717 3250 2773 8038 3172 4093 1338 6632 3317 2858 319 7729 9617 178 6462 2922 3835 5319 7461 8113 737 7539 3880 5967 9335 5593 10000 3070 603 6586 4135 
3810 2127 596 1163 2573 2931 8581 7190 3120 6059 4873 9734 7231 4099 3838 6088 2541 2347 1656 8921 3160 6339 6965 757 8796 4505 6726 7253 3243 7572 1687 9206 1416 8537 160 7860 102 3969 6673 4565 8052 6924 758 8223 9434 2453 5315 2192 2071 4696 4125 2640 9442 9925 4193 2910 3340 8430 5861 9710 9009 9854 3822 6960 795 7173 6232 6626 1043 3316 2899 4210 2516 5802 6767 2019 4130 5131 8543 4955 5062 6473 8137 4777 4526 4553 9086 8132 3123 8617 
9140 5552 3666 641 3373 6762 9917 6107 9180 8905 678 9832 506 50 7935 5803 8399 8063 2742 3005 3685 1330 4252 2138 1453 8552 7416 8600 1326 8317 2545 9833 8768 9199 8538 9550 8754 590 906 5515 6409 6460 6274 3271 3261 5206 1585 448 5467 3439 5493 3971 7231 2986 6745 4940 1470 3808 822 1299 9943 9261 1825 7993 9872 4781 8088 3583 9013 7352 6358 7187 9104 157 4178 9457 6205 7745 7478 1677 1426 9777 9938 1840 6397 6203 2000 2914 4696 1550 
5699 4143 9338 7866 1743 6688 8951 5816 4074 9135 894 4308 7543 7796 540 5070 8109 9244 1727 1088 1834 5085 7000 6212 9330 6797 2220 3231 1200 5845 3109 1238 9886 1457 1539 259 6434 5323 5322 7762 457 3250 7839 9688 95 4636 4442 7839 2427 5050 5633 2246 7361 8634 8578 5917 8144 7011 9179 928 2443 6160 5033 6690 2688 6009 487 4454 8502 1260 2079 2769 3717 8469 5722 5439 8394 9470 1012 7067 9112 7776 1759 3526 9853 6015 6777 8038 8290 5903 
1335 4218 9911 2014 8018 2539 3122 9137 5643 5071 4234 5845 6738 2773 4099 5076 3486 7352 9200 4391 9716 1383 257 2527 917 6839 9593 7582 6226 5212 3724 2493 264 2926 8033 3607 7247 9066 8159 3454 3930 3789 3180 1049 1936 4289 3544 9235 2201 2259 7404 246 471 4453 8017 8932 6831 1977 4993 5819 2976 656 1868 7311 3097 7810 2619 6072 4412 7243 2342 4375 164 3575 4517 5604 5928 3250 4694 9746 3283 9510 2597 7904 2782 1096 9704 7729 6863 4160 
3954 962 8591 1616 8406 6724 1572 7547 7717 6700 3569 2278 8325 1229 5353 3647 7635 2725 7601 3385 7082 7285 5529 8135 3158 2960 7577 9904 1572 1467 7861 4129 9824 8966 3560 4120 3596 7393 5602 5928 3502 4150 6123 80 5168 8573 7393 8867 3103 3333 623 9704 5545 9183 1475 9291 1605 2316 312 7629 3702 8258 3634 9693 3843 4539 8626 9160 2522 6411 7950 5856 3040 8819 883 3724 6395 3809 7274 1656 9438 6049 126 3400 2175 1180 79 1892 5724 7679 
4181 6972 3980 1198 6272 7748 6406 6549 1853 8215 4639 7075 1423 2744 5827 5313 4650 1557 9223 975 9745 9235 6169 3362 4114 6879 2091 8914 5344 2365 1827 6933 7668 7876 9095 1625 1626 3723 6726 4277 9138 4392 1348 930 9886 5541 8081 3949 1136 5293 1715 3581 7748 151 7311 6931 2249 7643 8765 1871 8163 1190 4177 1050 2315 6159 5558 5288 8050 6704 1565 9702 9828 5793 3278 374 3834 6639 7355 7902 1006 9187 8131 4291 9220 6269 8364 4888 8188 9955 
9026 9760 1075 1294 2795 1151 4255 5382 9452 5689 1780 407 3239 2052 1656 7337 4770 159 6805 6660 3225 1030 8391 2375 7208 6773 4933 6578 2009 1881 5928 790 1284 9436 3832 3769 8760 2791 9021 6934 9599 1318 3176 137 1144 5582 9674 4594 1176 586 1571 8947 4743 6897 7242 6573 8542 6435 1837 7363 541 7328 1082 9315 2648 2035 1765 7032 3053 4555 3023 4476 3744 9405 6847 2169 235 5468 1110 6951 4578 9539 5437 2584 6042 2991 1283 1544 1930 4192 
3509 9999 1095 7639 5805 7560 8228 4652 2832 8871 9518 1325 9486 345 4936 5074 4001 1484 1157 5166 7032 5877 1291 187 9190 5981 5886 9495 8532 4875 3234 1964 432 6772 5040 6872 1361 5999 5841 2470 1638 5824 6676 9281 912 355 507 4841 6100 4185 7034 8112 5805 8924 8677 2987 9583 9764 570 2304 8354 9058 4797 1952 5178 9352 775 5104 5805 8935 3543 4177 2984 7982 1788 7006 9710 5269 4220 6809 374 4266 4479 9265 3448 6143 4373 2630 3969 2930 
5157 3189 168 837 5 8483 1324 961 7253 425 9075 3897 1523 9984 3815 8894 2820 2769 383 4872 7982 9418 3196 2478 3997 3783 2129 5030 8547 7571 3413 7712 1468 5962 6894 5092 728 9848 679 5596 3535 491 208 7328 3785 4084 4544 1960 9742 619 2884 4405 6705 5577 1872 9790 1895 5141 5403 6215 2817 5198 8797 5631 6049 2108 7213 7703 4965 1910 375 1002 3167 4526 4288 4329 7585 3384 9126 2296 5124 2095 6997 5173 8623 6188 2362 1832 3722 1643 
8493 6847 9351 2357 305 4320 9807 2346 9255 2982 3044 95 4113 9084 5281 3484 7213 9454 2024 4515 1725 6391 9499 8068 9735 3870 2904 9366 7775 2035 6845 7733 3078 2823 2486 2569 7833 2265 9257 5280 9295 9844 1950 125 4605 4780 5808 4771 9931 9871 4123 6481 2820 120 2908 7539 7819 7034 4657 7537 2670 6582 996 4980 725 1439 2766 5284 337 2187 1842 6294 598 5177 9142 9000 6861 2595 9543 9001 9291 612 2056 2715 8358 4776 3310 4905 1029 9418 
4991 7578 1374 9326 3147 9522 7735 8985 8029 7403 121 9468 268 1942 543 6743 2100 1704 7427 3581 4479 8850 7323 1086 533 6451 2998 5937 3694 8211 7830 3195 9109 1502 6731 3990 4037 1594 5521 8737 9193 3945 1515 7133 8925 611 6946 5023 9724 8051 32 4643 8667 6177 7829 1222 9681 8011 7671 1007 5310 9960 6357 3755 8169 792 4125 4410 624 2804 4981 1384 6081 6557 5064 8802 5542 38 2627 6074 8611 1547 9032 1028 4866 7797 1042 9247 8611 2109 
1833 6472 7655 7534 1551 9110 1530 3188 949 4473 5279 8271 3119 6267 6666 1327 2288 2720 2454 7922 4 9139 9214 5435 4811 8176 3635 3319 9016 4386 54 773 1914 1624 6322 8545 3450 4464 4664 704 6624 6983 979 7336 5180 2367 6492 5936 8961 4667 1354 1011 4290 1203 6520 4104 2094 9534 805 1008 6246 7962 8404 7727 8828 3365 2499 2766 2926 4359 6195 3337 6292 9845 6277 3328 1106 5829 4497 1388 9458 2774 7686 5987 526 3945 2009 2315 6200 2298 
8773 5282 7618 9781 121 4109 1175 8745 1580 8531 4894 7783 8122 5128 1628 2712 7522 6740 1268 4983 4548 5153 7561 9305 2857 4190 8224 5081 6202 8807 727 8925 269 6710 1564 4877 335 2728 4006 2226 5596 1224 9374 1506 3429 3013 5451 1425 5919 6411 5375 3380 7560 2941 5563 4860 1068 6313 3241 2530 9110 7525 7411 1449 8930 2722 4552 3223 2991 7737 2194 106 9099 8548 2322 1047 4619 4365 1629 4683 8314 3906 4199 224 3794 4684 1988 7131 9071 567 
401 9889 1552 7405 5191 2786 8565 6623 2714 5962 4177 4469 3943 8649 1518 1854 8928 215 3194 2441 6935 9565 5724 6559 9680 5995 2540 7449 4863 3817 809 4339 9481 9983 1194 3076 6147 9790 8329 3133 4006 5616 5899 1037 3230 4318 7256 211 2622 3236 1977 9717 492 749 5306 837 9609 5144 48 8625 4053 367 9236 913 1116 2870 9459 6866 2561 6734 5312 4277 5027 4101 1949 7657 3954 4726 5437 3869 2663 7398 3696 7110 2029 2153 3022 5940 6168 3757 
6987 8117 1361 1331 8608 2526 3334 967 484 9095 2332 8729 4711 6391 6794 1447 1035 3618 5816 4409 1551 4271 5276 3691 1703 9692 2780 9420 762 1762 2762 2175 9891 8792 2056 8632 2324 5453 4590 196 5650 919 3333 6601 8671 5823 5567 3665 6147 8412 9454 5866 2028 4447 9820 1304 9491 6188 4203 7271 2318 424 3534 8583 7680 6983 6287 344 8376 6235 3963 3011 3389 176 973 9283 8230 9858 1687 7353 8111 8823 6494 3660 6716 4852 72 4754 9618 8964 
6351 4810 2978 3973 3664 6155 631 4022 6759 9068 2145 7894 711 9993 8017 6623 1661 5360 4054 9497 1725 6603 3872 505 2909 8419 7127 1876 5546 6329 4227 3174 2995 2097 5725 4355 5860 2910 4721 8857 2644 8057 4367 3451 1727 7275 8154 4852 3782 7675 3243 8263 4210 3289 1258 8960 2089 6604 4798 2695 8746 8857 7679 3778 9624 3838 3209 6536 6492 7380 8655 951 6898 8196 1250 2735 8556 8499 2568 3009 5780 3677 4392 3490 1033 9011 1371 6907 2060 5034 
4429 6998 4695 8543 867 6331 4395 5259 9286 6649 5504 8540 6331 372 1499 9748 730 2673 9300 9268 3531 2052 6134 746 7878 4473 2890 2965 7204 219 4108 8996 8518 1912 7531 6742 4806 314 8884 9650 6430 2826 3210 3374 3632 680 4848 6085 8333 9609 4835 8881 5827 2139 148 3544 1132 5549 1360 8585 9787 5852 1479 4703 5297 6962 9132 2703 8982 1675 1478 9479 5633 1423 759 1660 6708 3375 2375 1681 1795 4992 5741 8444 9264 6232 2427 3903 8231 8321 
282 3410 2018 2475 4185 571 4865 2628 369 8039 5737 4939 9348 1966 9230 58 1450 9023 7813 2687 7593 5230 8177 235 1084 4567 3877 465 1621 6448 9992 6683 9840 6335 5590 6856 2073 219 791 1367 4378 1882 307 5689 4807 1236 285 4044 3968 4605 2312 9545 552 7001 3702 1705 5342 4059 7172 5762 969 1439 1843 4138 422 5373 6275 9365 6192 7983 536 9292 1406 1502 9814 9944 1506 1123 8030 9995 6692 8614 238 7771 5228 2982 3637 3219 1489 5930 
6610 3007 7091 6362 9937 1222 3180 1004 2029 2191 1224 3000 9811 922 2804 577 7832 9189 7659 3392 1345 6326 305 4231 9852 8970 7255 1455 3810 7880 1529 5808 7957 7962 7975 3785 2519 4238 6837 2640 3906 7593 5857 8096 1087 3560 4375 6382 8277 5725 3399 2414 34 3304 5932 8704 6999 4381 2551 362 2300 5090 6876 3651 1215 8325 956 8945 6285 5652 4337 2142 5081 4009 6071 7283 3538 7853 7799 900 2625 4198 9582 7952 379 524 6956 499 2686 4461 
6839 111 8292 8149 6713 6473 4626 2686 4116 6836 4503 8544 9573 7745 2284 2582 1948 5409 6165 1290 6307 9763 5369 3296 2348 8257 3926 5340 3300 3912 4570 9397 3986 9820 2666 4387 1720 5876 6380 7062 3591 6052 1906 3888 8089 6131 9842 2058 1844 7426 5601 4412 1722 4352 113 6375 7782 798 991 4435 2872 6179 9768 1883 3606 1162 9504 4541 5648 2769 6652 3623 3918 2844 9521 9320 4076 506 4167 6801 1442 1040 1190 5246 8696 4409 4222 8795 1648 2497 
620 3331 8220 486 5403 241 8943 3953 552 5881 4991 9701 7688 2259 1269 9574 7867 5872 5777 3220 2145 3799 1809 8852 6911 3041 3719 5624 5867 7078 4939 3229 8571 4225 2804 2622 6753 9018 9458 2439 486 5932 567 4258 3538 9303 2927 1390 5916 6817 7573 7991 7708 3410 2107 4662 9413 5953 6303 7839 8313 1016 1256 6740 9738 61 3593 2551 8403 9265 4199 9494 800 982 2726 9017 6236 2346 2490 377 4992 1591 8340 724 9210 2385 694 8610 4013 9000 
4612 7051 9174 4765 4783 7067 6176 6936 4143 5125 9339 4236 8481 1754 573 5912 5070 5670 3557 739 5361 1120 3925 4454 6894 6548 8858 9807 880 412 1546 8107 219 5154 9409 9380 3052 6756 4596 1081 2225 4491 4114 9713 2955 1493 1806 6650 9909 8169 4920 3809 4821 8280 1066 3389 8352 4905 8776 1252 7797 1059 5510 1057 1161 9367 7728 6818 7032 586 1593 6403 6198 9131 7106 6644 4863 8205 1699 5686 1256 7378 7430 4061 6639 3528 9035 5178 7828 3612 
8073 5296 8212 7172 1923 1091 433 816 9121 4949 8947 6832 472 888 4683 8969 1807 1377 1535 4551 2816 4776 3459 682 7816 6258 2684 459 7403 9224 2063 8119 2364 5421 332 2826 4112 8867 9570 901 7796 5144 9326 5287 3421 6742 6178 2788 3844 4349 1930 1327 2086 3139 5691 8016 3491 3644 7496 5866 1878 1303 5028 2518 1231 9751 7533 9799 7780 9211 1897 109 6609 7873 3026 142 9385 3903 7050 1929 5632 5830 2968 7413 2382 5302 3836 5159 1393 4156 
5217 5560 4214 3241 4482 3979 1429 5910 2770 4251 1031 2627 4233 2496 6070 2692 9601 1328 1678 3436 9487 1055 6250 6311 1460 1378 751 4740 4773 3870 337 774 8012 7814 5688 9362 2692 7523 9295 2540 505 4551 4865 4979 2983 2277 6979 4216 5714 5654 642 9808 7928 4302 1412 6437 3238 4177 8484 1615 8857 824 6724 1150 6458 6454 8789 6592 3097 8167 1772 7470 4815 8000 7524 1753 2796 3310 6280 3324 3160 8744 8047 8562 6456 1507 9242 1407 8068 8199 
3157 9125 1702 493 1784 9628 7597 1064 6524 7557 1285 6738 5619 4706 30 3313 7581 7801 9841 9736 9285 5662 7284 8542 3556 5958 8184 7155 411 6368 9464 9019 8313 2982 1644 3594 6320 4441 403 1006 3202 9765 3253 8574 9525 7867 2732 6232 9955 3046 3346 6801 434 9042 2251 663 5785 8060 754 3608 3023 3728 1960 4154 4569 9337 9080 6962 4317 8081 2050 7917 8286 982 7573 8093 6519 7517 4009 3161 3116 3770 2816 3932 4495 9112 3443 9632 5124 8229 
8773 4555 3514 8020 8614 1403 8677 813 1847 3786 6066 4007 638 3834 6791 563 9326 6995 55 5125 1164 4259 9197 2258 7961 1764 905 7097 6859 8905 6107 6609 4468 3933 6901 2428 1034 8818 8513 800 539 7944 9906 6669 3773 4143 8224 1738 7124 7143 27 8689 9417 2671 5928 9111 1808 8426 4569 1412 4779 825 8648 2538 6721 4383 9977 42 7873 7446 7407 3432 8525 9149 7225 7858 2730 7196 5600 1970 2199 8260 3951 5894 7717 7309 5847 8859 5234 2200 
2474 6182 7647 3472 1298 4891 6627 4302 5850 2232 4622 3645 8489 1055 6884 4416 5784 5389 6958 4055 4206 3993 2104 9596 8759 8898 9988 365 1935 611 9397 2950 5246 5061 7299 4105 1508 2750 843 3266 5449 3482 196 8390 8731 3164 5326 2258 4912 5640 8433 6487 6756 2433 4436 4876 8075 7113 2918 8282 5936 7187 9078 3630 9271 4575 3135 672 8998 1528 8243 8890 9119 8463 250 6550 5741 8443 7070 9573 6892 5935 6805 530 7 6097 7253 5197 9643 4713 
5349 5049 6912 1472 8140 7791 178 6877 4028 1959 5373 9825 2841 3603 7656 5172 3899 9868 3243 5635 6951 9589 3123 2992 401 382 1515 7819 2579 6435 3162 4983 9667 4728 1558 2398 469 4234 1566 2207 4022 5058 8937 4175 5515 7501 7444 6647 9626 8666 9689 2208 9967 2872 8612 6472 7711 9660 6554 1914 8497 352 2396 9923 1029 7455 2926 5069 1737 2483 9184 6163 4331 1928 595 1434 4908 505 3502 5928 6361 9310 5923 3792 3409 4528 2415 6110 9919 5567 
5831 4328 4316 6351 4330 2630 9924 1709 1037 9734 1806 2606 1762 3406 7473 5571 7909 375 8179 9768 8679 5718 2492 6808 5362 7490 8675 4335 7398 6028 9964 1874 9928 7380 220 2146 6304 6134 3662 9566 6584 3549 2500 2501 8056 3542 3336 9030 9252 2439 6015 758 328 2788 3894 5779 7065 5007 4931 1723 7955 9848 2503 893 9634 8287 8050 6431 9555 988 2771 4762 4270 9504 8963 1842 4008 3120 6129 7573 2263 4024 560 9039 9178 800 8144 1981 3424 2904 
1660 3732 728 3830 2973 6101 9929 2229 4971 9908 451 4266 4716 626 7368 8306 3680 7517 6631 7272 7149 5366 9462 1368 7583 3282 9416 7263 8366 7720 3149 7533 5293 5937 7138 8418 1262 5521 7519 2013 4033 8154 75 3940 2987 2977 5245 2897 741 5109 6903 3569 8410 1662 4723 6264 9326 7356 6498 3398 6668 1733 947 5152 2020 8300 6034 1875 7934 2258 2657 9674 7213 3484 2461 1527 2895 8455 1475 7483 4113 4739 55 3922 4392 7091 6176 119 9270 6490 
8857 5927 3091 4571 1856 3066 1427 7669 2654 3362 6597 8819 6391 7377 3714 7376 7290 5692 2527 8245 4936 5334 2823 4321 5871 1869 9985 2292 8557 5200 7164 3748 6828 7428 5613 71 3888 4817 5017 5590 6074 2994 2138 8694 7540 9712 2273 6395 4603 8441 9931 9367 7392 4151 397 9956 6285 6625 2607 4704 2733 2384 9232 8982 2006 1524 8031 7866 6110 3682 6244 7119 5754 7419 3802 5199 4202 5705 5858 1495 921 6651 1327 1098 4855 7117 8519 115 594 3990 
2808 5759 1777 6167 163 843 6846 2002 6164 8635 4704 5034 1171 9860 3078 2474 3366 4367 8169 6247 250 4 7097 9144 7076 3720 5971 1667 8658 7948 2115 2372 1901 987 1599 5109 9348 9069 9691 9357 4418 1852 4510 2279 7791 3413 9435 3087 9959 9324 9291 9683 1081 4983 4708 8017 7319 8971 7819 8378 5054 4867 3139 7000 6898 1167 120 8780 5699 7143 9541 6107 6402 411 8203 1994 7047 4104 7100 8092 162 4305 9368 4864 6465 3159 6931 4982 3604 5420 
2098 9754 1458 6751 2793 4671 7779 9627 38 2482 9671 6872 1300 8504 3230 2444 8987 8870 5993 8332 9252 4904 8956 8387 3633 1464 5377 7918 3780 3359 9552 5393 5801 3219 7896 9022 4122 1111 8579 730 8666 2180 1823 5742 534 2415 6018 9600 4974 8751 8020 3836 5345 9875 3888 253 9577 4301 76 3684 9665 7940 3864 6027 9686 9482 647 7649 712 9888 165 6712 4380 7767 2702 8442 1888 2167 6781 1918 7063 8957 7780 894 2648 7950 6272 944 240 8110 
7354 1858 3756 8757 3211 2997 5751 1876 6276 2239 5861 3027 3288 5969 5183 8022 3838 8133 3821 4599 4281 3901 875 6233 8370 8854 6254 3212 9850 1932 5245 4785 9655 9305 3410 3266 1351 2226 9906 2458 7952 655 5184 567 8915 1454 8682 4508 9007 7978 2657 5595 6585 5625 9974 6732 957 3384 1558 5295 4445 2698 5578 3254 9506 9 9150 3454 5975 1729 2370 5771 9942 9106 6627 4617 5452 5773 863 9574 7220 567 6964 9524 7882 848 9802 3008 2382 9745 
9597 3387 5376 6029 971 2234 1638 7834 6983 6792 8495 2050 2959 8949 9776 5019 4295 7939 2530 8681 2477 8801 3397 3543 2513 2719 7891 5905 6111 3173 8608 6550 8570 6887 8123 866 7857 1973 2980 348 311 2602 6856 8991 784 9399 941 224 9358 5184 897 6367 1663 2029 7544 1489 2016 7832 4628 6997 6251 2707 5868 2244 424 5705 4758 7829 7356 2350 6923 3384 2230 8998 4179 8877 8651 6722 175 2546 7793 3117 9878 286 970 6793 4777 588 1964 6827 
3720 5350 6843 3605 9658 2093 3810 4246 3626 1165 3827 9275 2796 6557 4316 2520 8957 9707 4184 3003 4191 656 9630 6095 6938 9283 8376 2534 4782 5869 6374 6558 4021 2910 8280 5971 1384 4726 3398 8938 7063 7085 5142 8954 5713 1195 2054 8111 4576 9901 7326 9146 8529 7153 1942 4983 2491 22 7167 9798 9599 2661 596 127 8204 3187 3984 1508 3362 7908 8139 2535 20 2642 9819 6293 6955 1773 9253 3026 157 9547 1494 4204 4675 5175 7270 3862 8345 3961 
8843 1617 2692 4276 9853 8759 2730 654 2063 7902 6702 6210 3177 5268 5914 6147 1289 4038 7126 9548 3819 2181 2117 4151 1953 6639 7586 818 7144 5400 9631 9248 8140 4640 1756 6716 8044 5055 9799 3749 4452 7114 6742 34 1049 2325 4735 4261 6507 8916 3908 3084 4769 2788 8706 8006 811 2486 9340 1679 1219 8302 735 4646 37 4540 2937 5994 2138 6290 1287 3216 3611 7772 420 8477 3143 5200 420 5114 4148 6349 7686 9448 8150 6482 8901 3448 5296 9296 
5031 9832 7775 8077 7560 7522 9144 2885 9520 1796 5190 251 5293 7979 9485 1600 5464 8537 8578 2739 8246 4841 644 2058 8469 8276 139 9558 5088 3729 3512 2739 7676 8805 6592 5176 145 2557 2423 8511 1236 9176 5952 6599 8259 8177 1797 1624 5787 5638 2745 9677 2177 2292 6779 760 5983 5631 7098 5756 35 8223 1243 6473 1269 1532 1980 868 8129 6997 848 3669 7072 5441 8417 4697 315 7638 1823 5191 841 6670 3776 9505 8827 434 2986 6885 7638 9121 
5876 3030 3895 9228 5747 2542 6780 8175 5349 2871 1435 4823 6329 9630 7503 455 6857 3653 4660 4656 5982 1223 4132 7662 7027 9181 3735 8622 3336 6811 3801 4758 2779 5922 8629 5040 3686 4137 8042 9534 7008 701 1501 908 4407 7570 6703 3781 6693 5615 9787 8638 9169 9400 1227 7556 614 1529 4586 5787 12 4874 8691 6291 5441 4069 7927 8473 1726 3055 2060 7217 3333 765 1308 1269 8088 8348 9690 4071 7000 5968 233 1623 2654 5151 1389 6653 328 7900 
2556 9289 2492 8315 2574 5478 947 6391 2059 8526 6426 928 39 1258 9182 8795 9935 8069 6506 7164 3772 6348 4242 1760 3653 8249 2868 8321 2940 118 1993 2166 5835 2904 3334 3502 1856 5347 3558 1964 534 9212 4944 5431 837 352 7792 8608 5764 3542 2359 8491 627 3561 2666 6074 6844 3883 2898 9936 3667 1989 2065 3593 6417 7488 7222 1486 9452 3032 6804 9839 9923 7221 5588 512 7398 3552 7054 6894 8722 2326 9561 3340 504 6988 4929 2154 5240 2120 
3047 4842 9422 8019 1290 5713 816 9436 3782 6999 5313 8881 6999 5156 1142 2154 707 7872 9597 6246 8663 2950 5504 8823 756 1239 5657 8348 4288 8388 9345 2802 8416 2494 9443 3923 3665 9109 346 8887 7252 8692 3585 1222 5285 8813 2634 4989 9680 6050 1689 3657 9532 2372 2721 4229 6835 6075 5976 5499 6478 3998 254 9854 8791 1698 4270 2011 5205 4522 5028 6646 3950 8611 2421 4644 351 8092 3122 9926 710 5145 1214 2345 9710 3614 5525 7523 6709 9704 
5439 5137 6707 4362 8483 5959 8325 1913 7500 4009 1850 4610 3571 1726 6081 5470 258 6267 3921 199 4674 9607 5429 1705 3154 3504 6300 7794 6727 7372 6550 934 2548 3566 3871 6631 1271 7188 2804 8861 8998 8836 3928 2369 134 8075 6873 7070 8271 1402 1573 8544 6331 368 5122 6110 5009 5728 3521 4709 3099 4721 6759 4916 1244 3519 6158 9361 7964 1089 1304 819 6865 1942 5934 2754 544 6378 8872 1069 7299 6331 8990 8803 6579 2956 1735 6193 1174 2579 
3447 3587 1138 7540 405 9035 7721 8464 5819 2109 516 2070 3194 7621 3066 7259 7105 8319 9152 6609 513 4654 8143 308 4579 9664 3500 8597 5827 4443 1723 2575 2863 1268 8284 1959 7884 8297 5357 9004 1998 5059 1849 3555 2932 8161 581 3066 3076 6745 5097 2332 594 332 9516 165 6324 3008 130 3515 5754 4143 9639 7969 1993 8112 5750 6911 3769 3371 5461 8365 1769 51 452 993 5155 7161 1277 950 2888 3986 8740 6003 9860 3236 4635 7855 4484 7541 
1151 7002 9670 3830 3054 2580 1921 8775 7184 8737 1807 9291 22 872 3064 8647 6869 1688 7425 5426 8699 2057 6773 556 4223 9764 154 6505 45 7874 3262 4077 9712 5493 9951 1254 1817 6037 6401 4256 9781 8836 6852 6313 293 4642 107 5207 5810 468 9362 4202 7954 3552 5959 5986 4730 1210 424 7822 6052 1017 5909 4691 3994 9169 1420 1254 2582 7470 1219 9286 6401 6180 3176 5291 5819 9043 1076 3046 9974 116 3515 9596 7306 3134 5035 5153 4265 8583 
5947 9517 6615 4060 4601 8367 4139 3654 5923 2970 6024 5294 4039 746 5009 8006 8841 8016 9203 7223 570 1844 4949 877 1970 2208 7013 3509 2716 642 563 4732 3973 343 4379 5963 9475 7133 8456 6912 9631 9648 1003 1888 437 106 4242 1985 8345 8693 3341 5218 7042 7603 8159 2629 4917 5147 4259 805 4879 6890 9237 831 7774 6328 7276 7674 9404 5983 6952 3660 5928 7053 6356 9013 5190 8228 4354 8810 3011 7419 9080 681 4442 6416 34 5421 9187 2757 
