3360 5323 4780 8935 9236 8275 7414 6102 9564 7182 2891 8201 8042 5677 3128 
4054 7846 2143 3715 9265 2615 6858 9566 9409 5864 4407 8439 7431 1338 8226 
152 3551 952 5440 1898 4176 606 9837 8379 3656 6137 845 7397 5931 2258 
7623 658 7609 2524 5832 9651 3871 4365 2964 4648 8329 9633 1796 2444 914 
5602 8658 8165 3652 125 7492 9831 7764 837 3074 6197 5792 4990 648 3426 
6443 6893 2596 4046 8650 8262 2415 6409 1522 3852 5230 3597 5305 3128 2211 
302 6293 5728 1289 7530 2708 3315 1299 7868 2971 3752 6859 7244 3720 9803 
6213 2959 9984 855 3642 52 9164 5132 4764 3590 9133 2708 6638 5669 3453 
1609 1682 6299 7297 6241 8896 3351 9700 2633 4007 4748 5297 7639 3966 9508 
5818 924 367 1579 8933 8103 9219 4286 4895 2394 6139 9378 7753 5621 1486 
4341 9698 6014 3344 7423 97 5664 4582 202 2820 8197 1262 2516 6764 2655 
1559 7151 4987 3230 4686 8113 383 1389 5284 9104 7840 7506 8151 567 7866 
56 3514 7204 4854 3340 7006 6315 7641 1632 1011 1885 8963 4963 9284 5499 
3432 1765 4059 5964 8264 2034 3203 9354 649 1612 1727 7703 177 6221 8208 
4986 6038 5533 8462 7022 5993 5789 7861 4986 924 3657 4701 5443 5981 8703 
