100000
99951
99855
99812
99784
99772
99765
99710
99687
99674
99651
99601
99567
99496
99481
99392
99386
99315
99299
99282
99193
99178
99142
99137
99024
98894
98805
98757
98641
98599
98565
98512
98511
98510
98481
98461
98442
98394
98361
98343
98259
98235
98213
98212
98204
98148
98104
98076
98051
98027
98002
97921
97914
97886
97853
97820
97799
97738
97724
97692
97586
97555
97484
97377
97377
97364
97338
97287
97284
97277
97272
97225
97201
97172
97161
97155
97125
97121
96973
96957
96893
96821
96820
96796
96779
96771
96764
96754
96743
96682
96659
96628
96579
96563
96498
96447
96383
96373
96314
96261
96240
96234
96173
96117
96094
96093
96061
95986
95970
95923
95907
95894
95835
95794
95758
95682
95657
95633
95613
95562
95553
95541
95533
95517
95513
95493
95487
95434
95318
95221
95055
95006
95005
94996
94995
94931
94925
94872
94861
94844
94815
94625
94535
94424
94424
94422
94396
94378
94368
94313
94260
94184
94175
94144
94135
94082
94057
94053
94040
94028
93929
93885
93857
93794
93779
93748
93742
93722
93717
93707
93698
93690
93678
93604
93546
93529
93444
93395
93389
93374
93321
93291
93284
93089
93083
93055
93050
93045
92972
92954
92930
92899
92835
92801
92779
92760
92719
92669
92534
92522
92520
92483
92448
92443
92338
92215
92193
92162
92046
92019
92015
91927
91926
91795
91792
91711
91688
91652
91614
91565
91496
91493
91490
91487
91423
91278
91272
91235
91231
91153
91143
91136
91115
91100
91094
91073
91062
91041
91002
90950
90934
90872
90859
90846
90798
90747
90728
90717
90686
90679
90599
90495
90490
90398
90383
90365
90362
90357
90271
90200
90189
90163
90127
90124
90115
90069
90053
90041
89969
89963
89946
89909
89871
89818
89728
89673
89664
89631
89600
89593
89523
89517
89484
89465
89457
89455
89438
89405
89383
89270
89232
89212
89211
89200
89165
89101
89031
89001
88998
88935
88916
88849
88834
88808
88775
88713
88694
88676
88641
88619
88615
88550
88527
88508
88505
88448
88418
88391
88366
88364
88339
88328
88295
88279
88208
88101
87955
87945
87930
87682
87674
87674
87672
87640
87576
87576
87547
87544
87520
87454
87442
87436
87425
87421
87410
87307
87291
87237
87220
87205
87203
87169
87079
87019
86867
86814
86798
86795
86762
86748
86690
86687
86683
86546
86520
86508
86420
86373
86326
86312
86275
86259
86223
86175
86172
86171
86164
86140
86138
86108
86106
85999
85986
85939
85939
85935
85924
85919
85856
85845
85772
85710
85658
85598
85531
85512
85495
85474
85442
85370
85298
85251
85185
85115
85085
84999
84928
84863
84835
84764
84747
84689
84671
84639
84590
84586
84578
84562
84551
84551
84523
84444
84139
84052
83977
83969
83917
83873
83784
83732
83654
83650
83638
83541
83481
83443
83438
83428
83422
83387
83234
83220
83141
83073
82942
82878
82868
82817
82799
82796
82766
82734
82731
82719
82683
82654
82649
82634
82600
82590
82579
82531
82508
82447
82445
82440
82425
82422
82396
82390
82365
82348
82321
82314
82310
82291
82164
82148
82112
82112
81960
81944
81925
81899
81892
81885
81860
81838
81808
81789
81745
81716
81691
81675
81643
81639
81635
81632
81594
81588
81573
81466
81456
81433
81363
81331
81252
81231
81187
81178
81143
81105
81090
80991
80980
80979
80924
80874
80661
80648
80631
80456
80414
80412
80403
80392
80389
80337
80330
80288
80214
80189
80149
80109
80096
80070
80069
80067
79993
79990
79967
79925
79920
79871
79835
79833
79795
79760
79586
79540
79504
79473
79473
79339
79311
79292
79217
79217
79211
79205
79158
79048
79044
79039
79029
79017
79006
78935
78934
78924
78921
78819
78814
78753
78750
78673
78666
78582
78545
78412
78398
78374
78322
78308
78264
78258
78189
78159
78109
78106
78093
78081
78056
78001
77995
77954
77950
77884
77879
77811
77771
77728
77646
77478
77462
77461
77441
77411
77389
77334
77267
77265
77230
77207
77114
77058
77004
76985
76915
76794
76780
76724
76659
76655
76610
76586
76585
76547
76536
76455
76450
76437
76391
76388
76374
76368
76349
76323
76308
76292
76262
76102
76076
76057
76054
76025
76013
76009
75984
75983
75889
75786
75785
75734
75680
75628
75622
75611
75609
75575
75482
75451
75434
75432
75397
75376
75371
75328
75317
75302
75300
75279
74957
74949
74901
74867
74644
74572
74514
74493
74492
74480
74421
74341
74299
74280
74260
74258
74230
74180
74170
74127
74042
74031
73965
73944
73928
73876
73749
73745
73738
73693
73633
73628
73590
73492
73350
73269
73245
73225
73224
73209
73164
73132
73092
73030
73016
72990
72951
72917
72889
72874
72862
72853
72851
72838
72776
72673
72647
72574
72559
72546
72369
72360
72343
72299
72293
72267
72266
72262
72209
72204
72194
72117
72100
72093
72082
72063
72004
71891
71842
71836
71649
71634
71558
71511
71455
71443
71431
71429
71404
71383
71341
71302
71265
71242
71236
71151
71052
70977
70949
70895
70846
70818
70793
70742
70641
70622
70594
70594
70582
70561
70553
70539
70503
70433
70413
70313
70265
70198
70196
70165
70095
70058
70034
70023
70008
69968
69893
69890
69871
69869
69850
69848
69813
69780
69739
69713
69688
69663
69615
69567
69499
69454
69392
69364
69287
69280
69239
69107
69101
68971
68963
68902
68885
68876
68861
68836
68751
68737
68703
68690
68608
68576
68530
68500
68453
68450
68433
68397
68346
68346
68324
68318
68311
68287
68267
68202
68173
68158
68143
68059
68013
67993
67925
67905
67874
67873
67787
67720
67719
67674
67672
67668
67615
67614
67572
67534
67497
67487
67387
67374
67327
67264
67250
67241
67226
67187
67175
67167
67155
67139
67094
67078
67077
67044
67005
66957
66955
66928
66928
66898
66850
66846
66839
66828
66776
66769
66761
66711
66697
66646
66569
66539
66536
66531
66424
66379
66351
66302
66300
66251
66217
66153
66121
66120
66083
66044
65974
65855
65790
65740
65704
65704
65675
65671
65606
65548
65509
65486
65472
65449
65305
65304
65290
65290
65282
65282
65214
65183
65179
65169
65156
65080
64995
64845
64792
64786
64728
64725
64710
64698
64669
64590
64562
64553
64536
64521
64515
64479
64468
64353
64337
64224
64189
64072
64028
64027
64004
63917
63916
63855
63842
63760
63728
63697
63678
63675
63632
63544
63482
63475
63429
63423
63417
63398
63328
63323
63288
63189
63183
63152
63121
63036
63025
62973
62940
62867
62858
62851
62826
62775
62667
62636
62629
62618
62613
62582
62572
62512
62474
62459
62447
62434
62431
62327
62293
62288
62131
62129
62107
62107
62001
61998
61997
61938
61921
61800
61572
61565
61547
61483
61462
61459
61447
61397
61384
61371
61324
61296
61247
61217
61192
61160
61145
61119
61069
61033
60995
60994
60973
60922
60893
60848
60802
60775
60733
60726
60722
60709
60695
60665
60662
60659
60630
60580
60569
60551
60524
60514
60487
60475
60442
60341
60254
60215
60210
60166
60144
60139
60084
60056
60014
59965
59938
59897
59834
59792
59769
59741
59732
59706
59654
59651
59599
59595
59588
59568
59558
59524
59476
59467
59445
59429
59407
59404
59401
59363
59342
59311
59294
59230
59147
59105
59059
58965
58942
58923
58880
58789
58692
58383
58355
58347
58309
58262
58225
58196
58167
58152
58051
58030
58012
57992
57947
57910
57861
57857
57848
57845
57843
57812
57780
57666
57657
57494
57374
57345
57256
57214
57198
57176
57153
57111
57046
57031
57005
56963
56959
56881
56840
56817
56662
56593
56589
56516
56476
56446
56385
56353
56282
56228
56163
56122
56031
56010
55879
55824
55792
55752
55734
55562
55559
55547
55534
55422
55292
55291
55212
55205
55201
55175
54994
54961
54957
54955
54944
54914
54909
54907
54899
54844
54824
54819
54770
54763
54615
54584
54573
54559
54553
54540
54453
54407
54400
54386
54352
54303
54205
54169
54130
54067
53954
53943
53919
53900
53876
53804
53801
53783
53748
53709
53675
53651
53560
53553
53499
53497
53490
53475
53457
53452
53444
53413
53377
53324
53279
53250
53250
53234
53234
53224
53110
53054
53042
53028
52995
52931
52923
52911
52904
52896
52887
52801
52798
52737
52723
52634
52614
52601
52552
52552
52517
52504
52477
52463
52402
52337
52292
52241
52208
52096
52088
52078
51981
51945
51893
51890
51880
51876
51682
51618
51536
51424
51350
51316
51303
51156
51149
51134
51118
51112
51091
51063
51025
50954
50946
50910
50909
50821
50784
50769
50732
50727
50715
50709
50652
50601
50533
50492
50478
50423
50391
50347
50336
50313
50296
50246
50241
50186
50175
50132
50105
50067
50066
50008
49991
49954
49940
49924
49884
49848
49829
49825
49804
49800
49766
49742
49739
49688
49666
49637
49604
49589
49559
49546
49436
49424
49392
49388
49386
49353
49154
49033
49033
49026
49015
49012
48951
48922
48906
48903
48857
48847
48840
48775
48773
48742
48722
48709
48692
48668
48611
48587
48558
48542
48506
48500
48455
48436
48364
48346
48300
48277
48271
48271
48243
48068
48044
48038
48011
48008
47912
47803
47798
47764
47748
47737
47655
47594
47536
47468
47468
47456
47376
47374
47329
47254
47233
47189
47155
47128
47094
47045
46960
46938
46936
46901
46879
46845
46835
46822
46816
46670
46608
46516
46494
46392
46387
46322
46321
46316
46295
46249
46247
46238
46236
46205
46180
46098
46092
45966
45924
45900
45876
45870
45761
45724
45701
45682
45675
45471
45467
45441
45400
45293
45274
45171
45164
45154
45141
45109
45035
45033
45032
44981
44910
44895
44838
44784
44681
44610
44456
44432
44428
44419
44375
44367
44300
44227
44221
44219
44194
44179
44165
44164
44068
44058
44054
44025
44013
44010
43940
43893
43876
43863
43824
43824
43806
43648
43604
43560
43525
43489
43444
43402
43351
43324
43313
43268
43236
43087
43075
43061
43007
43006
42997
42974
42965
42941
42911
42860
42854
42852
42840
42764
42762
42720
42673
42653
42651
42611
42596
42551
42511
42481
42454
42454
42414
42349
42337
42250
42212
42097
42032
42004
41990
41986
41980
41933
41865
41853
41850
41796
41784
41720
41698
41515
41455
41443
41360
41343
41337
41336
41278
41255
41239
41220
41213
41101
41084
41062
41021
41010
40997
40957
40931
40918
40841
40771
40769
40719
40705
40689
40668
40602
40531
40520
40463
40449
40447
40415
40405
40377
40333
40333
40312
40275
40244
40213
40187
40163
40144
40005
40003
39988
39986
39972
39952
39950
39919
39789
39688
39672
39600
39587
39554
39498
39437
39435
39391
39381
39347
39322
39198
39196
39140
39140
39140
39086
39021
39010
39002
38909
38876
38854
38843
38806
38796
38754
38691
38683
38551
38543
38422
38395
38226
38200
38173
38060
38056
38048
37999
37915
37875
37857
37803
37784
37757
37661
37579
37579
37377
37372
37323
37309
37274
37261
37238
37203
37200
37186
37143
37081
37030
37027
36955
36952
36865
36773
36758
36746
36722
36707
36690
36664
36657
36652
36651
36571
36570
36556
36550
36537
36477
36426
36379
36299
36277
36245
36210
36207
36181
36170
36071
36054
36020
35822
35758
35758
35749
35745
35739
35737
35733
35722
35630
35618
35568
35513
35488
35471
35466
35466
35444
35386
35348
35319
35305
35293
35275
35216
35110
35015
35003
34993
34957
34945
34911
34889
34836
34742
34728
34675
34635
34596
34595
34555
34487
34463
34407
34336
34314
34302
34281
34246
34239
34218
34210
34166
34160
34090
34013
33973
33928
33920
33853
33797
33775
33757
33705
33686
33664
33630
33606
33537
33517
33504
33479
33475
33466
33459
33453
33357
33357
33330
33248
33138
33113
33106
33098
33001
32938
32900
32791
32769
32745
32734
32712
32589
32586
32554
32526
32509
32423
32225
32223
32143
32086
32086
32077
32054
32033
32014
31885
31881
31857
31836
31820
31819
31813
31764
31755
31694
31686
31670
31665
31639
31627
31597
31595
31586
31497
31482
31476
31446
31389
31330
31303
31229
31221
31185
31183
31168
31119
31091
30988
30976
30949
30904
30890
30831
30814
30790
30789
30780
30753
30707
30698
30652
30607
30565
30561
30473
30472
30472
30439
30432
30424
30398
30347
30292
30222
30216
30190
30138
30100
30087
30027
30022
29995
29957
29888
29850
29806
29778
29739
29684
29648
29635
29593
29484
29395
29387
29372
29363
29358
29331
29272
29247
29242
29191
29184
29118
29109
29096
29083
29076
29074
29063
29052
29028
29022
28881
28714
28705
28658
28638
28604
28537
28527
28515
28509
28506
28442
28416
28360
28338
28269
28258
28229
28191
28090
28065
28004
28001
27946
27937
27895
27833
27816
27798
27667
27655
27590
27533
27521
27480
27388
27360
27309
27273
27257
27226
27171
27170
27094
27055
27016
26992
26972
26955
26888
26887
26834
26815
26778
26645
26641
26565
26522
26430
26399
26363
26332
26296
26274
26261
26232
26214
26165
26154
26122
26083
26072
26055
26011
25909
25900
25885
25881
25875
25859
25812
25807
25759
25676
25523
25507
25486
25483
25419
25373
25266
25249
25143
25109
25105
25100
25083
25062
25040
24994
24984
24907
24873
24858
24857
24840
24817
24742
24728
24728
24672
24641
24618
24617
24589
24581
24565
24561
24486
24454
24450
24449
24383
24353
24315
24277
24187
24166
24137
24133
24085
24075
24071
24071
24054
23976
23974
23968
23965
23936
23878
23873
23844
23839
23802
23660
23609
23536
23535
23506
23500
23469
23420
23404
23403
23388
23349
23328
23267
23237
23150
23137
23099
23070
23065
23029
23014
23005
22952
22947
22937
22911
22863
22861
22803
22787
22730
22653
22648
22629
22628
22552
22550
22548
22504
22501
22483
22428
22427
22422
22403
22357
22343
22329
22324
22314
22282
22203
22181
22167
22127
22115
22104
22079
22071
22071
22040
22037
22008
21988
21984
21978
21924
21908
21802
21680
21660
21649
21636
21619
21613
21552
21546
21541
21502
21482
21478
21357
21356
21296
21252
21096
21061
20963
20952
20941
20909
20892
20798
20783
20761
20756
20743
20735
20718
20660
20637
20629
20580
20508
20480
20473
20469
20396
20392
20384
20380
20363
20360
20315
20314
20255
20236
20209
20205
20191
20184
20172
20172
20171
20099
20087
20083
20070
20064
20019
20011
19927
19910
19842
19840
19793
19662
19564
19513
19511
19465
19349
19339
19319
19292
19271
19268
19221
19220
19202
19199
19134
19083
19069
19043
18946
18927
18905
18881
18692
18691
18644
18615
18500
18483
18429
18397
18365
18308
18267
18255
18229
18198
18149
18048
17991
17984
17981
17964
17889
17878
17849
17636
17616
17612
17585
17527
17451
17437
17367
17365
17361
17361
17337
17318
17287
17235
17187
17140
17105
17089
17065
17060
16993
16980
16961
16958
16936
16857
16843
16827
16801
16790
16784
16714
16704
16684
16630
16575
16568
16554
16551
16493
16476
16457
16426
16389
16372
16357
16310
16249
16242
16193
16140
16121
16025
15970
15854
15803
15785
15780
15774
15771
15764
15759
15740
15726
15635
15519
15384
15333
15246
15205
15054
15047
15016
14991
14984
14952
14936
14913
14910
14894
14890
14889
14887
14828
14827
14743
14742
14723
14710
14674
14654
14614
14573
14559
14436
14425
14401
14356
14355
14346
14338
14328
14293
14255
14209
14181
14104
14009
13991
13951
13944
13940
13888
13876
13807
13802
13780
13722
13714
13685
13678
13676
13652
13537
13529
13478
13447
13414
13368
13363
13357
13265
13257
13229
13150
13006
13002
12995
12980
12970
12967
12933
12897
12822
12764
12739
12681
12656
12651
12645
12636
12635
12628
12580
12562
12411
12390
12386
12384
12379
12347
12294
12261
12249
12232
12227
12191
12115
12106
12101
12036
11957
11919
11890
11817
11812
11767
11727
11706
11688
11653
11638
11585
11568
11496
11490
11353
11322
11301
11290
11287
11229
11175
11001
10994
10969
10833
10771
10747
10742
10742
10736
10694
10653
10592
10571
10566
10543
10532
10514
10463
10460
10459
10425
10421
10362
10339
10288
10254
10241
10232
10231
10214
10133
10046
10002
9979
9943
9931
9889
9871
9837
9805
9772
9748
9727
9695
9651
9571
9475
9435
9416
9367
9358
9358
9318
9286
9281
9276
9255
9245
9226
9219
9202
9199
9168
9162
9092
9088
9088
8961
8752
8743
8719
8711
8680
8680
8665
8663
8628
8623
8610
8560
8464
8455
8432
8336
8326
8307
8245
8243
8239
8194
8122
8101
8066
8002
7894
7858
7791
7671
7650
7632
7631
7619
7610
7582
7557
7465
7442
7283
7233
7194
7115
7073
7032
6946
6932
6923
6868
6834
6831
6829
6817
6804
6791
6788
6720
6652
6642
6542
6428
6397
6360
6358
6343
6309
6289
6210
6137
6106
6102
6079
6066
5969
5954
5932
5882
5812
5810
5721
5715
5710
5705
5643
5623
5560
5537
5520
5513
5500
5486
5470
5467
5463
5416
5375
5368
5345
5321
5320
5296
5267
5207
5194
5113
5047
4963
4952
4900
4868
4792
4684
4643
4585
4458
4275
4237
4216
4211
4201
4201
4197
4188
4168
4153
4099
4020
4000
3942
3834
3726
3689
3633
3617
3577
3536
3525
3506
3432
3384
3304
3281
3276
3273
3241
3230
3226
3151
3148
3131
3115
3108
3108
3104
3016
3015
2994
2967
2959
2885
2799
2770
2763
2737
2685
2606
2538
2537
2526
2517
2498
2494
2440
2380
2374
2351
2281
2276
2252
2221
2216
2146
2142
2066
2045
2036
2010
1951
1921
1866
1733
1651
1618
1577
1548
1467
1449
1400
1380
1377
1269
1260
1238
1237
1230
1205
1192
1168
1166
1095
1065
1017
896
894
864
795
774
768
749
735
639
630
603
532
531
429
353
316
232
229
223
213
165
155
147
103
95
