99890
99847
99777
99603
99470
99226
99220
99013
98796
98644
98603
98588
98562
98435
98306
98290
98143
98130
98129
98068
97979
97751
97720
97664
97659
97610
97371
97222
97143
97036
96641
96624
96384
96331
96238
96200
96044
95776
95754
95747
95386
95303
95248
95183
95088
94819
94660
94512
94499
94439
94249
94187
93955
93617
93578
93381
93141
93128
93117
93045
93017
92935
92808
92569
92398
92362
92342
92341
92319
91810
91700
91668
91615
91592
91296
91177
91167
90945
90934
90896
90636
90630
90606
90588
90382
90378
90253
89934
89907
89904
89737
89721
89537
89409
89244
89231
89211
89171
88969
88819
88754
88539
88180
88167
87902
87858
87785
87752
87670
87360
87322
87215
87167
87142
86999
86851
86840
86774
86652
86620
86515
86473
86269
86237
86231
86174
85980
85905
85826
85733
85711
85704
85526
85294
85212
85071
84867
84823
84818
84631
84622
84616
84449
84334
84007
83987
83931
83911
83715
83441
83260
82985
82886
82769
82764
82757
82627
82404
82211
82167
82000
81994
81853
81778
81701
81680
81569
81537
81514
81460
81398
81107
80826
80645
80588
80468
80466
80454
80450
80204
80184
80007
79880
79864
79760
79719
79582
79367
79109
79098
79049
78833
78624
78578
78529
78414
78344
78123
78095
77899
77876
77753
77480
77347
77206
77025
77004
76908
76906
76888
76743
76621
76611
76482
76348
76305
76301
76240
76109
76095
75980
75977
75937
75840
75781
75780
75615
74860
74856
74533
74517
74508
74382
74381
74371
74282
74219
74167
74026
73897
73858
73842
73642
73581
73464
73391
73307
72942
72811
72803
72742
72740
72688
72497
72487
72430
72408
72320
72069
71775
71616
71541
71532
71395
71337
71197
71182
71158
71108
70689
70582
69979
69889
69807
69762
69663
69516
69365
69276
68976
68961
68953
68839
68836
68794
68661
68626
68498
68450
68449
68416
68351
68125
67731
67669
67648
67550
67460
67331
67296
67280
67259
67179
67150
67051
66906
66895
66819
66684
66474
66412
66405
66295
66151
66139
66070
66016
65867
65785
65782
65641
65568
65508
65109
65087
65071
65061
64879
64667
64572
64428
63996
63963
63720
63612
63429
63387
63272
63216
63177
63123
62876
62821
62698
62613
62573
62541
62464
62372
62127
62124
62100
62067
62046
61915
61915
61666
61424
61379
61357
61177
61001
60864
60738
60504
60487
60387
60310
60242
60063
60062
60033
60013
59959
59899
59863
59761
59749
59720
59673
59375
59352
59308
59278
59258
59136
59121
59094
58899
58680
58629
58581
58517
58512
58391
58329
58202
58053
57889
57805
57549
57446
57404
57384
57290
57209
56921
56773
56622
56541
56359
56318
56309
56251
56144
56115
55962
55683
55606
55573
55513
55503
55206
55172
55116
54992
54987
54898
54818
54778
54673
54593
54584
54546
54537
54494
54450
54414
54413
54407
54197
54175
53982
53967
53658
53630
53438
53384
53328
53264
53235
53228
53023
53003
52987
52911
52662
52574
52452
52443
52382
52194
52071
52050
51956
51667
51448
51187
51180
50998
50983
50982
50837
50765
50736
50723
50713
50637
50557
50534
50483
50468
50461
50327
49977
49886
49856
49613
49507
49485
49478
49303
49178
49076
48959
48957
48832
48667
48642
48606
48602
48526
48524
48522
48491
48371
48209
48071
47893
47736
47708
47705
47527
47491
47469
47288
47199
47199
47060
46932
46922
46734
46726
46660
46554
46532
46477
46290
46242
46220
46194
46153
46059
46055
46015
45835
45820
45712
45673
45561
45462
45414
45404
45399
45346
45255
44913
44886
44879
44865
44821
44820
44817
44544
44400
44308
44224
44162
44094
43934
43673
43660
43452
43290
43215
43212
43162
43040
42973
42603
42561
42548
42415
42379
42287
42110
42095
41977
41899
41800
41729
41610
41535
41489
41414
41382
41365
41319
41059
41025
40930
40845
40815
40669
40561
40355
40299
40276
40193
40157
39993
39862
39798
39783
39741
39726
39685
39635
39620
39275
39026
39017
38825
38822
38655
38538
38521
38500
38464
38416
38100
38031
37766
37677
37675
37643
37538
37156
37127
36977
36821
36801
36701
36678
36653
36331
36124
36085
36002
35953
35883
35800
35788
35788
35698
35230
35218
35200
35200
34937
34875
34839
34720
34525
34489
34328
34280
34236
34235
34220
34118
34078
33980
33946
33884
33784
33707
33644
33589
33579
33528
33352
32974
32963
32947
32735
32558
32556
32555
32493
32457
32341
32306
32262
32243
32107
32011
31865
31851
31727
31666
31656
31636
31513
31478
31449
31412
31406
31393
31291
31106
30968
30954
30855
30830
30781
30767
30764
30698
30561
30431
30406
30358
30271
30141
30139
30125
29736
29667
29589
29554
29441
29387
29374
29303
29188
29161
29002
28995
28993
28747
28742
28692
28571
28249
28204
27996
27970
27922
27922
27863
27773
27687
27533
27216
27100
26996
26898
26724
26663
26606
26587
26567
26439
26404
26284
26221
26061
26057
25860
25807
25599
25594
25460
25452
25343
25243
25127
24890
24788
24405
24134
24009
23937
23810
23761
23601
23560
23264
23150
23134
23086
23036
22952
22925
22763
22620
22594
22518
22355
22338
22272
22233
22226
22190
22173
22061
21891
21878
21837
21632
21611
21579
21515
21500
21398
21340
21211
21163
21054
20976
20957
20906
20784
20704
20410
20100
19971
19894
19886
19761
19751
19701
19695
19562
19470
19371
19199
19195
19186
19173
19156
18937
18726
18689
18638
18571
18481
18345
18287
18287
18216
18072
17959
17926
17898
17328
17325
17017
16818
16575
16490
16480
16470
16334
16294
16201
15948
15819
15734
15368
15323
14873
14660
14252
13951
13835
13835
13764
13610
13395
13355
13029
12679
12505
12424
12423
12414
12405
12258
12096
11948
11928
11896
11690
11537
11530
11462
11404
11378
11364
11337
11253
11172
11125
11038
10804
10741
10615
10493
10489
10332
10147
10144
10030
9547
9519
9234
9095
9092
9089
9021
8984
8965
8950
8924
8729
8692
8466
8432
8368
8265
8144
8133
7990
7746
7744
7627
7573
7441
7229
7180
7042
6974
6925
6835
6703
6681
6477
6293
6292
6246
6095
6033
5924
5374
5127
5095
4992
4947
4795
4685
4677
4648
4495
4424
4399
4358
4184
4059
3999
3965
3961
3890
3825
3525
3218
3069
3067
3048
2971
2934
2883
2549
2474
2443
2435
2358
2349
2115
2091
2021
1864
1839
1704
1667
1387
1290
1260
1196
1107
899
737
659
643
595
423
235
150
35
