99770
98727
98462
98418
96882
96851
96723
95725
94862
94565
94244
92935
92737
92257
92030
91509
91378
91292
91217
90731
90680
90336
89947
89938
89781
89490
89084
88810
88546
88240
88105
87710
87039
86698
86274
86249
85688
84162
84015
83606
82894
81276
81057
80843
80792
80679
80381
80155
80142
79612
79412
78225
78223
78114
77913
77811
77074
76839
76565
76173
76043
74527
74221
74203
73192
72776
72453
71734
71690
71490
70519
70371
70258
70030
69811
69116
67828
67772
67593
67285
67203
66969
66924
64914
64652
64244
64139
64050
64039
63786
63706
63440
63188
62244
61529
61190
60742
59930
59559
59486
59454
59452
58451
58354
58203
58033
57945
57720
55937
55860
55290
54664
54122
53795
53592
53189
53046
52889
52022
51596
51009
50279
50212
49754
49267
48938
48398
47286
46897
46712
46694
46457
46143
45943
45781
45723
45297
45295
45050
45048
45042
44905
44217
44146
43548
43044
42711
42705
42577
42280
41940
40631
40473
40434
40418
40134
39829
39736
39707
38868
38600
38432
38166
37882
37439
37220
37152
37023
36621
36014
35737
34792
34759
34610
33753
33669
33244
31262
31072
30798
30632
30515
30175
29443
29431
28540
28438
28140
28140
27799
26679
26056
25959
25449
25062
24748
24331
23877
22372
22228
22198
22063
21674
21572
21523
21056
20973
19782
19379
18670
17755
17337
16311
16189
15529
14604
14372
14106
13247
12899
11943
11850
10846
10806
10005
9859
8988
8427
8313
8208
7772
7555
6725
6252
5825
5700
4811
3944
3490
3421
3048
2979
2678
2655
2540
2489
1785
1702
1602
1456
