99968
99895
99832
99818
99813
99806
99738
99737
99684
99669
99605
99585
99573
99559
99527
99514
99497
99428
99413
99404
99394
99378
99321
99319
99284
99135
99103
99075
99052
99045
99024
98987
98973
98935
98925
98896
98870
98841
98837
98831
98826
98822
98796
98765
98732
98726
98721
98670
98628
98622
98598
98587
98536
98526
98524
98485
98479
98463
98462
98440
98415
98415
98407
98396
98374
98368
98361
98306
98287
98277
98241
98236
98233
98196
98193
98166
98145
98075
98048
98033
98022
98000
97989
97967
97964
97963
97950
97933
97884
97869
97857
97856
97844
97819
97815
97797
97794
97792
97791
97770
97746
97736
97726
97715
97648
97648
97639
97639
97637
97631
97631
97618
97597
97526
97516
97504
97492
97483
97478
97471
97456
97441
97436
97415
97393
97349
97347
97347
97328
97324
97257
97232
97205
97201
97167
97100
97096
97087
97081
97036
96992
96983
96978
96959
96863
96843
96831
96829
96825
96824
96775
96768
96682
96670
96647
96631
96629
96579
96561
96497
96461
96456
96445
96404
96376
96373
96369
96366
96351
96330
96327
96327
96292
96278
96267
96249
96191
96185
96176
96168
96168
96159
96141
96128
96120
96113
96089
96089
96030
96003
95917
95896
95875
95843
95842
95827
95767
95758
95752
95747
95744
95694
95675
95670
95638
95629
95602
95588
95501
95466
95438
95412
95408
95394
95362
95355
95319
95285
95255
95253
95192
95158
95151
95110
95085
95071
95040
95034
95028
95023
95019
95005
94984
94973
94972
94962
94932
94913
94882
94833
94817
94800
94732
94731
94690
94674
94666
94636
94616
94613
94577
94568
94518
94491
94483
94452
94429
94295
94284
94247
94239
94216
94196
94153
94136
94099
94099
94097
94062
94021
94011
93984
93971
93947
93896
93831
93820
93808
93808
93796
93620
93610
93605
93562
93561
93548
93543
93511
93484
93472
93458
93411
93379
93363
93358
93351
93348
93325
93323
93246
93243
93213
93211
93203
93182
93095
93090
93088
93067
92990
92957
92956
92910
92903
92795
92760
92746
92741
92728
92659
92619
92608
92578
92566
92518
92476
92406
92329
92320
92284
92281
92273
92272
92224
92212
92082
92073
92063
92061
92055
91996
91984
91981
91975
91969
91954
91925
91881
91880
91870
91790
91786
91757
91751
91741
91738
91738
91663
91659
91626
91617
91591
91544
91534
91525
91494
91488
91458
91455
91429
91429
91416
91376
91318
91312
91304
91277
91271
91270
91216
91208
91200
91187
91136
91098
91034
90919
90893
90868
90812
90795
90778
90773
90752
90722
90672
90663
90626
90595
90521
90518
90513
90495
90487
90474
90355
90332
90303
90293
90267
90259
90237
90223
90176
90168
90157
90156
90127
90118
90107
90100
90072
90041
90010
90003
89992
89986
89968
89929
89884
89863
89851
89829
89780
89773
89587
89559
89555
89542
89534
89523
89517
89496
89495
89487
89402
89396
89390
89371
89353
89344
89315
89302
89252
89227
89212
89192
89188
89180
89168
89158
89150
89149
89142
89137
89128
89108
89104
89082
89022
89020
88985
88983
88975
88959
88742
88701
88678
88671
88662
88648
88646
88625
88610
88591
88568
88558
88544
88535
88518
88500
88488
88453
88439
88426
88424
88393
88357
88352
88341
88321
88305
88227
88224
88224
88223
88222
88186
88105
88039
88014
88007
88005
87996
87991
87983
87980
87921
87879
87871
87851
87837
87810
87773
87745
87703
87666
87643
87614
87606
87603
87591
87590
87588
87576
87566
87551
87529
87527
87479
87475
87417
87407
87386
87374
87373
87368
87359
87338
87325
87305
87276
87263
87251
87239
87233
87222
87171
87170
87136
87136
87125
87118
87098
87080
87078
87049
87032
86996
86980
86968
86927
86920
86908
86899
86871
86867
86866
86851
86840
86821
86819
86791
86740
86740
86731
86720
86692
86659
86654
86646
86643
86610
86495
86487
86471
86431
86406
86399
86390
86378
86357
86342
86317
86308
86307
86300
86292
86270
86262
86195
86182
86179
86178
86167
86166
86149
86145
86125
86124
86071
86065
86011
85965
85960
85936
85933
85913
85876
85860
85856
85842
85837
85790
85716
85713
85686
85676
85675
85656
85650
85629
85619
85593
85593
85592
85552
85535
85468
85464
85459
85457
85457
85415
85379
85375
85375
85364
85350
85339
85332
85331
85315
85310
85310
85301
85272
85262
85194
85172
85161
85122
85122
85016
85008
84999
84939
84914
84887
84873
84870
84805
84780
84758
84751
84750
84735
84703
84695
84691
84641
84629
84575
84570
84555
84531
84514
84504
84496
84490
84461
84420
84418
84400
84388
84385
84373
84361
84288
84276
84261
84227
84188
84182
84179
84170
84168
84040
84038
84004
83980
83871
83855
83848
83809
83785
83772
83718
83695
83689
83663
83640
83629
83618
83599
83587
83502
83489
83484
83473
83471
83458
83380
83366
83351
83327
83326
83284
83069
83066
83065
83049
83019
82991
82975
82933
82924
82908
82886
82883
82863
82847
82846
82816
82801
82786
82758
82724
82721
82701
82700
82690
82642
82606
82580
82569
82514
82512
82496
82485
82420
82322
82283
82252
82230
82225
82212
82195
82195
82165
82163
82148
82127
82123
82112
82084
82066
82064
82063
82052
82048
82045
82035
82023
82016
82013
82013
81948
81916
81914
81903
81898
81866
81864
81857
81829
81822
81812
81787
81721
81719
81714
81702
81693
81594
81579
81566
81542
81474
81473
81428
81419
81412
81409
81406
81402
81392
81364
81344
81323
81274
81243
81216
81194
81185
81160
81144
81126
81085
81071
80971
80969
80946
80942
80865
80850
80846
80838
80810
80806
80804
80752
80743
80712
80693
80647
80603
80593
80579
80576
80540
80515
80479
80466
80449
80440
80379
80379
80364
80343
80332
80294
80290
80285
80237
80198
80188
80173
80160
80141
80139
80132
80087
80070
79983
79981
79972
79963
79935
79888
79857
79844
79835
79806
79803
79803
79800
79792
79766
79764
79726
79719
79717
79658
79597
79596
79527
79515
79484
79380
79355
79300
79219
79217
79197
79188
79150
79150
79135
79124
79097
79072
79070
79048
79039
79039
78990
78983
78926
78916
78849
78807
78787
78772
78767
78759
78758
78750
78714
78689
78676
78665
78652
78637
78619
78606
78589
78560
78550
78521
78503
78501
78483
78476
78465
78464
78420
78341
78340
78328
78314
78294
78288
78264
78258
78255
78250
78190
78161
78105
78078
78050
78045
78037
78029
77988
77983
77970
77922
77868
77840
77794
77794
77770
77735
77726
77721
77720
77689
77670
77670
77637
77615
77589
77586
77555
77553
77505
77441
77439
77406
77400
77392
77367
77342
77335
77316
77256
77158
77150
77110
77104
77074
77070
77034
77009
77000
76975
76960
76958
76937
76878
76877
76776
76755
76727
76710
76688
76677
76659
76658
76654
76629
76613
76593
76590
76586
76573
76572
76556
76529
76527
76510
76492
76449
76448
76425
76342
76338
76337
76334
76247
76240
76212
76201
76148
76141
76136
76080
76052
75979
75958
75957
75945
75871
75870
75859
75844
75831
75830
75819
75806
75787
75697
75696
75672
75620
75584
75523
75522
75468
75445
75431
75401
75379
75348
75322
75252
75237
75236
75234
75228
75227
75188
75181
75161
75106
75097
75090
75060
75057
75055
74991
74976
74970
74958
74956
74948
74909
74898
74878
74858
74852
74825
74815
74809
74804
74794
74779
74763
74750
74689
74624
74614
74612
74609
74591
74568
74548
74546
74521
74499
74481
74434
74430
74343
74340
74295
74294
74244
74234
74164
74129
74126
74093
74091
74087
74079
74070
73978
73965
73960
73902
73896
73879
73858
73855
73820
73800
73789
73788
73786
73750
73713
73709
73702
73677
73668
73578
73577
73561
73555
73453
73440
73380
73302
73274
73274
73263
73257
73242
73233
73220
73220
73213
73159
73144
73142
73121
73117
73111
73093
73046
73043
73040
73036
73034
73028
73018
73013
72995
72989
72988
72984
72978
72951
72949
72850
72834
72763
72699
72659
72658
72648
72604
72597
72574
72569
72554
72468
72419
72405
72396
72382
72380
72369
72330
72312
72291
72279
72254
72244
72223
72218
72174
72150
72068
72041
72017
71953
71878
71871
71865
71831
71829
71789
71765
71757
71745
71737
71722
71701
71681
71628
71579
71567
71559
71552
71510
71465
71457
71451
71443
71441
71339
71337
71335
71333
71292
71288
71265
71262
71256
71233
71227
71208
71176
71168
71161
71144
71104
71025
71009
71006
70992
70981
70980
70970
70952
70903
70873
70856
70855
70818
70809
70753
70731
70713
70710
70701
70691
70613
70583
70532
70525
70485
70455
70444
70424
70417
70354
70328
70313
70307
70293
70285
70274
70256
70221
70215
70171
70150
70147
70136
70114
70075
70063
70044
70029
70024
70021
69995
69994
69958
69915
69882
69859
69819
69813
69729
69719
69703
69678
69660
69633
69609
69604
69591
69564
69509
69478
69462
69456
69439
69344
69324
69321
69316
69288
69283
69229
69135
69125
69080
69061
69028
69014
68991
68976
68962
68908
68891
68839
68838
68836
68783
68766
68745
68700
68698
68674
68673
68658
68649
68647
68645
68631
68625
68611
68603
68600
68598
68592
68579
68577
68557
68551
68530
68515
68511
68508
68498
68479
68451
68435
68434
68422
68422
68407
68407
68396
68383
68321
68315
68289
68281
68280
68218
68173
68161
68120
68106
68100
68060
68051
68045
68037
68016
68008
67965
67957
67952
67920
67885
67871
67870
67867
67864
67856
67852
67844
67838
67782
67760
67747
67711
67703
67645
67643
67641
67632
67626
67570
67553
67546
67540
67528
67446
67431
67384
67362
67347
67305
67289
67269
67266
67222
67176
67167
67165
67093
67066
67055
67029
67023
66916
66914
66848
66822
66811
66761
66752
66744
66734
66717
66715
66711
66705
66685
66640
66639
66636
66630
66598
66598
66586
66572
66569
66538
66536
66536
66529
66516
66504
66497
66493
66439
66417
66370
66369
66361
66359
66322
66309
66285
66257
66252
66250
66249
66212
66192
66174
66156
66111
66084
66082
66061
66052
66043
66020
66017
65976
65972
65951
65923
65888
65866
65833
65819
65809
65779
65764
65709
65606
65602
65581
65541
65537
65526
65489
65485
65475
65465
65451
65419
65343
65340
65290
65281
65235
65209
65191
65163
65144
65116
65061
65056
65049
65022
65020
64990
64919
64916
64847
64835
64825
64813
64792
64784
64765
64760
64728
64676
64676
64671
64636
64617
64582
64564
64563
64553
64486
64415
64401
64398
64354
64315
64290
64281
64232
64212
64176
64168
64147
64018
63954
63922
63872
63862
63846
63839
63827
63822
63820
63805
63789
63783
63754
63752
63734
63730
63677
63667
63643
63603
63581
63551
63512
63496
63465
63465
63458
63456
63446
63437
63382
63362
63353
63349
63320
63298
63298
63251
63202
63189
63160
63098
63033
63027
63008
62963
62958
62956
62930
62899
62889
62879
62844
62828
62797
62766
62742
62735
62693
62680
62625
62624
62611
62587
62578
62576
62567
62528
62527
62434
62428
62366
62363
62322
62261
62189
62163
62149
62142
62055
62049
61985
61985
61962
61960
61910
61880
61869
61857
61853
61843
61839
61838
61804
61772
61728
61717
61705
61705
61694
61651
61638
61627
61573
61542
61541
61523
61501
61486
61483
61477
61469
61462
61460
61446
61430
61424
61398
61375
61360
61328
61319
61308
61285
61271
61261
61259
61242
61197
61189
61145
61121
61090
61079
61079
61073
61070
61059
60943
60904
60895
60854
60845
60844
60843
60837
60837
60828
60824
60802
60786
60763
60746
60719
60717
60679
60661
60634
60585
60559
60534
60527
60470
60452
60371
60347
60311
60307
60285
60269
60266
60237
60235
60182
60178
60164
60147
60108
60094
60083
60035
60021
60008
59975
59953
59905
59857
59850
59846
59835
59832
59812
59761
59757
59703
59693
59665
59656
59572
59483
59465
59445
59423
59416
59414
59385
59384
59378
59311
59294
59276
59251
59237
59225
59225
59180
59133
59125
59119
59108
59036
59023
59000
58996
58923
58887
58885
58880
58874
58847
58846
58811
58785
58770
58759
58749
58744
58728
58686
58665
58654
58649
58623
58622
58619
58605
58589
58547
58545
58543
58513
58489
58434
58431
58384
58350
58348
58331
58324
58311
58309
58291
58258
58236
58213
58205
58201
58192
58190
58173
58159
58147
58129
58117
58078
58073
57977
57975
57968
57943
57930
57924
57887
57858
57853
57830
57772
57762
57700
57666
57646
57646
57592
57562
57519
57504
57503
57484
57478
57468
57444
57394
57389
57369
57313
57290
57279
57256
57250
57219
57211
57148
57128
57126
57036
56995
56970
56943
56870
56851
56818
56809
56808
56799
56797
56790
56711
56690
56660
56656
56647
56618
56561
56469
56469
56467
56465
56456
56441
56433
56388
56379
56368
56361
56305
56276
56272
56188
56185
56176
56144
56093
56035
56032
56020
56019
56014
55947
55847
55838
55804
55730
55709
55707
55706
55705
55692
55680
55652
55647
55641
55638
55628
55597
55576
55565
55547
55503
55494
55476
55444
55442
55410
55371
55366
55326
55302
55299
55272
55254
55238
55198
55192
55185
55179
55173
55167
55161
55114
55111
55105
55103
55069
54995
54978
54977
54902
54900
54864
54861
54855
54839
54836
54778
54762
54755
54749
54720
54682
54681
54666
54655
54638
54629
54626
54608
54595
54563
54541
54510
54503
54490
54476
54475
54416
54392
54342
54330
54327
54313
54300
54296
54294
54291
54252
54216
54167
54058
54033
54031
54006
53990
53872
53869
53829
53816
53795
53749
53740
53727
53702
53679
53671
53555
53544
53491
53458
53440
53414
53402
53394
53360
53343
53312
53273
53253
53248
53173
53068
53063
53028
53028
53002
52999
52999
52985
52941
52927
52817
52784
52672
52651
52630
52626
52624
52620
52619
52538
52537
52505
52474
52454
52384
52366
52363
52346
52335
52289
52284
52269
52254
52229
52227
52201
52196
52100
52094
52084
52046
51981
51964
51933
51925
51899
51893
51828
51800
51796
51791
51725
51711
51704
51687
51679
51656
51647
51644
51643
51632
51601
51549
51539
51455
51445
51421
51372
51359
51341
51335
51248
51218
51167
51146
51118
51064
51063
51062
51054
51049
51008
50985
50959
50959
50958
50935
50920
50894
50858
50822
50789
50768
50768
50755
50748
50740
50733
50671
50577
50552
50545
50536
50532
50495
50487
50485
50476
50451
50432
50427
50421
50419
50343
50322
50308
50293
50273
50256
50253
50246
50226
50153
50142
50045
50038
50034
50007
49978
49925
49920
49917
49884
49844
49841
49830
49804
49801
49787
49784
49777
49775
49768
49755
49752
49728
49698
49679
49638
49603
49539
49531
49530
49514
49482
49413
49389
49387
49372
49341
49311
49277
49266
49246
49233
49220
49216
49171
49167
49166
49166
49131
49130
49117
49117
49098
49085
49075
49074
49060
49051
49012
49009
48968
48927
48882
48842
48832
48830
48816
48790
48779
48758
48747
48741
48713
48707
48697
48638
48634
48625
48622
48607
48605
48589
48578
48575
48568
48567
48549
48516
48502
48493
48490
48485
48477
48474
48461
48445
48439
48397
48382
48342
48327
48311
48291
48286
48239
48236
48220
48219
48205
48138
48131
48125
48067
48015
48003
48003
47951
47951
47886
47885
47853
47837
47832
47828
47769
47725
47717
47708
47701
47693
47623
47612
47599
47548
47538
47524
47511
47466
47418
47415
47398
47394
47384
47378
47366
47353
47313
47300
47295
47276
47206
47202
47196
47187
47150
47131
47092
47031
46974
46960
46958
46954
46950
46949
46931
46883
46838
46829
46817
46799
46799
46773
46749
46745
46725
46704
46703
46661
46612
46566
46565
46558
46543
46492
46489
46473
46467
46427
46399
46345
46333
46246
46240
46189
46186
46182
46168
46120
46110
46069
46051
46051
46039
46003
45982
45959
45958
45945
45904
45904
45831
45795
45792
45790
45752
45708
45688
45683
45679
45665
45581
45568
45565
45543
45513
45493
45471
45440
45395
45386
45355
45300
45225
45190
45185
45160
45156
45108
45062
44990
44984
44952
44924
44910
44848
44828
44781
44777
44705
44685
44675
44668
44628
44625
44624
44603
44582
44505
44497
44440
44426
44416
44403
44396
44347
44333
44268
44232
44226
44189
44160
44148
44141
44059
44038
44036
44005
43959
43938
43933
43929
43873
43850
43844
43840
43830
43825
43825
43820
43776
43770
43719
43693
43690
43685
43666
43664
43614
43575
43515
43512
43471
43471
43418
43412
43408
43405
43326
43253
43244
43225
43168
43128
43115
43060
43051
43034
43023
42991
42977
42976
42929
42890
42878
42871
42861
42834
42825
42822
42796
42725
42710
42709
42694
42690
42676
42614
42553
42517
42500
42489
42465
42431
42420
42414
42390
42348
42313
42273
42261
42257
42219
42195
42192
42182
42148
42141
42125
42011
41985
41982
41974
41930
41914
41875
41873
41837
41836
41800
41792
41778
41764
41758
41723
41707
41673
41659
41649
41529
41527
41522
41503
41484
41462
41423
41417
41396
41372
41371
41356
41356
41349
41349
41292
41277
41276
41242
41224
41219
41188
41166
41144
41137
41105
41054
41032
41023
41014
40981
40979
40963
40944
40937
40909
40877
40868
40836
40827
40819
40754
40713
40711
40680
40669
40669
40653
40640
40638
40610
40590
40545
40528
40525
40501
40456
40427
40419
40410
40372
40328
40289
40220
40215
40212
40203
40200
40180
40114
40110
40099
40089
40072
40038
40035
40033
39968
39952
39942
39902
39870
39859
39858
39833
39812
39802
39801
39732
39726
39722
39707
39685
39684
39665
39665
39628
39585
39576
39567
39527
39526
39518
39493
39477
39476
39440
39439
39389
39387
39370
39365
39328
39225
39202
39199
39169
39141
39141
39135
39100
39079
39067
39059
39000
39000
38951
38944
38920
38905
38894
38851
38835
38815
38802
38776
38771
38722
38700
38699
38689
38660
38650
38637
38597
38595
38587
38582
38573
38543
38537
38467
38450
38440
38401
38399
38379
38371
38364
38359
38358
38334
38334
38302
38293
38262
38261
38256
38250
38248
38146
38086
38084
38081
38064
38062
38041
37973
37922
37918
37917
37895
37827
37826
37740
37728
37705
37656
37629
37627
37599
37573
37559
37535
37497
37461
37452
37435
37395
37389
37362
37352
37283
37259
37241
37241
37230
37198
37195
37127
37116
37102
37055
37038
36999
36972
36970
36963
36910
36884
36855
36823
36787
36775
36755
36719
36702
36693
36666
36639
36590
36582
36561
36555
36551
36497
36482
36481
36449
36444
36411
36388
36374
36369
36365
36360
36346
36311
36289
36286
36282
36281
36230
36209
36205
36176
36174
36162
36094
36062
36059
36030
36012
35998
35989
35977
35942
35926
35911
35889
35889
35872
35857
35836
35826
35785
35774
35768
35726
35719
35717
35696
35691
35677
35671
35665
35664
35656
35651
35610
35607
35600
35574
35573
35527
35526
35468
35446
35413
35411
35400
35342
35294
35239
35238
35220
35196
35189
35184
35170
35110
35083
35063
35061
35055
35044
35012
35007
34935
34932
34911
34879
34818
34787
34787
34764
34756
34738
34730
34727
34701
34666
34656
34652
34639
34609
34556
34546
34539
34477
34459
34418
34414
34366
34365
34351
34324
34311
34302
34294
34291
34290
34286
34210
34204
34199
34189
34185
34137
34113
34097
34087
34021
34019
33998
33993
33953
33949
33931
33921
33899
33893
33881
33877
33875
33867
33859
33826
33808
33806
33805
33795
33794
33750
33724
33717
33701
33667
33663
33644
33638
33635
33536
33495
33478
33453
33448
33443
33436
33382
33332
33295
33267
33225
33152
33138
33129
33117
33098
33063
33020
32985
32950
32940
32907
32904
32860
32830
32829
32816
32813
32661
32623
32596
32587
32555
32540
32482
32482
32468
32400
32362
32335
32312
32310
32303
32255
32250
32149
32120
32055
32021
32017
32008
31943
31930
31928
31915
31869
31860
31858
31850
31846
31754
31739
31714
31657
31596
31588
31561
31549
31534
31520
31499
31396
31395
31388
31252
31221
31113
31103
31100
31099
31092
31076
30981
30980
30937
30925
30895
30852
30831
30804
30773
30765
30742
30733
30722
30688
30674
30656
30641
30616
30591
30551
30528
30526
30478
30459
30459
30454
30443
30441
30369
30350
30340
30339
30323
30314
30230
30210
30205
30204
30185
30159
30129
30124
30102
30093
30089
30084
30071
29992
29980
29940
29932
29925
29917
29844
29806
29774
29768
29753
29719
29716
29683
29654
29635
29630
29616
29590
29538
29495
29490
29482
29476
29473
29466
29466
29444
29403
29364
29348
29332
29292
29287
29276
29260
29229
29171
29154
29152
29126
29113
29071
29008
29006
29004
28991
28971
28948
28933
28933
28871
28856
28835
28793
28775
28674
28669
28643
28635
28616
28602
28586
28577
28567
28541
28474
28471
28422
28404
28399
28356
28350
28341
28322
28286
28269
28256
28232
28221
28199
28158
28153
28148
28139
28104
28093
28063
28040
27987
27966
27959
27901
27835
27831
27824
27791
27752
27674
27673
27638
27610
27600
27590
27584
27576
27550
27517
27504
27484
27484
27483
27444
27429
27423
27420
27406
27392
27371
27362
27338
27322
27316
27268
27264
27214
27203
27199
27190
27166
27096
27058
27045
27032
27027
26921
26895
26868
26821
26803
26766
26753
26724
26696
26694
26694
26691
26690
26672
26657
26644
26625
26552
26547
26530
26469
26448
26429
26429
26356
26334
26308
26302
26289
26278
26263
26263
26212
26198
26189
26171
26099
26075
26040
25985
25982
25959
25946
25919
25915
25889
25875
25870
25869
25799
25794
25791
25750
25734
25714
25710
25645
25640
25637
25632
25619
25593
25576
25562
25516
25482
25444
25442
25432
25426
25421
25405
25390
25388
25356
25349
25329
25310
25304
25238
25145
25128
25065
25055
25048
25028
24967
24940
24915
24866
24820
24809
24809
24771
24767
24765
24763
24725
24706
24690
24661
24610
24606
24597
24577
24545
24521
24513
24443
24396
24380
24357
24353
24305
24301
24296
24281
24231
24227
24192
24173
24156
24154
24120
24114
24110
24101
24090
24072
24048
24031
24030
24021
24004
23997
23997
23988
23981
23953
23946
23936
23909
23868
23862
23843
23841
23808
23807
23768
23720
23701
23679
23679
23658
23639
23635
23621
23583
23552
23531
23442
23424
23407
23394
23385
23326
23299
23273
23262
23227
23159
23151
23146
23146
23089
23083
23077
23049
23010
22998
22978
22942
22928
22899
22867
22851
22806
22759
22758
22748
22735
22732
22729
22725
22685
22677
22673
22607
22554
22477
22465
22420
22408
22407
22394
22389
22332
22315
22308
22298
22295
22281
22269
22261
22254
22241
22211
22173
22145
22109
22070
22034
22022
22011
21990
21919
21891
21887
21884
21882
21877
21874
21867
21855
21814
21810
21782
21759
21726
21710
21670
21670
21663
21660
21650
21589
21516
21514
21473
21455
21430
21410
21362
21340
21312
21309
21268
21194
21148
21123
21117
21100
21072
21068
21063
21062
21054
21025
21009
21007
20980
20942
20929
20849
20813
20770
20767
20755
20677
20618
20605
20600
20562
20550
20549
20543
20543
20539
20526
20511
20476
20474
20454
20408
20366
20340
20337
20337
20325
20306
20305
20227
20225
20203
20189
20094
20064
20064
20030
20021
19993
19973
19946
19906
19856
19851
19765
19758
19743
19707
19683
19664
19622
19601
19532
19524
19475
19473
19471
19454
19417
19387
19360
19348
19320
19264
19244
19241
19233
19232
19169
19153
19127
19115
19101
19068
19046
19036
19028
19020
18994
18936
18928
18879
18853
18839
18835
18806
18803
18791
18785
18758
18755
18734
18734
18734
18728
18724
18686
18668
18649
18614
18612
18564
18522
18502
18495
18485
18462
18453
18446
18424
18352
18346
18343
18319
18305
18257
18237
18235
18173
18167
18165
18153
18143
18143
18140
18134
18123
18122
18072
18054
18044
18011
17999
17987
17911
17908
17907
17901
17860
17843
17832
17824
17801
17799
17792
17760
17731
17703
17698
17647
17646
17590
17587
17524
17520
17506
17473
17458
17442
17441
17422
17420
17417
17339
17323
17318
17311
17296
17251
17216
17201
17191
17189
17176
17116
17106
17096
17055
17053
17051
17013
17013
16992
16991
16975
16949
16949
16917
16854
16853
16838
16754
16716
16705
16691
16688
16656
16643
16620
16596
16543
16539
16485
16478
16362
16357
16319
16308
16174
16173
16149
16108
16067
16029
16026
16024
16024
15998
15983
15956
15954
15900
15892
15882
15850
15848
15836
15814
15791
15743
15708
15676
15654
15651
15650
15636
15628
15624
15568
15559
15544
15542
15530
15520
15504
15502
15490
15463
15436
15423
15414
15410
15407
15395
15351
15347
15342
15329
15310
15307
15289
15259
15195
15170
15159
15136
15117
15082
15078
15051
15035
15011
15010
14936
14933
14920
14917
14866
14866
14861
14842
14836
14821
14814
14814
14794
14762
14756
14703
14682
14677
14661
14608
14594
14593
14593
14557
14524
14504
14500
14494
14471
14464
14460
14448
14447
14440
14435
14387
14375
14324
14296
14234
14220
14200
14169
14137
14121
14113
14110
14108
14089
14041
14040
14020
14001
13984
13971
13945
13903
13896
13891
13828
13800
13799
13783
13695
13690
13672
13668
13639
13598
13587
13497
13492
13480
13475
13463
13432
13418
13394
13295
13278
13268
13255
13247
13221
13197
13194
13192
13178
13145
13140
13137
13131
13084
13067
13054
12990
12975
12974
12906
12904
12871
12857
12856
12819
12792
12792
12789
12760
12753
12715
12704
12703
12699
12690
12624
12613
12609
12584
12537
12537
12481
12470
12434
12433
12432
12431
12414
12393
12376
12327
12326
12313
12269
12266
12242
12241
12210
12185
12184
12149
12125
12091
12077
12073
12066
12053
12005
11913
11898
11888
11885
11875
11870
11868
11856
11840
11823
11822
11807
11776
11774
11754
11729
11725
11708
11664
11643
11619
11594
11578
11554
11496
11479
11445
11441
11421
11401
11400
11363
11351
11314
11299
11298
11283
11262
11252
11225
11217
11207
11171
11169
11167
11158
11158
11158
11155
11153
11137
11135
11126
11117
11096
11074
11061
11049
11024
11014
11012
11012
10983
10952
10920
10879
10872
10869
10837
10811
10755
10729
10711
10666
10654
10608
10601
10589
10506
10491
10485
10434
10367
10321
10216
10205
10170
10170
10157
10155
10139
10137
10089
10079
10069
10065
10059
10055
10052
10051
10050
10046
10041
10023
10009
9967
9915
9906
9824
9803
9794
9780
9776
9769
9766
9760
9745
9713
9690
9586
9582
9553
9546
9531
9471
9449
9439
9403
9379
9365
9357
9325
9309
9274
9229
9209
9203
9131
9126
9108
9095
9037
9009
9008
8992
8987
8962
8925
8890
8887
8848
8846
8809
8773
8768
8707
8700
8696
8683
8559
8555
8524
8523
8513
8513
8503
8466
8295
8277
8211
8171
8091
8054
8025
8001
7939
7895
7869
7865
7863
7854
7841
7839
7820
7794
7757
7736
7722
7663
7636
7613
7587
7575
7565
7560
7557
7541
7521
7490
7490
7484
7470
7456
7445
7426
7368
7355
7276
7274
7251
7222
7221
7175
7158
7153
7150
7142
7127
7122
7108
7088
7060
7048
7044
7017
7002
7002
6970
6960
6956
6926
6905
6875
6867
6858
6834
6822
6784
6773
6747
6740
6724
6723
6651
6644
6634
6585
6582
6564
6556
6541
6536
6536
6535
6530
6520
6484
6449
6440
6426
6376
6353
6343
6305
6302
6289
6261
6222
6202
6183
6147
6139
6102
6086
6079
6055
6053
6051
6045
6008
5988
5985
5958
5923
5902
5827
5819
5812
5783
5779
5775
5773
5764
5749
5731
5687
5647
5644
5632
5597
5593
5547
5537
5512
5478
5477
5444
5436
5433
5392
5385
5345
5338
5325
5265
5262
5245
5219
5176
5136
5133
5128
5091
5059
5055
5017
4987
4984
4957
4866
4834
4803
4760
4752
4732
4701
4693
4607
4566
4555
4539
4518
4513
4492
4467
4467
4450
4406
4388
4343
4329
4325
4314
4296
4290
4249
4237
4229
4179
4163
4148
4040
4034
4031
4016
4001
3968
3955
3939
3938
3918
3901
3892
3868
3864
3790
3764
3735
3733
3719
3683
3637
3628
3619
3607
3587
3586
3582
3581
3574
3526
3511
3498
3492
3460
3456
3440
3439
3437
3435
3423
3417
3409
3408
3396
3239
3233
3223
3147
3130
3121
3113
3062
3050
3046
3036
3030
3020
3020
2998
2930
2900
2883
2876
2853
2853
2843
2836
2818
2765
2763
2762
2668
2631
2618
2612
2584
2541
2505
2457
2454
2342
2331
2297
2296
2260
2254
2251
2242
2239
2230
2227
2225
2218
2193
2142
2131
2120
2119
2009
1990
1963
1957
1922
1913
1906
1896
1876
1867
1850
1838
1820
1794
1775
1766
1741
1705
1694
1694
1691
1663
1650
1589
1565
1550
1527
1504
1475
1454
1453
1411
1369
1321
1310
1297
1274
1248
1233
1195
1170
1077
1061
1049
1041
1018
1002
1002
969
956
923
908
905
905
880
863
856
817
815
810
786
767
754
744
741
741
724
705
704
702
696
694
675
674
672
658
638
556
516
473
448
399
396
374
336
323
308
261
237
175
161
150
142
139
106
101
68
26
