99909
99897
99872
99847
99847
99841
99841
99732
99725
99647
99568
99545
99538
99515
99513
99429
99403
99395
99386
99365
99317
99266
99240
99205
99148
99092
99076
99070
99057
99047
99036
98942
98886
98822
98802
98772
98748
98647
98637
98631
98574
98560
98547
98508
98493
98458
98434
98411
98356
98302
98299
98292
98286
98269
98220
98196
98186
98115
98082
98004
97995
97973
97953
97902
97897
97896
97860
97850
97846
97835
97824
97742
97720
97718
97717
97687
97657
97639
97639
97635
97600
97469
97432
97354
97308
97268
97223
97079
97050
97043
97020
97014
97012
96943
96914
96834
96831
96823
96820
96812
96784
96678
96662
96605
96581
96548
96540
96534
96495
96427
96333
96295
96275
96272
96272
96261
96219
96214
96210
96208
96175
96117
96106
96049
96045
96026
96000
95948
95917
95886
95886
95873
95856
95835
95797
95792
95779
95779
95744
95724
95718
95711
95557
95414
95413
95408
95372
95355
95350
95303
95292
95259
95222
95200
95198
95197
95194
95163
95000
94995
94989
94971
94939
94898
94873
94873
94849
94833
94814
94782
94753
94713
94665
94629
94586
94544
94519
94436
94415
94345
94281
94280
94242
94233
94117
93960
93957
93944
93926
93905
93885
93878
93852
93839
93764
93760
93724
93653
93624
93610
93586
93565
93552
93541
93460
93444
93402
93399
93398
93393
93366
93304
93234
93231
93226
93202
93188
93102
93085
93076
93067
93056
93048
93039
93037
93015
92996
92982
92942
92932
92928
92923
92867
92863
92724
92681
92648
92629
92605
92583
92581
92553
92458
92428
92419
92354
92337
92335
92295
92294
92247
92181
92154
92067
92066
92006
91970
91941
91938
91889
91839
91780
91765
91670
91537
91521
91489
91458
91409
91330
91295
91287
91237
91231
91193
91109
91105
91059
91038
91036
91004
90985
90965
90898
90876
90850
90802
90758
90752
90752
90710
90695
90682
90669
90663
90646
90636
90615
90563
90528
90526
90455
90449
90277
90268
90212
90194
90113
90106
90087
90062
90061
90018
90008
89994
89962
89938
89887
89881
89842
89835
89808
89742
89723
89712
89682
89613
89504
89497
89495
89484
89442
89427
89387
89385
89368
89305
89261
89253
89243
89209
89138
89119
89046
89045
89042
88986
88979
88953
88946
88939
88932
88917
88834
88829
88734
88721
88717
88683
88660
88614
88580
88574
88572
88539
88533
88422
88383
88312
88287
88179
88164
88149
88123
88068
88067
88057
87999
87935
87843
87823
87792
87754
87752
87751
87721
87710
87558
87554
87486
87482
87453
87447
87437
87431
87413
87407
87407
87406
87394
87303
87302
87292
87255
87247
87236
87230
87223
87162
87150
87134
87123
87103
87096
87045
87019
86964
86963
86959
86901
86886
86829
86823
86818
86653
86620
86616
86600
86589
86571
86528
86498
86472
86433
86416
86402
86392
86357
86310
86162
86155
86133
86092
86076
86057
86019
86015
85995
85953
85948
85934
85922
85902
85878
85847
85824
85810
85756
85710
85684
85679
85648
85626
85587
85565
85536
85519
85418
85393
85377
85338
85321
85290
85278
85158
85125
85114
85079
85072
85054
85026
85026
85016
84992
84924
84889
84884
84882
84877
84870
84745
84745
84651
84648
84630
84606
84593
84567
84537
84497
84437
84406
84340
84297
84267
84261
84226
84174
84112
84112
84092
84085
84073
83976
83967
83923
83923
83867
83839
83811
83792
83747
83742
83682
83620
83595
83509
83477
83477
83452
83419
83407
83324
83296
83292
83234
83227
83222
83218
83196
83162
83157
83131
83096
83073
82940
82940
82931
82888
82880
82862
82815
82729
82678
82659
82649
82612
82600
82564
82534
82508
82501
82484
82444
82426
82373
82346
82239
82208
82182
82165
82052
81896
81837
81833
81830
81812
81659
81610
81550
81549
81486
81469
81377
81373
81301
81281
81266
81263
81214
81179
81169
81152
81147
81103
80987
80972
80967
80965
80842
80810
80806
80777
80738
80719
80714
80591
80581
80578
80577
80553
80537
80440
80421
80373
80361
80298
80280
80243
80237
80223
80191
80190
80129
80098
80067
80049
80024
79946
79936
79934
79927
79876
79789
79771
79744
79720
79658
79629
79628
79617
79572
79536
79514
79484
79475
79470
79409
79407
79392
79370
79358
79261
79190
79134
79133
79075
79056
79042
78937
78895
78894
78877
78870
78861
78815
78779
78774
78710
78629
78594
78557
78555
78537
78528
78483
78483
78465
78462
78371
78364
78231
78211
78196
78193
78149
78148
78049
77995
77956
77936
77866
77862
77789
77682
77652
77579
77571
77542
77472
77456
77428
77407
77401
77387
77369
77349
77291
77179
77174
77118
77116
77100
77052
77013
76983
76883
76859
76794
76775
76677
76648
76566
76550
76533
76493
76415
76412
76369
76318
76306
76276
76260
76187
76138
76096
76081
76038
75965
75883
75867
75838
75800
75704
75697
75681
75673
75621
75594
75593
75588
75567
75561
75556
75543
75465
75431
75395
75394
75371
75361
75300
75169
75144
75140
75099
75078
75046
75042
75038
74984
74936
74884
74882
74834
74810
74801
74794
74776
74673
74633
74522
74453
74444
74444
74413
74402
74380
74371
74316
74295
74225
74215
74211
74200
74046
74020
74007
74003
73990
73982
73922
73902
73859
73841
73838
73822
73812
73788
73686
73684
73641
73621
73478
73438
73433
73432
73404
73400
73355
73288
73185
73144
73126
73115
73078
73060
72928
72919
72889
72879
72877
72807
72781
72757
72721
72713
72672
72572
72554
72500
72489
72420
72405
72384
72364
72310
72284
72271
72208
72182
72162
72150
72148
72050
72031
72020
71975
71948
71917
71896
71870
71764
71742
71733
71721
71710
71677
71662
71639
71598
71578
71480
71463
71408
71385
71382
71364
71363
71334
71332
71214
71157
71136
71101
71049
71003
70998
70916
70810
70784
70745
70648
70618
70430
70405
70363
70356
70341
70315
70312
70299
70278
70236
70216
70201
70190
70146
70117
70012
69992
69950
69936
69865
69865
69844
69829
69766
69624
69557
69550
69490
69490
69481
69469
69456
69412
69366
69347
69303
69262
69186
69111
69092
69091
69068
69044
69012
68988
68957
68890
68877
68866
68816
68797
68755
68713
68669
68568
68559
68500
68472
68389
68350
68325
68289
68278
68245
68245
68240
68229
68202
68140
67965
67954
67944
67895
67873
67871
67850
67829
67790
67778
67746
67719
67712
67703
67611
67602
67600
67578
67556
67518
67513
67480
67411
67407
67394
67382
67378
67328
67282
67276
67246
67202
67176
67161
67089
66981
66976
66964
66954
66869
66840
66722
66694
66659
66488
66484
66479
66442
66406
66350
66333
66321
66274
66183
66104
66044
65984
65968
65964
65926
65923
65881
65840
65811
65774
65627
65555
65527
65521
65500
65480
65479
65453
65446
65422
65387
65353
65353
65350
65328
65258
65119
65118
65003
64968
64948
64926
64882
64873
64820
64817
64708
64690
64647
64625
64587
64555
64537
64517
64513
64511
64511
64489
64483
64443
64414
64393
64370
64353
64348
64143
64094
64031
64017
63895
63865
63845
63796
63776
63721
63646
63643
63621
63599
63525
63510
63409
63352
63349
63331
63325
63145
63136
63103
63047
63045
63030
63027
62879
62853
62844
62747
62721
62705
62694
62689
62644
62634
62632
62615
62588
62572
62569
62527
62492
62480
62451
62425
62293
62253
62233
62218
62180
62153
62063
62041
62033
61983
61978
61962
61848
61806
61786
61766
61755
61753
61719
61700
61699
61682
61657
61632
61624
61574
61509
61468
61433
61414
61386
61369
61299
61290
61282
61225
61167
61147
61140
61094
61085
61080
61070
60993
60987
60975
60947
60947
60922
60840
60828
60818
60761
60695
60648
60639
60628
60623
60597
60582
60545
60542
60531
60494
60457
60413
60368
60194
60159
60127
60082
60076
60061
60022
59917
59817
59789
59759
59728
59632
59604
59597
59554
59535
59522
59501
59479
59478
59472
59455
59446
59365
59297
59280
59224
59139
59089
59064
59045
59003
58994
58919
58892
58891
58873
58797
58787
58766
58751
58733
58720
58664
58639
58634
58631
58544
58543
58495
58447
58436
58423
58407
58270
58218
58195
58182
58173
58158
58140
58121
58107
58096
58072
58034
57991
57917
57905
57893
57825
57799
57764
57749
57731
57718
57660
57616
57605
57516
57515
57489
57426
57389
57342
57333
57284
57271
57257
57213
57043
56938
56926
56925
56921
56920
56907
56803
56780
56698
56643
56595
56594
56539
56518
56490
56489
56409
56387
56376
56344
56313
56283
56282
56277
56259
56237
56235
56200
56176
56172
56142
56124
56118
56081
55988
55958
55852
55843
55839
55819
55818
55773
55753
55751
55738
55723
55716
55607
55558
55552
55543
55492
55482
55458
55447
55386
55330
55318
55298
55270
55214
55202
55182
55175
55163
55144
55139
55080
55058
55009
54975
54958
54915
54842
54813
54799
54753
54722
54703
54699
54688
54674
54648
54642
54598
54534
54473
54470
54444
54435
54414
54379
54371
54344
54316
54313
54306
54226
54217
54188
54147
54122
54098
54004
54003
53999
53998
53941
53929
53912
53840
53830
53790
53763
53740
53718
53685
53670
53646
53644
53628
53626
53608
53531
53481
53462
53421
53419
53400
53394
53336
53309
53298
53295
53295
53282
53267
53266
53252
53246
53206
53146
52993
52928
52918
52876
52853
52828
52820
52809
52670
52662
52582
52553
52537
52533
52532
52532
52521
52488
52463
52448
52446
52431
52411
52397
52346
52313
52301
52216
52193
52095
52066
52053
52042
52030
52030
52004
51980
51968
51944
51920
51907
51891
51890
51878
51857
51845
51836
51832
51793
51756
51742
51713
51693
51676
51644
51634
51613
51593
51542
51529
51503
51502
51497
51496
51485
51470
51451
51442
51402
51375
51362
51354
51347
51319
51313
51286
51258
51181
51139
51133
51124
51000
50978
50855
50845
50828
50773
50716
50699
50668
50653
50652
50547
50539
50537
50495
50448
50429
50428
50321
50298
50282
50281
50274
50270
50267
50266
50260
50134
50109
50102
50081
50000
49953
49938
49849
49812
49810
49773
49738
49736
49691
49652
49644
49632
49614
49526
49492
49472
49406
49351
49344
49332
49331
49324
49242
49211
49150
49114
49072
49015
49007
48993
48959
48914
48913
48886
48856
48822
48799
48761
48744
48738
48690
48645
48627
48612
48584
48571
48565
48549
48482
48436
48414
48392
48342
48330
48295
48292
48233
48230
48220
48213
48136
48120
48071
48049
48037
47995
47973
47950
47948
47948
47871
47867
47858
47853
47840
47830
47778
47767
47757
47654
47459
47440
47436
47426
47392
47385
47382
47262
47214
47209
47191
47148
47055
46997
46949
46914
46882
46855
46756
46700
46690
46620
46606
46551
46501
46497
46492
46464
46389
46384
46378
46376
46372
46363
46363
46300
46299
46278
46176
46171
46167
46142
46137
46080
46058
46024
46004
45984
45962
45947
45945
45884
45884
45879
45857
45774
45755
45750
45719
45709
45687
45683
45635
45596
45557
45495
45495
45452
45441
45417
45401
45374
45294
45291
45270
45230
45225
45188
45037
45002
44992
44953
44848
44807
44782
44644
44634
44604
44570
44556
44484
44412
44388
44386
44369
44364
44271
44260
44242
44218
44213
44203
44200
44174
44123
44103
44102
44070
44018
43959
43925
43844
43840
43826
43781
43774
43771
43764
43757
43730
43718
43694
43647
43598
43590
43575
43574
43571
43554
43502
43480
43467
43459
43396
43246
43142
43139
43115
43079
43043
42999
42946
42867
42860
42854
42839
42825
42743
42733
42709
42676
42636
42574
42568
42562
42515
42477
42388
42379
42364
42348
42325
42316
42239
42222
42211
42209
42167
42122
42066
42003
41977
41977
41963
41916
41859
41849
41845
41835
41830
41712
41675
41672
41665
41647
41633
41623
41590
41563
41500
41481
41426
41393
41371
41362
41282
41254
41201
41110
41108
41093
41083
41018
41016
41007
40957
40943
40894
40873
40864
40850
40842
40777
40773
40764
40747
40657
40591
40580
40564
40409
40407
40375
40354
40255
40252
40132
40112
40075
40052
40038
40027
39959
39956
39897
39877
39797
39768
39739
39655
39579
39578
39550
39470
39418
39411
39405
39403
39376
39330
39325
39323
39268
39259
39252
39226
39226
39219
39209
39181
39172
39149
39138
39130
39113
39097
39077
39009
38922
38899
38896
38868
38843
38795
38757
38697
38686
38676
38616
38599
38578
38567
38516
38504
38416
38356
38321
38258
38240
38209
38195
38190
38143
38126
38121
38098
38041
37927
37921
37904
37896
37851
37827
37768
37748
37705
37679
37654
37538
37522
37493
37449
37429
37387
37377
37375
37241
37218
37197
37170
37155
37154
37111
37058
37044
37037
37034
37020
36952
36929
36886
36875
36862
36858
36756
36712
36535
36496
36446
36403
36367
36362
36289
36283
36277
36249
36200
36108
36093
36075
36049
35942
35930
35924
35909
35878
35860
35850
35829
35791
35769
35762
35745
35722
35719
35673
35626
35601
35570
35569
35482
35431
35379
35379
35373
35312
35299
35160
35157
35039
35029
35020
34874
34810
34802
34739
34725
34638
34607
34550
34549
34538
34528
34396
34395
34370
34350
34319
34269
34259
34246
34244
34186
34174
34159
34146
34138
34132
34110
34109
34105
34076
34075
34007
33920
33914
33897
33889
33867
33866
33858
33779
33774
33769
33739
33734
33720
33712
33684
33637
33600
33529
33508
33493
33403
33399
33365
33360
33353
33319
33239
33206
33198
33182
33150
33098
33016
32991
32973
32956
32923
32912
32883
32867
32853
32836
32809
32803
32646
32627
32611
32565
32562
32538
32533
32517
32468
32395
32368
32321
32317
32150
32125
32103
32100
32096
32056
32010
31994
31947
31940
31927
31818
31806
31763
31714
31644
31584
31529
31478
31412
31392
31380
31378
31351
31250
31212
31179
31177
31160
31125
31075
31051
31015
30988
30980
30971
30950
30950
30919
30917
30896
30847
30844
30832
30816
30760
30729
30698
30651
30630
30605
30581
30580
30524
30496
30384
30361
30351
30291
30255
30200
30153
30144
30133
30116
30104
30073
30072
30035
30011
30000
29992
29914
29914
29910
29882
29878
29832
29796
29789
29780
29767
29756
29745
29735
29629
29561
29540
29501
29500
29474
29434
29371
29358
29250
29248
29182
29175
29146
29141
29130
28979
28933
28908
28790
28782
28749
28743
28679
28639
28605
28602
28553
28488
28454
28454
28428
28425
28317
28256
28188
28157
28149
28141
28138
28137
28122
28032
27998
27908
27893
27695
27648
27570
27555
27550
27548
27525
27508
27465
27426
27418
27383
27250
27228
27200
27139
27123
27111
27064
27056
27010
26976
26942
26897
26879
26862
26764
26731
26672
26654
26634
26632
26626
26608
26605
26571
26472
26436
26424
26369
26346
26335
26322
26262
26147
26145
26080
26066
26027
26011
25977
25936
25871
25848
25681
25565
25538
25520
25456
25455
25402
25389
25323
25319
25298
25266
25236
25153
25086
25078
25064
25030
25010
24964
24929
24910
24897
24895
24861
24842
24826
24806
24775
24763
24751
24669
24654
24639
24593
24483
24427
24385
24359
24342
24287
24250
24243
24236
24226
24144
24050
24026
24005
24000
23851
23770
23761
23755
23687
23673
23649
23645
23599
23579
23519
23453
23449
23428
23427
23399
23391
23383
23371
23370
23341
23338
23291
23260
23259
23212
23132
23012
22955
22953
22946
22808
22796
22774
22762
22747
22593
22583
22526
22516
22480
22449
22424
22394
22337
22322
22230
22216
22208
22185
22135
22123
22110
22079
22052
22022
22012
22005
21989
21952
21861
21856
21845
21810
21803
21727
21686
21664
21658
21650
21640
21622
21586
21557
21543
21526
21517
21512
21508
21425
21397
21353
21314
21172
21110
21028
20894
20870
20833
20786
20767
20738
20686
20676
20673
20664
20643
20628
20620
20616
20568
20549
20539
20539
20485
20479
20421
20387
20295
20288
20253
20249
20190
20183
20180
20149
20146
20086
20082
20067
19995
19919
19889
19846
19767
19751
19685
19678
19662
19634
19597
19588
19551
19535
19527
19513
19485
19478
19412
19376
19370
19357
19276
19220
19188
19179
19169
19113
19098
19070
19061
19026
19019
18979
18977
18971
18948
18827
18755
18722
18717
18694
18691
18677
18641
18570
18552
18509
18488
18446
18414
18312
18278
18277
18257
18150
18110
17976
17942
17927
17897
17809
17800
17758
17716
17702
17620
17542
17526
17499
17498
17485
17426
17357
17348
17313
17305
17249
17209
17168
17153
17152
17151
17080
17068
17035
17030
17015
17007
16972
16949
16937
16886
16864
16844
16780
16768
16705
16677
16675
16656
16646
16620
16564
16558
16511
16480
16469
16463
16450
16450
16414
16316
16229
16207
16163
16088
16066
16043
16031
16000
15980
15907
15872
15857
15715
15700
15639
15632
15579
15557
15540
15522
15458
15419
15373
15372
15216
15155
15145
15120
14909
14908
14893
14886
14855
14838
14830
14758
14670
14654
14625
14612
14578
14519
14378
14317
14314
14243
14203
14080
14075
14056
14035
14020
14001
13933
13895
13871
13857
13851
13815
13760
13726
13708
13658
13648
13641
13634
13591
13557
13551
13534
13523
13502
13424
13410
13403
13403
13402
13396
13393
13373
13337
13315
13252
13238
13217
13208
13193
13081
12964
12933
12888
12884
12843
12804
12798
12791
12697
12613
12505
12489
12483
12482
12474
12446
12312
12253
12252
12167
12153
12110
12044
11996
11867
11823
11773
11762
11748
11739
11726
11707
11615
11592
11540
11504
11471
11440
11421
11387
11380
11352
11338
11308
11278
11273
11260
11241
11179
11153
11127
10987
10943
10884
10869
10859
10840
10817
10785
10769
10682
10668
10656
10639
10634
10580
10552
10549
10535
10511
10419
10408
10324
10269
10256
10212
10201
10083
9929
9903
9875
9816
9743
9738
9722
9715
9667
9623
9617
9605
9569
9519
9505
9476
9418
9409
9387
9316
9269
9189
9166
9081
9054
9047
8999
8954
8939
8913
8878
8870
8857
8840
8830
8772
8766
8761
8731
8691
8689
8680
8658
8624
8584
8569
8501
8356
8332
8329
8329
8293
8287
8225
8201
8154
8125
8091
8031
8031
8008
7942
7942
7903
7901
7886
7831
7829
7821
7769
7706
7597
7535
7420
7414
7384
7381
7380
7348
7345
7342
7327
7296
7258
7232
7225
7219
7214
7168
7087
7085
7066
7020
7006
6985
6968
6938
6864
6847
6804
6791
6776
6775
6703
6676
6657
6621
6617
6616
6583
6535
6471
6447
6417
6272
6262
6222
6172
6141
6103
5997
5953
5907
5906
5833
5831
5700
5657
5624
5610
5520
5518
5411
5406
5374
5345
5290
5270
5208
5171
5160
5051
5046
4930
4918
4834
4748
4733
4702
4698
4686
4617
4594
4569
4567
4557
4502
4439
4411
4403
4296
4277
4265
4262
4090
4071
4050
4047
4046
3992
3970
3927
3917
3850
3846
3830
3818
3792
3776
3723
3668
3603
3600
3584
3581
3537
3528
3465
3442
3441
3409
3402
3394
3338
3312
3271
3267
3222
3178
3162
3144
3133
3105
3090
3075
3075
3046
2968
2917
2884
2857
2822
2795
2749
2743
2694
2674
2661
2543
2526
2447
2383
2320
2275
2136
2132
2074
2074
1993
1945
1914
1909
1869
1859
1835
1762
1760
1731
1693
1681
1670
1661
1596
1476
1451
1392
1379
1298
1286
1254
1235
1220
1198
1139
1120
1070
1008
993
990
904
873
793
707
681
675
587
521
503
472
450
415
412
372
309
306
301
240
193
188
102
