99948
99903
99884
99776
99733
99661
99650
99620
99619
99612
99603
99597
99592
99568
99515
99509
99473
99464
99425
99421
99420
99390
99375
99371
99350
99342
99262
99254
99245
99235
99210
99175
99138
99098
99048
99029
98915
98911
98893
98886
98829
98792
98777
98776
98726
98688
98646
98641
98600
98552
98530
98513
98496
98476
98382
98362
98345
98331
98309
98299
98267
98205
98189
98170
98167
98079
98011
97956
97955
97918
97914
97879
97842
97830
97830
97776
97734
97725
97665
97652
97648
97609
97586
97576
97502
97467
97462
97450
97375
97345
97327
97319
97307
97296
97284
97223
97222
97219
97217
97199
97169
97161
97110
96991
96932
96916
96897
96867
96858
96786
96783
96773
96736
96698
96697
96680
96670
96667
96578
96578
96577
96552
96519
96488
96478
96476
96404
96365
96312
96248
96231
96172
96154
96132
96093
96032
96016
96000
95904
95890
95889
95883
95863
95859
95821
95820
95740
95724
95705
95687
95678
95663
95659
95603
95570
95532
95502
95500
95454
95451
95434
95366
95359
95274
95213
95202
95197
95149
95111
95109
95102
95055
95041
95014
95003
94980
94976
94933
94927
94895
94857
94794
94786
94777
94762
94761
94757
94735
94610
94588
94585
94557
94536
94521
94518
94503
94493
94438
94377
94346
94341
94341
94301
94265
94258
94237
94216
94183
94158
94123
94082
94071
94040
93996
93967
93934
93913
93862
93801
93789
93753
93731
93713
93707
93650
93585
93561
93554
93537
93517
93479
93473
93465
93464
93428
93325
93324
93303
93302
93291
93256
93234
93200
93198
93191
93184
93136
93121
93113
93111
93104
93100
93092
93089
93061
93032
93013
92824
92823
92808
92801
92780
92777
92656
92642
92630
92627
92605
92584
92546
92526
92501
92481
92462
92433
92431
92389
92383
92377
92351
92349
92347
92296
92264
92251
92248
92217
92192
92177
92170
92071
92057
92055
91986
91970
91924
91845
91845
91812
91782
91745
91735
91703
91645
91602
91584
91558
91534
91474
91456
91425
91410
91369
91368
91319
91300
91272
91249
91222
91192
91134
91131
91104
91089
91069
91054
91031
90998
90968
90948
90918
90856
90842
90827
90795
90765
90730
90728
90696
90680
90665
90647
90593
90574
90545
90509
90503
90471
90449
90403
90393
90391
90390
90354
90351
90349
90337
90328
90327
90297
90279
90251
90230
90229
90227
90168
90167
90145
90124
90111
90096
90060
90017
89947
89924
89898
89896
89881
89877
89835
89803
89635
89630
89630
89456
89446
89374
89355
89340
89330
89323
89310
89278
89207
89128
89109
89064
89057
89052
89001
88996
88950
88821
88813
88807
88807
88747
88607
88505
88471
88426
88401
88344
88341
88333
88319
88281
88212
88211
88191
88140
88120
88108
88059
87960
87949
87946
87933
87865
87844
87839
87834
87803
87793
87768
87755
87712
87704
87696
87676
87661
87639
87631
87609
87567
87521
87492
87457
87388
87345
87319
87315
87293
87216
87207
87204
87189
87156
87141
87087
87033
87009
86983
86956
86928
86914
86878
86847
86803
86780
86774
86767
86766
86685
86673
86570
86565
86556
86522
86511
86477
86459
86456
86454
86412
86384
86342
86315
86299
86279
86255
86224
86141
86135
86130
86122
86110
86095
86075
86032
85994
85992
85980
85933
85918
85917
85879
85825
85815
85760
85747
85737
85726
85676
85610
85607
85578
85552
85550
85450
85416
85359
85339
85280
85244
85234
85187
85151
85142
85108
85103
85049
85008
84970
84950
84937
84930
84895
84892
84858
84853
84737
84733
84626
84612
84571
84467
84461
84421
84411
84351
84328
84270
84244
84165
84146
84132
84104
84086
84050
84037
83969
83963
83957
83942
83923
83865
83852
83698
83697
83680
83630
83612
83540
83526
83511
83418
83416
83404
83369
83277
83276
83274
83248
83223
83215
83175
83160
83104
83098
83075
82985
82964
82962
82888
82859
82800
82790
82778
82727
82671
82661
82652
82652
82562
82530
82497
82489
82489
82471
82467
82437
82418
82384
82379
82316
82310
82289
82287
82236
82203
82153
82129
82082
82074
82001
81984
81952
81934
81881
81847
81781
81766
81735
81723
81682
81659
81656
81636
81619
81616
81608
81600
81594
81579
81558
81508
81500
81500
81499
81438
81412
81402
81399
81368
81273
81254
81245
81189
81184
81135
81074
81058
81040
81020
80980
80917
80891
80889
80857
80827
80806
80789
80769
80768
80643
80635
80628
80606
80586
80553
80529
80448
80380
80297
80294
80289
80265
80226
80222
80194
80181
80143
80095
80078
80064
80027
80023
80010
79997
79983
79887
79883
79870
79868
79823
79792
79783
79760
79758
79749
79736
79722
79601
79416
79415
79401
79376
79310
79289
79280
79279
79267
79168
79150
79070
79064
79055
79035
79010
79008
78925
78914
78886
78881
78866
78858
78809
78808
78791
78777
78745
78744
78738
78703
78636
78579
78529
78470
78443
78431
78403
78350
78310
78258
78224
78223
78218
78132
78096
78066
78059
78021
77975
77944
77934
77861
77838
77824
77819
77813
77805
77788
77745
77718
77676
77639
77635
77598
77560
77508
77501
77439
77397
77391
77315
77264
77192
77191
77161
77136
77128
76987
76984
76956
76954
76925
76918
76892
76867
76843
76812
76809
76805
76771
76770
76749
76727
76669
76658
76541
76530
76482
76467
76444
76397
76336
76322
76245
76203
76188
76185
76121
76066
76042
76034
76000
75980
75980
75978
75961
75944
75859
75848
75769
75752
75671
75555
75546
75510
75489
75438
75386
75370
75276
75250
75244
75219
75216
75214
75206
75178
75165
75137
75126
75124
75114
75106
75075
75051
75007
74994
74883
74848
74834
74818
74765
74760
74756
74745
74727
74700
74668
74658
74652
74620
74602
74588
74512
74484
74432
74422
74204
74195
74155
74146
74117
74078
73960
73959
73890
73836
73818
73762
73736
73734
73715
73702
73641
73621
73584
73566
73516
73491
73485
73481
73453
73451
73443
73294
73260
73247
73215
73093
72986
72985
72910
72853
72827
72825
72799
72770
72743
72742
72665
72652
72572
72563
72556
72552
72535
72506
72502
72442
72372
72322
72294
72278
72257
72250
72226
72207
72187
72093
72063
72056
72053
72048
72043
72040
71978
71974
71959
71942
71913
71909
71897
71843
71832
71824
71823
71796
71748
71739
71703
71702
71702
71691
71679
71669
71654
71644
71590
71570
71546
71542
71527
71518
71489
71478
71433
71395
71387
71364
71348
71324
71310
71304
71278
71250
71194
71156
71147
71129
71047
71026
71004
70996
70993
70991
70954
70905
70896
70882
70882
70842
70838
70816
70814
70785
70748
70709
70672
70656
70622
70606
70583
70569
70566
70559
70542
70507
70504
70502
70478
70454
70437
70410
70407
70397
70393
70377
70349
70347
70330
70275
70273
70239
70230
70150
70145
70144
70128
70120
69984
69984
69920
69918
69900
69899
69863
69793
69751
69690
69541
69509
69508
69503
69488
69469
69464
69431
69412
69370
69351
69325
69324
69314
69307
69274
69271
69165
69140
69115
69077
69073
69073
69009
69002
69000
68987
68984
68956
68928
68915
68877
68862
68834
68790
68758
68757
68756
68719
68702
68693
68646
68603
68577
68572
68531
68529
68527
68429
68426
68413
68399
68383
68273
68267
68257
68241
68139
68087
68074
68072
68008
68005
67991
67935
67881
67860
67838
67828
67785
67678
67589
67513
67495
67480
67478
67477
67469
67468
67464
67456
67450
67446
67377
67350
67338
67274
67267
67257
67241
67241
67158
67139
67119
67079
67075
67064
67036
67025
67011
66966
66927
66902
66885
66873
66859
66847
66820
66811
66810
66792
66774
66703
66688
66686
66659
66646
66590
66583
66579
66566
66478
66450
66393
66369
66329
66252
66251
66230
66228
66155
66093
66075
66072
66036
66007
66003
65991
65955
65939
65923
65916
65836
65794
65792
65765
65719
65703
65698
65693
65688
65675
65645
65589
65589
65544
65440
65431
65400
65372
65364
65343
65288
65276
65249
65243
65207
65199
65185
65183
65183
65169
65160
65127
65083
64993
64989
64892
64836
64831
64809
64798
64780
64767
64764
64758
64696
64659
64641
64626
64623
64616
64596
64571
64515
64492
64486
64468
64432
64382
64311
64307
64279
64259
64253
64247
64226
64218
64192
64174
64169
64150
64117
64107
64104
64090
64088
64088
64078
64026
64003
63928
63911
63878
63842
63837
63821
63808
63802
63791
63767
63690
63681
63640
63638
63608
63604
63590
63580
63574
63563
63554
63534
63528
63527
63521
63515
63498
63491
63474
63472
63458
63447
63442
63324
63228
63225
63207
63158
63098
63070
62899
62851
62843
62618
62599
62533
62532
62354
62340
62337
62310
62278
62270
62233
62230
62193
62154
62143
62124
62100
62096
62078
62045
61981
61936
61908
61905
61898
61892
61866
61826
61794
61708
61671
61647
61639
61623
61557
61521
61518
61508
61487
61487
61479
61452
61433
61401
61393
61384
61366
61353
61333
61310
61275
61233
61227
61202
61184
61184
61166
61110
61078
61002
60999
60991
60937
60859
60847
60831
60781
60764
60758
60741
60722
60713
60703
60694
60685
60638
60616
60582
60570
60542
60477
60467
60406
60382
60362
60328
60326
60276
60230
60186
60143
60116
60102
60101
60075
60061
60018
59893
59867
59864
59819
59801
59754
59754
59750
59735
59715
59667
59661
59650
59570
59524
59514
59510
59467
59463
59429
59376
59342
59337
59329
59318
59274
59248
59245
59229
59200
59187
59187
59157
59059
58998
58938
58789
58769
58743
58721
58690
58686
58661
58643
58633
58629
58590
58575
58569
58548
58544
58495
58486
58468
58401
58335
58260
58257
58241
58231
58202
58111
58097
58073
58070
58053
58029
58001
57934
57915
57876
57797
57792
57769
57768
57677
57663
57614
57588
57481
57435
57425
57421
57419
57408
57408
57373
57356
57350
57347
57340
57318
57286
57277
57212
57141
57098
57047
57019
56973
56970
56964
56915
56822
56772
56770
56756
56737
56698
56689
56650
56607
56592
56506
56505
56462
56453
56407
56370
56296
56286
56277
56266
56230
56132
56127
56117
56055
56039
56010
55998
55989
55965
55893
55853
55844
55709
55677
55674
55667
55659
55636
55591
55543
55537
55527
55431
55422
55420
55409
55387
55287
55202
55153
55143
55094
55012
55000
54988
54924
54910
54900
54883
54866
54854
54806
54785
54762
54747
54717
54710
54693
54654
54627
54607
54601
54584
54532
54521
54516
54460
54416
54365
54354
54346
54283
54263
54256
54247
54230
54228
54225
54212
54128
54106
54105
54045
54042
53974
53950
53924
53898
53874
53869
53861
53839
53826
53777
53691
53687
53679
53674
53647
53622
53608
53600
53551
53550
53541
53483
53464
53460
53398
53387
53344
53342
53339
53323
53312
53265
53262
53245
53245
53202
53191
53185
53144
53130
53109
53109
53106
53100
53094
53002
52982
52980
52942
52919
52902
52898
52855
52853
52830
52801
52767
52746
52692
52668
52589
52570
52564
52560
52557
52510
52503
52498
52433
52420
52399
52349
52348
52347
52285
52263
52186
52179
52129
52103
52096
52013
51979
51906
51895
51876
51864
51861
51730
51612
51585
51532
51528
51507
51476
51402
51384
51252
51240
51208
51198
51174
51172
51132
51116
51116
51098
51095
51090
51085
51073
51032
51024
51022
50974
50948
50940
50876
50828
50817
50775
50774
50746
50743
50739
50710
50686
50680
50674
50639
50594
50564
50542
50536
50509
50495
50483
50475
50462
50436
50420
50356
50336
50302
50263
50166
50137
50119
50100
50008
49988
49956
49953
49945
49896
49874
49865
49815
49713
49710
49697
49675
49670
49658
49617
49614
49565
49561
49538
49435
49410
49297
49211
49204
49195
49193
49186
49178
49153
49148
49148
49134
49115
49099
49087
49077
49027
49025
49013
49013
48927
48912
48859
48806
48797
48732
48709
48679
48630
48628
48541
48477
48460
48453
48445
48441
48378
48366
48336
48320
48303
48258
48248
48221
48210
48196
48193
48188
48159
48152
48135
48122
48116
48099
48080
48079
48066
48028
48016
47968
47953
47946
47935
47885
47872
47789
47786
47775
47728
47711
47691
47672
47644
47625
47620
47581
47456
47424
47419
47407
47407
47381
47377
47369
47359
47215
47211
47188
47183
47120
47118
47097
47079
47038
47035
47026
46935
46888
46782
46750
46740
46732
46723
46668
46631
46578
46535
46512
46464
46463
46401
46379
46293
46275
46270
46262
46206
46203
46180
46169
46144
46129
46129
46107
46020
45977
45869
45841
45837
45658
45652
45626
45615
45613
45593
45589
45585
45546
45537
45533
45487
45473
45472
45440
45402
45339
45273
45268
45231
45129
45099
45083
45076
45023
44985
44868
44850
44835
44764
44747
44680
44601
44485
44472
44406
44397
44352
44302
44245
44245
44223
44215
44179
44146
44138
44087
44052
44037
44014
44014
43997
43821
43800
43793
43767
43742
43703
43678
43652
43646
43622
43599
43597
43587
43575
43531
43505
43492
43457
43445
43433
43343
43339
43312
43243
43215
43213
43198
43192
43127
43078
43073
43035
43034
43022
42997
42916
42858
42834
42798
42724
42710
42630
42611
42570
42560
42518
42484
42393
42380
42378
42375
42340
42334
42297
42281
42258
42253
42184
42155
42147
42132
42064
42064
42059
42037
42013
42000
41973
41820
41817
41799
41783
41740
41737
41584
41554
41523
41498
41488
41487
41485
41435
41421
41369
41341
41281
41244
41195
41176
41126
41114
41092
41082
41071
41069
41025
41007
40998
40980
40976
40971
40935
40907
40890
40858
40805
40801
40797
40782
40777
40777
40767
40752
40684
40677
40653
40622
40617
40594
40591
40587
40581
40561
40555
40453
40391
40242
40229
40200
40199
40187
40175
40143
40129
40111
40052
40035
40026
40026
39922
39919
39907
39881
39867
39862
39857
39848
39839
39817
39801
39733
39675
39645
39627
39609
39551
39545
39541
39538
39519
39515
39506
39480
39463
39458
39406
39390
39312
39308
39304
39303
39297
39295
39279
39278
39262
39259
39167
39152
39143
39143
39090
39029
39005
38971
38961
38954
38935
38900
38730
38673
38582
38531
38501
38495
38491
38452
38399
38380
38357
38354
38351
38308
38293
38282
38273
38254
38244
38223
38220
38220
38184
38163
38063
38062
38043
38038
38028
37976
37924
37917
37902
37773
37737
37713
37646
37606
37581
37560
37530
37519
37499
37468
37444
37430
37417
37335
37301
37284
37261
37235
37224
37211
37172
37163
37141
37137
37088
37080
37066
37059
37054
37046
37009
36985
36959
36940
36890
36884
36876
36848
36847
36801
36786
36784
36768
36742
36677
36661
36652
36610
36590
36443
36418
36416
36415
36413
36404
36386
36343
36339
36337
36330
36328
36313
36300
36300
36299
36285
36275
36270
36269
36267
36235
36184
36056
36052
36022
36014
36011
35979
35977
35949
35921
35912
35905
35888
35870
35858
35850
35841
35838
35826
35786
35776
35714
35703
35678
35600
35565
35544
35544
35535
35534
35520
35476
35426
35381
35339
35294
35280
35258
35219
35195
35151
35110
35105
35071
35062
35055
35025
34995
34995
34965
34959
34959
34954
34952
34909
34882
34847
34821
34789
34701
34655
34652
34645
34635
34512
34481
34450
34433
34389
34370
34363
34324
34319
34306
34264
34253
34252
34233
34220
34217
34172
34076
34073
34041
33999
33962
33943
33924
33920
33878
33877
33862
33849
33811
33784
33774
33770
33765
33761
33757
33727
33673
33630
33616
33587
33580
33573
33555
33501
33447
33436
33396
33394
33276
33222
33182
33098
33076
33075
33066
33036
32992
32991
32977
32936
32840
32827
32771
32702
32686
32661
32643
32612
32593
32583
32580
32532
32516
32444
32415
32401
32369
32368
32341
32291
32228
32227
32180
32175
32132
32099
32093
32092
32038
32021
31995
31965
31958
31911
31891
31876
31869
31785
31760
31708
31657
31636
31608
31607
31562
31554
31537
31531
31507
31493
31483
31427
31426
31412
31406
31366
31347
31332
31330
31296
31268
31257
31257
31203
31136
31129
31124
31122
31011
30996
30993
30971
30936
30904
30896
30822
30797
30762
30756
30730
30723
30714
30619
30618
30609
30567
30566
30516
30489
30459
30425
30414
30407
30404
30374
30373
30355
30325
30323
30320
30281
30278
30235
30231
30202
30188
30188
30186
30149
29993
29992
29977
29946
29942
29920
29890
29881
29811
29783
29735
29680
29653
29609
29607
29581
29574
29566
29563
29489
29413
29381
29364
29364
29354
29315
29269
29268
29250
29212
29201
29187
29181
29151
29135
29133
29129
29040
29024
29004
28998
28954
28921
28910
28868
28862
28836
28807
28805
28645
28604
28588
28577
28573
28544
28492
28431
28294
28286
28273
28233
28228
28181
28112
28000
27975
27924
27895
27833
27828
27805
27800
27788
27766
27752
27730
27707
27693
27662
27634
27616
27584
27450
27450
27424
27411
27378
27355
27350
27326
27321
27305
27287
27269
27244
27199
27195
27149
27147
27138
27127
27120
27058
27058
27043
27023
26983
26950
26944
26916
26904
26872
26853
26843
26781
26751
26750
26727
26693
26678
26665
26661
26632
26547
26527
26515
26498
26466
26450
26444
26412
26393
26381
26346
26335
26295
26199
26119
26117
26106
26101
26097
26093
26072
25999
25994
25907
25862
25859
25835
25796
25711
25711
25691
25674
25642
25617
25553
25551
25538
25397
25358
25346
25327
25305
25295
25263
25190
25153
25049
25031
25024
24943
24908
24888
24832
24774
24768
24717
24705
24688
24663
24650
24631
24614
24609
24571
24499
24499
24483
24464
24447
24426
24357
24338
24296
24268
24262
24231
24213
24195
24186
24172
24117
24102
23878
23832
23827
23790
23782
23771
23762
23735
23628
23610
23602
23593
23593
23566
23531
23517
23502
23500
23460
23445
23436
23396
23323
23218
23213
23173
23136
23125
23101
23060
22967
22884
22873
22859
22847
22825
22680
22597
22595
22562
22523
22402
22401
22340
22290
22190
22150
22141
22140
22079
22053
21964
21958
21927
21888
21879
21814
21807
21787
21757
21725
21691
21669
21661
21631
21506
21451
21443
21430
21410
21370
21345
21337
21236
21228
21216
21194
21184
21147
21118
21108
21107
21032
21007
20963
20913
20894
20894
20834
20796
20755
20720
20670
20647
20623
20572
20560
20531
20498
20463
20395
20325
20292
20284
20249
20234
20142
20078
20034
19999
19964
19855
19831
19786
19772
19772
19769
19752
19752
19724
19705
19684
19583
19553
19545
19489
19465
19427
19381
19369
19336
19292
19265
19213
19190
19108
19105
19083
19054
19034
18986
18973
18971
18966
18949
18930
18920
18915
18913
18909
18907
18884
18866
18831
18828
18827
18824
18793
18784
18723
18701
18685
18657
18616
18593
18535
18508
18507
18496
18477
18472
18428
18424
18312
18261
18230
18197
18166
18162
18156
18153
18150
18100
18050
18007
17997
17988
17985
17935
17928
17926
17884
17861
17856
17766
17744
17724
17674
17619
17593
17583
17539
17534
17532
17523
17496
17474
17471
17445
17444
17425
17320
17292
17271
17243
17178
17165
17116
17106
17061
17049
17023
17019
17001
16994
16961
16954
16929
16839
16832
16740
16723
16707
16694
16647
16621
16614
16588
16585
16573
16531
16423
16421
16399
16371
16343
16343
16330
16294
16276
16267
16261
16258
16168
16145
16142
16114
16082
16076
16020
15986
15934
15916
15830
15793
15787
15769
15758
15735
15731
15621
15612
15567
15563
15546
15527
15471
15452
15426
15413
15409
15387
15352
15221
15130
15103
15036
14986
14981
14900
14886
14881
14843
14781
14773
14764
14749
14717
14627
14597
14571
14520
14474
14466
14441
14409
14406
14379
14375
14357
14309
14307
14299
14236
14232
14176
14108
14057
14039
14025
14003
13987
13979
13974
13965
13900
13883
13847
13833
13774
13773
13730
13676
13662
13632
13616
13579
13577
13551
13537
13527
13507
13460
13451
13444
13409
13384
13382
13285
13258
13255
13246
13226
13221
13200
13184
13180
13138
13064
13032
12976
12969
12960
12906
12847
12827
12815
12809
12776
12771
12770
12757
12733
12609
12608
12602
12599
12593
12530
12493
12402
12357
12296
12291
12217
12205
12199
12198
12186
12165
12012
12003
11967
11966
11886
11843
11775
11773
11747
11683
11660
11642
11604
11603
11602
11594
11574
11568
11565
11524
11520
11512
11470
11451
11389
11358
11314
11314
11311
11257
11167
11111
11111
11083
11061
11035
11027
10972
10948
10929
10921
10861
10776
10753
10738
10706
10681
10655
10381
10363
10361
10357
10344
10344
10265
10215
10212
10181
10085
10076
10075
9980
9952
9932
9922
9903
9901
9859
9821
9784
9735
9728
9717
9711
9706
9683
9632
9611
9596
9579
9572
9561
9533
9471
9451
9415
9377
9327
9265
9260
9208
9176
9100
9072
8997
8928
8910
8903
8898
8892
8883
8820
8813
8809
8762
8751
8722
8704
8615
8615
8600
8580
8546
8535
8470
8466
8461
8459
8444
8442
8433
8413
8389
8269
8253
8220
8177
8135
8071
8070
8046
7893
7824
7822
7809
7782
7751
7733
7730
7729
7725
7656
7636
7621
7581
7578
7566
7514
7481
7468
7451
7406
7398
7393
7375
7356
7319
7301
7284
7247
7245
7240
7098
7070
7030
7013
6988
6971
6911
6908
6858
6858
6844
6831
6822
6822
6822
6822
6761
6734
6711
6706
6691
6669
6644
6642
6631
6625
6608
6602
6597
6595
6592
6582
6556
6543
6504
6467
6440
6433
6428
6414
6385
6356
6347
6335
6325
6310
6248
6168
6167
6087
6056
6050
6034
6032
6002
5990
5952
5948
5919
5911
5897
5859
5837
5829
5824
5748
5729
5679
5643
5615
5573
5567
5558
5520
5481
5478
5475
5468
5411
5399
5390
5326
5319
5297
5226
5215
5207
5203
5188
5183
5098
5081
5031
4998
4917
4898
4878
4863
4824
4716
4668
4664
4514
4509
4444
4356
4342
4323
4280
4136
4127
4090
4072
4054
4028
4020
4008
4005
3949
3942
3911
3901
3899
3852
3740
3722
3697
3634
3618
3600
3595
3547
3544
3525
3518
3499
3495
3479
3471
3435
3426
3410
3387
3353
3310
3290
3276
3273
3238
3232
3227
3203
3175
3170
3167
3147
3090
3080
3078
3060
3003
3000
2964
2948
2827
2818
2777
2764
2758
2745
2733
2623
2581
2573
2566
2566
2500
2483
2443
2412
2355
2325
2282
2229
2201
2183
2052
2019
1991
1989
1968
1924
1830
1809
1777
1760
1745
1729
1692
1679
1644
1610
1610
1552
1515
1278
1249
1240
1198
1185
1111
1106
1047
1006
995
934
892
878
876
849
830
795
786
767
651
649
646
625
608
576
501
468
448
395
326
312
296
288
271
232
198
186
176
140
120
117
82
54
53
44
25
