99993
99979
99949
99902
99897
99884
99849
99840
99834
99833
99827
99771
99716
99707
99679
99678
99613
99590
99575
99565
99532
99529
99529
99458
99404
99385
99334
99315
99305
99280
99270
99211
99186
99166
99162
99142
99107
99099
99077
99022
99012
98994
98960
98957
98950
98948
98938
98910
98857
98852
98852
98847
98813
98773
98772
98757
98756
98733
98724
98664
98641
98636
98634
98629
98629
98626
98594
98562
98557
98554
98547
98504
98478
98473
98438
98421
98414
98408
98397
98382
98378
98331
98297
98292
98278
98255
98220
98198
98174
98154
98146
98105
98076
98048
98041
98012
97986
97976
97963
97946
97924
97889
97862
97834
97831
97824
97783
97780
97779
97773
97749
97748
97689
97652
97650
97643
97626
97622
97620
97618
97616
97586
97564
97555
97550
97518
97454
97393
97343
97343
97338
97324
97323
97321
97318
97298
97203
97198
97159
97152
97126
97097
97088
97082
97080
97041
97006
97005
97005
96996
96975
96967
96936
96913
96874
96873
96823
96818
96818
96775
96750
96695
96670
96633
96633
96630
96627
96594
96594
96589
96571
96564
96563
96559
96521
96520
96499
96497
96485
96455
96438
96430
96421
96413
96408
96368
96317
96200
96125
96104
96049
96037
96007
95988
95986
95953
95948
95862
95854
95838
95838
95836
95761
95736
95734
95729
95714
95676
95675
95667
95601
95586
95529
95515
95508
95472
95396
95395
95365
95347
95345
95341
95338
95313
95311
95304
95243
95223
95222
95220
95205
95187
95131
95122
95121
95107
95103
95096
95089
95048
95004
94983
94970
94965
94924
94901
94891
94864
94831
94813
94772
94755
94698
94672
94671
94646
94639
94621
94580
94569
94535
94504
94484
94430
94425
94422
94414
94412
94363
94359
94349
94308
94273
94263
94205
94198
94192
94179
94155
94067
94025
93974
93933
93919
93916
93914
93885
93879
93877
93876
93865
93840
93815
93809
93783
93777
93721
93695
93678
93657
93647
93630
93602
93589
93545
93505
93480
93477
93466
93455
93448
93423
93391
93387
93294
93288
93282
93255
93254
93253
93249
93236
93235
93233
93187
93152
93146
93144
93142
93139
93131
93029
93010
92987
92966
92938
92918
92905
92865
92834
92753
92750
92667
92645
92643
92638
92549
92540
92479
92460
92449
92440
92436
92429
92421
92413
92403
92391
92316
92306
92253
92248
92243
92222
92174
92150
92111
92068
92050
92025
92006
92004
91978
91936
91844
91798
91776
91767
91680
91671
91627
91604
91603
91601
91570
91561
91557
91525
91514
91506
91431
91402
91393
91331
91323
91313
91310
91303
91268
91261
91230
91196
91196
91187
91150
91128
91097
91057
91047
91029
91027
90987
90987
90984
90974
90960
90924
90919
90899
90898
90895
90885
90872
90834
90816
90793
90791
90788
90764
90738
90724
90719
90680
90526
90510
90509
90500
90446
90436
90414
90401
90392
90386
90373
90347
90341
90340
90323
90282
90225
90216
90188
90176
90154
90105
90062
90046
89985
89932
89923
89918
89908
89906
89896
89864
89858
89855
89830
89822
89809
89806
89765
89705
89686
89613
89609
89591
89582
89581
89561
89495
89484
89469
89440
89438
89436
89400
89384
89352
89350
89348
89336
89264
89263
89241
89231
89217
89216
89203
89193
89192
89181
89172
89117
89087
88943
88895
88874
88873
88849
88846
88840
88829
88787
88772
88767
88765
88764
88741
88694
88557
88536
88524
88485
88479
88432
88421
88420
88412
88390
88365
88340
88293
88290
88287
88278
88261
88252
88235
88226
88203
88173
88095
88084
88083
88076
88039
88013
88011
87981
87963
87930
87910
87876
87875
87820
87801
87780
87777
87740
87684
87631
87615
87587
87584
87577
87562
87545
87542
87508
87500
87493
87475
87466
87464
87442
87401
87373
87365
87357
87348
87328
87314
87295
87283
87258
87151
87133
87082
87068
87052
87036
87021
87000
86944
86914
86914
86888
86886
86885
86860
86851
86841
86811
86790
86753
86751
86723
86720
86704
86661
86643
86639
86602
86541
86538
86519
86515
86511
86489
86482
86428
86415
86352
86340
86335
86295
86294
86288
86260
86252
86243
86222
86210
86200
86186
86184
86142
86105
86044
86011
86010
86003
85973
85970
85968
85919
85896
85880
85862
85814
85781
85759
85758
85746
85744
85729
85663
85617
85603
85595
85552
85517
85503
85494
85476
85432
85399
85396
85354
85344
85279
85273
85267
85253
85245
85239
85234
85214
85195
85193
85159
85140
85113
85078
85025
85018
85008
84989
84969
84957
84946
84944
84930
84930
84898
84860
84852
84839
84827
84812
84807
84794
84775
84771
84750
84749
84749
84747
84744
84738
84713
84705
84699
84694
84604
84592
84562
84557
84547
84505
84498
84497
84492
84487
84486
84476
84468
84416
84379
84373
84372
84361
84311
84276
84269
84259
84256
84234
84231
84172
84169
84164
84156
84149
84128
84121
84100
84077
84060
84050
84047
84016
83987
83894
83878
83871
83833
83816
83809
83785
83766
83766
83766
83671
83670
83591
83502
83462
83457
83416
83404
83380
83376
83370
83363
83350
83341
83341
83336
83299
83286
83266
83258
83257
83254
83218
83215
83186
83182
83179
83157
83047
83016
83011
82994
82994
82978
82962
82896
82876
82818
82803
82790
82773
82766
82726
82721
82695
82687
82684
82677
82636
82635
82621
82618
82613
82542
82491
82490
82448
82436
82435
82412
82399
82399
82379
82360
82345
82324
82313
82289
82287
82271
82215
82153
82141
82126
82095
82088
82031
82004
81997
81986
81982
81963
81963
81938
81935
81918
81901
81897
81886
81792
81778
81769
81764
81740
81726
81720
81710
81697
81694
81677
81652
81643
81633
81606
81563
81552
81507
81502
81498
81490
81457
81437
81417
81406
81399
81399
81367
81323
81311
81269
81269
81233
81216
81169
81144
81135
81134
81125
81117
81108
81092
81079
81004
80990
80981
80963
80961
80948
80943
80929
80916
80914
80910
80889
80876
80841
80771
80755
80669
80658
80657
80649
80600
80600
80579
80546
80539
80496
80494
80476
80476
80470
80394
80387
80369
80285
80283
80277
80273
80257
80220
80220
80218
80208
80196
80149
80127
80120
80072
80063
80061
80055
80031
80025
80004
79970
79954
79906
79883
79877
79876
79867
79831
79826
79826
79722
79671
79668
79665
79604
79589
79513
79508
79490
79485
79457
79447
79437
79430
79418
79397
79386
79386
79375
79337
79295
79272
79213
79198
79153
79148
79137
79122
79075
79072
79036
79027
79023
78995
78975
78963
78958
78953
78944
78934
78930
78911
78849
78848
78827
78786
78773
78738
78716
78712
78649
78632
78631
78531
78511
78463
78376
78373
78371
78369
78344
78341
78334
78251
78224
78223
78178
78154
78131
78128
78122
78090
78065
78048
78023
78017
78012
77988
77925
77925
77879
77852
77782
77772
77740
77715
77661
77658
77595
77577
77576
77574
77535
77501
77484
77482
77427
77423
77407
77380
77374
77356
77353
77311
77296
77281
77237
77230
77152
77135
77113
77083
77079
77070
77043
77017
76988
76986
76971
76952
76924
76904
76888
76878
76874
76850
76829
76828
76763
76724
76696
76694
76674
76665
76639
76638
76622
76522
76514
76493
76422
76416
76386
76344
76291
76280
76273
76256
76254
76232
76224
76199
76161
76111
76019
75995
75987
75979
75958
75948
75937
75921
75896
75887
75885
75881
75865
75863
75857
75852
75846
75832
75825
75824
75771
75709
75704
75685
75677
75617
75615
75599
75595
75575
75567
75564
75553
75549
75531
75510
75501
75471
75446
75417
75371
75369
75318
75315
75304
75293
75293
75269
75231
75208
75133
75081
75044
75037
74987
74963
74894
74878
74819
74788
74737
74713
74693
74670
74655
74644
74638
74627
74618
74592
74516
74510
74473
74461
74427
74426
74423
74386
74369
74354
74342
74328
74310
74284
74274
74262
74255
74230
74212
74209
74195
74192
74189
74156
74101
74097
74082
74080
74077
74076
74055
74049
74048
74045
74026
73997
73994
73983
73958
73952
73904
73855
73851
73847
73847
73836
73818
73795
73751
73721
73712
73689
73671
73663
73649
73644
73627
73606
73588
73575
73555
73533
73507
73499
73488
73471
73461
73424
73374
73367
73355
73351
73324
73323
73309
73295
73286
73234
73231
73160
73152
73140
73138
73129
73090
73056
73048
73033
73032
72974
72956
72953
72942
72937
72935
72912
72862
72771
72758
72756
72712
72694
72693
72685
72682
72659
72642
72600
72596
72594
72541
72532
72514
72509
72504
72504
72495
72441
72422
72410
72409
72400
72362
72338
72326
72323
72318
72259
72241
72210
72168
72160
72158
72126
72117
72085
72073
72073
72063
72060
72025
72011
72006
71984
71957
71933
71929
71914
71911
71892
71888
71880
71854
71815
71772
71747
71580
71565
71516
71510
71505
71504
71434
71424
71411
71387
71361
71347
71341
71339
71296
71290
71261
71205
71202
71131
71071
71053
71016
70909
70902
70884
70878
70788
70772
70765
70761
70735
70734
70667
70664
70593
70574
70572
70550
70536
70531
70488
70446
70431
70388
70382
70360
70350
70332
70308
70294
70291
70290
70274
70270
70249
70242
70236
70216
70185
70173
70171
70093
70082
70042
69999
69971
69968
69959
69954
69927
69910
69889
69869
69864
69849
69825
69801
69800
69797
69795
69777
69771
69748
69706
69695
69635
69582
69578
69522
69516
69467
69392
69374
69368
69360
69360
69358
69341
69321
69312
69303
69272
69227
69175
69161
69116
69114
69029
69027
69003
68988
68976
68951
68943
68926
68917
68916
68879
68853
68844
68833
68800
68750
68740
68736
68727
68640
68639
68637
68560
68558
68541
68494
68493
68480
68477
68458
68455
68432
68368
68318
68314
68313
68309
68308
68280
68271
68204
68197
68177
68118
68107
68079
68058
68034
67996
67988
67984
67983
67974
67919
67881
67830
67823
67823
67819
67813
67813
67763
67757
67757
67694
67667
67655
67640
67589
67583
67575
67569
67565
67554
67551
67547
67531
67512
67463
67462
67453
67451
67397
67338
67337
67334
67322
67319
67285
67285
67257
67220
67177
67170
67143
67137
67130
67129
67084
67062
67041
67027
67006
67004
66989
66797
66790
66774
66772
66762
66750
66710
66676
66624
66604
66564
66556
66531
66505
66492
66465
66446
66441
66370
66300
66293
66291
66290
66287
66284
66269
66236
66208
66183
66173
66145
66137
66109
66031
66014
65997
65996
65950
65923
65922
65893
65864
65863
65829
65828
65811
65807
65769
65754
65753
65748
65742
65711
65707
65691
65680
65668
65667
65650
65633
65577
65561
65556
65527
65518
65513
65507
65483
65475
65451
65437
65430
65398
65378
65338
65303
65279
65262
65238
65230
65224
65217
65209
65200
65186
65126
65103
65098
65076
65073
65020
64977
64928
64872
64847
64809
64798
64798
64763
64746
64738
64719
64716
64692
64671
64614
64613
64607
64578
64548
64543
64533
64468
64462
64442
64437
64434
64402
64374
64332
64310
64283
64221
64192
64179
64151
64102
64067
64065
64016
64003
63965
63945
63895
63847
63836
63835
63834
63781
63779
63778
63740
63711
63700
63700
63699
63699
63643
63638
63613
63580
63574
63571
63538
63535
63446
63440
63362
63337
63296
63260
63205
63202
63157
63155
63147
63147
63137
63124
63124
63108
63105
63073
63050
63038
63031
63018
62995
62989
62974
62947
62921
62913
62843
62798
62786
62757
62747
62746
62745
62737
62709
62709
62705
62699
62687
62682
62662
62652
62625
62618
62599
62590
62584
62576
62550
62514
62510
62495
62472
62456
62415
62393
62389
62387
62380
62361
62322
62309
62309
62309
62305
62276
62270
62268
62250
62246
62204
62202
62110
62092
62089
62087
62077
62074
62068
62066
62021
61982
61953
61939
61907
61888
61856
61846
61837
61824
61824
61824
61822
61794
61788
61782
61746
61726
61721
61700
61686
61685
61665
61644
61634
61593
61572
61556
61512
61494
61457
61439
61430
61422
61416
61393
61390
61388
61351
61348
61333
61332
61319
61298
61286
61286
61249
61247
61243
61241
61214
61156
61112
61110
61104
61096
61088
61088
61087
61059
61056
61029
61028
61021
60977
60972
60932
60930
60921
60883
60803
60765
60757
60739
60736
60711
60659
60649
60649
60600
60590
60577
60499
60492
60473
60431
60425
60419
60392
60368
60349
60342
60337
60322
60313
60240
60225
60205
60197
60189
60181
60124
60122
60104
60077
60059
60053
60049
59991
59946
59928
59910
59877
59863
59856
59849
59831
59830
59828
59821
59813
59812
59778
59760
59746
59720
59700
59697
59669
59653
59645
59610
59602
59575
59570
59568
59499
59482
59452
59448
59446
59437
59427
59426
59407
59385
59340
59297
59259
59231
59224
59209
59197
59175
59173
59163
59139
59120
59065
58995
58980
58964
58929
58916
58888
58846
58826
58820
58799
58784
58758
58695
58676
58653
58636
58632
58562
58538
58516
58509
58508
58482
58426
58404
58404
58378
58359
58339
58267
58262
58250
58242
58229
58191
58190
58170
58147
58078
58064
58040
57988
57963
57961
57958
57920
57847
57840
57806
57786
57773
57767
57745
57740
57721
57715
57694
57676
57661
57606
57594
57593
57580
57574
57572
57571
57528
57512
57489
57484
57453
57451
57428
57413
57382
57322
57321
57320
57309
57306
57297
57259
57255
57254
57252
57247
57216
57137
57066
57058
57004
56990
56988
56959
56959
56932
56907
56886
56875
56839
56763
56750
56742
56741
56713
56709
56689
56657
56623
56619
56609
56607
56606
56602
56587
56586
56584
56577
56545
56540
56520
56515
56484
56479
56474
56453
56449
56444
56417
56417
56405
56350
56333
56262
56261
56243
56234
56231
56198
56190
56169
56147
56143
56096
56083
56072
56067
56035
56016
55998
55985
55984
55938
55932
55919
55917
55866
55840
55782
55773
55744
55699
55698
55660
55650
55631
55599
55595
55595
55571
55570
55542
55528
55506
55505
55471
55450
55423
55392
55370
55293
55271
55220
55184
55177
55171
55152
55149
55149
55075
55064
55061
55024
54956
54917
54870
54839
54821
54818
54805
54797
54785
54774
54727
54688
54677
54654
54639
54624
54621
54605
54550
54542
54531
54511
54475
54475
54461
54446
54428
54397
54381
54377
54370
54364
54360
54295
54288
54284
54262
54217
54202
54200
54151
54018
54014
53992
53955
53954
53898
53890
53847
53830
53788
53761
53759
53704
53697
53674
53665
53517
53488
53423
53402
53392
53377
53341
53340
53337
53313
53310
53284
53264
53262
53241
53238
53237
53223
53203
53183
53130
53104
53078
53037
53026
53010
52987
52869
52829
52803
52751
52692
52677
52654
52609
52592
52586
52556
52552
52532
52517
52516
52507
52502
52495
52472
52392
52357
52341
52263
52240
52152
52152
52121
52083
52076
52055
52046
52031
52029
52017
51998
51989
51980
51946
51930
51917
51875
51864
51857
51825
51807
51797
51755
51731
51717
51715
51667
51665
51636
51628
51591
51583
51573
51562
51554
51497
51494
51488
51456
51420
51391
51386
51374
51346
51342
51259
51259
51244
51139
51116
51100
51076
51055
51047
50992
50971
50960
50916
50903
50897
50879
50878
50876
50868
50793
50768
50755
50743
50732
50691
50673
50671
50654
50607
50602
50592
50556
50516
50511
50493
50473
50450
50436
50332
50307
50271
50251
50229
50227
50206
50202
50196
50196
50171
50147
50134
50101
50085
50070
50063
50061
50051
50042
49986
49974
49949
49902
49873
49837
49821
49797
49753
49746
49732
49723
49721
49712
49689
49678
49670
49584
49584
49494
49485
49478
49429
49423
49416
49376
49364
49357
49342
49263
49255
49253
49176
49163
49160
49147
49142
49125
49113
49094
49074
49044
49041
49040
49025
48972
48949
48946
48917
48916
48883
48878
48863
48860
48822
48820
48813
48805
48726
48725
48717
48704
48698
48646
48644
48629
48610
48572
48568
48559
48552
48548
48508
48469
48452
48411
48397
48379
48373
48347
48320
48283
48255
48234
48151
48150
48144
48117
48086
48080
48055
47982
47955
47943
47942
47918
47855
47832
47812
47785
47768
47758
47741
47736
47660
47655
47647
47630
47620
47612
47527
47512
47488
47485
47481
47477
47471
47438
47422
47420
47378
47367
47349
47349
47329
47299
47265
47234
47224
47169
47143
47128
47099
47075
47046
47030
47018
46979
46975
46973
46964
46962
46876
46828
46828
46812
46776
46766
46743
46739
46714
46676
46625
46610
46598
46592
46590
46568
46563
46557
46552
46550
46527
46474
46473
46455
46443
46441
46400
46389
46327
46296
46262
46259
46242
46199
46161
46159
46116
46110
46087
46067
46064
46029
46011
45984
45974
45950
45949
45901
45844
45833
45796
45776
45720
45719
45713
45700
45672
45664
45634
45625
45614
45581
45561
45530
45529
45515
45506
45471
45416
45404
45393
45380
45361
45349
45322
45293
45253
45220
45218
45189
45178
45169
45169
45167
45134
45119
45102
45082
45045
45011
44993
44992
44978
44958
44946
44931
44882
44878
44870
44860
44852
44833
44824
44794
44769
44751
44748
44723
44710
44694
44669
44636
44535
44527
44489
44445
44418
44404
44403
44397
44356
44344
44333
44306
44305
44281
44149
44136
44110
44106
44088
44076
44064
44061
44044
44041
44000
43971
43958
43955
43949
43948
43934
43904
43896
43888
43873
43870
43828
43827
43816
43769
43698
43656
43647
43630
43600
43595
43593
43578
43577
43573
43523
43509
43494
43488
43486
43451
43400
43335
43310
43301
43286
43280
43275
43260
43257
43252
43236
43207
43177
43137
43133
43057
43053
43040
42992
42982
42981
42969
42934
42917
42904
42899
42888
42869
42845
42840
42818
42806
42779
42761
42725
42694
42672
42672
42642
42581
42550
42537
42533
42529
42518
42512
42511
42490
42462
42451
42428
42413
42407
42387
42376
42358
42342
42341
42337
42316
42243
42238
42199
42193
42156
42155
42151
42146
42141
42107
42053
42053
42029
41989
41972
41934
41926
41924
41910
41910
41907
41878
41818
41815
41800
41798
41779
41776
41750
41745
41733
41725
41697
41696
41689
41688
41656
41559
41535
41502
41464
41462
41458
41438
41435
41390
41389
41374
41369
41362
41362
41344
41304
41272
41270
41269
41257
41245
41226
41219
41213
41199
41193
41042
41041
41029
41026
41020
41006
40965
40956
40940
40921
40901
40898
40881
40866
40864
40840
40815
40811
40811
40788
40784
40758
40731
40714
40703
40700
40684
40678
40678
40678
40650
40647
40634
40584
40569
40562
40538
40515
40507
40412
40397
40342
40217
40169
40164
40151
40136
40109
40106
40084
40080
40067
40063
40024
39996
39978
39975
39955
39949
39948
39933
39933
39928
39906
39906
39899
39866
39819
39807
39795
39781
39779
39759
39758
39747
39740
39719
39685
39654
39624
39610
39595
39589
39559
39545
39499
39456
39451
39437
39362
39346
39344
39336
39333
39325
39315
39304
39304
39278
39273
39228
39209
39174
39062
39035
39022
38998
38937
38880
38876
38875
38839
38831
38808
38796
38755
38749
38730
38718
38705
38653
38636
38602
38577
38460
38438
38376
38372
38366
38333
38322
38311
38282
38277
38269
38249
38248
38247
38242
38196
38189
38162
38131
38115
38050
38031
37945
37918
37916
37916
37913
37913
37900
37863
37847
37838
37837
37830
37807
37791
37787
37786
37774
37742
37708
37692
37690
37680
37660
37630
37597
37596
37530
37492
37473
37457
37384
37384
37363
37317
37312
37307
37302
37287
37274
37262
37242
37167
37157
37140
37137
37087
37083
37069
37064
37056
37051
37007
36950
36885
36836
36821
36807
36743
36736
36730
36700
36681
36618
36597
36570
36565
36556
36554
36535
36533
36528
36528
36524
36508
36487
36450
36447
36441
36371
36338
36316
36294
36287
36254
36219
36200
36194
36185
36141
36127
36065
36046
36026
35999
35983
35970
35948
35886
35875
35856
35850
35792
35767
35740
35735
35706
35694
35684
35627
35592
35589
35588
35563
35561
35559
35545
35531
35497
35488
35438
35425
35407
35397
35394
35368
35321
35319
35294
35206
35146
35127
35124
35117
35110
35077
35060
35060
35058
35047
35021
35020
34933
34894
34882
34870
34862
34835
34822
34797
34743
34708
34688
34663
34657
34653
34636
34620
34597
34585
34583
34553
34535
34530
34371
34355
34349
34349
34347
34334
34298
34291
34267
34208
34184
34183
34140
34119
34111
34098
34047
34021
33992
33988
33906
33904
33902
33894
33886
33878
33866
33801
33793
33785
33782
33743
33720
33713
33692
33664
33641
33619
33610
33571
33542
33524
33496
33491
33484
33467
33448
33445
33440
33413
33408
33400
33374
33352
33325
33312
33257
33239
33198
33169
33155
33056
33044
33022
33011
33010
32991
32973
32973
32967
32962
32946
32945
32928
32892
32752
32710
32673
32635
32613
32609
32605
32598
32567
32564
32546
32511
32501
32484
32429
32412
32401
32373
32361
32354
32337
32306
32273
32231
32197
32193
32183
32159
32155
32119
32109
32089
32077
32073
32066
32044
31988
31945
31910
31904
31904
31903
31879
31841
31819
31814
31794
31759
31742
31711
31700
31627
31605
31589
31585
31569
31559
31517
31508
31504
31493
31443
31433
31367
31361
31353
31344
31344
31279
31274
31260
31249
31246
31230
31223
31078
31077
31066
31065
31055
31022
31019
30998
30914
30913
30880
30864
30860
30847
30846
30799
30791
30790
30775
30749
30741
30712
30694
30689
30642
30623
30609
30560
30519
30518
30518
30471
30441
30438
30437
30369
30313
30304
30297
30276
30274
30269
30229
30216
30215
30211
30173
30142
30093
30086
30080
30072
30061
30037
30022
30021
30019
30006
29956
29947
29930
29897
29893
29878
29873
29857
29838
29823
29823
29810
29807
29804
29763
29740
29739
29717
29711
29690
29671
29607
29577
29552
29488
29446
29417
29327
29284
29283
29231
29214
29209
29150
29148
29111
29103
29090
29045
29042
28999
28960
28956
28916
28915
28912
28905
28899
28880
28872
28856
28853
28853
28851
28840
28812
28780
28692
28643
28642
28628
28621
28599
28586
28582
28575
28560
28556
28543
28497
28470
28433
28419
28357
28351
28339
28324
28319
28307
28296
28295
28284
28272
28266
28258
28239
28200
28197
28160
28124
28066
28061
28030
28014
27993
27985
27960
27942
27938
27937
27904
27866
27847
27827
27820
27818
27803
27777
27776
27734
27678
27671
27654
27642
27627
27568
27561
27529
27500
27490
27478
27465
27461
27458
27375
27363
27328
27291
27290
27287
27277
27277
27252
27232
27216
27195
27181
27159
27126
27096
27052
27048
27037
27034
26975
26918
26903
26902
26889
26883
26826
26749
26730
26724
26722
26691
26631
26631
26598
26558
26534
26533
26524
26518
26473
26464
26459
26451
26421
26421
26404
26398
26389
26385
26377
26372
26370
26344
26333
26322
26278
26245
26245
26227
26215
26194
26194
26189
26180
26152
26138
26099
26086
26085
26032
26030
25971
25923
25920
25896
25876
25865
25845
25818
25804
25802
25793
25781
25759
25744
25736
25730
25699
25691
25655
25648
25645
25633
25621
25603
25596
25570
25561
25470
25450
25405
25368
25359
25334
25312
25290
25286
25247
25220
25213
25205
25200
25188
25186
25168
25160
25136
25129
25121
25045
24991
24972
24952
24937
24936
24928
24902
24895
24879
24868
24867
24847
24843
24841
24838
24830
24820
24819
24803
24799
24792
24790
24784
24775
24747
24718
24654
24570
24544
24529
24515
24454
24442
24433
24374
24342
24326
24241
24214
24188
24177
24166
24166
24164
24143
24131
24129
24120
24096
24080
24062
24046
24018
24010
23958
23916
23908
23894
23871
23868
23862
23846
23845
23832
23827
23826
23821
23807
23779
23775
23764
23762
23762
23749
23737
23733
23713
23698
23692
23684
23678
23661
23651
23627
23548
23545
23540
23514
23504
23493
23489
23476
23407
23399
23382
23379
23358
23348
23339
23325
23317
23312
23304
23303
23267
23247
23242
23236
23226
23219
23122
23094
23067
23042
23037
23031
22988
22974
22953
22929
22920
22915
22913
22911
22905
22854
22829
22827
22820
22817
22791
22753
22749
22718
22699
22697
22697
22671
22616
22595
22590
22573
22569
22550
22530
22527
22517
22491
22473
22471
22454
22421
22413
22388
22372
22333
22297
22280
22252
22251
22187
22163
22148
22148
22148
22139
22106
22104
22063
22062
22049
22030
22029
22022
22004
21996
21994
21986
21983
21973
21971
21934
21914
21847
21819
21785
21781
21755
21748
21747
21736
21731
21693
21661
21649
21622
21600
21590
21588
21575
21553
21528
21524
21404
21375
21334
21321
21265
21260
21242
21224
21176
21113
21107
21105
21102
21074
21073
21057
21052
21033
21007
20998
20998
20997
20979
20977
20956
20847
20828
20827
20813
20784
20780
20778
20760
20730
20706
20670
20657
20646
20644
20629
20577
20576
20567
20518
20514
20505
20505
20501
20487
20451
20429
20418
20396
20385
20364
20341
20340
20321
20297
20270
20223
20219
20170
20168
20074
20030
20029
19984
19974
19955
19954
19884
19879
19864
19846
19843
19842
19832
19807
19804
19803
19783
19782
19771
19754
19704
19679
19657
19580
19574
19565
19546
19538
19527
19512
19504
19455
19437
19387
19377
19359
19336
19293
19288
19268
19268
19267
19255
19213
19207
19198
19196
19179
19164
19087
19004
18994
18986
18961
18959
18925
18899
18899
18806
18754
18743
18705
18681
18665
18651
18631
18626
18595
18572
18566
18552
18427
18409
18388
18380
18378
18363
18346
18340
18280
18224
18209
18171
18163
18160
18149
18137
18134
18126
17987
17966
17955
17948
17942
17923
17916
17859
17850
17842
17747
17745
17670
17625
17615
17517
17506
17493
17479
17470
17460
17426
17389
17388
17353
17351
17335
17330
17318
17271
17257
17224
17205
17181
17171
17154
17132
17117
17071
17024
17019
16998
16953
16912
16859
16769
16748
16711
16709
16704
16703
16666
16661
16652
16652
16572
16570
16554
16529
16518
16473
16468
16363
16352
16351
16318
16311
16294
16224
16185
16179
16172
16164
16153
16127
16123
16118
16094
16027
16022
16000
15945
15894
15888
15790
15781
15757
15732
15726
15710
15706
15673
15658
15632
15625
15600
15591
15580
15572
15537
15527
15506
15469
15461
15400
15397
15387
15323
15316
15250
15249
15235
15233
15233
15223
15213
15198
15187
15181
15168
15167
15147
15122
15100
15048
14942
14898
14883
14843
14750
14651
14651
14647
14623
14619
14615
14562
14562
14560
14524
14464
14460
14426
14417
14339
14328
14323
14305
14302
14300
14297
14285
14226
14191
14187
14168
14164
14124
14073
14068
14054
14046
14014
14010
13976
13967
13936
13914
13909
13899
13894
13840
13819
13792
13768
13743
13704
13690
13680
13660
13590
13579
13532
13516
13486
13477
13475
13452
13428
13421
13417
13380
13351
13342
13324
13304
13304
13299
13289
13282
13277
13255
13254
13236
13217
13213
13211
13177
13174
13140
13129
13120
13034
13031
13015
12995
12993
12980
12943
12936
12928
12909
12875
12873
12810
12800
12795
12756
12684
12631
12630
12613
12606
12601
12596
12595
12577
12576
12573
12571
12562
12553
12504
12487
12470
12455
12452
12423
12404
12370
12329
12328
12321
12296
12281
12279
12277
12191
12164
12163
12140
12113
12105
12072
12059
12058
12041
12012
11989
11976
11954
11921
11894
11878
11843
11777
11762
11758
11753
11752
11738
11714
11707
11682
11681
11676
11582
11569
11559
11517
11507
11444
11418
11411
11370
11364
11351
11344
11342
11335
11285
11278
11256
11231
11231
11190
11178
11171
11147
11083
11067
11042
11040
11025
11022
10988
10985
10985
10953
10924
10922
10896
10893
10861
10803
10776
10775
10708
10705
10691
10691
10673
10665
10655
10651
10643
10639
10618
10607
10596
10593
10553
10542
10515
10478
10477
10446
10440
10433
10424
10415
10392
10377
10345
10344
10339
10303
10271
10252
10239
10218
10195
10189
10173
10157
10156
10147
10146
10129
10127
10103
10091
10085
10081
10047
10022
9992
9953
9932
9908
9888
9885
9877
9860
9856
9855
9853
9851
9850
9839
9794
9768
9761
9733
9728
9726
9719
9706
9663
9660
9609
9526
9509
9492
9476
9469
9456
9398
9394
9371
9349
9323
9319
9312
9306
9303
9290
9257
9251
9213
9213
9196
9186
9160
9159
9096
9062
9059
9040
8974
8972
8939
8901
8873
8867
8867
8840
8831
8815
8784
8765
8758
8752
8745
8741
8720
8716
8675
8655
8647
8632
8609
8606
8594
8573
8550
8527
8517
8454
8435
8433
8404
8389
8367
8359
8346
8310
8238
8205
8112
8068
8058
8030
8006
7997
7988
7978
7972
7956
7933
7876
7864
7813
7780
7749
7739
7730
7718
7717
7698
7689
7658
7616
7593
7480
7447
7414
7409
7396
7388
7382
7326
7323
7315
7314
7309
7309
7271
7213
7208
7095
7052
7046
7031
7024
7006
6994
6978
6916
6905
6870
6861
6842
6820
6812
6794
6779
6777
6740
6725
6642
6634
6591
6584
6556
6527
6500
6456
6431
6424
6383
6375
6356
6324
6314
6314
6291
6291
6239
6235
6201
6152
6102
6067
6052
6039
6023
6023
5998
5983
5928
5893
5865
5863
5858
5852
5849
5831
5827
5815
5799
5777
5767
5745
5739
5733
5727
5646
5638
5630
5598
5586
5540
5539
5538
5536
5501
5491
5439
5416
5412
5407
5396
5383
5355
5330
5285
5283
5272
5255
5221
5209
5112
5109
5097
5075
5044
5039
5037
5037
5025
5017
4999
4988
4932
4895
4878
4840
4828
4817
4803
4791
4773
4761
4758
4755
4728
4700
4669
4652
4612
4609
4576
4574
4554
4550
4536
4528
4519
4490
4341
4314
4297
4250
4235
4229
4165
4126
4095
4069
4020
4011
3981
3980
3980
3923
3916
3900
3893
3876
3826
3816
3811
3801
3754
3743
3623
3519
3517
3470
3437
3437
3424
3420
3420
3417
3409
3319
3285
3270
3264
3246
3242
3235
3211
3180
3167
3167
3107
3097
3091
3074
3052
3042
3042
3039
3038
3029
3007
2960
2945
2934
2922
2858
2856
2853
2840
2810
2809
2806
2796
2777
2772
2744
2733
2728
2691
2676
2658
2648
2641
2638
2610
2599
2550
2461
2456
2441
2414
2394
2382
2366
2359
2358
2333
2309
2302
2293
2282
2125
2081
2074
2060
1990
1904
1903
1890
1870
1855
1854
1809
1801
1757
1749
1705
1697
1678
1671
1671
1669
1643
1635
1600
1574
1548
1548
1518
1505
1503
1494
1491
1484
1467
1465
1454
1452
1435
1426
1410
1358
1354
1340
1332
1296
1286
1285
1268
1238
1184
1175
1167
1141
1131
1129
1084
1073
1040
1038
1036
1026
957
912
897
866
856
849
833
821
821
796
790
772
740
705
672
652
603
590
527
513
510
475
468
448
403
403
367
300
280
256
234
217
176
172
166
153
103
101
75
74
34
31
24
23
11
9
