99881
99824
99820
99775
99766
99558
99551
99450
99421
99295
99275
99269
99181
99124
99098
99073
99062
98979
98974
98965
98823
98660
98626
98596
98553
98544
98527
98401
98399
98363
98312
98283
98233
98169
98080
97930
97900
97891
97857
97792
97785
97756
97746
97723
97650
97449
97391
97354
97297
97291
97130
96922
96850
96791
96791
96633
96598
96550
96519
96505
96482
96408
96303
96285
96241
96111
96061
96024
96016
95939
95899
95689
95601
95392
95302
95065
95047
95025
94975
94620
94589
94580
94576
94440
94437
94126
93950
93865
93862
93848
93778
93617
93520
93481
93464
93296
92991
92958
92875
92861
92818
92760
92739
92546
92512
92459
92331
92251
92220
92120
92018
91975
91783
91777
91724
91645
91584
91487
91479
91465
91450
91447
91435
91400
91354
91184
91129
91043
90910
90905
90863
90771
90766
90717
90608
90577
90384
90318
90197
90167
90083
90027
90017
89992
89894
89734
89650
89519
89454
89440
89431
89304
89266
89258
89257
89159
88983
88960
88943
88868
88818
88729
88722
88715
88678
88562
88545
88496
88426
88244
88237
88153
88132
88046
88012
87962
87684
87677
87652
87637
87554
87495
87280
87245
87076
87039
87003
86892
86860
86814
86782
86735
86702
86606
86516
86242
86169
86164
86113
86066
85890
85880
85682
85555
85550
85525
85498
85484
85478
85456
85285
85229
85182
85131
85051
85035
84993
84990
84907
84848
84802
84753
84596
84488
84475
84268
84176
84033
83919
83875
83752
83677
83638
83464
83375
83339
83304
83286
83198
83186
83147
83095
83093
83043
83031
83008
82920
82876
82863
82749
82720
82403
82392
82356
82271
82147
82069
82030
81900
81861
81856
81825
81616
81542
81426
81335
81334
81226
81206
81179
81102
81063
81049
80892
80759
80488
80461
80358
80279
80279
80255
80088
80069
80014
79995
79927
79766
79686
79628
79605
79570
79558
79468
79463
79443
79422
79386
79240
79201
79051
78847
78767
78685
78374
78347
78171
78165
78164
78097
78037
77899
77715
77658
77540
77485
77475
77457
77405
77170
76987
76986
76906
76885
76872
76845
76836
76747
76671
76627
76578
76568
76532
76384
76334
76261
76213
75946
75939
75880
75848
75837
75758
75707
75587
75539
75529
75494
75348
75304
75282
75236
75214
75067
75057
75006
74979
74944
74941
74925
74925
74892
74826
74809
74806
74770
74717
74710
74413
74385
74327
74289
74231
74222
74107
74060
73961
73917
73796
73783
73607
73599
73516
73398
73374
73367
73206
73116
72923
72901
72845
72690
72683
72664
72626
72622
72550
72466
72365
72293
72090
72011
71987
71910
71890
71748
71717
71660
71625
71592
71520
71485
71430
71420
71391
71354
71340
71285
71184
71172
71138
71051
71028
71002
70980
70920
70899
70863
70848
70788
70584
70405
70252
70222
70109
70109
69988
69972
69924
69823
69785
69569
69432
69283
69197
69190
69104
69099
69076
69063
69006
68978
68958
68914
68900
68862
68808
68795
68666
68602
68586
68580
68575
68512
68442
68284
68223
68215
68180
68139
68066
67990
67976
67679
67605
67496
67419
67391
67292
67281
67068
67035
66947
66909
66887
66867
66831
66794
66788
66782
66774
66729
66695
66541
66451
66399
66377
66268
66228
66161
66157
66099
65910
65849
65734
65166
65065
64944
64920
64911
64849
64650
64604
64294
64234
64225
64211
64175
64126
64029
64021
63911
63859
63741
63697
63652
63645
63395
63266
63190
63137
63128
63054
62883
62871
62547
62456
62259
61969
61931
61921
61855
61841
61806
61779
61779
61727
61690
61623
61621
61594
61579
61453
61448
61287
61264
61109
61091
61079
61059
61035
61029
61017
60934
60794
60737
60640
60631
60602
60594
60479
60412
60307
60235
60216
60156
59981
59971
59911
59829
59769
59688
59684
59577
59534
59523
59262
59259
59199
59185
59048
59016
59008
58934
58919
58905
58876
58810
58773
58608
58557
58492
58471
58406
58312
58296
58159
58156
58123
57998
57988
57953
57928
57908
57907
57870
57774
57673
57562
57304
57288
57226
57202
57200
57093
57066
57005
56966
56889
56737
56594
56447
56440
56357
56346
56334
56322
56279
56182
56166
55858
55832
55768
55728
55713
55702
55692
55588
55494
55256
55159
54952
54902
54897
54878
54804
54800
54743
54698
54695
54657
54606
54506
54468
54413
54375
54346
54254
54238
54226
54222
54195
54083
53880
53756
53703
53636
53624
53610
53596
53559
53452
53316
53303
53247
53146
53117
53107
53043
53016
53016
52981
52915
52832
52666
52639
52603
52402
52183
52122
52121
52028
51977
51916
51777
51666
51620
51430
51353
51342
51316
51263
51167
50901
50900
50884
50884
50694
50689
50635
50614
50576
50506
50495
50493
50491
50291
50258
50067
50047
49992
49991
49987
49970
49966
49963
49851
49823
49763
49571
49553
49552
49525
49431
49393
49317
49298
49294
49281
49006
48894
48856
48834
48647
48568
48555
48432
48154
48108
47961
47899
47807
47747
47741
47731
47704
47642
47621
47607
47496
47385
47380
47349
47343
47291
47218
47212
47187
47080
47006
46955
46917
46902
46864
46819
46674
46546
46469
46293
46243
46199
46199
46072
46016
45994
45983
45929
45890
45845
45729
45702
45682
45658
45618
45616
45611
45590
45457
45338
45316
45281
45270
45215
45204
45035
44995
44975
44944
44912
44909
44769
44687
44680
44564
44525
44511
44494
44456
44410
44360
44226
44223
44029
43904
43861
43828
43757
43659
43634
43560
43488
43471
43387
43347
43321
43253
43125
43059
43011
43011
42962
42935
42893
42859
42849
42832
42811
42800
42656
42555
42457
42440
42418
42359
42221
42197
42154
42151
42091
42005
41797
41665
41643
41638
41524
41449
41328
41322
41318
41219
41176
41110
41015
40995
40982
40981
40908
40698
40577
40565
40479
40462
40451
40256
40205
40188
40171
40061
39918
39880
39866
39787
39762
39715
39683
39579
39546
39483
39448
39431
39387
39298
39293
39241
39222
39170
39109
39071
38989
38967
38833
38757
38666
38628
38550
38417
38349
38318
38290
38201
38089
38065
38020
37768
37765
37725
37716
37565
37546
37469
37384
37376
37371
37290
37275
37132
37129
37114
37075
36966
36817
36756
36743
36705
36687
36669
36632
36559
36470
36470
36304
36255
36192
36121
36083
36013
35946
35899
35892
35853
35814
35697
35418
35405
35381
35368
35224
35078
35074
35069
35061
34957
34782
34774
34704
34639
34520
34451
34450
34301
34246
34226
34183
34180
34178
34132
34126
34118
34105
33972
33895
33774
33718
33691
33606
33606
33441
33396
33362
33266
33220
33167
33114
33081
33063
32981
32932
32915
32912
32751
32721
32657
32614
32542
32483
32410
32343
32292
32174
31928
31864
31834
31719
31561
31460
31452
31340
31197
31105
31026
30833
30774
30674
30616
30549
30458
30422
30416
30347
30332
30253
30252
30176
30094
30052
30050
30011
30011
29823
29785
29768
29746
29744
29597
29578
29457
29441
29405
29350
29318
29277
29009
28937
28917
28901
28718
28618
28563
28475
28328
28293
28150
27980
27967
27924
27919
27827
27800
27760
27670
27624
27624
27613
27532
27511
27421
27388
27377
27327
27243
27212
27120
27076
26920
26890
26879
26866
26856
26786
26784
26708
26672
26632
26575
26554
26493
26462
26432
26253
26247
26214
25573
25524
25464
25422
25372
25355
25316
25150
25106
25087
25035
25026
24897
24780
24723
24705
24697
24608
24377
24241
24206
24132
24112
24107
24104
24094
24061
23946
23896
23887
23886
23860
23739
23682
23674
23651
23526
23514
23507
23353
23344
23226
23206
23181
23171
23141
23119
22928
22908
22903
22895
22848
22783
22747
22533
22445
22325
22200
22098
21924
21894
21798
21705
21676
21600
21458
21136
21115
20876
20790
20728
20724
20708
20669
20659
20658
20617
20573
20552
20418
20393
20328
20297
20176
20152
20121
20080
19773
19697
19679
19602
19394
19348
19346
19305
19063
19058
18991
18979
18917
18869
18689
18528
18382
18344
18266
18186
18147
18017
17946
17823
17803
17786
17554
17498
17393
17369
17309
17239
17113
17077
17076
16997
16951
16929
16928
16846
16707
16699
16684
16590
16528
16486
16449
16435
16395
16390
16191
15925
15898
15668
15613
15587
15560
15482
15364
15347
15140
15129
15117
15018
14884
14838
14633
14617
14615
14550
14512
14452
14445
14390
14292
14230
14154
13975
13957
13956
13759
13757
13645
13619
13607
13569
13539
13483
13154
13109
13054
13042
12977
12933
12910
12894
12848
12842
12606
12580
12512
12411
12403
12384
12370
12365
12328
12080
11990
11804
11772
11692
11636
11629
11588
11555
11470
11384
11360
11332
11307
11220
11176
11169
11094
11084
11079
11044
10961
10938
10887
10698
10526
10497
10456
10426
9988
9851
9809
9783
9749
9565
9554
9534
9486
9468
9306
9173
9066
8985
8948
8929
8926
8925
8857
8776
8767
8588
8512
8491
8471
8464
8413
8340
8317
8314
8311
8179
8032
7995
7976
7968
7964
7926
7840
7834
7774
7662
7621
7610
7603
7592
7585
7438
7416
7383
7350
7319
7299
7208
6820
6649
6601
6578
6521
6455
6445
6414
6383
6374
6360
6347
6324
6297
6004
5916
5829
5766
5737
5721
5667
5647
5571
5553
5548
5449
5401
5300
5270
5255
5178
4991
4906
4824
4734
4726
4714
4632
4501
4426
4425
4344
4239
4174
4008
3979
3962
3863
3791
3581
3560
3532
3371
3355
2965
2886
2663
2591
2539
2539
2507
2484
2443
2421
2405
2341
2264
2200
2184
2143
2078
2000
1989
1984
1881
1869
1853
1833
1729
1593
1559
1548
1373
1366
1356
1327
1183
1144
1137
1091
1070
886
743
721
666
562
480
439
244
121
98
69
36
