99949
99948
99927
99917
99883
99843
99839
99802
99795
99781
99779
99687
99679
99673
99656
99620
99569
99548
99507
99471
99464
99438
99323
99314
99277
99276
99268
99225
99194
99154
99123
99108
99086
99048
99046
99022
99020
98971
98956
98932
98918
98915
98888
98873
98854
98830
98801
98660
98648
98561
98524
98516
98513
98498
98471
98471
98465
98402
98392
98383
98382
98371
98366
98344
98324
98314
98304
98284
98282
98267
98257
98191
98141
98141
98137
98113
98069
98039
98002
98000
97988
97965
97914
97869
97769
97732
97676
97654
97593
97560
97550
97541
97538
97514
97501
97499
97481
97443
97439
97393
97365
97363
97343
97307
97305
97253
97242
97239
97181
97091
97062
97059
97015
96998
96954
96949
96931
96928
96897
96861
96845
96842
96839
96818
96770
96757
96745
96741
96735
96730
96670
96656
96656
96651
96645
96594
96575
96566
96556
96535
96507
96493
96459
96447
96426
96397
96391
96316
96286
96238
96207
96195
96185
96173
96163
96150
96120
96116
96065
96039
96034
95994
95987
95985
95983
95939
95924
95865
95853
95852
95813
95804
95790
95764
95764
95743
95641
95638
95616
95590
95571
95557
95549
95544
95504
95494
95472
95464
95436
95409
95408
95367
95342
95240
95193
95176
95169
95164
95041
95003
94987
94931
94920
94904
94870
94844
94766
94721
94721
94681
94639
94624
94609
94573
94559
94536
94530
94505
94394
94376
94343
94297
94289
94280
94277
94263
94260
94258
94257
94219
94207
94196
94189
94186
94179
94170
94120
94045
94023
94023
93994
93962
93945
93939
93920
93907
93882
93877
93861
93834
93817
93798
93765
93765
93762
93740
93739
93710
93697
93668
93663
93661
93656
93648
93581
93562
93539
93531
93514
93502
93501
93493
93470
93467
93467
93464
93431
93416
93406
93389
93360
93337
93328
93301
93257
93240
93233
93232
93206
93195
93149
93141
93135
93103
93084
93030
93007
93003
92983
92920
92914
92877
92795
92758
92753
92732
92721
92705
92627
92598
92579
92503
92503
92493
92471
92468
92447
92441
92382
92382
92354
92339
92331
92328
92314
92288
92286
92246
92200
92115
92085
92079
92071
92069
92047
92041
92003
91962
91868
91850
91848
91843
91835
91823
91798
91761
91742
91723
91669
91663
91657
91606
91569
91556
91514
91500
91499
91469
91451
91435
91429
91386
91354
91307
91293
91256
91244
91242
91236
91228
91216
91185
91167
91132
91066
91027
90926
90924
90921
90906
90845
90839
90830
90786
90738
90712
90710
90684
90679
90676
90670
90631
90603
90579
90558
90530
90522
90505
90492
90478
90433
90428
90418
90418
90415
90402
90384
90369
90325
90318
90309
90307
90280
90267
90242
90210
90189
90155
90154
90123
90093
90018
89955
89913
89893
89865
89859
89854
89821
89818
89764
89746
89735
89724
89693
89683
89682
89661
89658
89626
89609
89593
89584
89577
89564
89560
89549
89545
89528
89520
89520
89507
89496
89458
89376
89375
89354
89320
89316
89259
89255
89255
89237
89194
89153
89150
89135
89126
89082
89073
89063
89025
89008
89007
88991
88978
88958
88954
88946
88941
88927
88914
88914
88890
88888
88821
88814
88779
88775
88721
88708
88674
88671
88648
88638
88632
88623
88608
88559
88557
88537
88514
88494
88493
88488
88467
88460
88453
88437
88355
88331
88329
88279
88276
88263
88219
88198
88182
88155
88121
88071
88043
88018
88008
87982
87952
87920
87919
87862
87797
87789
87774
87767
87748
87721
87636
87628
87626
87587
87579
87572
87565
87508
87489
87467
87432
87422
87412
87406
87369
87334
87313
87310
87287
87270
87260
87241
87238
87222
87209
87161
87156
87142
87130
87026
87020
87010
87002
86979
86938
86853
86851
86821
86816
86756
86715
86709
86696
86681
86663
86655
86562
86554
86524
86490
86470
86462
86462
86449
86431
86426
86421
86405
86400
86381
86375
86367
86330
86314
86308
86287
86275
86236
86210
86138
86029
86015
85996
85984
85981
85970
85968
85948
85928
85926
85894
85891
85868
85853
85771
85761
85688
85635
85633
85624
85562
85560
85556
85551
85538
85518
85490
85489
85475
85419
85396
85363
85309
85292
85291
85290
85243
85241
85237
85221
85190
85159
85147
85145
85137
85108
85104
85089
85075
85052
85041
85010
85002
84998
84977
84936
84927
84908
84888
84880
84869
84858
84851
84847
84837
84825
84815
84793
84778
84769
84753
84747
84735
84733
84693
84571
84570
84510
84506
84493
84315
84309
84307
84302
84296
84287
84286
84228
84224
84196
84195
84194
84138
84132
84128
84112
84110
84102
84095
84084
83989
83966
83903
83873
83872
83858
83856
83841
83670
83662
83656
83653
83622
83617
83597
83570
83547
83543
83534
83531
83508
83503
83494
83482
83471
83470
83443
83408
83396
83377
83328
83307
83281
83243
83217
83210
83193
83189
83186
83143
83127
83113
83068
83042
83042
83002
82995
82982
82970
82931
82922
82910
82908
82905
82883
82881
82878
82828
82822
82807
82790
82748
82747
82732
82731
82710
82685
82676
82657
82648
82630
82625
82615
82553
82531
82496
82469
82382
82326
82307
82291
82266
82248
82248
82244
82237
82222
82214
82214
82212
82203
82185
82154
82129
82090
82044
82021
82003
81979
81960
81895
81881
81799
81795
81785
81762
81704
81694
81693
81658
81654
81645
81644
81632
81599
81598
81562
81534
81495
81480
81388
81371
81335
81317
81314
81218
81198
81196
81193
81193
81173
81137
81080
81072
81003
81000
80999
80984
80971
80939
80931
80913
80890
80887
80885
80874
80784
80783
80763
80751
80750
80630
80621
80566
80545
80536
80527
80476
80472
80462
80460
80376
80357
80354
80340
80243
80240
80201
80185
80166
80159
80137
80128
80127
80124
80107
80103
80087
80064
80049
80003
79994
79989
79970
79934
79910
79847
79815
79814
79782
79775
79760
79722
79718
79689
79654
79650
79639
79614
79611
79604
79563
79552
79485
79464
79454
79390
79362
79334
79308
79304
79297
79263
79246
79231
79103
79079
79065
79065
79057
79048
79037
79036
79030
79019
78960
78959
78940
78915
78915
78875
78870
78867
78800
78785
78763
78703
78681
78652
78649
78618
78601
78580
78574
78546
78544
78541
78533
78530
78523
78503
78500
78458
78432
78410
78344
78292
78219
78209
78181
78171
78167
78157
78148
78134
78122
78110
78102
78094
78088
78086
78079
78067
78013
77960
77878
77857
77823
77791
77750
77733
77732
77719
77718
77675
77617
77617
77583
77550
77510
77508
77481
77434
77431
77427
77415
77411
77369
77347
77327
77321
77272
77266
77252
77233
77221
77219
77215
77161
77152
77139
77136
77121
77118
77103
77096
77071
77049
77045
77014
77008
76982
76981
76976
76956
76951
76951
76942
76888
76887
76837
76819
76774
76766
76763
76694
76687
76639
76628
76620
76616
76584
76580
76545
76541
76537
76536
76510
76444
76439
76417
76412
76374
76360
76335
76327
76327
76297
76277
76271
76266
76261
76254
76151
76140
76083
76067
76049
76034
76030
76018
76013
76007
75978
75973
75962
75947
75940
75937
75919
75918
75885
75816
75812
75802
75789
75776
75747
75738
75719
75718
75678
75677
75623
75614
75557
75549
75539
75500
75458
75409
75393
75387
75384
75363
75358
75356
75320
75316
75259
75259
75227
75183
75141
75126
75120
75077
75067
75055
75038
75027
75024
75006
75000
74982
74977
74843
74813
74754
74746
74737
74694
74677
74655
74650
74609
74599
74587
74547
74515
74509
74481
74432
74423
74405
74396
74390
74346
74341
74321
74305
74253
74249
74224
74170
74155
74096
74081
74070
74035
74031
74017
74005
73992
73939
73928
73900
73886
73806
73786
73750
73710
73690
73681
73662
73651
73644
73622
73621
73597
73558
73542
73512
73505
73474
73413
73412
73387
73359
73350
73345
73338
73329
73210
73160
73151
73137
73129
73120
73102
73082
73075
73035
72978
72974
72965
72962
72942
72939
72882
72801
72788
72754
72717
72710
72696
72670
72643
72616
72601
72549
72533
72504
72467
72438
72412
72411
72399
72388
72369
72356
72339
72338
72332
72311
72267
72230
72230
72209
72188
72174
72166
72165
72155
72094
72068
72061
71978
71958
71937
71879
71874
71862
71818
71727
71699
71685
71677
71646
71632
71629
71552
71544
71523
71494
71482
71424
71414
71373
71349
71347
71341
71328
71316
71289
71283
71233
71190
71159
71075
70986
70923
70915
70898
70836
70804
70770
70753
70739
70707
70686
70639
70639
70631
70620
70594
70556
70522
70390
70360
70360
70348
70333
70313
70304
70301
70253
70235
70226
70210
70202
70170
70168
70136
70123
70108
70053
70051
70002
69999
69977
69974
69967
69934
69888
69880
69877
69866
69841
69841
69839
69835
69828
69819
69813
69811
69754
69732
69699
69691
69677
69670
69658
69649
69641
69637
69601
69560
69555
69535
69502
69495
69494
69492
69462
69460
69453
69437
69428
69426
69415
69404
69403
69385
69360
69354
69316
69235
69138
69106
69099
69066
69065
69042
68956
68938
68914
68911
68828
68797
68784
68767
68727
68724
68722
68701
68693
68676
68622
68620
68617
68592
68527
68446
68427
68425
68420
68313
68311
68310
68309
68307
68252
68217
68197
68150
68125
68103
68097
68084
68037
68030
68027
68014
67981
67963
67946
67938
67863
67860
67826
67819
67726
67719
67710
67693
67663
67657
67635
67626
67606
67599
67597
67534
67530
67506
67501
67488
67457
67439
67425
67416
67388
67385
67339
67327
67300
67227
67176
67149
67126
67099
67064
67051
67051
66995
66960
66935
66900
66894
66849
66843
66724
66697
66672
66650
66612
66590
66553
66515
66478
66476
66471
66448
66433
66374
66315
66305
66284
66276
66272
66244
66221
66208
66191
66187
66150
66098
66078
66059
66058
66003
65969
65945
65941
65939
65910
65908
65899
65890
65882
65846
65839
65825
65773
65753
65751
65659
65656
65648
65599
65585
65583
65560
65525
65520
65516
65505
65504
65503
65496
65452
65443
65425
65423
65409
65402
65402
65369
65348
65283
65280
65247
65220
65172
65171
65154
65154
65067
64997
64949
64933
64903
64890
64884
64860
64797
64781
64736
64705
64652
64643
64613
64600
64582
64578
64576
64567
64506
64505
64495
64438
64400
64391
64356
64351
64333
64333
64307
64276
64265
64258
64253
64252
64247
64246
64231
64228
64191
64189
64183
64159
64156
64147
64145
64123
64118
64117
64104
64008
63973
63907
63876
63785
63758
63749
63725
63704
63699
63692
63678
63676
63671
63638
63605
63603
63598
63548
63447
63426
63424
63422
63387
63360
63328
63325
63302
63293
63286
63186
63186
63162
63119
63075
63017
63011
62841
62767
62741
62723
62711
62637
62627
62624
62601
62593
62587
62516
62473
62438
62407
62377
62341
62338
62293
62289
62281
62256
62232
62228
62223
62177
62154
62143
62035
62026
61980
61946
61925
61914
61894
61833
61827
61823
61751
61697
61619
61586
61575
61522
61496
61473
61460
61442
61436
61376
61320
61302
61283
61254
61228
61212
61194
61160
61127
61077
61030
61013
60997
60970
60938
60928
60895
60870
60866
60857
60850
60815
60810
60798
60788
60775
60731
60704
60646
60639
60624
60594
60580
60501
60466
60461
60446
60431
60426
60391
60387
60340
60329
60322
60278
60253
60238
60228
60223
60201
60186
60170
60151
60077
60070
60016
59993
59973
59917
59768
59768
59753
59749
59722
59721
59717
59716
59697
59692
59680
59640
59613
59611
59608
59599
59596
59592
59589
59583
59574
59560
59515
59508
59490
59425
59388
59374
59315
59294
59276
59270
59200
59194
59175
59110
59108
59087
59078
59068
59057
59049
58988
58982
58948
58945
58937
58905
58897
58872
58856
58832
58808
58789
58784
58762
58750
58702
58687
58654
58648
58568
58568
58535
58519
58470
58438
58396
58388
58384
58340
58290
58281
58248
58246
58234
58196
58171
58166
58115
58101
58024
58011
57992
57987
57984
57895
57873
57846
57842
57776
57770
57726
57711
57692
57691
57657
57639
57639
57605
57595
57557
57554
57530
57510
57510
57500
57453
57450
57445
57425
57401
57346
57331
57291
57272
57244
57234
57207
57156
57092
57066
57056
56945
56897
56894
56888
56823
56822
56771
56752
56732
56731
56729
56708
56705
56639
56629
56583
56562
56542
56540
56533
56510
56498
56486
56484
56469
56451
56432
56426
56424
56266
56239
56238
56208
56177
56177
56172
56151
56131
56095
56072
56059
56018
56017
55978
55947
55944
55919
55896
55872
55848
55766
55754
55728
55701
55677
55669
55657
55652
55645
55621
55612
55557
55517
55503
55367
55326
55326
55311
55306
55294
55236
55192
55173
55077
55049
55040
55004
54994
54976
54947
54913
54900
54818
54813
54716
54700
54698
54672
54639
54627
54617
54576
54565
54555
54526
54517
54471
54428
54427
54422
54412
54386
54382
54373
54369
54314
54309
54251
54251
54249
54189
54183
54146
54103
54045
54025
54020
54018
54012
53984
53963
53935
53932
53903
53889
53829
53825
53809
53805
53780
53763
53739
53738
53730
53723
53722
53674
53668
53635
53621
53618
53569
53522
53487
53444
53437
53428
53427
53403
53393
53384
53329
53322
53271
53260
53257
53225
53217
53118
53113
53103
52997
52995
52960
52925
52896
52817
52810
52780
52749
52746
52743
52738
52720
52661
52659
52625
52618
52613
52576
52559
52535
52468
52418
52373
52362
52359
52353
52314
52278
52243
52234
52188
52149
52144
52110
52043
52033
52001
51978
51971
51964
51949
51947
51925
51906
51896
51874
51874
51812
51799
51782
51781
51700
51683
51644
51642
51604
51596
51488
51482
51477
51401
51388
51378
51370
51353
51327
51309
51254
51222
51216
51205
51196
51151
51130
51118
51004
50989
50963
50928
50885
50871
50843
50834
50812
50787
50753
50746
50667
50595
50575
50517
50505
50488
50479
50447
50415
50386
50352
50349
50349
50306
50305
50304
50303
50303
50299
50282
50252
50235
50221
50197
50187
50157
50134
50112
50106
50106
50102
50058
50008
49989
49985
49963
49959
49946
49936
49929
49917
49909
49849
49824
49820
49810
49797
49788
49759
49707
49702
49682
49648
49613
49604
49577
49571
49553
49545
49525
49517
49488
49469
49449
49430
49419
49388
49375
49369
49357
49357
49345
49327
49323
49278
49276
49164
49159
49150
49114
49092
49016
48994
48987
48961
48932
48924
48898
48896
48871
48857
48785
48696
48690
48647
48647
48639
48629
48604
48587
48583
48567
48566
48564
48528
48510
48489
48446
48434
48308
48238
48174
48170
48153
48123
48102
48098
48089
48077
48035
48022
47998
47995
47970
47960
47928
47888
47849
47849
47846
47809
47744
47739
47701
47653
47595
47583
47570
47535
47516
47361
47360
47355
47326
47322
47274
47273
47262
47259
47230
47229
47210
47204
47173
47164
47162
47125
47106
47094
47047
47019
47016
47007
46964
46960
46959
46901
46830
46826
46820
46809
46808
46800
46797
46783
46780
46749
46738
46697
46681
46674
46595
46581
46574
46545
46462
46380
46348
46291
46237
46209
46200
46192
46183
46161
46154
46136
46035
46027
46009
45977
45965
45951
45946
45945
45927
45918
45914
45909
45906
45904
45901
45900
45866
45863
45820
45811
45718
45694
45687
45682
45672
45670
45666
45663
45656
45651
45621
45602
45571
45563
45555
45515
45506
45506
45503
45390
45375
45373
45366
45309
45303
45301
45292
45271
45261
45258
45257
45186
45183
45180
45178
45174
45158
45145
45128
45113
45079
45059
44994
44984
44975
44962
44959
44953
44950
44896
44854
44852
44849
44842
44840
44788
44782
44770
44743
44736
44724
44718
44694
44580
44542
44538
44527
44511
44509
44455
44424
44418
44398
44361
44360
44333
44327
44300
44298
44278
44274
44264
44263
44216
44215
44183
44136
44113
44110
44056
44023
44015
44014
43997
43952
43925
43907
43888
43863
43834
43766
43709
43705
43700
43685
43669
43640
43629
43623
43579
43540
43538
43522
43461
43449
43419
43395
43393
43339
43299
43287
43267
43245
43190
43188
43166
43161
43080
43062
43046
43027
43018
42982
42958
42956
42922
42891
42850
42843
42794
42782
42748
42747
42746
42699
42634
42634
42631
42620
42506
42484
42483
42463
42422
42417
42379
42361
42321
42192
42184
42182
42172
42138
42098
42067
42042
42014
42001
41967
41954
41948
41886
41865
41852
41843
41827
41822
41811
41770
41739
41731
41705
41700
41694
41640
41626
41568
41522
41517
41487
41483
41471
41417
41338
41328
41328
41324
41315
41294
41292
41259
41257
41197
41160
41138
41122
41092
41084
41080
41039
40931
40909
40909
40864
40819
40798
40762
40755
40691
40665
40650
40637
40626
40623
40615
40604
40600
40548
40542
40539
40487
40429
40415
40399
40357
40357
40347
40328
40287
40241
40237
40166
40132
40101
40075
40012
40000
39983
39968
39962
39921
39910
39885
39876
39869
39833
39777
39746
39727
39696
39591
39582
39555
39552
39522
39503
39484
39470
39463
39456
39410
39406
39396
39389
39260
39191
39183
39170
39164
39081
39052
39037
39029
38994
38984
38973
38966
38891
38858
38848
38832
38823
38810
38809
38790
38789
38776
38771
38726
38625
38570
38567
38529
38517
38469
38460
38361
38332
38318
38265
38224
38144
38103
38081
38069
38067
38051
38037
38009
37983
37978
37969
37950
37946
37930
37926
37855
37795
37776
37762
37726
37697
37695
37643
37642
37632
37627
37618
37617
37600
37599
37595
37590
37541
37524
37505
37494
37439
37430
37418
37409
37406
37401
37395
37320
37261
37241
37227
37206
37196
37170
37160
37132
37121
37119
37051
37032
36989
36971
36953
36930
36923
36907
36903
36890
36857
36845
36824
36821
36796
36763
36754
36739
36730
36682
36668
36653
36588
36568
36537
36440
36398
36378
36370
36360
36299
36278
36259
36253
36246
36242
36223
36201
36179
36155
36141
36114
36094
36080
36067
36056
36047
36012
36006
35994
35982
35981
35960
35955
35885
35856
35851
35837
35768
35764
35757
35747
35746
35745
35745
35722
35722
35713
35692
35658
35655
35648
35642
35621
35614
35598
35585
35559
35558
35551
35525
35513
35510
35493
35478
35474
35444
35436
35422
35408
35384
35354
35349
35222
35194
35137
35092
35091
35054
35035
35010
35007
35002
34996
34983
34958
34940
34939
34914
34890
34880
34877
34849
34787
34773
34755
34720
34701
34685
34639
34600
34569
34562
34532
34413
34395
34382
34376
34367
34364
34337
34259
34231
34230
34226
34178
34161
34138
34125
34082
34052
34036
34026
34016
33965
33927
33870
33834
33830
33823
33806
33767
33746
33740
33736
33735
33716
33680
33672
33616
33598
33586
33554
33544
33493
33492
33488
33456
33451
33403
33373
33364
33358
33324
33309
33176
33169
33157
33146
33079
33020
32995
32971
32921
32901
32880
32844
32800
32798
32791
32778
32761
32725
32677
32615
32610
32600
32594
32557
32527
32516
32507
32503
32491
32480
32283
32280
32240
32215
32211
32196
32192
32183
32125
32120
32110
32088
32009
31996
31994
31967
31967
31946
31930
31871
31833
31806
31801
31781
31769
31761
31759
31755
31710
31710
31678
31669
31622
31603
31603
31578
31574
31561
31551
31541
31534
31517
31516
31515
31492
31490
31487
31406
31384
31374
31371
31325
31282
31259
31251
31233
31210
31186
31182
31145
31135
31096
31089
31073
31071
31047
31047
31032
31022
31009
31006
30954
30952
30948
30876
30866
30812
30778
30750
30736
30724
30699
30696
30676
30611
30603
30596
30566
30555
30529
30471
30467
30458
30431
30420
30418
30392
30374
30313
30307
30243
30236
30231
30222
30199
30177
30138
30136
30123
30043
30041
30009
30008
30007
29963
29962
29945
29932
29923
29919
29906
29900
29874
29871
29856
29833
29833
29830
29818
29672
29654
29622
29616
29578
29569
29542
29536
29532
29531
29528
29462
29428
29406
29379
29327
29318
29297
29295
29292
29285
29263
29245
29230
29197
29160
29093
29074
28993
28902
28830
28802
28789
28753
28746
28718
28698
28630
28623
28596
28565
28485
28477
28474
28473
28468
28441
28342
28318
28308
28252
28241
28203
28201
28184
28144
28143
28099
28095
28067
28062
28043
28022
28013
28007
27993
27990
27960
27891
27856
27847
27840
27823
27799
27791
27763
27715
27710
27694
27690
27690
27682
27573
27558
27538
27533
27517
27471
27435
27378
27378
27361
27343
27342
27311
27302
27300
27294
27287
27271
27267
27266
27243
27238
27198
27186
27153
27129
27118
27082
27072
27036
26979
26866
26816
26811
26779
26769
26715
26696
26693
26675
26634
26584
26570
26528
26519
26498
26470
26448
26386
26350
26349
26344
26316
26295
26290
26241
26239
26238
26213
26202
26182
26108
26097
26063
26057
26045
26034
25986
25984
25948
25943
25931
25914
25877
25875
25853
25848
25848
25842
25833
25818
25774
25768
25715
25713
25710
25669
25588
25582
25503
25497
25475
25413
25407
25402
25383
25379
25375
25344
25328
25284
25272
25214
25173
25162
25113
25079
25016
25003
24982
24977
24947
24934
24897
24879
24865
24814
24803
24800
24795
24794
24759
24751
24748
24725
24618
24592
24557
24506
24484
24458
24455
24390
24374
24371
24361
24320
24319
24277
24268
24252
24165
24158
24154
24076
24046
24046
23892
23871
23850
23843
23828
23814
23787
23715
23584
23562
23554
23526
23513
23476
23440
23381
23374
23312
23296
23288
23259
23236
23196
23190
23184
23149
23142
23134
23133
23128
23125
23088
23082
23047
23039
23020
22937
22922
22906
22901
22872
22844
22808
22806
22777
22758
22740
22736
22727
22702
22689
22670
22668
22656
22566
22534
22494
22494
22472
22453
22441
22433
22428
22364
22344
22214
22192
22182
22164
22043
22042
22013
21990
21988
21962
21906
21877
21844
21814
21795
21759
21754
21739
21738
21705
21704
21694
21687
21682
21665
21647
21625
21605
21592
21571
21554
21541
21511
21457
21403
21358
21287
21244
21240
21230
21205
21200
21189
21182
21172
21164
21138
21133
21102
21100
21037
21025
20997
20916
20904
20891
20863
20830
20823
20819
20782
20733
20724
20711
20696
20678
20662
20648
20626
20554
20550
20513
20491
20485
20367
20266
20227
20225
20195
20183
20170
20153
20125
20119
20029
20003
19991
19969
19927
19897
19889
19866
19865
19841
19834
19816
19786
19771
19754
19710
19691
19666
19638
19637
19633
19600
19577
19546
19538
19518
19516
19441
19384
19276
19219
19198
19192
19178
19155
19007
18970
18933
18933
18927
18908
18879
18859
18781
18753
18720
18714
18701
18682
18564
18551
18519
18491
18478
18470
18451
18410
18374
18294
18254
18241
18236
18207
18178
18131
18107
18106
18102
18091
18086
18022
17966
17940
17928
17916
17896
17893
17864
17858
17855
17826
17796
17781
17780
17778
17770
17765
17743
17688
17685
17661
17630
17592
17552
17485
17461
17444
17442
17442
17416
17401
17388
17381
17367
17354
17340
17334
17330
17316
17311
17246
17221
17205
17169
17150
17143
17121
17077
16995
16986
16948
16935
16901
16854
16798
16748
16701
16689
16685
16684
16675
16663
16643
16621
16615
16605
16601
16588
16583
16552
16550
16548
16526
16514
16421
16379
16373
16345
16290
16280
16212
16176
16156
16145
16119
16100
16066
16050
16050
16024
16016
15965
15903
15884
15882
15826
15819
15792
15778
15768
15763
15757
15748
15742
15719
15713
15712
15653
15646
15632
15583
15578
15528
15520
15501
15500
15482
15455
15452
15432
15418
15383
15373
15365
15361
15347
15332
15269
15235
15210
15177
15169
15160
15094
15076
15074
15070
15051
15025
14996
14994
14978
14969
14928
14922
14913
14906
14887
14879
14845
14844
14836
14823
14820
14798
14790
14788
14747
14741
14738
14691
14685
14662
14658
14627
14615
14607
14510
14469
14447
14440
14397
14376
14333
14323
14322
14305
14240
14227
14215
14211
14210
14163
14043
14018
14001
13957
13957
13946
13936
13903
13886
13846
13823
13813
13803
13795
13795
13770
13768
13758
13708
13675
13620
13586
13483
13482
13434
13431
13426
13403
13299
13124
13087
13070
13065
12990
12958
12957
12919
12879
12838
12784
12769
12761
12756
12738
12690
12687
12672
12620
12611
12609
12591
12586
12579
12511
12490
12474
12436
12424
12397
12387
12291
12283
12223
12182
12174
12161
12101
12077
12028
12024
12015
12005
11985
11978
11971
11966
11958
11948
11936
11920
11913
11872
11866
11837
11831
11830
11800
11791
11791
11770
11745
11743
11728
11677
11668
11617
11598
11586
11556
11553
11551
11499
11493
11481
11467
11445
11418
11415
11391
11366
11348
11346
11303
11292
11250
11190
11168
11159
11146
11140
11138
11136
11069
10966
10916
10916
10893
10869
10843
10818
10806
10754
10736
10734
10733
10696
10655
10654
10641
10606
10599
10594
10587
10573
10563
10562
10541
10527
10505
10500
10487
10461
10458
10452
10439
10432
10388
10352
10302
10264
10248
10239
10214
10203
10192
10190
10118
10054
10012
9996
9992
9981
9965
9958
9954
9920
9907
9893
9889
9862
9849
9779
9769
9744
9742
9737
9702
9676
9642
9550
9545
9533
9522
9509
9480
9468
9400
9385
9328
9267
9215
9208
9206
9174
9156
9097
9083
9067
9055
9046
8998
8977
8974
8941
8930
8916
8910
8835
8757
8720
8711
8695
8690
8667
8634
8626
8606
8604
8548
8547
8538
8515
8506
8470
8469
8430
8427
8422
8404
8367
8322
8292
8289
8172
8152
8149
8124
8124
8112
8099
8070
8019
7931
7931
7916
7878
7774
7766
7713
7695
7682
7651
7642
7543
7504
7474
7458
7433
7432
7421
7420
7398
7385
7378
7344
7328
7315
7301
7282
7249
7232
7208
7191
7184
7170
7137
7122
7081
7053
7049
7019
7008
7005
6994
6954
6932
6929
6924
6897
6888
6866
6861
6859
6792
6779
6761
6739
6684
6667
6618
6591
6554
6552
6548
6530
6499
6485
6431
6431
6397
6370
6345
6311
6307
6245
6226
6215
6201
6070
6068
6050
6030
6012
6004
6003
6003
5839
5790
5782
5772
5724
5723
5682
5651
5618
5605
5585
5524
5517
5514
5512
5510
5447
5427
5371
5210
5159
5153
5127
5102
5099
5092
5091
5068
5052
5006
5005
4988
4980
4976
4948
4941
4901
4899
4897
4820
4819
4752
4744
4713
4711
4700
4680
4662
4652
4640
4598
4568
4534
4419
4367
4344
4343
4302
4298
4257
4253
4251
4234
4224
4172
4167
4116
4088
4037
4019
3990
3976
3970
3935
3899
3867
3861
3849
3839
3810
3781
3773
3749
3747
3727
3671
3649
3624
3611
3603
3585
3576
3555
3537
3532
3490
3474
3456
3451
3445
3425
3369
3343
3315
3314
3308
3278
3246
3230
3227
3204
3201
3161
3108
3098
3086
3081
3064
3021
3014
2991
2935
2932
2925
2919
2914
2900
2899
2896
2829
2824
2819
2763
2716
2704
2611
2601
2590
2530
2496
2494
2492
2484
2484
2454
2442
2423
2404
2395
2386
2371
2358
2314
2306
2304
2304
2295
2245
2214
2165
2129
2126
2116
2051
2002
1985
1962
1936
1935
1897
1833
1808
1804
1801
1794
1748
1725
1706
1702
1688
1636
1633
1628
1618
1615
1612
1596
1562
1540
1521
1500
1487
1455
1415
1323
1270
1267
1264
1233
1201
1198
1179
1160
1154
1062
996
994
949
904
902
892
860
854
852
823
754
744
692
689
666
659
652
638
621
598
589
585
577
556
534
529
487
478
474
444
434
424
421
417
414
401
388
371
370
356
309
287
281
276
262
251
237
223
165
93
