99900
99854
99752
99665
99639
99617
99512
99264
99017
98901
98677
98650
98650
98562
98357
98210
98189
98081
98030
97919
97817
97803
97756
97672
97629
97581
97446
97338
97251
97052
97039
97032
96896
96875
96825
96621
96561
96552
96494
96290
96280
96247
96230
96211
96056
96026
96013
96001
95937
95880
95764
95572
95525
95476
95304
95182
95154
95051
94977
94977
94926
94894
94874
94831
94827
94772
94660
94537
94469
94458
94450
94409
94349
94201
94166
94137
94126
94083
94065
94010
93981
93859
93749
93743
93715
93709
93646
93572
93562
93485
93468
93384
93326
93264
93246
93145
92926
92832
92753
92729
92675
92581
92213
92156
92069
92004
91979
91947
91884
91870
91864
91798
91697
91642
91575
91376
91298
91192
91117
90863
90700
90698
90696
90633
90589
90443
90409
90338
90199
90191
89915
89834
89730
89686
89603
89534
89515
89436
89376
89364
89286
89279
88951
88927
88861
88745
88604
88560
88282
88261
88138
88131
88074
88067
87996
87962
87938
87924
87819
87704
87699
87639
87503
87503
87409
87366
87358
87125
87113
87073
87021
86969
86957
86933
86893
86832
86785
86738
86707
86592
86528
86527
86249
86163
86039
86028
85835
85741
85573
85563
85524
85458
85451
85303
85277
85180
85148
85124
85107
85106
85071
85040
84977
84935
84919
84895
84876
84718
84669
84660
84609
84596
84504
84400
84390
84244
84235
84153
84133
84016
83811
83764
83718
83654
83567
83545
83425
83356
83240
83236
83215
83197
83194
83066
83022
82973
82937
82889
82793
82734
82730
82599
82594
82587
82564
82562
82406
82164
82152
82102
82063
81968
81859
81843
81819
81750
81748
81661
81581
81497
81457
81389
81302
81286
81274
81265
81231
81229
81134
81112
81083
81024
80955
80860
80826
80459
80450
80393
80348
80229
80139
80032
79984
79971
79964
79945
79915
79760
79748
79721
79714
79698
79610
79575
79423
79285
79238
79061
79037
78977
78915
78793
78777
78761
78743
78621
78531
78422
78382
78260
78259
78158
78155
78001
77978
77974
77865
77830
77684
77486
77463
77389
77321
77247
77159
77106
77076
77071
76595
76219
76110
76018
76008
75966
75894
75573
75537
75524
75294
75244
75236
75153
74953
74889
74882
74691
74561
74338
74314
74264
74216
74203
74189
74032
73980
73796
73703
73512
73421
73329
73311
73194
73108
73050
73020
72599
72364
72031
71965
71846
71599
71502
71493
71430
71352
71296
71273
71243
71238
71200
71186
70839
70794
70730
70729
70527
70515
70455
70423
70349
70343
70221
70105
70104
70083
69852
69789
69739
69722
69696
69693
69677
69624
69614
69611
69560
69323
69266
69101
69038
69025
69012
68987
68669
68595
68504
68382
68210
67882
67705
67663
67627
67619
67432
67305
67197
67016
67006
66971
66854
66805
66781
66716
66701
66642
66605
66519
66455
66442
66401
66374
66352
66336
66247
66239
66172
66088
66075
66042
65995
65926
65907
65804
65735
65399
65344
65335
65148
65128
65122
65112
64968
64716
64714
64443
64428
64087
64002
63874
63855
63690
63679
63675
63535
63448
63287
63004
62876
62836
62799
62770
62737
62653
62598
62367
62354
62266
62255
62197
62179
62131
62126
62020
61892
61812
61806
61621
61508
61342
61273
60966
60960
60910
60903
60849
60842
60615
60541
60498
60426
60422
60332
60317
60201
60199
60112
60079
59803
59762
59735
59719
59693
59553
59456
59429
59223
59209
59102
59024
58682
58634
58542
58527
58507
58402
58350
58296
58111
58101
57876
57810
57774
57701
57525
57376
57333
57175
57046
57037
57023
56877
56592
56407
56378
56363
56253
56023
56019
55871
55713
55584
55413
55313
55307
55281
55232
55142
55139
55054
54999
54958
54910
54876
54750
54744
54599
54521
54405
54334
54224
54189
54150
54114
54062
54050
54048
54037
54001
53985
53983
53792
53715
53709
53570
53568
53436
53296
52993
52847
52842
52841
52741
52658
52547
52487
52383
52311
52209
52035
52029
52029
52024
51891
51570
51554
51550
51497
51461
51420
51385
51255
51225
51173
51156
51122
51043
50959
50916
50838
50801
50798
50749
50660
50637
50326
50289
50260
49709
49705
49697
49647
49586
49565
49509
49508
49506
49501
49380
49377
49169
48921
48864
48638
48593
48476
48301
48030
47943
47880
47836
47810
47803
47732
47648
47581
47371
47354
47185
47170
47139
47123
47019
46872
46690
46590
46530
46405
46306
46274
46263
46192
46137
46038
45985
45979
45968
45769
45694
45512
45453
45435
45421
45381
45229
45211
45167
44966
44819
44754
44576
44572
44443
44222
44011
43934
43727
43727
43675
43668
43619
43587
43529
43414
43359
43112
43064
42986
42874
42862
42685
42612
42608
42591
42534
42240
42064
41952
41923
41891
41870
41843
41781
41765
41764
41713
41647
41593
41587
41574
41252
41144
41129
41092
41039
40936
40900
40890
40860
40795
40707
40628
40463
40266
40187
39990
39817
39766
39756
39701
39678
39629
39610
39599
39422
39405
39345
39313
39283
39058
38996
38991
38990
38964
38952
38892
38806
38710
38607
38488
38424
38370
38358
38316
38243
38234
38070
37893
37811
37780
37697
37501
37483
37458
37332
37021
36949
36915
36804
36664
36655
36592
35922
35794
35661
35604
35579
35513
35440
35352
35322
35278
35258
35243
35157
35135
35056
35033
35008
34977
34936
34895
34843
34735
34550
34500
34491
34473
34429
34266
34223
34201
34000
33894
33639
33604
33586
33557
33539
33358
33277
33174
33147
33094
33092
32897
32851
32826
32681
32593
32542
32401
32315
32309
32271
32146
32116
32065
31746
31617
31610
31602
31540
31474
31308
31149
31010
30929
30894
30850
30832
30797
30789
30782
30745
30544
30468
30447
30405
30345
30305
30226
30185
30044
29992
29897
29863
29778
29719
29614
29541
29435
29426
29326
29120
29075
28977
28413
28399
28244
28037
27925
27780
27702
27625
27532
27529
27473
27230
27181
27079
26911
26687
26677
26639
26519
26505
26420
26358
26277
26016
25954
25919
25820
25789
25596
25507
25189
25120
25072
24965
24937
24781
24719
24626
24550
24549
24461
24460
24261
24126
24093
23940
23908
23835
23826
23793
23725
23674
23606
23588
23507
23503
23492
23399
23325
23220
23189
23158
23132
23078
23024
23022
22902
22865
22579
22574
22542
22461
22426
22336
22077
21969
21957
21834
21788
21562
21509
21427
21404
21367
21201
21144
21118
20996
20897
20893
20893
20875
20874
20622
20552
20337
20188
20140
20042
20038
20019
20015
19838
19361
19268
19247
19245
19017
18727
18711
18268
18267
18080
17958
17931
17866
17806
17798
17794
17666
17611
17561
17393
17356
17316
17191
17189
17060
17054
16952
16853
16777
16654
16649
16441
16393
16345
16193
16174
16089
15814
15791
15688
15548
15441
15433
15388
15302
15227
15175
15096
14984
14951
14949
14801
14796
14774
14746
14685
14663
14496
14328
14322
14234
14006
13997
13957
13931
13846
13819
13769
13757
13734
13583
13542
13533
13424
13352
13349
13320
13291
13272
13175
13150
13138
13039
13029
12872
12750
12722
12664
12588
12543
12227
12161
11926
11919
11756
11624
11604
11561
11516
11412
11381
11262
11025
10995
10924
10759
10540
10352
10330
10046
10042
10029
9997
9877
9703
9647
9503
9394
9394
9358
9339
9318
9232
9154
9023
9018
9017
9004
8836
8714
8700
8541
8474
8446
8440
8331
8324
8273
8072
7976
7941
7842
7785
7734
7647
7550
7425
7294
7259
7248
7226
7183
7101
7060
7034
6911
6814
6773
6770
6719
6494
6408
6356
6265
6232
6059
6041
6036
6019
5667
5613
5544
5474
5351
5337
5313
5098
5077
5059
5012
5011
4898
4880
4685
4641
4634
4553
4475
4432
4401
4398
4367
4351
4347
4323
4291
4196
4125
4061
4046
3957
3848
3756
3632
3394
3344
3329
3322
3214
3014
3009
2980
2747
2504
2394
2368
2309
2282
2215
1871
1839
1805
1771
1759
1743
1740
1599
1559
1539
1518
1485
1387
1160
1137
1135
1087
1014
987
935
809
754
707
626
625
541
393
364
357
281
36
26
