99985
99941
99931
99876
99869
99844
99837
99834
99812
99715
99706
99698
99671
99655
99592
99570
99559
99526
99521
99517
99515
99503
99417
99348
99322
99287
99241
99235
99157
99144
99078
99043
98992
98946
98937
98916
98897
98875
98870
98767
98683
98679
98639
98611
98583
98533
98504
98443
98408
98352
98319
98248
98233
98218
98192
98176
98150
98097
98045
98006
98003
97996
97973
97971
97961
97925
97821
97811
97780
97777
97771
97727
97684
97654
97618
97606
97558
97480
97464
97454
97426
97404
97377
97367
97363
97333
97267
97266
97265
97245
97191
97191
97147
97127
97120
97058
97057
97053
97052
96996
96946
96943
96914
96911
96888
96885
96881
96879
96852
96830
96811
96801
96684
96681
96591
96548
96546
96532
96509
96447
96427
96415
96409
96390
96326
96312
96299
96262
96258
96213
96206
96164
96142
96130
96124
96064
96028
96017
95999
95972
95872
95842
95682
95674
95498
95471
95464
95394
95348
95313
95283
95278
95190
95178
95148
95048
95034
94987
94902
94871
94769
94758
94648
94633
94630
94565
94563
94533
94517
94484
94449
94435
94392
94350
94340
94322
94305
94288
94269
94256
94195
94189
94176
94150
94143
94109
93993
93991
93960
93919
93890
93866
93773
93768
93765
93745
93736
93731
93725
93675
93656
93642
93640
93534
93520
93495
93471
93470
93442
93380
93364
93310
93273
93268
93222
93192
93170
93167
93139
93115
93093
93053
93041
93040
93031
93024
93015
92981
92958
92944
92941
92917
92880
92773
92773
92764
92708
92708
92621
92416
92404
92322
92272
92228
92156
92108
92062
92061
91865
91864
91862
91850
91848
91817
91735
91654
91639
91624
91623
91607
91570
91562
91561
91537
91511
91506
91469
91461
91417
91402
91376
91370
91349
91298
91267
91258
91227
91207
91177
91133
91056
91044
91024
90866
90830
90790
90739
90730
90644
90638
90616
90610
90579
90551
90534
90534
90487
90466
90462
90456
90439
90423
90410
90403
90381
90335
90332
90257
90190
90175
90090
90082
90078
90014
90008
90005
89961
89952
89886
89886
89877
89873
89850
89818
89787
89747
89714
89644
89641
89608
89588
89576
89562
89552
89486
89472
89298
89284
89219
89211
89209
89183
89152
89128
89123
89103
89042
89019
88961
88897
88879
88768
88716
88684
88637
88625
88598
88584
88499
88491
88472
88413
88254
88203
88162
88159
88157
88153
88121
88096
88081
88061
87988
87933
87752
87721
87707
87701
87693
87624
87572
87565
87546
87529
87499
87486
87477
87473
87425
87391
87272
87245
87241
87226
87205
87158
87144
87144
87115
87090
87084
87069
87024
86947
86910
86791
86787
86777
86774
86736
86681
86668
86602
86563
86550
86479
86458
86342
86337
86320
86307
86300
86280
86273
86258
86233
86232
86232
86190
86118
86112
86103
86049
86038
86028
86011
86008
85984
85969
85879
85803
85798
85749
85740
85673
85600
85550
85548
85526
85471
85466
85362
85354
85353
85330
85154
85123
85090
85077
85014
84980
84972
84966
84949
84940
84927
84900
84863
84854
84820
84766
84762
84754
84719
84659
84641
84632
84615
84570
84558
84543
84531
84522
84487
84466
84442
84368
84363
84351
84317
84304
84270
84210
84194
84173
84166
84030
84021
84011
83997
83977
83949
83948
83907
83877
83847
83806
83756
83744
83727
83699
83673
83643
83483
83483
83430
83385
83354
83349
83346
83333
83313
83301
83264
83150
83140
83108
83083
83080
83069
83023
83013
82948
82938
82831
82828
82815
82811
82807
82783
82421
82379
82373
82309
82281
82267
82231
82199
82188
82177
82169
82160
82139
82090
82048
82017
81993
81963
81927
81917
81850
81798
81777
81773
81724
81706
81683
81682
81677
81607
81579
81575
81560
81559
81548
81542
81475
81408
81405
81400
81303
81254
81250
81222
81145
81101
81095
81087
81054
81045
81037
81030
80879
80878
80854
80838
80788
80741
80735
80707
80687
80667
80596
80519
80498
80472
80458
80374
80351
80289
80275
80203
80182
80165
80013
79970
79954
79950
79936
79868
79868
79861
79855
79786
79708
79693
79667
79640
79622
79615
79602
79570
79559
79532
79519
79503
79486
79475
79471
79458
79451
79449
79431
79394
79367
79329
79320
79313
79260
79210
79153
79129
79129
79076
79066
78998
78939
78936
78832
78824
78771
78754
78746
78735
78674
78563
78488
78445
78434
78433
78429
78422
78409
78359
78350
78340
78266
78207
78131
78120
78084
78081
78024
77980
77942
77916
77843
77766
77750
77735
77667
77590
77589
77580
77548
77470
77391
77389
77387
77343
77268
77264
77244
77220
77142
77092
77002
76956
76948
76905
76888
76843
76819
76795
76741
76610
76593
76580
76569
76500
76491
76464
76412
76400
76354
76352
76326
76285
76279
76259
76242
76237
76076
76054
76048
76046
75904
75900
75891
75888
75869
75858
75847
75835
75822
75774
75764
75748
75743
75718
75683
75679
75675
75673
75644
75642
75622
75574
75561
75536
75528
75502
75470
75407
75354
75314
75291
75264
75259
75223
75218
75209
75177
75155
75141
75126
75116
75097
75015
75011
75001
74982
74965
74957
74918
74908
74884
74820
74817
74813
74798
74748
74679
74678
74674
74670
74651
74557
74533
74527
74489
74489
74488
74404
74387
74344
74321
74211
74176
74112
74072
74041
74017
73980
73962
73937
73907
73902
73855
73790
73786
73760
73755
73752
73739
73709
73682
73629
73587
73532
73531
73528
73524
73519
73435
73405
73400
73385
73364
73363
73349
73297
73288
73273
73222
73200
73188
73134
73082
73040
73023
72996
72990
72895
72856
72823
72812
72805
72787
72781
72693
72691
72633
72632
72534
72523
72513
72504
72473
72465
72464
72400
72392
72388
72368
72336
72333
72278
72117
72027
72015
71986
71902
71879
71877
71828
71816
71777
71760
71748
71745
71725
71695
71694
71677
71622
71594
71591
71538
71533
71501
71500
71467
71431
71330
71293
71271
71242
71238
71230
71196
71141
71138
71132
71127
71120
71115
71106
71101
71022
71014
71011
70939
70861
70855
70839
70836
70830
70797
70782
70705
70655
70624
70619
70583
70453
70364
70335
70306
70209
70197
70146
70142
70121
70108
70089
70017
69997
69955
69937
69918
69867
69807
69768
69649
69623
69613
69565
69547
69520
69502
69493
69475
69421
69398
69388
69378
69356
69281
69270
69220
69184
69170
69169
69162
69128
69107
69047
69030
68999
68883
68859
68854
68852
68819
68817
68762
68742
68736
68720
68690
68639
68610
68595
68572
68566
68515
68511
68486
68477
68462
68356
68354
68333
68299
68292
68254
68248
68234
68201
68159
68136
68088
68076
68061
67963
67956
67948
67946
67945
67868
67862
67762
67754
67670
67630
67628
67618
67568
67559
67553
67501
67466
67461
67409
67373
67324
67308
67297
67275
67274
67250
67227
67180
67154
67130
67121
67119
67100
67016
67014
67008
66989
66950
66876
66867
66837
66828
66827
66816
66810
66784
66752
66699
66648
66626
66603
66585
66581
66535
66512
66465
66463
66457
66422
66412
66277
66223
66214
66114
66108
66070
66062
66040
66038
66036
66026
65987
65952
65905
65894
65889
65811
65796
65769
65759
65743
65737
65709
65678
65626
65619
65555
65528
65524
65495
65489
65476
65468
65436
65434
65400
65349
65347
65313
65279
65243
65188
65160
65116
65100
65090
65080
64999
64975
64975
64975
64944
64937
64903
64899
64867
64863
64832
64811
64805
64687
64652
64628
64617
64584
64584
64549
64540
64501
64490
64433
64369
64366
64364
64301
64273
64250
64212
64209
64179
64134
64121
64112
64100
64078
64023
64019
63972
63904
63901
63898
63888
63817
63691
63518
63484
63459
63456
63445
63439
63400
63397
63395
63371
63366
63364
63312
63289
63263
63147
63136
63120
63090
63085
63061
63029
62987
62981
62861
62824
62792
62735
62711
62709
62671
62653
62611
62597
62481
62403
62377
62345
62342
62332
62247
62230
62159
62140
62100
62082
62062
62053
62016
61977
61886
61836
61831
61793
61721
61707
61695
61680
61663
61637
61628
61622
61528
61491
61478
61456
61386
61375
61371
61342
61337
61331
61311
61307
61291
61288
61257
61252
61239
61211
61206
61192
61151
61115
61085
61073
61061
60997
60963
60955
60900
60830
60813
60705
60699
60671
60653
60650
60644
60602
60592
60548
60515
60444
60435
60379
60346
60286
60280
60238
60199
60194
60187
60173
60169
60096
60093
60084
60061
60060
59971
59936
59828
59791
59784
59776
59757
59748
59720
59714
59634
59585
59488
59395
59365
59346
59340
59332
59300
59245
59156
59143
59129
59112
59087
59036
58979
58957
58941
58930
58829
58786
58777
58751
58719
58704
58636
58629
58597
58597
58595
58586
58535
58505
58504
58439
58423
58379
58358
58330
58271
58237
58216
58211
58207
58195
58151
58106
58095
58061
57904
57903
57854
57785
57777
57745
57701
57699
57683
57615
57533
57528
57518
57462
57431
57409
57320
57241
57229
57226
57191
57167
57148
57136
57118
57102
57074
57040
57002
56949
56819
56752
56751
56746
56728
56728
56616
56601
56574
56503
56496
56407
56385
56369
56309
56261
56258
56211
56210
56185
56078
56022
56019
55967
55946
55918
55901
55868
55796
55764
55713
55705
55676
55629
55601
55596
55593
55569
55528
55522
55514
55500
55431
55396
55381
55347
55292
55291
55260
55158
55144
55097
55081
55078
55076
55043
54926
54909
54898
54876
54873
54861
54774
54683
54679
54675
54632
54622
54539
54468
54407
54396
54381
54371
54354
54317
54307
54306
54302
54300
54296
54255
54248
54231
54183
54182
54115
54088
54053
54026
54017
53997
53997
53984
53953
53937
53937
53897
53822
53796
53753
53752
53749
53742
53701
53699
53691
53659
53601
53559
53487
53474
53458
53403
53339
53325
53302
53277
53273
53229
53197
53150
53143
53095
52976
52971
52929
52910
52833
52817
52780
52772
52738
52718
52705
52663
52647
52641
52634
52577
52527
52524
52502
52452
52433
52432
52414
52390
52361
52358
52335
52322
52289
52286
52168
52159
52142
52141
52123
52116
52106
52036
52036
52004
51978
51949
51917
51870
51862
51848
51815
51799
51796
51756
51741
51708
51702
51692
51691
51670
51665
51633
51578
51541
51532
51511
51492
51485
51462
51371
51367
51365
51356
51351
51328
51296
51287
51264
51238
51238
51226
51200
51180
51170
51155
51065
51060
50964
50956
50936
50926
50925
50917
50857
50844
50841
50820
50746
50741
50721
50720
50717
50667
50644
50595
50577
50566
50555
50458
50399
50336
50334
50308
50289
50250
50241
50228
50209
50184
50083
50007
49863
49841
49817
49771
49752
49742
49725
49673
49651
49630
49610
49603
49601
49537
49501
49437
49419
49368
49368
49332
49270
49148
49128
49124
49069
49037
49027
48978
48975
48921
48918
48816
48761
48703
48668
48652
48611
48585
48564
48562
48541
48509
48431
48421
48364
48347
48332
48323
48278
48223
48218
48158
48113
48039
48008
47999
47994
47893
47814
47806
47711
47695
47677
47634
47592
47591
47583
47544
47538
47530
47454
47452
47428
47424
47420
47372
47349
47295
47286
47252
47222
47222
47218
47201
47152
47119
47109
47101
47085
47007
46973
46932
46927
46914
46875
46875
46874
46842
46831
46828
46823
46819
46786
46784
46782
46767
46741
46701
46698
46698
46672
46625
46614
46561
46504
46470
46451
46438
46435
46424
46415
46360
46331
46295
46278
46245
46219
46114
46104
46101
46087
46071
46046
45937
45832
45779
45769
45743
45711
45667
45629
45604
45558
45556
45531
45473
45421
45409
45354
45345
45299
45220
45217
45192
45189
45168
45158
45037
45035
44997
44996
44960
44919
44914
44910
44908
44880
44869
44867
44858
44801
44751
44727
44694
44671
44635
44602
44541
44534
44449
44415
44396
44380
44367
44355
44343
44288
44213
44196
44154
44117
44092
44064
44062
44042
44023
44008
44001
43984
43950
43924
43879
43878
43859
43629
43569
43569
43569
43540
43505
43500
43411
43359
43344
43308
43285
43237
43200
43188
43137
43034
43009
43004
42990
42977
42970
42942
42937
42931
42917
42906
42903
42873
42816
42813
42796
42727
42723
42720
42715
42705
42686
42683
42665
42608
42605
42602
42602
42529
42510
42470
42465
42448
42418
42289
42238
42198
42143
42079
42070
42067
42037
42003
41933
41920
41908
41880
41862
41846
41825
41795
41755
41735
41735
41732
41708
41674
41668
41660
41643
41572
41571
41550
41532
41519
41468
41455
41445
41392
41349
41310
41297
41276
41247
41243
41225
41211
41200
41117
41000
40963
40956
40952
40935
40923
40913
40822
40813
40780
40765
40742
40734
40673
40670
40663
40659
40635
40610
40606
40587
40501
40487
40482
40461
40422
40412
40364
40362
40287
40278
40226
40174
40166
40150
40133
40116
40106
40065
40017
39929
39917
39874
39844
39829
39780
39741
39716
39712
39681
39673
39647
39601
39567
39547
39543
39540
39520
39436
39420
39418
39353
39321
39316
39305
39290
39242
39198
39167
39159
39140
39112
39108
39070
39068
39030
39019
38940
38940
38938
38930
38920
38887
38822
38811
38807
38803
38710
38701
38673
38658
38654
38630
38593
38580
38482
38454
38431
38431
38422
38378
38329
38296
38260
38245
38171
38164
38161
38131
37984
37982
37967
37963
37947
37862
37816
37774
37755
37687
37681
37605
37589
37559
37518
37448
37435
37431
37368
37338
37328
37257
37221
37205
37098
37096
37086
37079
37075
36907
36896
36891
36882
36879
36847
36837
36831
36791
36726
36711
36702
36594
36591
36588
36532
36501
36486
36474
36467
36305
36264
36259
36257
36244
36210
36182
36172
36130
36112
36090
36085
36054
36025
35956
35937
35914
35868
35825
35771
35752
35730
35660
35605
35573
35526
35520
35496
35427
35368
35339
35313
35183
35167
35165
35162
35142
35103
35097
35089
35066
35034
34967
34905
34887
34880
34877
34863
34808
34787
34765
34765
34757
34732
34676
34666
34636
34635
34586
34557
34556
34538
34530
34474
34436
34331
34313
34301
34281
34278
34219
34180
34178
34167
34164
34134
34117
34114
34112
34073
34046
34040
34031
34011
34005
33985
33981
33975
33892
33891
33888
33782
33776
33755
33720
33613
33541
33456
33425
33422
33404
33402
33341
33338
33277
33244
33220
33174
33103
33070
33034
33021
32983
32875
32744
32625
32600
32561
32557
32548
32521
32490
32488
32483
32415
32351
32326
32307
32275
32263
32251
32183
32164
32159
32158
32127
32107
31975
31918
31908
31907
31875
31869
31836
31770
31716
31649
31576
31510
31502
31487
31476
31475
31398
31348
31297
31274
31228
31214
31204
31196
31092
31070
31015
30954
30947
30936
30887
30853
30845
30834
30833
30830
30821
30743
30679
30678
30655
30645
30619
30592
30579
30559
30543
30527
30518
30501
30493
30479
30460
30406
30307
30273
30238
30172
30169
30159
30139
30096
30083
30031
30015
29978
29920
29916
29901
29827
29782
29758
29736
29698
29663
29639
29634
29575
29556
29547
29547
29528
29528
29501
29483
29480
29480
29410
29338
29324
29309
29282
29273
29248
29236
29224
29222
29176
29151
29142
29140
29130
29090
29086
29047
28991
28979
28978
28957
28949
28924
28898
28897
28884
28851
28743
28738
28701
28658
28645
28644
28621
28613
28571
28522
28515
28479
28464
28449
28419
28386
28382
28368
28325
28288
28260
28252
28216
28197
28171
28131
28109
28086
28083
28045
28040
28010
27987
27959
27948
27898
27887
27884
27854
27854
27817
27755
27740
27722
27705
27663
27654
27615
27547
27540
27526
27495
27470
27382
27360
27343
27322
27319
27257
27217
27200
27027
27019
27010
26979
26955
26935
26930
26929
26862
26835
26819
26796
26709
26686
26677
26645
26587
26551
26409
26368
26300
26112
26096
26088
26078
26045
26041
25985
25932
25906
25895
25828
25824
25774
25762
25730
25690
25657
25654
25633
25630
25554
25539
25528
25528
25523
25506
25502
25484
25462
25457
25403
25391
25381
25372
25327
25316
25309
25287
25274
25251
25230
25221
25179
25124
25084
25040
25035
25033
25020
24994
24952
24854
24801
24787
24774
24762
24746
24746
24707
24694
24665
24587
24571
24513
24498
24473
24443
24431
24413
24364
24359
24325
24313
24306
24262
24231
24224
24140
24129
24120
23978
23930
23926
23843
23843
23809
23783
23703
23681
23679
23673
23669
23654
23629
23601
23546
23530
23511
23424
23394
23384
23382
23360
23329
23254
23247
23206
23153
23107
23089
23064
23050
22946
22864
22815
22812
22793
22743
22663
22662
22646
22619
22616
22563
22562
22390
22374
22345
22317
22276
22229
22094
22056
22053
22052
21973
21958
21951
21921
21919
21901
21865
21856
21817
21791
21774
21745
21729
21693
21683
21682
21652
21639
21634
21607
21521
21471
21459
21435
21371
21343
21336
21331
21253
21247
21240
21232
21118
21099
21096
21091
21088
21059
20926
20904
20852
20811
20633
20632
20587
20548
20527
20524
20520
20513
20497
20387
20334
20333
20320
20318
20294
20232
20147
20128
20087
20065
20014
20013
19958
19942
19911
19903
19821
19810
19715
19706
19636
19620
19616
19613
19601
19592
19561
19495
19381
19379
19284
19273
19266
19253
19250
19110
19102
19015
18921
18919
18840
18832
18815
18808
18790
18786
18782
18778
18695
18685
18636
18556
18492
18490
18461
18458
18426
18421
18396
18381
18373
18363
18342
18329
18308
18285
18263
18233
18217
18215
18209
18206
18199
18160
18093
18069
18003
17962
17884
17851
17809
17807
17795
17769
17758
17735
17735
17734
17671
17652
17604
17578
17568
17550
17536
17392
17366
17307
17295
17276
17195
17156
17137
17135
17124
17097
17059
17053
17049
16988
16938
16871
16867
16825
16724
16659
16649
16586
16565
16532
16488
16455
16452
16436
16435
16421
16317
16317
16234
16232
16223
16223
16217
16157
16044
16031
16017
15973
15961
15888
15875
15852
15837
15833
15806
15695
15668
15667
15665
15643
15643
15541
15525
15475
15472
15452
15450
15439
15435
15421
15298
15288
15272
15162
15158
15122
15117
15111
15020
14921
14893
14871
14862
14851
14813
14779
14770
14681
14652
14611
14605
14602
14584
14566
14554
14524
14524
14517
14413
14407
14382
14377
14330
14317
14242
14224
14199
14198
14153
14133
14107
14092
14049
14020
14013
13999
13930
13924
13912
13881
13861
13840
13828
13781
13703
13643
13596
13588
13588
13519
13510
13498
13491
13462
13403
13333
13290
13215
13212
13202
13190
13170
13156
13078
13073
13071
13033
13030
13030
13010
12980
12947
12936
12881
12878
12791
12788
12769
12754
12740
12731
12694
12693
12692
12672
12652
12625
12564
12560
12544
12530
12519
12482
12451
12406
12384
12367
12302
12289
12287
12282
12226
12160
12138
12106
12057
12039
12012
11987
11960
11933
11930
11883
11881
11873
11866
11851
11844
11787
11774
11713
11671
11589
11543
11467
11466
11337
11323
11202
11172
11169
11127
11119
11101
11090
11084
11062
11049
10983
10981
10981
10979
10978
10948
10932
10924
10886
10846
10822
10815
10775
10700
10688
10681
10675
10629
10628
10496
10407
10339
10329
10319
10295
10233
10218
10156
10152
10077
10060
9954
9918
9877
9866
9852
9841
9832
9829
9815
9737
9672
9458
9355
9260
9254
9186
9146
9123
9070
9044
8934
8925
8898
8839
8801
8793
8777
8727
8725
8704
8643
8582
8581
8565
8552
8490
8463
8431
8424
8371
8368
8349
8333
8328
8313
8252
8250
8233
8214
8211
8193
8188
8174
8121
8102
8091
8047
8027
7961
7912
7881
7870
7777
7767
7673
7655
7626
7605
7596
7587
7582
7506
7476
7452
7407
7371
7349
7330
7299
7258
7194
7171
7163
7163
7148
7128
7089
7008
6986
6981
6974
6971
6930
6918
6901
6877
6813
6752
6721
6692
6684
6669
6635
6631
6590
6580
6566
6547
6529
6523
6522
6484
6463
6455
6432
6372
6347
6328
6317
6316
6298
6225
6217
6161
6119
6103
6073
6050
6018
6016
6007
5957
5938
5911
5892
5846
5823
5822
5769
5696
5687
5686
5653
5608
5606
5585
5572
5401
5396
5394
5381
5338
5336
5309
5275
5129
5129
5069
5043
5042
5005
4986
4980
4979
4894
4862
4815
4712
4703
4671
4645
4644
4610
4588
4584
4510
4488
4477
4448
4427
4415
4389
4378
4367
4312
4305
4241
4223
4206
4174
4172
4116
4094
4024
3982
3981
3937
3924
3916
3853
3816
3794
3745
3674
3648
3640
3530
3525
3498
3451
3427
3311
3255
3243
3235
3233
3217
3211
3182
3116
3084
3027
3026
3005
2951
2946
2911
2897
2818
2781
2769
2741
2691
2680
2669
2637
2637
2589
2567
2562
2552
2518
2512
2445
2400
2368
2336
2226
2207
2174
2125
2110
2086
2070
2058
2040
1967
1931
1860
1853
1830
1817
1741
1692
1665
1620
1595
1519
1513
1451
1435
1391
1374
1310
1308
1290
1255
1190
1123
1113
1102
1083
1028
984
951
949
903
796
787
785
781
757
750
708
655
634
570
570
562
544
543
529
467
448
444
426
354
280
271
271
236
29
