100000
99936
99881
99838
99823
99801
99731
99684
99639
99601
99575
99473
99449
99356
99337
99319
99100
99085
98921
98893
98860
98833
98829
98715
98686
98622
98618
98610
98560
98544
98453
98286
98266
98235
98223
98105
98070
98067
98042
98030
97986
97883
97876
97864
97855
97788
97776
97700
97699
97669
97659
97640
97601
97440
97336
97305
97267
97207
97063
97006
96990
96970
96951
96930
96911
96901
96893
96802
96748
96719
96695
96681
96619
96560
96559
96459
96443
96406
96355
96353
96341
96300
96238
96197
96128
96125
96100
96075
96004
96003
95920
95896
95841
95772
95736
95669
95634
95601
95527
95470
95406
95397
95301
95245
95228
95186
95112
95052
95046
95008
94943
94920
94847
94694
94686
94642
94637
94528
94461
94455
94435
94419
94389
94317
94299
94296
94230
94225
94032
93997
93953
93940
93935
93920
93903
93849
93833
93797
93796
93746
93736
93711
93697
93671
93462
93415
93312
93284
93267
93146
93120
93101
93010
93004
92984
92947
92883
92792
92783
92782
92748
92736
92715
92714
92671
92667
92579
92565
92554
92549
92537
92518
92438
92321
92283
92236
92234
92163
92149
92100
92099
92045
92035
91985
91921
91894
91861
91846
91797
91735
91671
91486
91480
91475
91464
91429
91316
91233
91160
91144
91126
91072
91047
91023
90933
90897
90889
90841
90822
90679
90677
90515
90413
90353
90264
90260
90235
90233
90208
90205
90190
90071
90018
89976
89943
89903
89877
89809
89772
89757
89749
89690
89654
89545
89494
89403
89375
89295
89230
89106
89102
89087
89055
89036
89026
89018
88984
88964
88933
88849
88790
88767
88716
88702
88692
88589
88492
88473
88453
88355
88289
88265
88237
88236
88206
88201
88138
88073
88053
87968
87808
87805
87803
87756
87747
87733
87682
87617
87602
87585
87521
87441
87279
86972
86929
86898
86853
86817
86816
86815
86577
86496
86475
86366
86168
86118
86070
86048
86032
85979
85952
85951
85913
85811
85731
85684
85677
85677
85585
85554
85344
85274
85244
85220
85191
85180
85105
85097
85094
85047
85028
84936
84772
84711
84699
84526
84385
84271
84264
84158
84102
83880
83874
83851
83759
83702
83636
83594
83572
83502
83468
83455
83374
83368
83273
83241
83202
83060
83050
83047
83030
83026
83006
82961
82943
82917
82864
82708
82706
82693
82644
82556
82536
82533
82479
82472
82423
82365
82334
82204
82074
82000
81964
81961
81958
81907
81893
81849
81845
81822
81805
81766
81765
81723
81672
81644
81599
81561
81543
81514
81486
81469
81275
81250
81243
81124
81114
81098
81022
80937
80916
80851
80842
80786
80736
80734
80686
80587
80579
80577
80574
80478
80392
80368
80334
80325
80251
80095
80072
80051
79976
79962
79960
79897
79888
79672
79599
79519
79451
79427
79394
79331
79325
79298
79014
78954
78842
78811
78778
78744
78739
78701
78616
78578
78578
78505
78308
78274
78247
78239
78231
78229
78224
78116
78114
77982
77951
77893
77887
77886
77869
77841
77826
77792
77757
77625
77619
77590
77547
77447
77399
77383
77324
77294
77250
77200
77174
77141
77041
77011
77010
76961
76954
76859
76811
76756
76626
76615
76606
76572
76568
76514
76444
76435
76422
76390
76350
76272
76270
76225
76214
76198
76180
76125
76099
76017
75946
75928
75865
75861
75801
75789
75774
75717
75705
75574
75465
75455
75404
75344
75336
75325
75261
75237
75200
75123
74894
74876
74863
74803
74616
74610
74587
74586
74500
74488
74317
74242
74222
74166
74143
74118
74110
74097
74074
74048
74002
73953
73910
73903
73895
73871
73865
73863
73799
73696
73576
73537
73516
73493
73456
73444
73257
73243
73215
73185
73128
73126
73104
73081
73032
73017
72872
72871
72798
72793
72786
72748
72733
72726
72673
72660
72551
72525
72515
72495
72408
72351
72276
72107
72058
71990
71950
71933
71895
71879
71879
71868
71843
71824
71821
71803
71726
71713
71679
71527
71502
71486
71465
71400
71395
71391
71359
71272
71266
71214
71197
71152
71140
70959
70884
70863
70826
70803
70797
70789
70786
70777
70730
70688
70657
70597
70584
70574
70511
70454
70319
70264
70252
70142
70119
70116
70106
70092
70070
70066
70041
70038
70033
70021
70015
69995
69958
69866
69840
69840
69835
69835
69791
69789
69707
69698
69688
69639
69621
69549
69399
69381
69113
69083
69069
68968
68910
68868
68823
68675
68478
68376
68369
68334
68333
68313
68303
68302
68230
68175
68148
68067
67959
67879
67781
67667
67625
67538
67519
67444
67430
67425
67354
67304
67204
67163
67130
66932
66916
66870
66817
66723
66722
66649
66509
66400
66382
66359
66358
66327
66301
66293
66270
66255
66144
66143
66060
66057
66010
65954
65799
65766
65756
65716
65653
65563
65560
65519
65506
65469
65448
65377
65348
65312
65279
65228
65173
65150
65093
64997
64901
64860
64854
64808
64803
64796
64736
64695
64691
64609
64546
64490
64452
64316
64287
64191
64135
64130
64117
64087
64056
64016
63945
63923
63922
63868
63853
63814
63782
63717
63703
63682
63679
63621
63442
63435
63430
63408
63389
63297
63142
63138
63122
62930
62803
62791
62630
62584
62555
62517
62505
62301
62283
62234
62226
62136
62106
61994
61899
61892
61879
61768
61742
61703
61668
61602
61483
61444
61442
61439
61397
61356
61309
61298
61177
60940
60863
60790
60765
60571
60517
60499
60485
60455
60389
60372
60338
60337
60293
60265
60196
60160
60122
59964
59865
59810
59786
59701
59681
59637
59604
59581
59543
59461
59434
59399
59397
59333
59316
59301
59292
59286
59215
59214
59185
59150
59011
58996
58980
58929
58830
58779
58720
58594
58525
58486
58458
58436
58320
58292
58198
58131
58117
58093
58081
57954
57917
57890
57858
57853
57833
57797
57782
57761
57760
57743
57717
57709
57699
57696
57689
57674
57570
57541
57513
57489
57460
57423
57391
57229
57115
57045
57009
57005
56979
56976
56886
56885
56841
56828
56824
56698
56613
56569
56461
56424
56374
56325
56318
56136
56096
56034
56026
55991
55970
55951
55950
55901
55866
55659
55602
55533
55495
55392
55369
55273
55263
55217
55154
55111
55074
54963
54877
54777
54768
54730
54726
54677
54668
54640
54610
54560
54428
54356
54223
54219
54164
53985
53979
53943
53918
53857
53614
53613
53589
53523
53406
53382
53244
53235
53146
53086
53048
52992
52868
52836
52550
52538
52453
52436
52394
52360
52346
52240
52214
52179
52147
51979
51933
51910
51822
51800
51797
51774
51702
51577
51568
51459
51229
51211
51187
51139
51095
50989
50972
50955
50871
50849
50809
50803
50775
50773
50665
50620
50565
50503
50500
50481
50465
50392
50328
50324
50282
50265
50226
50181
50166
50126
50102
50082
50079
50069
49909
49831
49828
49820
49813
49812
49766
49747
49695
49681
49668
49659
49659
49645
49632
49585
49535
49496
49471
49453
49408
49401
49395
49315
49314
49266
49245
49234
49230
49169
48998
48972
48907
48843
48831
48828
48778
48696
48692
48636
48613
48589
48524
48514
48503
48451
48441
48404
48101
48092
48058
48056
48015
48009
48006
47997
47900
47886
47806
47736
47733
47729
47676
47586
47559
47481
47360
47324
47243
47190
47137
47100
47034
46983
46945
46857
46707
46567
46528
46523
46502
46469
46425
46425
46318
46074
45998
45985
45906
45863
45760
45720
45696
45696
45680
45680
45672
45620
45594
45568
45189
45148
45104
45057
44986
44977
44851
44795
44741
44659
44634
44632
44591
44523
44469
44441
44122
44080
44076
44040
44005
44000
43986
43870
43838
43799
43786
43707
43611
43430
43407
43337
43309
43293
43179
43140
42941
42935
42900
42859
42824
42822
42706
42678
42653
42645
42620
42575
42522
42467
42373
42366
42353
42324
42310
42067
42061
42032
41901
41896
41884
41872
41835
41727
41688
41654
41518
41366
41330
41306
41306
41298
41204
41133
41018
41014
41000
40943
40877
40842
40806
40800
40700
40633
40512
40491
40448
40431
40326
40303
40274
40255
40215
40106
40066
40004
39971
39964
39866
39817
39764
39745
39665
39648
39645
39541
39538
39526
39483
39435
39415
39375
39312
39242
39221
39206
39173
39129
39078
38864
38829
38807
38786
38745
38745
38731
38639
38601
38581
38568
38535
38523
38514
38425
38373
38325
38266
38195
38155
38082
38082
38051
38013
37960
37959
37919
37819
37647
37647
37548
37490
37487
37410
37385
37309
37262
37254
37202
37171
37103
37003
36897
36711
36628
36556
36556
36546
36542
36526
36482
36459
36388
36384
36316
36223
36025
35794
35778
35567
35538
35453
35416
35361
35113
35057
35003
35002
34995
34889
34820
34752
34697
34694
34675
34600
34567
34552
34519
34468
34272
34226
34224
34162
34148
34092
33870
33782
33365
33305
33240
33111
33096
33078
32966
32870
32848
32775
32750
32718
32709
32693
32668
32591
32508
32499
32431
32320
32106
32100
32068
32014
32008
31894
31844
31780
31721
31705
31650
31635
31612
31593
31572
31514
31488
31366
31346
31340
31289
31273
31025
30996
30937
30935
30868
30757
30751
30708
30679
30665
30661
30649
30600
30593
30568
30523
30502
30466
30437
30379
30304
30255
30087
30084
30007
29978
29968
29732
29695
29467
29465
29423
29367
29338
29327
29203
29129
29076
28859
28810
28786
28728
28713
28680
28568
28542
28534
28524
28452
28452
28414
28366
28365
28352
28338
28329
28306
28294
28245
28155
28150
28124
28092
28057
28045
27996
27916
27902
27833
27833
27812
27782
27759
27758
27745
27634
27598
27472
27458
27391
27381
27380
27336
27319
27184
27113
27112
27091
27050
26860
26782
26713
26659
26612
26601
26584
26566
26434
26409
26395
26360
26306
26262
26206
26205
26197
26155
26147
25952
25941
25908
25828
25804
25791
25749
25743
25687
25660
25586
25583
25542
25428
25417
25412
25291
25237
25198
25037
25016
24992
24985
24884
24869
24839
24836
24822
24734
24727
24716
24669
24648
24638
24615
24604
24599
24360
24356
24353
24141
24073
24050
23889
23773
23738
23627
23600
23573
23548
23547
23540
23368
23247
23245
23193
23123
23111
23037
23033
22977
22887
22827
22769
22760
22730
22688
22654
22546
22530
22490
22383
22361
22349
22341
22316
22313
22268
22258
22115
22058
21962
21907
21878
21848
21799
21795
21788
21780
21649
21614
21547
21538
21534
21511
21490
21088
21022
20993
20947
20936
20892
20850
20759
20749
20745
20708
20545
20522
20299
20269
20198
20048
20040
19944
19699
19589
19569
19569
19551
19463
19426
19418
19225
19188
19175
19111
18982
18966
18845
18832
18825
18762
18753
18554
18436
18379
18361
18321
18288
18178
18162
18034
18022
17908
17827
17803
17797
17704
17697
17672
17652
17645
17639
17603
17463
17457
17418
17414
17360
17351
17338
17282
17247
17223
17082
17079
17047
17038
17006
16933
16910
16910
16807
16752
16611
16609
16559
16556
16553
16374
16348
16339
16332
16320
16302
16289
16277
16277
16121
16107
16090
15916
15909
15788
15718
15532
15531
15410
15341
15335
15324
15248
15238
15207
15140
15129
15116
15113
15109
15096
15062
15008
14974
14877
14793
14722
14715
14705
14684
14524
14472
14447
14440
14430
14391
14356
14321
14307
14161
14060
13991
13915
13895
13887
13738
13737
13697
13693
13664
13335
13310
13279
13273
13272
13169
13043
13029
12986
12895
12852
12851
12805
12649
12522
12500
12381
12243
12140
12136
12085
11963
11930
11911
11888
11824
11749
11646
11643
11616
11608
11582
11499
11493
11383
11341
11311
11308
11247
11226
11072
10980
10936
10831
10722
10699
10610
10574
10562
10530
10528
10475
10472
10451
10401
10285
10234
10206
10157
9984
9846
9828
9819
9767
9714
9680
9590
9579
9565
9556
9524
9477
9415
9411
9410
9357
9277
9203
9147
8961
8904
8696
8635
8598
8504
8472
8416
8395
8344
8327
8267
8186
8122
8021
7949
7938
7934
7511
7487
7473
7466
7458
7453
7449
7437
7386
7377
7323
7306
7295
7250
7227
7150
7114
7018
6999
6944
6942
6935
6927
6925
6914
6890
6889
6869
6864
6790
6782
6782
6506
6299
6288
6274
6145
6139
6116
6087
6081
6076
6021
5947
5919
5916
5863
5853
5826
5784
5588
5414
5408
5391
5372
5367
5320
5264
5244
5124
5120
5112
5099
4952
4946
4916
4855
4826
4675
4665
4639
4592
4547
4473
4463
4442
4347
4334
4301
4273
4270
4128
4106
4017
3941
3939
3873
3833
3831
3797
3733
3685
3682
3526
3488
3455
3390
3345
3323
3260
3239
3181
3167
3137
3128
3037
3031
2998
2988
2946
2940
2783
2754
2724
2708
2560
2504
2485
2402
2352
2316
2281
2240
2233
2230
2208
2179
2178
2166
2163
2150
2142
2100
2027
1959
1878
1793
1756
1590
1566
1554
1481
1477
1331
1284
1184
1181
1065
1018
972
948
930
923
781
743
681
636
605
430
411
368
362
343
338
313
209
116
111
