99994
99712
99708
99662
99640
99490
99456
99231
99184
99182
99013
98979
98965
98963
98918
98829
98726
98610
98524
98278
98244
98171
98061
98058
97949
97924
97853
97785
97782
97656
97629
97618
97573
97569
97474
97465
97133
96999
96984
96743
96735
96650
96529
96528
96433
96296
96294
96230
96198
96183
96169
96146
96034
95984
95970
95903
95845
95819
95739
95662
95574
95530
95448
95447
95440
95397
95285
95245
95157
95144
95138
95095
95087
94933
94913
94904
94894
94863
94791
94690
94660
94618
94523
94425
94410
94153
94078
94067
93914
93863
93789
93756
93491
93419
93404
93372
93322
93043
93023
93003
92961
92874
92853
92799
92690
92566
92533
92427
92412
92368
92354
92334
92318
92312
92238
92170
92130
92076
92074
92018
92013
91915
91845
91753
91710
91707
91679
91644
91410
91309
91298
91267
91186
91185
90990
90753
90686
90329
90217
90156
90069
89996
89847
89806
89720
89708
89600
89558
89480
89444
89422
89421
89343
89304
89262
89220
89156
89093
89088
89067
88989
88871
88865
88853
88827
88798
88675
88598
88477
88348
88332
88323
88311
88300
88088
88076
88050
88037
88008
87977
87949
87814
87814
87793
87774
87769
87737
87733
87522
87458
87428
87418
87389
87215
87198
87189
87181
87131
87060
87021
87003
86996
86956
86927
86777
86670
86585
86571
86536
86466
86457
86387
86199
86060
86054
86021
85997
85973
85957
85904
85896
85821
85799
85748
85703
85645
85632
85615
85512
85381
85343
85336
85236
85188
85169
85137
85070
85024
84982
84970
84882
84874
84872
84647
84629
84599
84584
84533
84460
84359
84353
84274
84220
84197
84179
84149
84145
84075
83969
83828
83572
83559
83475
83384
83357
83211
83209
83195
83076
83036
82907
82871
82865
82666
82634
82624
82418
82377
82356
82276
82162
82095
82076
82010
81843
81832
81776
81705
81678
81621
81608
81607
81542
81537
81487
81475
81449
81434
81422
81404
81401
81364
81314
81277
81194
81182
81174
81128
81065
81019
80887
80793
80783
80769
80639
80620
80568
80409
80375
80141
80078
80078
80051
79916
79907
79904
79899
79778
79754
79749
79731
79687
79645
79552
79447
79437
79421
79390
79367
79247
79081
79013
78916
78796
78774
78719
78574
78467
78354
78351
78332
78226
78070
77987
77928
77889
77647
77628
77584
77557
77517
77482
77274
77269
77230
77005
76877
76871
76870
76769
76644
76640
76631
76519
76479
76396
76393
76235
76136
76135
76085
76069
75981
75936
75854
75842
75748
75748
75703
75683
75456
75321
75227
75159
75110
75108
75076
75015
74978
74925
74765
74759
74734
74702
74608
74579
74393
74318
74252
74052
73977
73971
73927
73853
73812
73718
73670
73535
73532
73477
73427
73298
73298
73280
73269
73265
73259
73204
73127
73064
73004
72968
72952
72908
72788
72777
72762
72661
72646
72545
72526
72513
72418
72416
72390
72285
72165
72143
72126
72108
71963
71833
71772
71760
71725
71659
71479
71465
71430
71427
71421
71332
71328
71307
71274
71245
71233
71181
71120
71099
71028
71020
70987
70981
70887
70859
70788
70667
70597
70520
70477
70443
70439
70423
70409
70389
70280
70145
70018
69882
69824
69735
69724
69713
69614
69417
69410
69379
69354
69256
68949
68881
68869
68847
68826
68696
68694
68597
68568
68517
68517
68502
68458
68451
68375
68373
68323
68292
68226
68065
67986
67982
67876
67798
67746
67662
67561
67541
67533
67524
67467
67405
67391
67389
67381
67355
67338
67231
67159
66829
66817
66805
66802
66799
66791
66752
66718
66699
66652
66607
66555
66548
66530
66527
66461
66392
66350
66294
66249
66239
66136
66134
66066
65958
65842
65817
65725
65629
65627
65611
65571
65473
65434
65425
65425
65316
65255
65230
65178
65019
64929
64918
64879
64875
64765
64752
64744
64730
64668
64632
64487
64486
64458
64421
64415
64303
64254
64183
64183
64152
64150
64118
64059
64021
63973
63956
63903
63902
63901
63875
63616
63574
63560
63484
63329
63307
63296
63155
63032
62966
62919
62904
62877
62816
62790
62700
62668
62632
62588
62521
62497
62468
62439
62385
62304
62222
62206
62133
62079
62060
61935
61912
61830
61811
61753
61713
61648
61616
61528
61498
61430
61416
61380
61320
61226
61182
61035
61028
60999
60997
60937
60763
60733
60630
60625
60615
60550
60496
60441
60428
60394
60380
60339
60308
60293
60272
60272
60240
60129
60064
60013
59968
59946
59900
59810
59739
59715
59601
59585
59532
59494
59468
59457
59437
59347
59300
59292
59261
59257
59194
59168
59141
58969
58892
58880
58776
58688
58682
58594
58489
58323
58237
58183
58100
58064
57988
57959
57930
57927
57908
57846
57703
57672
57630
57502
57457
57453
57413
57393
57379
57355
57287
57278
57278
57198
57064
57026
57007
56985
56957
56936
56804
56758
56507
56424
56384
56318
56287
56210
56183
56071
56016
55991
55980
55865
55845
55790
55752
55736
55690
55652
55584
55526
55520
55494
55431
55404
55351
55340
55260
55216
55190
55151
55124
55062
55043
55000
54861
54751
54718
54717
54699
54665
54599
54549
54543
54466
54437
54365
54320
54318
54258
54218
54179
54171
54170
54166
54075
54062
54028
53867
53849
53766
53723
53698
53664
53567
53544
53342
53314
53313
53232
53227
53177
53176
52984
52903
52855
52576
52530
52407
52406
52069
52018
51892
51891
51777
51756
51698
51694
51678
51592
51444
51406
51385
51381
51218
50983
50950
50932
50840
50818
50808
50758
50752
50739
50636
50563
50378
50361
50359
50354
50314
50301
50258
50245
50219
50133
50093
50078
49997
49918
49897
49836
49815
49745
49745
49610
49539
49524
49360
49341
49311
49282
49213
49147
49142
49015
48839
48794
48730
48640
48579
48529
48469
48247
48212
48086
48084
47992
47989
47958
47916
47771
47744
47660
47650
47514
47501
47367
47316
47315
47292
47280
47276
47231
47216
47198
47170
47045
46982
46971
46868
46771
46703
46652
46598
46548
46531
46514
46460
46400
46360
46317
46218
46114
46108
46050
46031
46025
46021
45911
45905
45904
45864
45613
45562
45555
45553
45551
45540
45411
45392
45378
45378
45371
45336
45327
45229
45203
45200
45174
45081
45075
44951
44940
44929
44920
44849
44793
44698
44688
44682
44627
44625
44516
44418
44353
44261
44214
44212
44157
43971
43928
43879
43757
43665
43614
43465
43451
43408
43371
43365
43340
43272
43217
43129
43105
42974
42958
42826
42823
42719
42718
42714
42707
42640
42629
42508
42470
42467
42403
42344
42275
42259
42220
42214
42212
42191
42108
41885
41798
41794
41759
41688
41670
41663
41639
41574
41553
41397
41391
41352
41334
41328
41324
41319
41306
41264
41198
41156
41147
41134
41015
40913
40830
40760
40721
40720
40717
40591
40475
40323
40240
40175
40033
39955
39911
39854
39841
39840
39708
39676
39648
39613
39511
39407
39398
39390
39388
39383
39345
39291
39263
39106
39093
38915
38911
38795
38753
38702
38660
38638
38636
38546
38535
38497
38472
38378
38348
38090
38061
38027
37978
37888
37742
37636
37604
37586
37193
37179
37001
36888
36819
36765
36721
36708
36613
36489
36489
36480
36478
36319
36249
36243
36193
36183
36085
36078
36070
36012
35982
35793
35778
35777
35741
35660
35657
35630
35590
35517
35489
35384
35384
35346
35301
35188
35188
35078
34968
34950
34940
34882
34854
34854
34793
34780
34738
34712
34684
34659
34196
34133
34123
34112
34100
34100
34091
34087
34073
33940
33904
33888
33857
33835
33801
33787
33751
33689
33687
33662
33431
33394
33364
33266
33243
33180
33155
33135
33131
33104
33013
33002
32922
32870
32861
32836
32835
32810
32695
32690
32630
32621
32592
32590
32557
32494
32420
32415
32405
32401
32340
32275
32228
32200
32132
32099
31918
31824
31797
31746
31576
31570
31564
31522
31515
31488
31451
31362
31344
31335
31287
31277
31085
30990
30975
30935
30790
30596
30478
30466
30440
30364
30280
30189
30162
30104
30100
30086
29645
29572
29442
29273
29273
29251
29139
29115
29089
29074
29072
28959
28923
28892
28888
28858
28854
28806
28767
28669
28576
28502
28487
28470
28391
28389
28384
28348
28319
28315
28282
28205
28120
28096
28090
28061
28042
27987
27986
27971
27923
27846
27810
27762
27615
27571
27391
27353
27315
27194
27143
27098
26975
26931
26720
26619
26573
26311
26276
26263
26234
26151
26133
26105
25929
25901
25786
25766
25730
25724
25641
25602
25548
25521
25489
25434
25397
25396
25385
25380
25168
25128
25106
25105
25101
25082
24994
24992
24986
24945
24922
24922
24853
24743
24595
24560
24524
24469
24324
24317
24286
24281
24258
24249
24192
24115
24113
24029
23937
23917
23830
23689
23625
23475
23470
23342
23172
23087
23025
23015
22982
22963
22959
22949
22922
22900
22840
22823
22782
22695
22685
22620
22572
22418
22292
22238
22213
22131
22015
21925
21909
21909
21898
21830
21788
21726
21635
21506
21497
21461
21389
21367
21354
21322
21269
21148
21081
21032
21026
21008
20881
20867
20768
20632
20586
20583
20582
20581
20540
20327
20297
20192
20154
20120
20027
20000
19984
19972
19846
19810
19809
19759
19647
19540
19510
19490
19438
19436
19415
19407
19240
19206
19180
19133
19107
18924
18899
18844
18799
18693
18596
18587
18547
18389
18327
18327
18322
18321
18309
18307
18304
18266
18260
18256
18224
18112
18095
18033
18004
18004
17931
17911
17903
17899
17839
17811
17800
17668
17644
17642
17637
17599
17585
17528
17487
17455
17379
17256
17234
17228
16964
16954
16941
16912
16902
16859
16831
16777
16767
16749
16722
16720
16565
16562
16460
16354
16351
16331
16320
16214
15920
15911
15832
15769
15709
15665
15650
15544
15477
15284
15267
15169
15166
15165
15154
15128
15094
14938
14920
14912
14877
14854
14769
14703
14659
14609
14596
14551
14367
14365
14304
14256
14244
14071
14025
13815
13756
13754
13706
13693
13689
13599
13530
13488
13484
13296
13287
13227
13226
13175
13055
13000
12947
12618
12617
12516
12493
12464
12432
12364
12300
12213
12132
12125
12054
12030
11990
11987
11912
11900
11883
11867
11855
11827
11819
11367
11275
11209
11192
11050
11040
11003
11000
10995
10865
10811
10490
10444
10405
10383
10355
10341
10315
10299
10277
10270
10172
10166
9896
9896
9861
9853
9789
9786
9695
9691
9596
9570
9539
9520
9488
9481
9457
9322
9312
9189
9154
9153
9097
9076
9050
9032
9010
8984
8891
8825
8727
8672
8643
8506
8446
8105
8091
8053
8052
8049
7909
7791
7622
7602
7572
7552
7464
7327
7308
7228
7215
7175
7120
7074
6847
6591
6466
6394
6371
6361
6215
6179
6156
6145
5968
5949
5875
5875
5749
5721
5697
5681
5563
5404
5313
5299
5237
5102
5056
5038
4979
4922
4919
4733
4707
4502
4314
4311
4184
4100
3996
3835
3780
3654
3646
3625
3625
3515
3338
3210
3197
3154
3124
3110
3101
3084
2835
2780
2747
2736
2637
2607
2582
2521
2518
2442
2325
2278
2272
2272
2121
2033
1988
1909
1839
1817
1669
1616
1575
1573
1390
1288
1228
1197
1178
1174
1050
1041
1033
1030
958
925
886
792
730
720
686
681
679
660
601
564
562
460
406
385
303
260
240
103
96
47
33
24
2
