100000
99928
99921
99907
99883
99863
99853
99845
99797
99789
99783
99773
99748
99745
99706
99703
99692
99681
99666
99666
99661
99648
99638
99578
99471
99466
99465
99375
99259
98961
98932
98928
98920
98913
98912
98836
98798
98699
98681
98543
98543
98536
98490
98474
98424
98419
98347
98226
98209
98196
98175
98115
98061
98039
98017
97997
97990
97961
97929
97924
97888
97853
97816
97777
97708
97697
97609
97596
97515
97488
97467
97443
97434
97399
97369
97327
97311
97175
97134
97124
97118
97095
97068
97063
96935
96932
96920
96853
96852
96835
96812
96780
96724
96596
96507
96491
96456
96452
96324
96279
96250
96249
96240
96212
96154
95999
95998
95998
95989
95891
95853
95826
95778
95717
95661
95654
95609
95604
95431
95333
95313
95265
95248
95242
95214
95167
95080
95073
95051
95029
94963
94898
94856
94816
94798
94794
94673
94666
94654
94532
94480
94372
94339
94145
94039
93995
93927
93918
93917
93873
93807
93708
93673
93661
93654
93528
93492
93451
93428
93405
93404
93356
93283
93209
93177
93136
93134
93109
93104
93092
93058
93038
93027
92861
92831
92779
92773
92674
92639
92626
92609
92501
92473
92464
92389
92337
92332
92303
92281
92143
92139
92055
92055
92052
91959
91949
91907
91891
91864
91820
91778
91766
91753
91741
91707
91641
91617
91600
91597
91567
91523
91462
91451
91440
91409
91380
91379
91317
91194
91127
91054
91036
91030
90950
90947
90938
90925
90922
90894
90879
90712
90678
90673
90628
90626
90613
90485
90389
90312
90302
90273
90188
90172
90168
90167
89885
89876
89862
89828
89767
89746
89672
89659
89654
89632
89617
89570
89559
89529
89486
89467
89437
89389
89378
89377
89350
89319
89221
89133
89063
89051
89031
89024
88892
88844
88832
88781
88778
88760
88704
88684
88683
88611
88556
88539
88498
88418
88369
88313
88095
88074
88073
87981
87978
87926
87902
87858
87791
87791
87654
87644
87548
87490
87471
87449
87411
87402
87324
87307
87302
87247
87205
87201
87087
87073
87042
86937
86926
86921
86919
86912
86813
86751
86729
86675
86654
86642
86540
86500
86436
86233
86182
86083
86016
85969
85928
85895
85870
85792
85762
85495
85471
85470
85367
85361
85252
85203
85163
85159
85114
85067
85034
85011
84978
84948
84894
84848
84831
84826
84757
84714
84677
84625
84599
84557
84501
84414
84404
84374
84367
84205
84186
84153
84053
84046
84017
83999
83976
83951
83948
83931
83924
83921
83913
83813
83805
83759
83736
83718
83683
83658
83624
83613
83556
83483
83409
83404
83381
83238
83234
83193
83126
82987
82864
82833
82830
82820
82805
82784
82771
82767
82709
82624
82601
82565
82558
82550
82511
82497
82487
82429
82399
82374
82363
82323
82286
82235
82174
82163
81965
81917
81838
81810
81804
81785
81779
81736
81735
81657
81633
81566
81470
81439
81378
81378
81346
81314
81307
81274
81229
81205
81185
81062
81047
81031
81015
80994
80963
80956
80918
80916
80912
80827
80722
80720
80691
80585
80521
80518
80488
80339
80233
80230
80219
80148
80050
80019
79922
79877
79826
79752
79739
79735
79725
79720
79700
79693
79678
79671
79665
79658
79628
79580
79575
79571
79541
79490
79471
79457
79454
79403
79377
79355
79327
79275
79262
79188
79156
79143
79125
79044
78961
78947
78926
78890
78884
78877
78803
78741
78719
78607
78505
78446
78441
78425
78265
78241
78221
78158
78110
78013
78008
77827
77790
77739
77655
77623
77575
77520
77507
77495
77487
77477
77432
77359
77319
77251
77154
77110
76984
76966
76962
76948
76932
76787
76691
76686
76640
76586
76513
76448
76421
76403
76395
76390
76273
76270
76177
76036
76024
76018
76011
75895
75850
75798
75793
75653
75636
75627
75469
75442
75349
75310
75161
75080
75056
74922
74847
74844
74817
74774
74743
74639
74575
74558
74544
74526
74409
74346
74341
74321
74311
74236
74232
74153
74130
74115
74017
74015
74015
74006
73998
73966
73952
73688
73668
73630
73577
73571
73517
73516
73484
73443
73412
73397
73388
73385
73371
73176
73133
73126
73112
73109
73090
73037
73028
73005
72988
72970
72821
72710
72659
72508
72466
72431
72430
72371
72309
72215
72192
72188
72106
72083
72062
72048
72017
71951
71950
71874
71765
71712
71694
71688
71594
71542
71514
71474
71458
71320
71258
71181
71167
71034
71033
71029
71018
70973
70961
70943
70910
70746
70743
70728
70709
70697
70692
70651
70553
70542
70471
70470
70464
70361
70359
70310
70199
70181
70163
70156
70150
69982
69977
69935
69925
69920
69909
69843
69792
69774
69759
69694
69638
69600
69596
69580
69564
69508
69322
69288
69235
69193
69116
69098
69082
69077
69042
68991
68937
68917
68848
68846
68840
68817
68757
68741
68568
68566
68521
68497
68471
68330
68303
68270
68214
68150
68143
68135
68027
67919
67894
67872
67850
67801
67781
67762
67750
67690
67639
67563
67552
67541
67476
67468
67452
67429
67331
67305
67276
67193
67166
67127
67080
67077
67017
67001
66939
66906
66802
66793
66716
66685
66623
66579
66546
66536
66527
66504
66477
66475
66473
66457
66441
66420
66373
66357
66234
66221
66101
66056
66010
66000
65999
65991
65975
65974
65903
65853
65757
65748
65726
65711
65681
65597
65590
65543
65535
65532
65434
65433
65423
65330
65229
65226
65223
65198
65185
65168
65161
65160
65145
65143
65117
65107
65034
64988
64895
64894
64857
64846
64839
64838
64752
64732
64719
64671
64635
64605
64532
64462
64443
64403
64314
64269
64159
64154
64139
64117
64076
64069
63978
63974
63952
63921
63839
63798
63789
63773
63753
63663
63644
63635
63542
63470
63423
63417
63391
63331
63299
63209
63198
63176
63170
63028
63018
62970
62895
62841
62816
62763
62758
62741
62725
62683
62585
62578
62577
62499
62497
62483
62468
62437
62392
62345
62310
62285
62271
62259
62248
62207
62163
62149
62104
62100
62054
62049
61980
61979
61955
61856
61854
61849
61756
61712
61608
61566
61391
61251
61187
61108
61099
61093
61037
61001
60998
60986
60976
60928
60925
60816
60694
60662
60626
60606
60576
60536
60414
60374
60343
60214
60193
60189
60134
60109
60070
60027
59966
59949
59905
59866
59860
59846
59546
59529
59226
59115
59098
59097
59094
59035
59011
58974
58958
58944
58920
58854
58840
58768
58534
58479
58467
58363
58359
58316
58280
58205
58120
58064
58039
58035
58027
58016
57997
57947
57943
57918
57907
57904
57894
57817
57816
57808
57797
57785
57770
57706
57705
57686
57667
57666
57623
57607
57580
57573
57555
57485
57437
57432
57369
57357
57296
57295
57288
57249
57224
57185
57182
57107
57080
57058
57024
57016
56937
56880
56841
56806
56801
56662
56660
56645
56609
56578
56522
56507
56507
56504
56385
56351
56336
56255
56251
56176
56153
56080
56079
56064
55996
55862
55849
55829
55820
55818
55777
55750
55711
55683
55615
55602
55428
55424
55415
55352
55327
55268
55255
55238
55146
55105
55086
55048
55030
55004
54908
54840
54746
54715
54708
54673
54652
54648
54578
54539
54486
54478
54375
54325
54295
54273
54252
54217
54187
54183
54105
54044
54037
54013
53834
53789
53728
53688
53687
53661
53632
53620
53538
53475
53453
53373
53355
53341
53189
53156
53135
52987
52940
52934
52859
52779
52700
52671
52521
52444
52433
52372
52354
52293
52261
52113
52050
52021
51998
51902
51896
51758
51754
51752
51739
51689
51661
51651
51560
51532
51466
51309
51302
51295
51288
51212
51190
51168
51158
51122
51093
51057
51045
50922
50919
50856
50855
50848
50833
50821
50742
50673
50639
50636
50618
50600
50546
50543
50446
50380
50302
50291
50263
50145
50117
50106
50005
49972
49907
49889
49881
49828
49805
49694
49650
49619
49598
49552
49499
49478
49456
49440
49397
49392
49252
49222
49149
49079
49060
49059
49011
49003
48964
48838
48794
48793
48738
48648
48529
48528
48442
48399
48363
48340
48233
48217
48214
48144
48114
48088
48006
47925
47924
47913
47912
47891
47861
47806
47781
47760
47710
47657
47625
47607
47591
47494
47469
47458
47430
47412
47352
47261
47260
47230
47213
47125
47052
47039
47024
46953
46938
46884
46758
46757
46755
46750
46612
46607
46584
46563
46554
46500
46474
46466
46463
46439
46350
46143
46131
46089
46082
46054
46048
46022
45978
45959
45925
45912
45873
45812
45716
45714
45714
45655
45637
45593
45575
45552
45472
45471
45469
45452
45400
45181
45130
45114
45111
44970
44950
44945
44924
44878
44835
44779
44706
44694
44693
44691
44657
44636
44618
44563
44558
44531
44529
44507
44505
44494
44475
44380
44347
44327
44270
44267
44245
44236
44233
44148
44088
44037
43964
43881
43877
43870
43865
43860
43823
43753
43666
43663
43625
43554
43502
43499
43496
43455
43448
43433
43398
43392
43375
43312
43304
43088
43083
43073
43019
42939
42872
42842
42793
42786
42732
42707
42682
42632
42620
42572
42522
42445
42426
42381
42356
42206
42170
42149
42136
42100
42082
42027
41993
41988
41853
41800
41767
41738
41589
41547
41538
41505
41442
41440
41424
41407
41302
41298
41201
41067
41060
40953
40880
40875
40865
40854
40842
40832
40771
40684
40676
40669
40656
40619
40611
40609
40595
40584
40576
40551
40531
40507
40490
40482
40466
40430
40429
40421
40412
40410
40340
40323
40321
40317
40313
40295
40287
40272
40272
40257
40235
40139
40111
39962
39959
39843
39776
39517
39496
39476
39450
39399
39335
39333
39330
39307
39169
39151
39127
39097
39065
39024
38978
38900
38876
38844
38833
38821
38816
38778
38777
38742
38690
38640
38630
38601
38577
38573
38475
38452
38398
38394
38390
38321
38228
38170
38116
38097
38076
38011
37980
37954
37953
37915
37902
37879
37861
37858
37844
37842
37833
37774
37740
37735
37725
37687
37680
37670
37665
37662
37524
37492
37402
37285
37243
37209
37165
37154
37128
37106
36981
36979
36975
36963
36913
36904
36870
36841
36836
36791
36767
36766
36718
36702
36665
36659
36595
36531
36512
36509
36433
36368
36277
36272
36246
36224
36196
36193
36175
36148
36124
36116
36068
36061
36035
35972
35890
35861
35820
35769
35684
35563
35556
35499
35451
35448
35445
35401
35396
35389
35347
35346
35321
35239
35211
35196
35191
35105
35092
35047
34911
34895
34848
34821
34802
34708
34707
34665
34575
34537
34512
34474
34472
34443
34440
34355
34319
34293
34273
34270
34264
34263
34263
34247
34215
34208
33938
33930
33903
33893
33823
33658
33628
33623
33600
33591
33484
33478
33469
33445
33437
33358
33211
33160
33149
33131
33035
33016
33012
33007
33003
32831
32746
32710
32692
32674
32648
32638
32594
32568
32492
32464
32451
32437
32413
32381
32380
32376
32365
32349
32326
32320
32272
32203
32158
32099
32012
31943
31886
31857
31848
31802
31705
31702
31682
31669
31661
31642
31641
31638
31556
31554
31412
31362
31333
31303
31292
31286
31261
31244
31223
31122
31116
31113
31037
31012
30980
30972
30932
30925
30922
30910
30804
30765
30691
30686
30652
30559
30471
30437
30400
30351
30344
30343
30311
30306
30275
30231
30178
30153
30130
30095
30079
30070
30060
30044
30026
30001
29902
29890
29860
29857
29852
29805
29803
29793
29754
29745
29693
29590
29559
29521
29449
29440
29405
29362
29304
29281
29254
29120
29112
29035
28994
28986
28958
28954
28952
28743
28675
28674
28643
28636
28578
28572
28562
28555
28499
28478
28460
28424
28396
28375
28357
28323
28192
28129
28129
28102
28028
27963
27936
27879
27868
27813
27702
27702
27690
27652
27638
27630
27626
27499
27473
27382
27359
27350
27338
27329
27303
27259
27250
27142
27136
27101
27048
27046
26939
26898
26859
26845
26829
26817
26792
26788
26781
26710
26685
26679
26670
26667
26576
26537
26506
26502
26390
26384
26374
26345
26330
26314
26239
26230
26083
26044
26031
26009
26003
26002
25948
25924
25782
25710
25579
25554
25527
25507
25466
25452
25445
25445
25434
25373
25363
25361
25338
25274
25214
25090
25045
25012
24962
24945
24900
24876
24848
24810
24779
24732
24712
24654
24595
24580
24579
24579
24574
24569
24463
24429
24410
24391
24387
24320
24312
24273
24169
24141
24083
24035
24027
23969
23967
23910
23879
23755
23676
23639
23623
23543
23538
23523
23476
23450
23258
23215
23201
23194
23169
23042
23009
22993
22947
22896
22890
22860
22780
22744
22728
22705
22703
22665
22659
22630
22549
22462
22433
22425
22381
22320
22319
22255
22230
22212
22153
21966
21957
21940
21903
21900
21893
21847
21742
21741
21717
21674
21537
21501
21478
21441
21438
21353
21348
21329
21306
21263
21217
21193
21190
21181
21110
21106
21027
21015
20962
20932
20862
20828
20801
20785
20756
20720
20717
20706
20693
20690
20689
20657
20598
20595
20576
20551
20541
20486
20481
20379
20354
20342
20269
20262
20243
20221
20158
20042
20030
20001
19974
19958
19940
19871
19820
19779
19761
19759
19759
19737
19717
19649
19615
19591
19543
19529
19517
19502
19498
19498
19489
19486
19475
19445
19411
19407
19293
19284
19281
19278
19245
19236
19186
19170
19102
19083
19079
18983
18912
18904
18873
18858
18831
18741
18724
18606
18577
18498
18447
18440
18384
18379
18357
18344
18290
18202
18156
18156
18126
18126
18092
18068
18045
17988
17983
17942
17903
17818
17700
17657
17639
17618
17506
17428
17407
17383
17351
17284
17203
17186
17166
17106
17096
17029
16992
16964
16952
16940
16925
16918
16910
16905
16904
16864
16785
16769
16750
16743
16663
16622
16577
16513
16508
16498
16458
16442
16399
16388
16355
16341
16341
16340
16322
16259
16215
16204
16034
16000
15975
15969
15953
15900
15874
15859
15729
15687
15640
15590
15548
15531
15526
15491
15394
15358
15356
15347
15339
15308
15278
15278
15237
15183
15155
15140
15138
15108
15083
15077
14975
14972
14945
14912
14837
14833
14783
14773
14765
14590
14567
14481
14478
14434
14427
14374
14339
14338
14280
14277
14264
14177
14121
14075
14055
14004
14002
13918
13901
13898
13789
13688
13637
13617
13580
13567
13562
13550
13543
13539
13522
13362
13338
13328
13324
13268
13255
13210
13197
13181
13154
13102
13068
13063
13005
12900
12891
12832
12822
12674
12605
12585
12537
12524
12520
12478
12454
12401
12379
12317
12257
12107
12078
12060
12017
11988
11919
11909
11842
11809
11729
11727
11723
11694
11621
11556
11549
11528
11368
11329
11329
11252
11172
11157
11143
11072
11047
10974
10947
10945
10891
10805
10756
10755
10540
10518
10487
10468
10464
10345
10326
10312
10256
10196
10110
10097
10058
10028
10012
9941
9911
9908
9887
9783
9765
9666
9626
9623
9577
9560
9525
9494
9451
9426
9422
9410
9311
9212
9195
9178
9109
9074
9072
9066
9015
9005
8965
8955
8937
8894
8862
8802
8631
8594
8502
8475
8457
8451
8446
8387
8386
8225
8067
8004
7950
7895
7796
7787
7738
7689
7653
7640
7614
7580
7579
7553
7551
7545
7498
7484
7439
7416
7382
7369
7363
7340
7265
7253
7202
7194
7107
6955
6920
6911
6854
6796
6747
6675
6607
6597
6588
6513
6510
6407
6363
6300
6300
6253
6048
5948
5892
5877
5874
5807
5800
5789
5588
5561
5561
5540
5524
5523
5495
5447
5416
5383
5358
5354
5227
5153
5124
5003
4980
4966
4933
4891
4819
4684
4619
4599
4568
4456
4393
4368
4340
4337
4330
4330
4293
4261
4251
4219
4193
4171
4167
4152
4125
4088
4042
4016
3952
3861
3840
3793
3787
3769
3754
3571
3513
3509
3480
3469
3468
3453
3446
3399
3395
3390
3355
3301
3187
3039
2970
2949
2853
2834
2811
2780
2754
2750
2745
2743
2675
2586
2541
2535
2535
2519
2516
2505
2491
2412
2403
2297
2254
2209
2163
2138
2110
2067
2012
1972
1966
1935
1925
1871
1871
1860
1857
1819
1750
1640
1623
1600
1526
1521
1485
1423
1406
1353
1320
1305
1154
1145
1132
1068
1067
1057
1019
1018
992
982
878
746
703
593
539
503
473
348
299
235
230
170
164
148
119
113
64
