99988
99982
99982
99888
99847
99845
99837
99829
99800
99773
99758
99737
99713
99679
99671
99645
99631
99619
99583
99566
99562
99558
99552
99505
99504
99462
99403
99377
99371
99359
99347
99336
99301
99292
99290
99273
99262
99260
99224
99223
99162
99159
99154
99122
99117
99069
99048
99033
99032
99001
98989
98944
98920
98880
98871
98861
98859
98833
98831
98830
98807
98792
98791
98789
98788
98776
98766
98755
98743
98720
98708
98706
98673
98624
98525
98516
98512
98505
98495
98469
98445
98442
98437
98402
98398
98391
98381
98330
98330
98318
98305
98291
98282
98243
98191
98152
98124
98098
98093
98060
98057
98046
97936
97925
97913
97911
97828
97814
97790
97750
97713
97673
97660
97635
97633
97628
97627
97614
97603
97578
97574
97570
97500
97474
97470
97465
97456
97422
97361
97308
97296
97291
97269
97258
97240
97230
97216
97213
97198
97180
97123
97094
97079
97061
97049
97023
97015
97006
97000
96990
96972
96971
96961
96950
96937
96925
96917
96819
96781
96756
96729
96722
96688
96673
96654
96635
96566
96548
96534
96506
96493
96472
96452
96438
96387
96359
96358
96315
96230
96212
96209
96208
96169
96156
96130
96107
96080
96061
96055
96009
96005
95950
95917
95873
95865
95849
95845
95834
95822
95787
95784
95776
95749
95712
95684
95662
95637
95614
95602
95579
95573
95527
95516
95507
95505
95463
95427
95426
95317
95288
95283
95277
95265
95235
95228
95226
95210
95192
95189
95147
95114
95110
95109
95099
95095
95084
95056
95031
95006
95000
94974
94966
94965
94948
94948
94889
94864
94841
94790
94788
94762
94761
94735
94703
94700
94686
94661
94626
94622
94614
94613
94601
94581
94530
94516
94470
94464
94445
94405
94403
94401
94386
94360
94343
94332
94283
94175
94160
94116
94111
94104
94090
94077
93912
93904
93878
93875
93843
93832
93824
93804
93792
93787
93783
93780
93715
93704
93697
93692
93676
93669
93611
93576
93575
93565
93542
93527
93517
93471
93443
93434
93423
93381
93365
93364
93364
93359
93337
93309
93290
93271
93252
93241
93236
93210
93189
93183
93149
92978
92962
92913
92867
92866
92828
92795
92774
92765
92728
92728
92700
92669
92662
92621
92598
92573
92568
92532
92517
92491
92458
92421
92399
92391
92359
92351
92328
92312
92260
92256
92238
92236
92201
92181
92106
92083
92071
92066
92048
92003
91984
91963
91943
91927
91918
91903
91886
91869
91865
91861
91843
91842
91833
91832
91830
91825
91771
91767
91755
91751
91723
91655
91644
91638
91635
91631
91631
91621
91601
91597
91578
91526
91487
91467
91455
91442
91431
91410
91384
91371
91366
91358
91331
91323
91259
91243
91186
91186
91181
91178
91151
91113
91098
91086
91080
91073
91059
91044
90991
90947
90902
90857
90836
90835
90797
90780
90758
90716
90693
90659
90626
90617
90613
90604
90578
90484
90479
90456
90448
90438
90436
90428
90381
90368
90350
90344
90335
90335
90327
90327
90291
90284
90266
90251
90241
90201
90160
90144
90141
90138
90131
90128
90096
90096
90075
90057
90022
89985
89979
89953
89948
89941
89921
89912
89899
89893
89886
89848
89841
89840
89836
89822
89816
89802
89782
89767
89758
89756
89753
89730
89702
89687
89666
89644
89604
89545
89530
89515
89503
89468
89465
89413
89406
89361
89341
89327
89297
89292
89283
89278
89272
89257
89256
89254
89202
89195
89191
89190
89190
89182
89169
89151
89111
89087
89037
89031
89024
88989
88977
88967
88949
88939
88929
88917
88914
88869
88844
88843
88841
88839
88837
88821
88811
88803
88800
88765
88764
88762
88759
88758
88751
88738
88734
88733
88727
88667
88663
88662
88653
88648
88592
88558
88557
88534
88525
88519
88515
88488
88465
88453
88429
88418
88415
88409
88406
88360
88333
88247
88216
88210
88182
88160
88124
88112
88095
88086
88086
88045
88041
88013
87995
87991
87991
87991
87966
87943
87941
87935
87928
87924
87899
87883
87882
87877
87815
87813
87758
87748
87725
87723
87681
87658
87653
87627
87588
87581
87580
87579
87564
87560
87555
87544
87514
87510
87452
87391
87386
87372
87361
87337
87319
87294
87291
87276
87265
87228
87187
87176
87166
87150
87135
87085
87074
87068
87031
86961
86946
86944
86937
86921
86901
86894
86892
86873
86873
86866
86825
86819
86765
86756
86722
86710
86705
86701
86680
86676
86647
86613
86598
86589
86568
86531
86501
86488
86482
86479
86476
86462
86437
86424
86398
86382
86325
86316
86282
86233
86211
86210
86177
86153
86125
86124
86064
86042
86035
86031
86030
86010
85989
85925
85920
85918
85914
85906
85894
85872
85866
85819
85814
85811
85806
85806
85759
85755
85750
85708
85685
85683
85650
85646
85596
85524
85486
85477
85473
85433
85309
85307
85306
85296
85285
85270
85259
85253
85237
85214
85162
85148
85129
85129
85112
85105
85105
85057
85052
84986
84965
84907
84901
84901
84892
84891
84845
84841
84820
84816
84801
84798
84793
84785
84780
84773
84760
84705
84642
84605
84602
84545
84544
84513
84483
84468
84416
84408
84408
84397
84365
84355
84318
84243
84208
84132
84112
84103
84099
84092
84055
84033
84028
84017
83983
83965
83937
83937
83913
83905
83902
83883
83871
83866
83855
83789
83768
83750
83714
83714
83710
83688
83682
83674
83668
83664
83643
83640
83571
83569
83562
83561
83560
83550
83541
83538
83532
83518
83506
83497
83477
83419
83379
83360
83354
83308
83245
83245
83238
83219
83210
83206
83143
83128
83105
83100
82952
82928
82897
82887
82871
82869
82864
82833
82824
82813
82784
82759
82749
82739
82726
82707
82676
82670
82653
82644
82533
82526
82503
82500
82463
82459
82432
82428
82426
82418
82410
82387
82380
82309
82281
82277
82271
82269
82252
82246
82236
82205
82192
82182
82114
82100
82066
82045
82032
82002
81958
81934
81925
81908
81890
81879
81819
81796
81777
81761
81759
81757
81755
81714
81712
81706
81697
81656
81619
81610
81590
81527
81481
81480
81477
81472
81427
81416
81394
81394
81386
81376
81368
81343
81339
81334
81322
81295
81279
81259
81259
81226
81216
81206
81200
81191
81152
81148
81137
81113
81106
81072
81036
81003
80932
80907
80876
80872
80851
80820
80807
80802
80784
80738
80719
80708
80693
80682
80637
80613
80610
80592
80558
80512
80506
80505
80496
80481
80461
80454
80434
80431
80428
80410
80342
80320
80314
80285
80249
80229
80210
80203
80176
80167
80163
80138
80134
80127
80125
80121
80098
80091
80090
80063
80063
80058
80043
80020
80007
80005
79989
79986
79891
79889
79874
79835
79820
79820
79768
79761
79760
79748
79734
79722
79717
79687
79639
79610
79606
79538
79491
79465
79458
79417
79416
79402
79399
79384
79360
79347
79344
79309
79308
79266
79260
79250
79243
79214
79189
79167
79139
79130
79091
79078
79067
79059
79037
79034
78970
78952
78905
78886
78881
78867
78771
78763
78664
78633
78596
78590
78567
78558
78553
78539
78488
78476
78456
78444
78413
78378
78369
78355
78324
78299
78297
78235
78207
78197
78188
78187
78172
78130
78049
78046
78038
78038
78018
78002
77984
77910
77892
77855
77855
77792
77758
77721
77697
77674
77662
77630
77562
77558
77551
77547
77538
77536
77513
77510
77501
77484
77476
77435
77421
77388
77366
77352
77298
77276
77239
77236
77192
77186
77182
77138
77124
77104
77081
77054
77044
77017
76944
76942
76938
76924
76883
76878
76878
76875
76828
76819
76786
76764
76728
76725
76716
76704
76691
76662
76662
76643
76623
76613
76589
76556
76532
76528
76514
76491
76491
76486
76472
76456
76454
76414
76385
76376
76333
76313
76296
76288
76283
76267
76227
76218
76163
76142
76115
76106
76076
76075
76020
75999
75916
75898
75890
75886
75830
75826
75819
75816
75808
75802
75792
75785
75776
75775
75767
75738
75727
75698
75683
75679
75673
75655
75654
75641
75621
75579
75578
75559
75558
75549
75523
75516
75509
75508
75470
75427
75416
75385
75352
75282
75255
75183
75180
75179
75174
75148
75118
75091
75071
75069
75048
75016
74993
74993
74965
74965
74957
74955
74915
74891
74868
74860
74851
74849
74846
74844
74803
74795
74768
74705
74699
74653
74642
74603
74533
74515
74515
74507
74503
74502
74495
74485
74466
74425
74405
74385
74372
74371
74327
74326
74325
74320
74303
74287
74266
74222
74201
74182
74174
74171
74145
74139
74121
74108
74096
74087
74076
74073
74060
74057
74055
74049
74046
74042
73984
73970
73876
73853
73849
73788
73786
73777
73735
73730
73716
73686
73657
73635
73627
73586
73585
73564
73543
73501
73476
73427
73400
73370
73357
73330
73269
73261
73252
73239
73219
73216
73196
73181
73180
73169
73166
73153
73143
73131
73101
73095
73078
73069
72998
72997
72986
72935
72870
72866
72832
72814
72807
72803
72791
72784
72776
72771
72735
72704
72693
72673
72670
72668
72644
72636
72626
72579
72569
72567
72536
72498
72496
72484
72471
72469
72450
72438
72433
72418
72375
72369
72369
72320
72290
72280
72212
72205
72174
72174
72147
72126
72098
72087
72076
72075
72075
72056
72048
72015
72008
71990
71969
71962
71958
71895
71879
71872
71857
71838
71836
71775
71753
71750
71743
71734
71616
71605
71585
71580
71568
71555
71550
71527
71521
71473
71453
71394
71347
71320
71317
71297
71279
71275
71243
71228
71187
71183
71154
71135
71117
71109
71096
71057
71048
71039
71007
70987
70955
70938
70913
70853
70841
70813
70809
70772
70757
70756
70746
70737
70736
70688
70668
70640
70628
70615
70577
70546
70542
70542
70522
70488
70477
70464
70446
70425
70420
70370
70277
70208
70162
70143
70140
70128
70090
70087
70081
70072
70069
70034
70032
70025
69957
69957
69949
69941
69913
69897
69896
69882
69878
69866
69830
69817
69782
69763
69762
69736
69728
69675
69639
69623
69575
69568
69564
69564
69554
69512
69475
69470
69460
69447
69444
69420
69413
69390
69384
69378
69378
69357
69345
69309
69295
69261
69255
69242
69180
69176
69110
69084
69083
69054
68977
68959
68953
68811
68808
68786
68768
68765
68748
68742
68730
68672
68663
68658
68639
68638
68637
68632
68605
68573
68563
68548
68538
68501
68475
68457
68440
68369
68343
68333
68325
68272
68236
68230
68204
68163
68154
68150
68149
68143
68141
68125
68120
68109
68091
68044
68037
68023
67992
67972
67962
67928
67916
67915
67889
67846
67827
67815
67807
67795
67789
67756
67712
67712
67708
67643
67628
67626
67623
67606
67605
67542
67516
67506
67475
67467
67466
67460
67459
67455
67448
67444
67439
67404
67398
67391
67389
67359
67351
67302
67273
67245
67239
67160
67136
67136
67134
67133
67118
67097
67070
67057
67028
67023
66956
66945
66872
66864
66840
66833
66808
66801
66787
66761
66739
66736
66733
66711
66664
66642
66616
66586
66538
66513
66510
66466
66435
66399
66394
66312
66290
66285
66277
66268
66251
66233
66207
66205
66200
66198
66166
66163
66160
66116
66115
66114
66099
66097
66092
66084
66043
65905
65880
65869
65865
65861
65861
65834
65822
65822
65817
65802
65768
65762
65750
65739
65704
65680
65679
65630
65624
65624
65580
65575
65574
65559
65553
65525
65508
65498
65495
65442
65431
65418
65412
65406
65380
65375
65375
65373
65359
65352
65343
65303
65294
65272
65256
65240
65212
65156
65152
65114
65093
65090
65080
65065
65053
65011
65005
64968
64966
64953
64946
64944
64941
64938
64936
64932
64930
64904
64896
64894
64888
64865
64865
64856
64814
64764
64749
64746
64742
64737
64728
64710
64691
64685
64680
64666
64661
64641
64630
64613
64612
64604
64590
64563
64550
64491
64490
64487
64414
64413
64389
64368
64347
64332
64301
64290
64223
64207
64189
64180
64112
64106
64072
64070
64063
63969
63811
63809
63786
63785
63766
63766
63744
63737
63717
63701
63675
63658
63615
63598
63554
63534
63527
63510
63505
63486
63481
63476
63440
63421
63413
63389
63352
63330
63327
63312
63304
63277
63248
63243
63138
63130
63097
63046
63040
63021
62982
62976
62937
62934
62863
62861
62860
62856
62855
62829
62824
62822
62817
62736
62733
62719
62686
62679
62670
62663
62661
62642
62639
62637
62631
62626
62608
62599
62595
62568
62545
62544
62535
62532
62530
62490
62460
62431
62407
62329
62317
62307
62276
62265
62246
62207
62191
62187
62185
62184
62183
62169
62162
62160
62156
62149
62141
62135
62107
62088
62064
62063
62049
62048
62035
62028
61994
61958
61945
61932
61909
61886
61802
61739
61733
61726
61721
61666
61654
61539
61536
61535
61535
61524
61482
61454
61444
61439
61431
61427
61424
61419
61413
61409
61407
61405
61381
61375
61372
61361
61335
61327
61318
61314
61306
61297
61278
61277
61225
61212
61154
61142
61139
61133
61104
61059
61030
61014
60993
60944
60939
60876
60843
60839
60823
60765
60754
60746
60665
60664
60649
60605
60552
60549
60511
60493
60486
60464
60463
60447
60432
60432
60418
60400
60400
60388
60387
60376
60372
60326
60297
60290
60277
60274
60257
60205
60205
60181
60155
60129
60107
60053
60053
59975
59956
59919
59916
59894
59858
59833
59827
59821
59820
59803
59779
59774
59750
59735
59692
59666
59639
59638
59597
59562
59546
59543
59529
59465
59432
59431
59371
59344
59332
59319
59300
59276
59270
59260
59128
59124
59097
59084
59076
59072
59047
59040
59021
59020
59012
58997
58984
58981
58978
58965
58956
58928
58876
58869
58866
58845
58830
58829
58813
58798
58758
58751
58706
58683
58678
58673
58665
58664
58659
58622
58591
58567
58561
58551
58547
58523
58506
58501
58500
58487
58475
58466
58445
58414
58374
58370
58369
58367
58346
58342
58320
58302
58276
58273
58228
58193
58103
58088
58066
58055
58034
57980
57969
57958
57899
57859
57851
57811
57785
57767
57744
57743
57729
57708
57624
57608
57589
57582
57545
57521
57515
57513
57506
57504
57472
57471
57465
57455
57430
57333
57327
57325
57312
57310
57283
57282
57264
57220
57209
57199
57197
57191
57168
57132
57089
57010
57008
56976
56973
56928
56908
56901
56900
56888
56878
56858
56858
56857
56843
56842
56836
56830
56826
56777
56761
56760
56730
56665
56662
56646
56597
56572
56532
56527
56525
56522
56504
56499
56478
56438
56422
56384
56376
56323
56285
56269
56267
56233
56232
56229
56185
56148
56133
56096
56037
56034
56021
55966
55963
55949
55884
55860
55837
55799
55776
55741
55736
55685
55622
55546
55523
55519
55509
55468
55372
55364
55353
55350
55327
55307
55300
55288
55272
55271
55261
55214
55195
55135
55123
55114
55091
55083
55082
55067
55063
55051
55043
55032
55000
54989
54962
54960
54942
54920
54884
54881
54800
54795
54785
54773
54773
54738
54715
54696
54688
54676
54659
54653
54644
54579
54574
54494
54475
54468
54452
54435
54395
54395
54383
54329
54326
54320
54306
54303
54277
54247
54243
54214
54188
54161
54138
54122
54117
54110
54107
54097
54085
54050
54034
53980
53957
53929
53923
53916
53869
53867
53865
53860
53857
53823
53811
53805
53739
53723
53707
53684
53650
53634
53628
53620
53610
53608
53607
53601
53596
53595
53575
53530
53502
53475
53458
53448
53443
53438
53421
53408
53391
53366
53353
53350
53282
53239
53231
53219
53210
53206
53198
53190
53186
53167
53150
53119
53082
53018
53015
53002
52995
52972
52903
52861
52846
52821
52817
52791
52758
52755
52746
52741
52735
52711
52693
52662
52640
52624
52530
52512
52482
52476
52466
52434
52422
52321
52320
52318
52298
52295
52288
52261
52225
52195
52194
52187
52126
52102
52101
52074
52071
52043
52039
52017
52006
51977
51930
51900
51889
51889
51879
51853
51847
51844
51836
51833
51790
51790
51788
51763
51743
51734
51629
51576
51543
51527
51524
51512
51495
51426
51394
51384
51369
51363
51335
51290
51282
51272
51264
51257
51224
51175
51144
51129
51108
51080
51053
51039
51035
51033
51027
51017
50999
50991
50990
50984
50983
50982
50979
50953
50904
50899
50837
50815
50803
50795
50781
50766
50672
50654
50619
50616
50606
50605
50549
50542
50541
50522
50515
50495
50484
50378
50341
50310
50300
50273
50261
50258
50254
50215
50208
50207
50177
50147
50124
50106
50082
50042
50036
49995
49995
49979
49976
49959
49903
49898
49871
49864
49858
49854
49854
49843
49816
49802
49795
49766
49762
49759
49635
49613
49607
49588
49513
49497
49481
49469
49451
49385
49283
49278
49266
49235
49227
49196
49182
49181
49145
49145
49133
49129
49121
49101
49078
49054
49048
49003
48989
48964
48960
48935
48901
48897
48821
48821
48816
48810
48720
48717
48700
48697
48691
48673
48648
48618
48600
48593
48590
48584
48572
48523
48519
48512
48492
48488
48478
48476
48456
48447
48430
48411
48405
48390
48375
48347
48340
48337
48297
48283
48260
48241
48223
48215
48203
48200
48189
48131
48130
48092
48075
48073
48069
48064
47984
47972
47961
47915
47911
47859
47859
47792
47792
47777
47737
47724
47708
47705
47686
47684
47671
47659
47622
47602
47597
47596
47592
47586
47579
47555
47542
47504
47471
47455
47436
47430
47422
47421
47379
47363
47331
47314
47263
47252
47248
47224
47205
47195
47142
47107
47090
47076
47065
47030
47017
46956
46931
46927
46915
46895
46875
46874
46864
46839
46769
46715
46695
46694
46673
46664
46647
46592
46592
46590
46589
46556
46550
46548
46512
46480
46445
46443
46424
46419
46417
46379
46371
46364
46360
46345
46341
46300
46248
46208
46146
46145
46142
46135
46077
46077
46054
46050
46034
46016
45890
45873
45851
45845
45818
45775
45774
45695
45682
45676
45633
45613
45597
45561
45447
45396
45395
45393
45381
45356
45320
45311
45308
45294
45267
45237
45185
45184
45147
45135
45124
45111
45059
45046
45030
44963
44949
44948
44921
44905
44905
44905
44901
44900
44880
44838
44821
44819
44813
44784
44781
44776
44774
44735
44649
44562
44540
44526
44515
44454
44436
44395
44391
44391
44372
44358
44336
44245
44218
44182
44178
44175
44172
44165
44147
44094
44042
44016
44012
43966
43927
43926
43895
43892
43882
43869
43857
43856
43851
43831
43785
43778
43730
43728
43690
43683
43627
43587
43575
43551
43549
43526
43505
43484
43465
43464
43438
43414
43412
43400
43386
43382
43367
43347
43340
43327
43306
43298
43252
43218
43180
43144
43121
43096
43079
43033
43017
42987
42981
42916
42912
42908
42901
42901
42877
42823
42806
42800
42750
42743
42729
42721
42697
42693
42638
42638
42624
42531
42525
42515
42472
42450
42444
42439
42426
42425
42337
42323
42300
42252
42237
42179
42164
42162
42068
42044
42043
42043
42035
42033
41960
41945
41942
41880
41858
41816
41764
41760
41750
41747
41725
41716
41715
41713
41712
41698
41689
41681
41667
41666
41624
41613
41596
41566
41510
41465
41464
41457
41426
41393
41354
41343
41324
41312
41279
41270
41258
41241
41219
41154
41150
41137
41095
41091
41088
41080
41049
41040
41007
40998
40997
40961
40942
40919
40918
40903
40889
40869
40856
40827
40821
40794
40791
40769
40763
40758
40740
40729
40719
40665
40656
40641
40614
40577
40571
40566
40517
40495
40470
40422
40406
40386
40381
40364
40340
40337
40327
40324
40304
40240
40202
40190
40178
40148
40121
40114
40088
40047
40030
40015
39997
39945
39940
39934
39914
39914
39898
39897
39871
39844
39813
39799
39787
39784
39783
39781
39776
39767
39710
39700
39690
39679
39671
39652
39650
39620
39614
39610
39553
39527
39526
39520
39501
39489
39486
39483
39440
39439
39435
39402
39392
39392
39374
39371
39355
39305
39301
39269
39207
39200
39198
39169
39154
39149
39123
39113
39097
39087
39070
39045
38950
38941
38939
38927
38892
38891
38852
38831
38748
38738
38710
38652
38618
38608
38584
38572
38509
38508
38476
38475
38469
38467
38462
38400
38316
38308
38307
38288
38277
38268
38259
38240
38239
38219
38179
38178
38159
38159
38125
38124
38103
38089
38003
37944
37929
37925
37920
37864
37861
37861
37839
37827
37790
37787
37772
37750
37736
37705
37701
37617
37583
37528
37518
37489
37475
37465
37461
37456
37435
37420
37415
37411
37405
37404
37389
37319
37280
37245
37234
37221
37190
37190
37170
37123
37105
37104
37083
37081
37080
37033
37014
37009
36997
36974
36958
36948
36945
36944
36911
36888
36874
36865
36851
36844
36805
36801
36758
36743
36739
36731
36698
36688
36677
36594
36587
36507
36502
36498
36409
36398
36392
36390
36331
36325
36315
36306
36297
36274
36262
36240
36218
36212
36136
36122
36106
36101
36028
36021
36016
35990
35985
35974
35967
35961
35941
35918
35861
35812
35811
35791
35788
35787
35787
35783
35775
35774
35770
35761
35701
35698
35675
35649
35648
35604
35571
35547
35537
35524
35513
35511
35508
35484
35470
35456
35414
35411
35324
35319
35311
35294
35273
35249
35209
35204
35181
35145
35138
35086
35078
35059
35015
34994
34950
34882
34878
34874
34868
34822
34810
34807
34751
34736
34690
34683
34679
34636
34631
34619
34591
34551
34541
34539
34536
34487
34454
34443
34421
34382
34363
34354
34337
34335
34304
34269
34269
34260
34249
34223
34205
34192
34157
34141
34140
34137
34059
34051
34040
34015
33990
33987
33968
33907
33903
33896
33876
33858
33844
33830
33798
33785
33729
33723
33708
33697
33654
33646
33584
33584
33548
33532
33512
33501
33460
33409
33405
33386
33366
33360
33345
33342
33320
33308
33262
33253
33220
33130
33103
33103
33092
33075
33066
33046
33015
32984
32973
32965
32927
32919
32900
32896
32890
32889
32868
32868
32842
32816
32808
32795
32791
32781
32779
32739
32719
32698
32694
32677
32629
32625
32575
32570
32565
32562
32562
32536
32474
32470
32440
32425
32404
32387
32283
32261
32253
32234
32226
32225
32223
32205
32175
32154
32118
32115
32088
32075
32047
32039
31990
31932
31922
31914
31896
31888
31866
31851
31843
31825
31823
31799
31745
31667
31661
31634
31542
31534
31531
31526
31516
31513
31473
31472
31435
31382
31368
31366
31323
31298
31247
31216
31204
31154
31083
31053
31025
31006
30995
30985
30952
30944
30934
30879
30861
30828
30798
30797
30772
30742
30721
30720
30710
30698
30664
30662
30643
30619
30602
30591
30587
30566
30557
30557
30555
30543
30540
30511
30497
30442
30369
30364
30362
30362
30306
30283
30256
30243
30201
30181
30139
30123
29997
29987
29971
29962
29958
29940
29931
29909
29879
29850
29797
29794
29781
29754
29751
29750
29738
29735
29693
29681
29624
29617
29598
29587
29583
29558
29510
29494
29483
29476
29394
29383
29344
29329
29328
29322
29300
29252
29247
29238
29235
29211
29201
29177
29139
29134
29109
29099
29062
29048
29047
29035
29032
28977
28958
28911
28908
28904
28887
28866
28850
28839
28834
28825
28824
28819
28815
28807
28794
28775
28751
28712
28656
28653
28639
28615
28607
28581
28577
28561
28555
28548
28536
28535
28532
28526
28447
28432
28426
28420
28397
28394
28345
28321
28307
28287
28283
28279
28248
28230
28216
28213
28187
28140
28124
28121
28098
28084
28070
28065
28031
27954
27951
27947
27916
27896
27890
27879
27852
27847
27784
27780
27776
27757
27739
27737
27690
27606
27598
27594
27588
27545
27490
27481
27480
27476
27471
27460
27447
27412
27355
27343
27317
27317
27292
27274
27250
27243
27236
27228
27215
27210
27203
27201
27175
27134
27126
27119
27086
27040
27025
27020
27018
27006
26976
26948
26942
26940
26933
26931
26927
26909
26907
26904
26899
26879
26858
26858
26852
26805
26786
26776
26756
26749
26748
26736
26720
26715
26701
26696
26684
26662
26643
26626
26624
26624
26622
26622
26609
26606
26600
26587
26581
26551
26525
26520
26487
26469
26402
26378
26368
26360
26353
26338
26336
26332
26306
26294
26237
26230
26223
26204
26191
26189
26144
26142
26119
26108
26102
26041
26041
26031
26023
26014
25951
25933
25926
25922
25860
25860
25831
25829
25805
25785
25760
25741
25723
25714
25676
25652
25604
25529
25515
25478
25461
25452
25446
25435
25360
25353
25347
25322
25317
25313
25308
25278
25236
25201
25196
25189
25181
25178
25155
25148
25139
25132
25130
25124
25025
24985
24984
24956
24954
24917
24892
24882
24876
24868
24867
24852
24846
24813
24803
24796
24731
24682
24660
24647
24602
24598
24577
24563
24519
24509
24498
24481
24431
24429
24412
24404
24380
24378
24371
24351
24351
24318
24286
24250
24244
24216
24167
24118
24115
24094
24023
24008
24007
23977
23973
23944
23930
23831
23814
23810
23787
23755
23735
23734
23707
23689
23665
23645
23641
23597
23571
23555
23524
23474
23444
23443
23439
23431
23401
23386
23340
23337
23335
23317
23314
23308
23289
23288
23199
23160
23142
23141
23136
23107
23089
23089
23087
23029
22990
22984
22983
22962
22937
22929
22905
22891
22888
22830
22821
22746
22703
22700
22695
22690
22685
22682
22672
22624
22605
22593
22590
22589
22511
22482
22481
22472
22467
22453
22450
22412
22364
22346
22332
22324
22324
22306
22305
22279
22275
22234
22223
22141
22130
22114
22089
22054
22040
22039
22010
21998
21974
21970
21969
21939
21850
21838
21805
21786
21773
21769
21766
21755
21683
21682
21674
21633
21599
21598
21555
21541
21534
21501
21500
21491
21310
21300
21279
21255
21225
21185
21177
21170
21162
21142
21110
21100
21083
21076
21073
21048
21022
21017
20998
20942
20941
20926
20886
20881
20863
20860
20809
20806
20802
20754
20753
20745
20726
20659
20604
20585
20580
20566
20559
20536
20512
20505
20491
20466
20457
20445
20429
20417
20410
20398
20397
20381
20353
20347
20321
20306
20305
20304
20303
20246
20234
20226
20223
20166
20163
20147
20134
20126
20071
20067
20054
20043
19994
19992
19984
19975
19960
19941
19899
19875
19872
19814
19795
19768
19761
19726
19723
19702
19702
19700
19698
19666
19638
19609
19573
19568
19539
19537
19514
19484
19482
19472
19423
19395
19342
19337
19332
19310
19237
19234
19224
19220
19181
19177
19152
19152
19131
19093
19041
18992
18988
18960
18925
18917
18911
18902
18875
18865
18845
18845
18843
18832
18794
18745
18737
18735
18697
18697
18681
18654
18620
18610
18609
18607
18521
18507
18491
18488
18482
18481
18480
18437
18418
18400
18388
18387
18385
18380
18380
18354
18344
18334
18286
18225
18216
18202
18198
18150
18142
18120
18120
18102
18096
18093
18083
18063
18046
18017
17997
17991
17981
17967
17963
17956
17949
17945
17941
17925
17916
17910
17901
17846
17834
17820
17799
17776
17744
17732
17729
17716
17700
17693
17670
17657
17654
17652
17650
17643
17635
17589
17586
17583
17552
17544
17486
17478
17452
17442
17410
17401
17384
17373
17352
17345
17286
17270
17202
17197
17136
17126
17120
17119
17100
17088
17073
17066
17030
17024
17023
16995
16992
16976
16947
16943
16868
16849
16725
16708
16706
16662
16619
16594
16520
16518
16454
16450
16425
16420
16371
16350
16344
16325
16323
16317
16268
16259
16225
16187
16163
16161
16154
16154
16143
16122
16122
16083
16079
16077
16071
16069
16068
16016
16009
15993
15971
15969
15931
15905
15895
15850
15843
15826
15802
15793
15770
15750
15695
15678
15640
15626
15618
15604
15598
15591
15588
15583
15561
15553
15527
15520
15481
15466
15462
15435
15410
15378
15373
15308
15291
15282
15264
15244
15237
15219
15208
15172
15117
15109
15078
15051
15033
15029
15023
15019
15019
15017
15008
14974
14958
14921
14892
14854
14823
14815
14805
14770
14729
14716
14702
14683
14679
14651
14637
14628
14605
14603
14578
14570
14556
14540
14523
14504
14398
14398
14384
14383
14367
14356
14338
14284
14224
14216
14211
14190
14187
14079
14075
14068
14057
14036
14029
13986
13973
13964
13955
13937
13900
13877
13847
13846
13843
13798
13785
13784
13750
13737
13721
13715
13676
13614
13592
13586
13583
13573
13572
13565
13538
13526
13491
13470
13422
13410
13396
13372
13318
13309
13300
13295
13285
13262
13249
13226
13212
13203
13190
13187
13185
13166
13160
13147
13132
13111
13091
13071
13059
13034
13033
13025
13012
13011
12989
12975
12969
12964
12952
12942
12937
12904
12901
12899
12890
12877
12868
12865
12857
12836
12816
12803
12787
12785
12761
12752
12737
12689
12665
12657
12622
12593
12580
12572
12569
12548
12518
12496
12457
12433
12426
12380
12380
12261
12250
12233
12227
12131
12107
12083
12075
12071
12061
12059
12052
12041
12017
12004
11993
11972
11950
11936
11921
11908
11874
11869
11819
11801
11748
11742
11698
11679
11621
11614
11607
11583
11549
11548
11545
11510
11503
11489
11480
11458
11440
11438
11435
11426
11414
11394
11369
11332
11331
11326
11321
11310
11273
11247
11247
11200
11159
11136
11133
11128
11127
11123
11070
11068
11063
11032
11018
10976
10960
10881
10866
10829
10797
10792
10777
10770
10769
10761
10758
10748
10747
10736
10715
10688
10642
10635
10622
10581
10549
10542
10468
10467
10416
10391
10382
10378
10320
10285
10280
10272
10188
10138
10112
10093
10073
10061
10042
10038
10006
9953
9944
9936
9936
9933
9931
9930
9913
9897
9885
9865
9865
9848
9841
9813
9809
9803
9779
9771
9743
9729
9720
9709
9695
9688
9673
9637
9631
9616
9568
9545
9529
9523
9502
9482
9430
9426
9391
9387
9376
9351
9346
9342
9315
9310
9304
9294
9228
9156
9117
9067
9065
9033
9014
8987
8949
8905
8877
8872
8855
8852
8807
8806
8805
8781
8759
8747
8703
8677
8668
8666
8628
8616
8616
8616
8599
8585
8573
8547
8533
8533
8517
8501
8498
8452
8427
8403
8399
8382
8382
8367
8354
8339
8328
8294
8279
8272
8271
8267
8249
8216
8214
8208
8197
8153
8132
8109
8105
8103
8096
8065
8056
8044
8043
8017
7937
7911
7904
7881
7874
7858
7851
7840
7820
7819
7815
7804
7761
7758
7724
7715
7709
7696
7670
7655
7654
7635
7609
7604
7588
7571
7558
7510
7503
7500
7480
7477
7477
7393
7336
7286
7270
7218
7204
7176
7121
7117
7113
7112
7062
7032
7029
7017
7014
7005
6992
6976
6952
6911
6839
6833
6813
6758
6728
6698
6595
6553
6551
6529
6507
6499
6499
6478
6472
6466
6451
6416
6409
6406
6392
6382
6357
6324
6319
6299
6269
6253
6191
6189
6124
6121
6106
6102
6093
6068
6051
6023
6001
5985
5982
5979
5942
5871
5869
5859
5823
5809
5800
5795
5792
5762
5756
5717
5709
5701
5690
5685
5677
5670
5660
5658
5647
5626
5617
5581
5577
5568
5554
5532
5443
5415
5400
5390
5360
5360
5343
5321
5314
5286
5272
5257
5244
5206
5157
5155
5099
5092
5086
5063
5040
5022
5007
4987
4980
4972
4969
4960
4914
4912
4901
4899
4873
4854
4827
4818
4810
4770
4734
4692
4687
4658
4655
4642
4626
4599
4590
4472
4466
4430
4429
4426
4416
4400
4375
4372
4344
4318
4313
4234
4209
4198
4186
4078
4061
4023
3990
3942
3938
3917
3909
3890
3879
3856
3851
3831
3802
3799
3781
3771
3729
3724
3722
3715
3707
3686
3639
3548
3546
3531
3455
3421
3381
3379
3353
3320
3312
3298
3284
3284
3235
3203
3136
3135
3134
3126
3095
3045
3043
3025
2960
2941
2862
2844
2829
2817
2817
2796
2791
2769
2768
2762
2759
2750
2732
2732
2723
2721
2709
2683
2666
2655
2625
2600
2560
2559
2505
2501
2487
2486
2474
2465
2461
2414
2381
2378
2368
2318
2305
2294
2249
2151
2144
2128
2093
2080
2074
2062
2049
2048
2034
1981
1971
1968
1966
1941
1899
1889
1872
1808
1731
1716
1678
1656
1655
1621
1613
1572
1539
1501
1495
1483
1456
1448
1433
1411
1401
1392
1391
1383
1312
1291
1285
1281
1262
1248
1236
1233
1211
1194
1157
1157
1157
1139
1058
1033
1021
1013
966
962
940
924
884
875
870
869
863
825
817
807
802
741
738
720
718
713
710
656
646
645
639
627
601
577
547
520
485
418
415
413
398
398
387
376
340
331
297
293
291
248
239
213
196
171
167
161
82
74
68
57
56
55
48
47
35
27
20
