99974
99968
99963
99950
99926
99915
99914
99895
99873
99853
99764
99743
99743
99715
99687
99651
99590
99567
99558
99558
99552
99497
99484
99468
99459
99448
99376
99346
99326
99316
99294
99228
99210
99178
99172
99148
99132
99131
99127
99116
99104
99067
99032
99010
98989
98988
98985
98957
98928
98908
98888
98874
98866
98865
98827
98801
98785
98773
98748
98695
98681
98663
98658
98658
98639
98572
98452
98434
98432
98414
98312
98304
98290
98289
98267
98253
98247
98247
98220
98206
98168
98123
98050
98041
98026
98009
97943
97934
97891
97875
97841
97824
97818
97757
97753
97743
97700
97700
97590
97587
97555
97551
97500
97496
97462
97452
97449
97384
97353
97340
97331
97306
97301
97300
97281
97279
97247
97214
97196
97190
97186
97170
97150
97080
97071
97058
97055
97030
96992
96961
96938
96912
96897
96847
96847
96745
96731
96701
96687
96674
96659
96577
96570
96555
96528
96515
96413
96408
96366
96308
96286
96264
96218
96213
96158
96154
96150
96144
96143
96128
96106
96100
96098
96086
96082
96027
95999
95998
95997
95995
95978
95937
95933
95911
95894
95884
95856
95855
95840
95837
95837
95815
95805
95772
95759
95732
95716
95696
95675
95655
95653
95647
95633
95582
95546
95542
95533
95390
95379
95362
95337
95301
95269
95239
95210
95199
95164
95164
95085
95034
95010
95004
94989
94964
94954
94953
94947
94935
94916
94913
94875
94850
94842
94791
94692
94681
94680
94650
94643
94602
94584
94530
94528
94526
94504
94413
94324
94317
94303
94266
94178
94170
94167
94154
94135
94090
94086
94065
94037
94022
94012
93980
93960
93955
93933
93913
93902
93806
93802
93721
93673
93666
93655
93515
93511
93469
93463
93462
93449
93427
93414
93378
93352
93328
93326
93307
93252
93246
93150
93147
93135
93127
93116
93074
93041
93017
93001
92965
92944
92921
92880
92859
92801
92769
92749
92740
92733
92719
92696
92667
92635
92625
92545
92536
92522
92505
92483
92387
92300
92287
92263
92259
92218
92209
92189
92110
92094
92067
92065
92061
91981
91942
91939
91920
91893
91853
91834
91820
91809
91794
91775
91763
91722
91714
91703
91677
91650
91647
91629
91623
91592
91592
91590
91581
91528
91467
91462
91410
91406
91402
91391
91387
91353
91349
91347
91323
91278
91257
91253
91198
91162
91156
91155
91139
91136
91114
91083
91068
91062
91059
91056
90970
90941
90930
90927
90911
90875
90855
90826
90763
90740
90734
90719
90707
90697
90672
90649
90626
90604
90556
90530
90432
90430
90407
90390
90305
90270
90258
90190
90154
90127
90125
90112
90058
90048
89972
89944
89904
89902
89844
89841
89819
89766
89737
89731
89726
89725
89708
89644
89619
89498
89496
89468
89423
89403
89402
89382
89360
89331
89320
89299
89286
89247
89198
89129
89119
89066
89062
89044
89036
89005
88912
88906
88896
88864
88838
88834
88826
88780
88753
88744
88741
88726
88726
88676
88649
88643
88615
88610
88586
88546
88538
88517
88431
88431
88378
88321
88308
88288
88271
88254
88253
88204
88186
88152
88115
88097
88085
88074
88074
88035
87941
87934
87914
87899
87869
87833
87796
87733
87726
87649
87636
87633
87623
87616
87607
87594
87536
87516
87486
87480
87477
87453
87453
87367
87353
87341
87317
87251
87240
87209
87203
87189
87173
87148
87043
87039
87020
87001
86997
86960
86865
86864
86849
86809
86754
86710
86695
86660
86656
86651
86643
86616
86565
86506
86505
86480
86441
86435
86425
86414
86404
86293
86260
86233
86227
86172
86171
86135
86127
86121
86106
86059
86000
85976
85935
85787
85775
85774
85763
85741
85728
85722
85714
85702
85701
85687
85669
85643
85611
85585
85565
85531
85483
85437
85339
85319
85306
85236
85219
85208
85196
85085
85067
85060
84998
84962
84950
84944
84929
84922
84864
84860
84820
84804
84778
84773
84735
84661
84626
84564
84539
84530
84509
84403
84375
84371
84356
84341
84336
84309
84269
84213
84157
84155
84098
84066
83993
83937
83906
83898
83873
83864
83854
83804
83768
83752
83747
83682
83668
83651
83622
83620
83617
83616
83613
83587
83574
83508
83483
83433
83415
83368
83368
83349
83322
83320
83312
83311
83306
83303
83295
83255
83216
83189
83098
83085
83061
83030
83027
82984
82954
82951
82924
82879
82863
82828
82825
82823
82802
82733
82677
82671
82668
82638
82609
82551
82463
82434
82434
82357
82346
82316
82294
82280
82266
82240
82140
82129
82119
82091
82075
82071
82047
82025
82022
82000
81969
81962
81890
81884
81882
81837
81804
81754
81717
81687
81686
81665
81657
81642
81617
81605
81578
81550
81543
81481
81473
81464
81431
81402
81334
81277
81226
81208
81154
81148
81121
81093
81080
81077
81026
81024
80992
80964
80954
80925
80909
80893
80875
80856
80850
80834
80834
80832
80790
80747
80692
80617
80595
80591
80584
80531
80513
80494
80464
80370
80352
80339
80298
80242
80221
80214
80179
80166
80126
80109
80074
80027
79973
79952
79937
79928
79912
79909
79784
79782
79763
79750
79741
79662
79651
79641
79620
79595
79555
79471
79458
79377
79355
79355
79346
79336
79237
79212
79185
79175
79171
79145
79129
79121
79117
79091
79089
79019
79007
78988
78987
78984
78975
78950
78892
78885
78884
78882
78880
78865
78843
78779
78750
78742
78726
78702
78657
78636
78619
78608
78554
78463
78418
78383
78344
78340
78281
78265
78247
78234
78204
78197
78183
78148
78133
78107
78038
78001
77997
77995
77937
77935
77934
77917
77866
77830
77819
77810
77769
77765
77737
77721
77709
77701
77668
77658
77641
77589
77556
77500
77490
77487
77472
77423
77412
77410
77355
77341
77331
77304
77303
77297
77288
77263
77230
77220
77192
77152
77126
77114
77110
77102
77101
77094
77066
77036
77029
77010
76998
76932
76922
76916
76916
76868
76804
76784
76716
76701
76699
76697
76633
76618
76598
76580
76517
76462
76425
76424
76415
76407
76399
76358
76301
76280
76260
76250
76248
76226
76201
76177
76175
76160
76148
76121
76116
76108
76039
75974
75971
75877
75873
75862
75843
75835
75817
75811
75808
75776
75769
75725
75719
75705
75673
75664
75646
75619
75609
75595
75544
75494
75376
75363
75342
75341
75330
75321
75275
75192
75187
75178
75156
75106
75104
75099
75065
75055
75039
75020
75004
74999
74992
74990
74946
74924
74908
74892
74878
74863
74825
74810
74677
74634
74536
74532
74499
74448
74445
74444
74432
74428
74401
74336
74335
74333
74253
74228
74202
74195
74185
74174
74146
74125
74109
74106
74004
73985
73975
73927
73922
73901
73895
73880
73876
73834
73826
73808
73799
73792
73789
73779
73747
73743
73727
73651
73603
73589
73568
73497
73497
73434
73428
73420
73415
73387
73383
73379
73295
73272
73256
73164
73159
73149
73078
73051
73031
73025
73015
72989
72972
72971
72952
72924
72908
72874
72868
72858
72855
72845
72829
72802
72801
72755
72746
72692
72680
72671
72670
72658
72656
72638
72624
72623
72615
72603
72554
72549
72496
72489
72478
72477
72464
72446
72431
72394
72388
72360
72351
72333
72322
72316
72315
72303
72302
72289
72230
72213
72195
72130
72125
72078
72070
72049
72040
72035
72023
72020
72019
71987
71978
71917
71911
71903
71865
71837
71782
71732
71700
71643
71588
71543
71485
71472
71469
71429
71394
71375
71371
71324
71301
71276
71271
71262
71223
71198
71046
71046
71031
71021
70985
70911
70909
70885
70807
70795
70777
70707
70699
70675
70653
70609
70606
70575
70504
70499
70463
70455
70396
70382
70370
70316
70302
70160
70156
70153
70147
70127
70123
70108
70091
70087
70072
70039
70019
70003
69971
69967
69913
69900
69823
69821
69809
69758
69727
69708
69708
69642
69626
69592
69567
69524
69508
69508
69430
69418
69381
69372
69338
69334
69312
69251
69146
69146
69136
69134
69103
69065
69050
69044
69026
69009
68987
68970
68939
68787
68776
68730
68709
68659
68643
68629
68627
68618
68617
68555
68497
68456
68442
68343
68333
68332
68313
68305
68301
68294
68266
68242
68228
68220
68214
68196
68196
68195
68154
68146
68145
68093
68068
68024
67992
67981
67979
67977
67913
67912
67865
67863
67815
67807
67793
67763
67731
67726
67715
67665
67656
67618
67576
67564
67480
67466
67460
67382
67274
67270
67270
67247
67225
67216
67207
67190
67165
67163
67160
67126
67116
67107
67107
67073
67032
67027
66985
66985
66953
66916
66907
66901
66898
66895
66841
66827
66804
66756
66746
66735
66716
66678
66663
66647
66619
66611
66526
66482
66471
66411
66362
66284
66264
66263
66194
66169
66124
66089
66085
66072
66063
66061
66027
66015
66003
65999
65989
65975
65961
65938
65899
65846
65835
65814
65793
65789
65759
65742
65726
65715
65680
65671
65661
65640
65594
65589
65579
65571
65565
65557
65551
65547
65546
65542
65539
65494
65469
65388
65379
65349
65348
65252
65238
65224
65205
65193
65191
65183
65179
65160
65129
65081
65033
65011
64971
64946
64910
64896
64854
64837
64823
64770
64726
64725
64714
64702
64663
64650
64630
64620
64602
64593
64593
64535
64512
64473
64454
64425
64423
64413
64377
64376
64375
64334
64310
64307
64295
64283
64165
64153
64137
64123
64122
64119
64094
63982
63979
63968
63946
63932
63932
63915
63913
63894
63837
63804
63782
63750
63699
63696
63660
63639
63584
63531
63489
63458
63430
63359
63306
63294
63294
63287
63282
63267
63267
63248
63243
63221
63216
63204
63202
63176
63127
63104
63097
63073
63039
62967
62932
62925
62924
62914
62905
62875
62856
62726
62689
62614
62568
62463
62460
62454
62442
62417
62355
62342
62338
62314
62308
62293
62285
62284
62232
62220
62181
62142
62141
62020
62002
61978
61970
61955
61947
61943
61843
61835
61831
61820
61818
61812
61790
61762
61737
61727
61606
61603
61582
61576
61535
61527
61507
61473
61447
61440
61425
61418
61399
61386
61380
61368
61350
61349
61325
61308
61263
61240
61228
61214
61134
61127
60931
60931
60928
60926
60915
60782
60780
60716
60669
60660
60658
60639
60638
60627
60617
60597
60492
60450
60426
60398
60363
60353
60299
60298
60245
60241
60199
60092
60073
60070
60043
59966
59966
59946
59909
59899
59890
59860
59833
59831
59821
59814
59783
59720
59710
59685
59675
59674
59616
59613
59606
59594
59594
59590
59576
59549
59542
59520
59500
59493
59420
59352
59317
59287
59279
59277
59254
59191
59190
59190
59174
59171
59162
59098
59097
59095
58987
58972
58945
58944
58925
58908
58843
58769
58736
58589
58561
58479
58452
58400
58396
58353
58351
58302
58250
58248
58213
58199
58187
58173
58138
58109
58097
58078
58073
58033
58003
57992
57986
57903
57870
57827
57804
57799
57788
57765
57714
57710
57702
57678
57609
57587
57529
57519
57449
57433
57402
57345
57306
57301
57300
57259
57244
57239
57229
57213
57207
57173
57145
57121
57111
57109
57088
57061
57053
57024
57018
57001
56962
56957
56950
56945
56937
56932
56921
56900
56874
56852
56849
56816
56813
56766
56743
56739
56723
56684
56673
56589
56567
56559
56545
56508
56508
56493
56470
56431
56430
56427
56425
56405
56398
56355
56306
56233
56199
56155
56112
56103
56084
56069
56064
56052
56040
56039
55969
55967
55964
55933
55929
55834
55775
55715
55675
55641
55628
55618
55589
55584
55521
55509
55498
55484
55451
55440
55427
55419
55399
55395
55354
55341
55324
55315
55309
55295
55268
55217
55199
55196
55176
55167
55116
55079
55021
55001
55000
54978
54962
54932
54916
54830
54807
54765
54727
54686
54637
54637
54620
54609
54589
54533
54529
54488
54464
54336
54308
54308
54220
54190
54157
54131
54126
54093
54073
54073
54058
54054
54041
54028
54024
54018
53975
53968
53955
53941
53910
53867
53867
53842
53826
53683
53671
53668
53667
53644
53633
53625
53585
53578
53567
53558
53473
53458
53433
53420
53402
53362
53320
53304
53253
53224
53213
53174
53161
53147
53127
53114
53105
53051
53036
52968
52955
52952
52947
52925
52881
52822
52794
52781
52767
52743
52716
52709
52573
52557
52554
52522
52499
52469
52453
52434
52427
52425
52422
52402
52310
52294
52271
52248
52240
52203
52191
52184
52108
52096
52094
52065
52028
51974
51961
51886
51883
51830
51827
51797
51784
51780
51749
51720
51707
51667
51663
51612
51604
51602
51485
51469
51440
51419
51389
51370
51353
51322
51318
51313
51295
51242
51200
51198
51186
51171
51134
51110
51090
51085
51082
51080
51066
51039
51003
51003
50966
50867
50838
50834
50750
50750
50703
50699
50682
50640
50637
50623
50590
50565
50557
50551
50535
50531
50524
50504
50472
50397
50381
50354
50350
50321
50312
50305
50296
50277
50265
50251
50234
50218
50210
50209
50145
50137
50128
50099
50085
50061
50032
50029
49945
49933
49887
49845
49836
49806
49800
49704
49701
49669
49640
49619
49604
49583
49580
49560
49556
49555
49536
49475
49419
49402
49377
49377
49298
49264
49246
49208
49167
49142
49138
49022
49001
49001
48988
48983
48965
48959
48956
48953
48889
48715
48702
48515
48490
48454
48432
48406
48361
48343
48318
48303
48291
48252
48219
48202
48171
48158
48126
48118
48100
48099
48092
48054
48051
48050
48042
48040
48038
48036
48021
47997
47988
47947
47921
47895
47894
47870
47868
47839
47813
47774
47689
47688
47620
47618
47568
47557
47535
47507
47506
47503
47484
47450
47425
47419
47374
47334
47319
47274
47270
47224
47193
47187
47184
47184
47170
47166
47147
47102
47081
47039
47027
46960
46953
46938
46925
46910
46902
46893
46835
46793
46734
46720
46703
46668
46648
46604
46597
46593
46582
46574
46567
46551
46512
46499
46480
46472
46443
46438
46393
46385
46347
46336
46294
46291
46265
46259
46247
46162
46143
46134
46098
46093
46065
46063
46053
46045
46040
46019
45977
45950
45902
45885
45869
45863
45860
45778
45701
45635
45553
45546
45539
45482
45457
45429
45413
45362
45340
45319
45311
45309
45252
45239
45236
45232
45209
45176
45155
45084
45054
45052
45044
45034
45032
44963
44940
44915
44864
44834
44820
44795
44786
44783
44761
44758
44750
44733
44706
44665
44657
44639
44636
44573
44566
44510
44500
44475
44468
44464
44421
44333
44318
44308
44275
44267
44265
44236
44231
44215
44193
44188
44153
44041
44030
43939
43903
43881
43856
43844
43824
43718
43666
43647
43615
43572
43545
43474
43451
43450
43436
43418
43355
43345
43337
43303
43285
43272
43258
43252
43244
43243
43226
43196
43175
43161
43119
43109
43104
43088
43075
43072
43058
43052
43052
43042
43039
43018
42998
42979
42976
42955
42934
42903
42872
42849
42792
42790
42745
42729
42702
42701
42682
42675
42624
42590
42501
42465
42461
42426
42400
42386
42384
42382
42360
42352
42349
42317
42279
42231
42034
41988
41964
41947
41938
41937
41887
41849
41848
41840
41771
41771
41768
41766
41717
41675
41625
41539
41502
41464
41436
41429
41400
41388
41376
41333
41326
41314
41305
41303
41290
41242
41127
41122
41099
41079
41046
40976
40976
40939
40929
40860
40853
40838
40817
40809
40787
40776
40754
40715
40692
40651
40605
40580
40576
40545
40540
40506
40483
40479
40466
40440
40407
40404
40403
40348
40279
40241
40173
40132
40125
40040
40019
39975
39975
39963
39960
39943
39914
39858
39789
39754
39731
39697
39673
39647
39632
39630
39604
39462
39456
39405
39395
39337
39332
39306
39294
39291
39226
39212
39170
39170
39162
39141
39103
39092
39072
39062
39046
39013
38993
38923
38917
38905
38894
38850
38836
38821
38714
38709
38682
38676
38598
38558
38503
38461
38449
38391
38354
38337
38304
38302
38282
38238
38216
38193
38187
38176
38127
38094
38066
38055
38032
38011
37982
37949
37941
37936
37926
37925
37924
37913
37895
37884
37860
37857
37768
37748
37714
37710
37674
37666
37615
37609
37600
37565
37559
37558
37547
37536
37532
37522
37517
37517
37516
37514
37367
37330
37308
37276
37262
37189
37170
37167
37160
37160
37115
37113
37089
37048
37045
37043
37008
36990
36974
36940
36927
36827
36814
36783
36752
36741
36683
36667
36600
36520
36509
36489
36432
36413
36413
36405
36346
36345
36341
36312
36210
36188
36134
36108
36094
36068
36060
35980
35945
35944
35941
35911
35888
35885
35885
35836
35803
35795
35793
35772
35755
35754
35742
35715
35712
35688
35628
35617
35599
35592
35525
35498
35472
35450
35443
35395
35390
35373
35372
35350
35334
35330
35320
35316
35307
35292
35276
35227
35221
35122
35122
35063
35057
35048
35007
34996
34994
34899
34880
34875
34855
34837
34807
34806
34789
34777
34760
34756
34755
34753
34701
34697
34602
34601
34581
34577
34573
34507
34492
34485
34470
34440
34439
34428
34403
34399
34398
34398
34387
34374
34365
34352
34323
34319
34303
34298
34295
34284
34278
34232
34197
34151
34111
34073
34061
34053
34045
34040
34029
34018
33973
33908
33823
33791
33733
33721
33669
33667
33616
33584
33579
33577
33540
33477
33470
33446
33428
33425
33362
33313
33292
33283
33260
33254
33182
33176
33168
33168
33165
33163
33133
33117
33113
33043
33031
32995
32983
32979
32952
32915
32863
32764
32693
32665
32634
32606
32594
32591
32508
32503
32457
32438
32430
32426
32413
32405
32398
32387
32368
32297
32281
32261
32248
32229
32175
32161
32129
32128
32113
32096
32079
32054
31913
31893
31888
31852
31755
31747
31724
31705
31697
31651
31633
31625
31623
31616
31567
31563
31554
31540
31539
31478
31442
31440
31437
31400
31349
31335
31332
31318
31305
31303
31281
31278
31262
31223
31155
31145
31144
31106
31100
31094
31088
31001
30997
30981
30981
30961
30957
30947
30918
30864
30855
30842
30840
30818
30811
30804
30764
30728
30702
30686
30676
30675
30672
30613
30608
30601
30593
30557
30541
30489
30454
30408
30393
30357
30348
30347
30319
30299
30221
30208
30197
30183
30166
30120
30080
30067
30055
30024
30015
30002
30001
29970
29872
29856
29854
29843
29816
29812
29764
29759
29727
29712
29691
29689
29639
29624
29618
29616
29602
29564
29545
29510
29466
29435
29333
29287
29286
29268
29223
29201
29175
29134
29131
29069
29049
29001
28983
28930
28925
28911
28897
28894
28883
28825
28816
28809
28747
28738
28716
28710
28704
28673
28673
28635
28624
28620
28618
28581
28561
28543
28530
28511
28508
28506
28407
28390
28388
28382
28379
28359
28338
28327
28315
28281
28257
28254
28247
28241
28239
28230
28212
28185
28178
28160
28150
28144
28138
28132
28113
28062
28039
28038
27989
27985
27949
27940
27937
27936
27908
27877
27876
27873
27846
27789
27764
27740
27687
27684
27680
27660
27654
27605
27536
27503
27499
27467
27455
27425
27414
27405
27380
27317
27299
27294
27289
27252
27250
27191
27169
27168
27156
27144
27046
27045
26989
26989
26944
26932
26916
26860
26819
26815
26799
26787
26772
26635
26581
26557
26540
26526
26512
26490
26467
26450
26435
26425
26391
26377
26334
26332
26328
26314
26297
26267
26263
26186
26178
26176
26115
26051
26045
25978
25947
25939
25914
25862
25820
25798
25739
25731
25722
25703
25657
25649
25598
25596
25547
25543
25518
25490
25464
25454
25398
25354
25328
25315
25314
25205
25185
25184
25171
25122
25093
25073
25041
25035
25002
24986
24920
24886
24881
24860
24832
24820
24722
24703
24703
24638
24624
24609
24597
24533
24532
24514
24511
24506
24481
24470
24427
24425
24424
24395
24392
24374
24370
24364
24337
24330
24326
24312
24289
24275
24216
24213
24212
24208
24169
24122
24066
24056
24047
24022
23947
23920
23919
23919
23893
23863
23784
23756
23739
23732
23714
23702
23680
23625
23562
23561
23530
23527
23486
23454
23443
23391
23380
23339
23338
23324
23306
23258
23254
23252
23247
23237
23177
23169
23154
23151
23099
23087
23035
22993
22991
22980
22975
22967
22938
22891
22886
22860
22844
22809
22787
22752
22741
22728
22700
22694
22665
22633
22629
22610
22610
22577
22576
22547
22538
22522
22503
22489
22440
22423
22409
22397
22388
22388
22371
22344
22343
22343
22284
22263
22256
22252
22244
22223
22193
22180
22106
22083
22062
22048
22045
22021
22007
21969
21918
21916
21852
21846
21845
21826
21812
21808
21771
21764
21736
21653
21624
21590
21589
21588
21546
21537
21531
21515
21502
21446
21413
21282
21243
21219
21210
21195
21172
21161
21145
21119
21115
21104
21054
21029
20945
20856
20847
20704
20655
20610
20603
20602
20576
20571
20560
20514
20485
20480
20466
20466
20444
20430
20417
20406
20374
20352
20349
20348
20344
20342
20313
20135
20108
20104
20103
20102
20083
20081
20042
20041
19986
19888
19855
19837
19836
19781
19781
19771
19726
19635
19616
19612
19576
19567
19536
19514
19478
19472
19460
19424
19405
19392
19384
19347
19339
19331
19283
19233
19213
19201
19193
19182
19179
19161
19155
19143
19143
19121
19112
19075
19033
18964
18961
18954
18922
18884
18870
18855
18844
18838
18808
18807
18802
18788
18769
18738
18708
18676
18619
18610
18584
18574
18434
18430
18411
18399
18398
18395
18392
18376
18321
18318
18316
18312
18281
18244
18240
18238
18212
18184
18131
18120
18116
18104
18084
18047
18002
17974
17950
17886
17839
17815
17800
17754
17744
17715
17711
17697
17689
17654
17644
17642
17595
17569
17536
17528
17503
17483
17480
17463
17448
17427
17426
17384
17379
17335
17334
17322
17307
17248
17230
17210
17188
17156
17152
17046
17031
16983
16958
16947
16926
16918
16827
16810
16806
16779
16765
16765
16738
16734
16728
16721
16707
16673
16643
16637
16596
16596
16548
16542
16526
16526
16521
16461
16433
16419
16389
16375
16373
16360
16326
16290
16247
16189
16181
16108
16103
16096
16095
16079
16074
16061
16031
16003
15998
15983
15960
15946
15940
15923
15889
15794
15792
15788
15787
15785
15763
15758
15727
15694
15681
15658
15631
15595
15487
15418
15417
15415
15406
15376
15352
15338
15333
15324
15321
15179
15164
15139
15108
15093
15079
15078
15037
15024
15017
15003
14979
14955
14945
14914
14906
14892
14883
14866
14857
14851
14842
14818
14794
14790
14784
14690
14667
14651
14648
14644
14640
14600
14581
14580
14566
14565
14561
14557
14540
14469
14463
14462
14363
14343
14294
14271
14269
14261
14166
14146
14128
14121
14105
14061
14002
13986
13974
13923
13906
13891
13876
13862
13722
13687
13672
13647
13647
13597
13593
13556
13523
13478
13475
13447
13409
13361
13322
13315
13289
13278
13199
13115
13092
13076
13072
13041
13033
13017
13014
12961
12939
12920
12882
12853
12829
12827
12809
12808
12798
12787
12765
12658
12656
12617
12554
12532
12518
12507
12480
12463
12435
12421
12414
12405
12336
12302
12245
12233
12227
12161
12157
12133
12075
12058
12051
12042
12006
11990
11975
11937
11878
11811
11805
11765
11753
11695
11611
11578
11545
11522
11516
11464
11399
11366
11345
11342
11336
11303
11275
11258
11233
11190
11155
11150
11135
11119
11097
11016
10924
10918
10909
10835
10805
10803
10793
10781
10759
10754
10754
10706
10706
10673
10653
10649
10648
10648
10632
10603
10536
10507
10471
10413
10384
10374
10294
10293
10292
10270
10268
10246
10228
10200
10181
10168
10168
10157
10125
10114
10074
10053
10004
9963
9958
9953
9923
9922
9902
9901
9890
9885
9871
9862
9831
9826
9820
9809
9805
9788
9760
9695
9596
9587
9539
9525
9497
9491
9489
9421
9396
9362
9277
9238
9190
9179
9130
9119
9111
9097
9073
9061
9057
9017
8958
8916
8896
8827
8797
8794
8749
8736
8720
8681
8621
8590
8562
8534
8523
8487
8452
8379
8366
8351
8336
8311
8264
8262
8170
8156
8138
8058
8054
8036
7995
7950
7936
7890
7887
7882
7881
7690
7683
7669
7590
7586
7577
7568
7545
7534
7527
7515
7487
7476
7475
7460
7460
7439
7435
7426
7424
7338
7334
7332
7328
7294
7277
7273
7267
7255
7247
7141
7109
7096
7085
6982
6966
6937
6935
6915
6849
6839
6819
6792
6788
6757
6755
6752
6703
6672
6667
6648
6631
6628
6616
6559
6456
6426
6366
6357
6342
6311
6242
6239
6215
6183
6174
6164
6158
6149
6106
6089
6087
6084
6068
6067
6066
6048
5996
5976
5932
5922
5919
5869
5828
5745
5738
5682
5664
5657
5638
5593
5573
5549
5534
5415
5405
5320
5247
5246
5234
5232
5225
5139
5110
5055
5043
5019
5012
4990
4898
4891
4885
4875
4868
4852
4835
4753
4740
4739
4737
4702
4700
4669
4634
4608
4569
4515
4501
4443
4442
4431
4404
4394
4385
4347
4297
4289
4273
4242
4231
4223
4180
4178
4169
4155
4084
4078
4051
4026
4017
3956
3955
3898
3896
3891
3871
3835
3773
3744
3743
3742
3704
3648
3633
3600
3475
3455
3434
3406
3391
3377
3375
3342
3293
3283
3235
3182
3181
3177
3172
3147
3142
3139
3091
3071
3053
3050
3043
3036
3021
2965
2964
2936
2919
2865
2862
2847
2844
2797
2793
2770
2759
2755
2740
2675
2643
2580
2563
2560
2556
2546
2544
2506
2483
2407
2390
2388
2300
2294
2294
2287
2272
2250
2239
2203
2201
2193
2191
2156
2152
2123
2065
2058
2032
2021
2004
1975
1970
1933
1910
1897
1888
1847
1791
1740
1739
1707
1677
1676
1658
1650
1646
1636
1633
1604
1576
1571
1543
1514
1498
1436
1422
1420
1407
1360
1358
1338
1305
1249
1231
1138
1132
1121
1095
1079
1073
1068
1036
974
964
955
940
938
807
776
760
758
753
727
726
699
684
672
670
667
646
601
588
586
573
547
520
519
494
467
453
425
416
410
408
364
335
331
273
262
252
244
235
222
213
196
176
122
18
