99972
99789
99765
99739
99728
99660
99492
99293
99147
99117
99058
99019
99006
98698
98681
98525
98268
98137
97969
97673
97489
97301
97197
97013
96968
96864
96818
96560
96413
96340
96297
96136
96111
95942
95936
95933
95850
95841
95803
95129
95116
94795
94702
94574
94183
93613
93216
93040
92686
92292
92281
92142
92001
91979
91847
91698
91404
91210
91185
91178
91095
90987
90852
90837
90829
90715
90622
90402
90359
90326
90179
90099
90067
89965
89830
89485
89431
89382
88843
88703
88616
88329
88208
88190
88068
87955
87857
87517
87445
87423
87340
87051
86973
86664
86624
86598
86187
86163
85993
85896
85698
85573
85547
85415
85363
85348
85305
84940
84829
84710
84702
84554
84261
84259
84201
84014
83919
83888
83849
83705
83656
83629
83562
83365
83353
83243
83203
83067
82757
82694
82574
82442
82402
82240
82203
82105
81958
81793
81716
81630
81502
81473
81385
81180
81090
80936
80399
80239
80078
80034
80010
79982
79877
79622
79501
78958
78804
78778
78583
78486
78454
78303
78243
78149
77958
77909
77895
77790
77720
77099
76845
76667
76663
76585
76561
76547
76453
76374
76021
75904
75882
75682
75333
74974
74925
74730
74729
74224
74166
73982
73931
73662
73613
73587
73570
73539
73415
73286
73202
73053
72996
72867
72713
72657
72077
71782
71544
71327
71314
71171
71002
70852
70817
69986
69754
69752
69582
69562
69505
69244
69020
69004
68892
68818
68789
68705
68609
68607
68521
68241
68146
67712
67630
67522
67385
67315
67285
67276
66970
66882
66853
66752
66651
66640
66595
66538
66297
66098
65856
65681
65472
65388
65163
65090
65087
64991
64990
64892
64872
64821
64760
64441
64401
64229
63968
63853
63758
63596
63525
63346
63341
63293
63241
63195
63059
62762
62685
62462
62349
62273
62213
62061
62013
61659
61389
61103
60802
60793
60775
60643
60626
60607
60524
60416
60266
60071
59729
59632
59372
59339
59170
59146
59120
58922
58818
58743
58698
58553
58235
58029
57813
57788
57722
57514
57405
57116
56978
56832
56679
56620
56426
56313
56281
56060
55996
55960
55890
55820
55811
55799
55627
55344
55102
55008
54974
54971
54899
54684
54196
54154
54036
53968
53727
53653
53534
53363
53157
53059
52909
52620
52576
52408
52386
52355
51859
51798
51773
51726
51621
51586
51356
51267
51208
50566
50535
50511
50473
50348
50224
50204
50195
49703
49583
49530
49334
49022
48846
48842
48807
48783
48655
48534
48260
47830
47694
47532
47205
47011
46965
46878
46831
46769
46711
46654
46629
46575
46513
46501
46482
46371
46133
45958
45926
45906
45842
45688
45641
45586
45218
45115
44718
44456
44411
44295
44261
44230
43822
43819
43804
43647
43476
43434
43419
43349
43345
43207
43118
42889
42804
42614
42586
42408
42296
42257
42255
41924
41876
41843
41839
41790
41654
41476
41315
41201
41102
41048
41034
40591
40583
40445
40371
40362
40345
40249
40175
39949
39671
39654
39519
39466
39373
39357
39293
39113
39062
39030
38930
38612
38612
37946
37850
37737
37614
37420
37253
37115
37021
36958
36781
36555
36481
36417
36280
36103
36023
35804
35708
35543
35367
35354
35320
35270
35083
35016
34985
34937
34912
34909
34909
34875
34616
34407
34400
34224
34150
34049
33668
33496
33384
33344
33334
33189
33187
33085
32819
32623
32622
32554
32061
31899
31877
31847
31736
31303
31214
31141
31073
30943
30732
30538
30136
29916
29861
29720
29506
29425
29315
29313
29077
28882
28641
28546
28399
27772
27755
27723
27672
27639
27273
27168
27129
27096
27089
26976
26910
26857
26705
26607
26595
26516
26399
26360
26088
26040
25751
25652
25548
25490
25293
25181
25149
24988
24950
24948
24712
24448
24445
23371
23327
23139
23136
23087
23049
22954
22705
22620
22505
22426
22407
22369
22344
22303
22218
22109
21835
21644
21629
21480
21438
21276
21169
21024
20944
20866
20741
20523
20379
20284
19913
19768
19659
19625
19248
19243
19023
18999
18987
18944
18433
18323
18302
18001
17998
17492
17413
17401
17275
16844
16825
16393
16187
16102
16005
15998
15906
15874
15826
15708
15695
15614
15601
15504
15433
15201
15107
15083
14881
14515
14419
14272
14252
14208
14094
14087
14017
13870
13778
13505
13436
13375
13152
12907
12682
12480
12268
11443
10975
10900
10809
10797
10672
10652
10539
10395
10271
10240
10222
9982
9915
9887
9863
9754
9664
8670
8625
8622
8510
8376
8330
8297
8258
8257
8090
8065
7573
7528
7027
6988
6916
6915
6727
6666
6250
6199
6194
6166
6097
5934
5927
5825
5814
5686
5463
5206
5086
5075
4945
4936
4477
4345
4331
4248
4088
3962
3939
3882
3864
3725
3308
3230
3150
2896
2806
2725
2547
2135
1953
1854
1841
1617
1608
1530
1521
1267
1134
980
670
405
371
244
