99858
99820
99790
99700
99314
99065
98896
97919
97847
97791
97722
97606
97534
97210
97149
97039
96903
96655
96464
96344
96212
95949
95800
95724
95622
95397
95024
94375
94266
94167
94074
93712
93703
93496
93163
92847
92663
92585
92338
92203
91650
91228
90761
90576
90236
90034
90012
89917
89707
89598
89529
89407
89080
89018
88450
88229
87994
87399
87343
87329
87192
87192
87047
86974
86932
86870
86680
86496
86433
85953
85784
85709
85246
84794
84478
84448
84356
84314
84308
83834
83803
83735
83563
83484
82980
82489
82377
82340
82247
81261
81169
81137
81084
80783
80446
80108
80085
80061
79584
79476
79139
78487
77830
77807
77681
77543
77100
77047
76613
76467
76460
76328
76184
76181
76150
76035
75560
75527
74979
74255
73972
73211
73170
73131
73004
72996
72740
72551
72072
72046
71928
70516
70405
70119
70073
69329
69242
69224
69076
69061
68870
68256
68238
67894
67848
67823
67552
67510
67397
67335
67081
67058
67033
66958
66565
66533
66374
66362
66129
66057
65989
65982
65963
65737
65731
65615
65141
64646
64358
64173
63727
63318
62915
62769
62529
62451
62185
61923
61817
61598
61305
61152
61098
60955
60570
60501
60252
59941
59914
59115
58610
58473
57794
57662
57430
57340
57226
56980
56796
56622
56399
56178
56054
56010
55936
55755
55633
55188
55144
55076
54848
54730
54700
54563
54215
54139
53756
53496
53213
53098
52812
52810
52795
52689
52523
52329
52164
52163
52159
52115
51443
51331
51320
51293
51127
51109
51036
50899
50600
50564
50167
50027
49516
49348
49284
48864
48808
48737
48675
48670
48477
48419
48270
48062
47999
47950
47836
47804
47661
47658
47445
47392
47147
47029
46896
46821
46700
46232
45816
44942
44553
44511
44471
44430
44416
44355
44337
44144
44094
44049
43966
43833
43676
43567
43442
43002
42820
42420
42248
42155
42083
42000
41946
41621
40720
40595
40532
40424
40402
40393
40113
40017
39980
39887
39784
39677
39460
39305
39104
38994
38977
38833
38361
38155
37670
37511
37336
37269
37243
37207
37130
37016
36999
36495
36131
35834
34905
34599
34496
34375
33904
33666
33448
32723
32422
32317
31943
31890
31627
31600
31554
31093
29390
29352
29199
29146
28742
28623
28400
28397
28127
28083
27887
27762
27743
27505
26766
26543
26409
25892
25871
25701
25636
25493
25324
25300
25192
25064
24865
24841
24697
24527
24473
24243
24079
23930
23806
23549
23356
22921
22643
22212
22176
22042
21834
21644
21444
21071
21052
20985
20757
19959
19872
19739
19644
19322
19116
18937
18900
18758
18731
18716
18605
18247
18102
17747
17701
17401
17283
17239
17165
17128
16618
16555
16516
16489
16407
16296
16232
15981
15967
15605
15393
15388
15223
15089
14317
14221
14196
13937
13903
13889
13511
13452
13428
13287
13277
12322
12187
11774
11705
11692
11483
11431
11424
10977
10828
10748
10634
10196
9612
9362
9163
8736
8703
8667
8489
8465
8454
8194
7820
7570
7077
6920
6840
6712
6670
6660
5671
5661
5658
5543
5089
4627
4395
4083
4017
3730
3665
3568
3555
3394
3234
3151
2634
2363
2342
2188
1968
1907
1405
1403
1313
1145
1040
511
392
381
245
51
