99976
99953
99870
99819
99790
99786
99781
99669
99634
99620
99595
99582
99553
99536
99533
99506
99487
99483
99479
99468
99459
99431
99425
99424
99413
99349
99310
99283
99274
99267
99248
99244
99176
99133
99080
99074
99069
99061
99040
98996
98965
98935
98926
98913
98904
98881
98865
98847
98810
98784
98773
98674
98616
98605
98552
98546
98540
98497
98488
98402
98373
98355
98301
98285
98246
98210
98201
98183
98154
98153
98118
98117
98104
98095
98083
98062
98055
98031
98030
97994
97993
97978
97947
97937
97903
97898
97845
97845
97823
97805
97786
97784
97764
97753
97753
97739
97691
97687
97650
97616
97610
97536
97511
97507
97503
97478
97460
97436
97431
97399
97375
97370
97366
97351
97345
97314
97301
97290
97280
97268
97250
97238
97236
97230
97221
97216
97213
97205
97192
97182
97153
97102
97067
97038
97001
96945
96908
96898
96896
96891
96847
96842
96806
96799
96797
96776
96740
96730
96727
96720
96719
96686
96666
96621
96594
96586
96552
96446
96387
96313
96273
96272
96206
96191
96184
96170
96146
96130
96112
96062
96049
96047
96044
96037
96001
95959
95941
95908
95890
95850
95810
95797
95772
95762
95748
95728
95727
95726
95668
95641
95627
95612
95540
95526
95511
95488
95479
95430
95394
95370
95365
95341
95309
95249
95206
95156
95122
95112
95071
95030
94873
94842
94839
94822
94813
94803
94798
94785
94713
94672
94615
94608
94569
94563
94559
94531
94485
94465
94428
94406
94339
94278
94273
94261
94234
94225
94219
94174
94169
94151
94103
94085
94057
94036
94013
94005
93999
93837
93828
93797
93793
93788
93766
93766
93706
93683
93637
93623
93623
93608
93591
93547
93546
93544
93542
93533
93513
93490
93322
93319
93234
93151
93091
93088
93079
93036
93027
92979
92978
92965
92914
92890
92887
92863
92839
92836
92825
92824
92818
92799
92781
92772
92725
92563
92559
92556
92441
92389
92384
92369
92368
92360
92341
92340
92316
92310
92296
92290
92253
92189
92098
92026
92025
91963
91929
91901
91898
91841
91836
91835
91813
91808
91806
91795
91785
91768
91767
91761
91759
91701
91544
91502
91501
91500
91484
91482
91480
91454
91435
91434
91392
91360
91358
91328
91296
91214
91110
91020
91019
91010
90966
90957
90948
90887
90882
90874
90849
90840
90805
90798
90791
90786
90777
90741
90733
90724
90701
90653
90651
90643
90634
90589
90582
90578
90545
90544
90503
90454
90449
90418
90385
90374
90367
90356
90331
90313
90307
90306
90266
90255
90222
90178
90159
90151
90132
90108
90080
90070
90070
90057
90023
90018
89927
89925
89912
89903
89875
89829
89787
89783
89699
89691
89655
89576
89495
89458
89446
89426
89422
89381
89365
89332
89319
89253
89140
89122
89117
89105
89036
89025
89002
89002
88904
88887
88887
88875
88873
88854
88839
88822
88816
88786
88784
88767
88712
88662
88579
88558
88550
88533
88527
88431
88418
88313
88296
88290
88239
88234
88224
88193
88125
88095
88088
88023
87996
87982
87943
87936
87927
87913
87897
87896
87885
87871
87843
87830
87809
87789
87746
87728
87700
87679
87640
87610
87604
87594
87580
87579
87579
87554
87552
87529
87526
87515
87515
87505
87492
87489
87449
87448
87439
87429
87356
87339
87283
87278
87255
87215
87197
87174
87065
87037
87016
86994
86992
86963
86942
86919
86918
86915
86883
86877
86873
86848
86815
86810
86809
86804
86759
86744
86729
86583
86581
86550
86509
86479
86456
86424
86413
86408
86363
86302
86199
86178
86094
86073
86067
86025
85993
85993
85988
85985
85930
85912
85860
85859
85853
85832
85806
85784
85784
85714
85714
85712
85710
85709
85709
85701
85682
85680
85668
85600
85587
85587
85578
85566
85564
85534
85509
85412
85409
85385
85383
85295
85268
85249
85232
85149
85139
85137
85119
85117
85066
85057
84990
84984
84952
84925
84895
84874
84858
84825
84768
84745
84696
84690
84683
84652
84621
84614
84601
84586
84586
84576
84570
84532
84512
84500
84462
84454
84413
84386
84358
84340
84328
84274
84268
84265
84258
84257
84158
84147
84117
84113
84108
84076
84068
84030
84004
83943
83941
83930
83906
83853
83853
83845
83836
83780
83779
83770
83754
83752
83720
83688
83677
83652
83634
83565
83516
83506
83504
83503
83501
83495
83481
83461
83419
83355
83347
83280
83221
83220
83216
83208
83202
83193
83179
83126
83110
83098
83086
83078
83048
83046
83042
83017
83009
82978
82961
82904
82897
82835
82802
82713
82707
82685
82675
82652
82641
82640
82627
82586
82558
82532
82530
82523
82481
82474
82405
82390
82390
82368
82366
82349
82316
82284
82275
82235
82230
82215
82213
82210
82201
82182
82177
82133
82120
82087
82063
82049
82038
82020
82017
81952
81881
81871
81858
81838
81831
81789
81780
81752
81719
81711
81711
81703
81678
81651
81648
81614
81608
81575
81537
81519
81510
81502
81450
81350
81321
81313
81294
81286
81224
81222
81214
81197
81192
81153
81145
81102
81084
81071
81063
81048
81035
80996
80960
80847
80844
80834
80832
80754
80754
80752
80745
80701
80652
80635
80625
80619
80580
80558
80558
80530
80523
80517
80491
80490
80422
80418
80405
80404
80401
80373
80363
80357
80319
80305
80275
80262
80244
80206
80125
80124
80120
80088
80060
80041
80029
80013
79978
79947
79925
79901
79893
79843
79817
79807
79755
79752
79746
79684
79661
79642
79585
79566
79566
79525
79517
79454
79442
79414
79306
79259
79206
79203
79199
79198
79193
79165
79160
79114
79064
79014
78998
78992
78946
78938
78878
78803
78755
78736
78690
78676
78669
78669
78602
78590
78577
78575
78541
78512
78479
78380
78362
78344
78342
78286
78279
78264
78263
78227
78226
78200
78074
78057
78046
78012
78004
77945
77917
77897
77885
77875
77864
77859
77850
77847
77780
77758
77755
77730
77722
77698
77690
77683
77668
77621
77522
77471
77470
77465
77386
77383
77319
77299
77272
77258
77257
77243
77241
77226
77208
77176
77172
77122
77096
77089
77086
77071
77024
77016
77002
76990
76988
76974
76962
76925
76919
76791
76790
76675
76605
76587
76568
76564
76550
76542
76539
76533
76479
76350
76329
76321
76289
76285
76247
76234
76173
76119
75970
75928
75904
75892
75887
75884
75797
75794
75766
75759
75747
75685
75681
75673
75669
75664
75649
75642
75588
75580
75537
75536
75514
75514
75510
75484
75461
75459
75458
75407
75336
75318
75296
75249
75183
75135
75122
75063
75041
75038
74989
74987
74967
74956
74955
74948
74922
74898
74866
74860
74822
74748
74741
74680
74676
74621
74525
74500
74490
74466
74369
74335
74333
74262
74261
74242
74212
74167
74080
74064
74018
74017
74016
73979
73903
73901
73873
73867
73865
73835
73822
73740
73734
73715
73694
73632
73618
73591
73526
73512
73467
73444
73440
73346
73320
73318
73318
73312
73298
73285
73274
73267
73249
73224
73212
73122
73092
73090
73045
73003
73002
72943
72937
72925
72900
72898
72856
72851
72787
72762
72761
72742
72726
72715
72697
72619
72593
72541
72529
72525
72523
72460
72431
72429
72331
72324
72250
72221
72216
72192
72179
72155
72146
72139
72137
72132
72110
72099
72092
72080
72068
72043
72014
72001
71976
71924
71922
71882
71878
71847
71831
71782
71707
71667
71631
71611
71581
71571
71548
71522
71513
71452
71432
71405
71390
71242
71232
71218
71211
71118
70974
70954
70950
70934
70931
70896
70732
70715
70712
70702
70668
70659
70640
70614
70605
70537
70494
70438
70425
70411
70395
70369
70361
70333
70290
70268
70244
70239
70151
70130
70124
70115
70048
70023
70016
70011
70007
69962
69939
69915
69914
69892
69853
69833
69816
69807
69804
69767
69669
69640
69558
69528
69523
69467
69460
69451
69428
69420
69412
69404
69353
69338
69337
69328
69324
69324
69266
69262
69220
69210
69193
69141
69103
69101
69097
69039
68974
68968
68885
68816
68790
68790
68787
68728
68718
68707
68697
68682
68679
68658
68626
68601
68573
68570
68550
68479
68435
68402
68396
68363
68350
68345
68337
68313
68276
68272
68259
68189
68167
68137
68133
68133
68050
68033
68026
68001
67967
67949
67926
67906
67904
67902
67883
67864
67864
67842
67831
67707
67703
67698
67698
67682
67642
67633
67609
67592
67592
67585
67542
67490
67463
67449
67427
67378
67357
67354
67283
67269
67231
67217
67208
67207
67159
67103
67001
66983
66975
66936
66902
66886
66880
66754
66745
66743
66638
66637
66606
66537
66534
66503
66434
66392
66219
66187
66148
66138
66137
66120
66113
66110
66082
66069
65978
65926
65882
65878
65861
65829
65761
65761
65748
65696
65692
65674
65633
65631
65619
65617
65584
65527
65523
65513
65479
65474
65371
65328
65299
65245
65183
65158
65135
65071
65065
65061
65060
65026
65023
64951
64881
64873
64856
64840
64801
64770
64737
64720
64719
64638
64636
64631
64630
64606
64591
64510
64485
64464
64456
64420
64418
64413
64400
64391
64388
64377
64376
64330
64292
64231
64230
64152
64005
63955
63844
63837
63779
63762
63710
63697
63653
63611
63593
63577
63519
63502
63480
63469
63464
63393
63385
63342
63327
63294
63284
63279
63202
63192
63176
63147
63079
63064
63058
63050
63040
63030
62989
62987
62958
62933
62910
62908
62890
62885
62869
62857
62843
62833
62791
62765
62730
62706
62675
62643
62627
62625
62614
62596
62585
62561
62537
62526
62485
62437
62352
62348
62291
62276
62275
62255
62254
62176
62171
62134
62133
62106
62062
62043
62025
61999
61986
61955
61935
61931
61928
61921
61879
61830
61770
61711
61696
61635
61618
61592
61542
61533
61508
61488
61466
61436
61429
61400
61400
61362
61339
61324
61311
61272
61265
61236
61207
61202
61174
61173
61128
61111
61058
61009
60990
60978
60954
60942
60910
60863
60833
60819
60800
60747
60732
60673
60632
60615
60608
60567
60538
60512
60480
60461
60430
60371
60367
60250
60249
60247
60191
60177
60119
60090
60068
60052
59981
59980
59945
59914
59903
59863
59860
59849
59820
59800
59767
59661
59584
59520
59499
59465
59449
59433
59422
59412
59394
59367
59310
59252
59233
59225
59107
59017
59009
59002
59002
58993
58980
58969
58963
58907
58876
58842
58825
58819
58685
58675
58672
58628
58623
58594
58587
58562
58557
58556
58550
58491
58466
58433
58400
58339
58325
58299
58283
58263
58195
58113
58106
58058
58026
58024
58001
57995
57980
57972
57910
57894
57892
57882
57866
57835
57792
57783
57755
57745
57733
57716
57710
57706
57682
57628
57595
57580
57563
57560
57534
57531
57530
57521
57489
57460
57429
57416
57411
57327
57199
57192
57179
57144
57124
57108
57070
57051
57026
56976
56975
56940
56865
56859
56832
56830
56789
56781
56710
56660
56656
56655
56644
56631
56604
56601
56540
56505
56463
56446
56400
56390
56379
56332
56318
56251
56221
56211
56210
56206
56187
56161
56152
56142
56042
56029
56016
56014
55988
55984
55893
55883
55838
55755
55743
55727
55724
55723
55722
55589
55534
55499
55463
55434
55421
55366
55348
55329
55312
55302
55285
55280
55260
55230
55216
55200
55167
55144
55079
55069
55030
55014
55004
55003
55002
54960
54914
54888
54876
54872
54867
54856
54830
54800
54779
54772
54771
54728
54712
54700
54683
54677
54676
54633
54629
54617
54604
54602
54589
54585
54567
54539
54536
54532
54503
54446
54387
54343
54340
54322
54308
54291
54290
54281
54277
54215
54194
54181
54096
54043
54034
54024
54011
53964
53884
53881
53878
53874
53839
53782
53770
53617
53614
53582
53568
53532
53515
53510
53510
53502
53476
53389
53339
53284
53259
53258
53041
53029
52992
52987
52884
52883
52883
52869
52825
52803
52786
52780
52743
52691
52661
52660
52622
52574
52569
52561
52495
52483
52409
52349
52222
52187
52151
52149
52146
52089
52083
51984
51940
51923
51903
51902
51792
51787
51759
51734
51648
51632
51557
51541
51529
51474
51473
51448
51412
51374
51359
51340
51317
51316
51224
51187
51187
51160
51146
51130
51084
51027
51018
50981
50975
50959
50924
50873
50872
50862
50852
50835
50832
50782
50710
50693
50678
50678
50655
50611
50574
50522
50491
50479
50438
50353
50272
50235
50153
50147
50122
50117
50106
50072
50052
50038
50033
50022
49954
49916
49899
49890
49866
49848
49814
49806
49797
49766
49698
49695
49653
49643
49642
49640
49571
49553
49525
49518
49505
49501
49442
49386
49385
49360
49319
49313
49311
49278
49272
49264
49248
49231
49207
49168
49154
49143
49134
49126
49092
49064
49055
49044
49007
48926
48899
48888
48867
48855
48832
48804
48757
48721
48685
48669
48630
48598
48594
48547
48538
48493
48473
48440
48408
48397
48381
48357
48352
48310
48307
48288
48264
48240
48172
48068
48047
48015
47990
47928
47908
47907
47841
47810
47772
47769
47764
47687
47649
47636
47603
47584
47565
47554
47523
47499
47462
47457
47398
47355
47347
47330
47292
47250
47215
47209
47182
47182
47128
47030
47021
47019
46972
46944
46873
46838
46833
46788
46743
46730
46715
46712
46701
46667
46622
46583
46578
46567
46487
46406
46377
46314
46310
46298
46277
46273
46237
46160
46129
46074
46015
45974
45952
45926
45867
45849
45842
45751
45739
45733
45711
45631
45628
45584
45556
45542
45536
45520
45439
45430
45387
45352
45347
45310
45297
45257
45255
45196
45170
45149
45094
45012
45008
44997
44985
44973
44944
44917
44911
44866
44863
44844
44812
44798
44699
44680
44677
44660
44527
44499
44445
44429
44390
44380
44317
44310
44277
44259
44249
44205
44201
44170
44165
44158
44116
44108
44077
44073
43995
43988
43870
43835
43818
43804
43801
43700
43698
43658
43618
43611
43579
43465
43449
43445
43427
43421
43340
43283
43257
43214
43198
43177
43081
43063
43061
43012
43008
42979
42921
42916
42859
42823
42767
42754
42712
42691
42661
42632
42628
42623
42620
42572
42561
42508
42466
42464
42425
42425
42417
42372
42336
42335
42295
42252
42175
42155
42151
42146
42111
42108
42034
42016
42000
41954
41916
41880
41879
41796
41780
41763
41737
41720
41689
41676
41649
41644
41628
41619
41554
41516
41483
41448
41420
41407
41407
41388
41381
41373
41361
41342
41327
41296
41289
41277
41258
41235
41210
41209
41186
41148
41110
41088
41043
40973
40948
40893
40881
40878
40877
40875
40856
40854
40843
40808
40767
40761
40754
40742
40740
40702
40678
40632
40620
40615
40582
40564
40537
40536
40520
40481
40472
40452
40451
40443
40438
40398
40369
40352
40345
40329
40313
40305
40298
40293
40268
40252
40157
40146
40127
40125
40124
40107
40089
40035
40006
39986
39950
39931
39928
39909
39908
39881
39868
39762
39745
39698
39682
39662
39614
39605
39592
39580
39564
39557
39550
39546
39513
39471
39437
39382
39380
39364
39352
39302
39301
39296
39277
39265
39220
39123
39107
39102
39039
39032
39024
39000
38994
38991
38972
38909
38789
38744
38739
38676
38640
38595
38590
38581
38578
38573
38561
38560
38553
38497
38465
38438
38403
38396
38388
38355
38351
38350
38345
38338
38336
38327
38311
38296
38292
38284
38269
38211
38200
38089
38076
38063
38057
38035
38030
37860
37799
37790
37745
37707
37688
37661
37649
37647
37615
37576
37570
37563
37557
37504
37503
37501
37468
37462
37458
37456
37444
37401
37330
37295
37276
37265
37262
37261
37225
37219
37194
37148
37136
37123
37088
37084
37076
37043
37015
37008
37007
36983
36945
36871
36844
36828
36756
36716
36682
36674
36652
36628
36614
36572
36552
36549
36537
36530
36530
36498
36463
36407
36401
36364
36347
36295
36294
36285
36245
36186
36131
36075
36040
36033
36028
36007
36007
35953
35928
35886
35854
35849
35847
35831
35783
35767
35731
35714
35712
35701
35693
35690
35654
35648
35621
35583
35551
35548
35537
35462
35421
35412
35398
35382
35373
35305
35302
35236
35223
35158
35154
35153
35150
35150
35141
35100
35098
35064
35063
35062
35055
34995
34952
34904
34884
34880
34867
34834
34754
34741
34740
34701
34691
34675
34669
34634
34625
34602
34599
34494
34445
34439
34430
34410
34383
34378
34286
34253
34249
34244
34201
34197
34193
34180
34167
34137
34120
34107
34107
34098
34091
34081
34045
34027
33975
33974
33972
33946
33909
33901
33849
33832
33786
33774
33741
33720
33647
33618
33571
33549
33495
33444
33419
33404
33372
33372
33339
33319
33314
33300
33257
33253
33219
33200
33189
33155
33128
33124
33113
33075
33051
33031
33001
32989
32972
32960
32895
32872
32845
32829
32819
32811
32808
32761
32751
32745
32732
32691
32549
32546
32537
32532
32509
32497
32489
32442
32441
32399
32356
32334
32312
32260
32260
32251
32173
32153
32143
32099
32096
32095
32089
32076
32057
32048
32030
32010
31970
31970
31926
31903
31887
31832
31743
31731
31713
31665
31645
31616
31593
31534
31485
31445
31432
31362
31359
31340
31268
31258
31256
31241
31236
31231
31198
31181
31126
31102
31097
31049
31028
31019
30965
30919
30918
30895
30863
30847
30823
30799
30785
30727
30719
30713
30705
30674
30631
30614
30610
30596
30595
30572
30554
30538
30535
30518
30503
30472
30463
30455
30453
30419
30347
30285
30279
30276
30256
30250
30240
30219
30219
30202
30179
30177
30157
30113
30097
30092
30049
30014
29990
29911
29907
29898
29877
29766
29727
29727
29634
29571
29554
29540
29539
29524
29465
29432
29411
29402
29366
29345
29311
29237
29226
29210
29203
29108
29052
28973
28936
28899
28825
28809
28711
28704
28697
28680
28662
28649
28644
28600
28591
28569
28538
28523
28503
28486
28479
28465
28454
28395
28351
28346
28336
28333
28314
28196
28187
28129
28125
28115
28104
28100
28089
28075
28055
28049
28000
27995
27991
27991
27962
27910
27909
27903
27903
27861
27853
27845
27843
27824
27747
27728
27716
27708
27696
27680
27649
27623
27621
27582
27551
27498
27488
27465
27438
27402
27370
27368
27368
27368
27318
27213
27185
27150
27139
27112
27065
27006
26945
26837
26786
26751
26711
26696
26670
26645
26621
26601
26593
26590
26579
26544
26541
26526
26523
26508
26502
26502
26408
26314
26312
26304
26301
26289
26285
26281
26201
26197
26151
26128
26126
26120
26103
26098
26004
25986
25984
25949
25928
25925
25893
25851
25817
25799
25792
25763
25731
25727
25709
25709
25695
25670
25633
25632
25489
25422
25416
25368
25329
25327
25309
25300
25218
25216
25186
25156
25126
24793
24740
24647
24600
24593
24551
24549
24503
24491
24487
24442
24441
24403
24357
24344
24333
24245
24179
24143
24117
24116
24113
24091
24081
24080
24051
24046
24029
24021
24009
23987
23967
23925
23902
23899
23825
23812
23788
23738
23716
23705
23692
23669
23634
23614
23502
23490
23480
23445
23437
23422
23419
23382
23367
23344
23318
23216
23213
23181
23180
23173
23172
23069
23052
23044
23026
23025
23008
23002
22999
22992
22982
22975
22944
22926
22910
22849
22824
22716
22708
22707
22701
22687
22673
22634
22595
22548
22531
22524
22449
22428
22353
22348
22305
22297
22254
22170
22164
22122
22077
22068
22052
22004
21915
21890
21882
21868
21833
21831
21827
21820
21800
21795
21781
21780
21742
21667
21629
21575
21564
21561
21541
21526
21493
21467
21452
21437
21427
21385
21328
21312
21256
21250
21161
21049
21022
21018
20991
20964
20938
20904
20897
20895
20829
20802
20783
20748
20690
20660
20634
20585
20537
20531
20521
20443
20422
20403
20349
20300
20256
20230
20187
20143
20108
20094
20055
20044
20002
19905
19889
19883
19810
19797
19793
19774
19696
19673
19672
19622
19591
19585
19561
19559
19518
19506
19503
19499
19466
19406
19387
19344
19325
19312
19249
19216
19210
19198
19192
19177
19155
19143
19135
19109
19097
19086
19082
19070
19051
19028
19007
18974
18956
18780
18757
18713
18712
18643
18627
18617
18613
18603
18596
18581
18507
18481
18421
18389
18374
18343
18299
18299
18257
18255
18176
18163
18000
17950
17939
17927
17916
17916
17906
17896
17872
17796
17774
17764
17743
17734
17733
17720
17706
17698
17690
17674
17608
17567
17551
17516
17502
17476
17475
17461
17437
17421
17389
17369
17362
17345
17310
17287
17266
17193
17193
17046
17026
16995
16991
16972
16938
16905
16826
16761
16744
16735
16712
16708
16679
16675
16616
16599
16555
16527
16473
16468
16435
16410
16395
16384
16380
16249
16200
16076
15960
15951
15942
15923
15912
15912
15887
15857
15852
15828
15815
15814
15801
15762
15720
15685
15680
15613
15583
15571
15569
15535
15507
15497
15455
15423
15375
15374
15346
15290
15228
15207
15167
15162
15146
15144
15114
15082
15077
15065
15062
15050
15043
15024
14985
14892
14875
14868
14843
14836
14778
14734
14717
14679
14639
14633
14625
14599
14583
14557
14518
14500
14498
14489
14458
14451
14424
14416
14403
14378
14347
14324
14322
14312
14305
14279
14213
14205
14192
14183
14113
14091
14064
14005
13972
13947
13925
13916
13864
13825
13805
13751
13744
13735
13734
13720
13696
13684
13666
13632
13605
13571
13540
13487
13463
13445
13442
13416
13404
13366
13352
13260
13183
13117
13116
13101
13073
13033
13032
13022
13018
13002
12956
12916
12897
12879
12873
12858
12778
12749
12740
12723
12675
12670
12614
12574
12498
12365
12345
12327
12209
12199
12178
12166
12151
12132
12127
12119
12110
12107
12104
12073
12070
12069
12031
12029
11959
11912
11899
11895
11806
11773
11770
11763
11762
11748
11735
11704
11701
11683
11587
11582
11575
11423
11420
11418
11394
11359
11355
11343
11319
11226
11178
11150
11137
11105
11093
11061
11050
10959
10895
10856
10855
10825
10802
10781
10732
10714
10700
10667
10643
10636
10633
10622
10614
10591
10553
10549
10456
10438
10386
10378
10322
10304
10299
10252
10227
10192
10182
10145
10125
10118
10111
10083
10079
10013
10009
9997
9979
9969
9961
9926
9906
9882
9851
9831
9771
9699
9681
9663
9658
9637
9617
9594
9527
9521
9481
9436
9423
9400
9379
9368
9256
9246
9235
9228
9214
9204
9194
9169
9152
9134
9128
9107
9090
9071
9042
9017
9017
8974
8968
8942
8923
8896
8854
8833
8821
8817
8791
8773
8749
8709
8674
8657
8597
8593
8546
8484
8459
8430
8340
8312
8299
8236
8141
8130
8126
8118
8109
8060
8030
8020
7995
7974
7962
7928
7907
7880
7878
7822
7810
7793
7777
7770
7736
7732
7727
7639
7629
7513
7487
7473
7409
7391
7348
7327
7326
7290
7212
7203
7193
7192
7078
7056
7053
6994
6983
6960
6954
6829
6795
6753
6738
6638
6627
6572
6551
6510
6509
6477
6473
6459
6409
6392
6378
6373
6363
6338
6322
6312
6300
6271
6223
6221
6172
6129
6125
6112
6099
6098
6067
6017
6015
5999
5987
5940
5931
5915
5903
5875
5871
5841
5828
5778
5755
5746
5744
5700
5636
5596
5588
5535
5527
5514
5473
5435
5322
5249
5241
5226
5221
5188
5155
5134
5124
5091
5083
4983
4983
4955
4938
4938
4915
4887
4874
4858
4836
4745
4732
4717
4713
4686
4675
4662
4618
4581
4497
4475
4470
4445
4444
4427
4412
4404
4369
4356
4354
4353
4290
4191
4153
4101
4013
4012
3993
3985
3958
3916
3907
3872
3846
3822
3811
3807
3765
3747
3716
3702
3693
3671
3623
3599
3585
3576
3537
3522
3510
3475
3461
3453
3437
3430
3409
3406
3379
3373
3295
3293
3282
3252
3238
3236
3232
3213
3187
3156
3117
3102
3090
3048
3045
2936
2919
2895
2858
2808
2749
2746
2695
2667
2630
2628
2610
2587
2577
2524
2518
2501
2497
2478
2444
2422
2401
2329
2328
2213
2165
2160
2148
2148
2138
2134
2081
2062
2040
2021
2000
1994
1990
1987
1975
1938
1924
1827
1785
1745
1730
1719
1712
1686
1675
1655
1640
1627
1623
1612
1597
1562
1516
1485
1481
1465
1452
1438
1408
1336
1314
1311
1250
1186
1159
1153
1151
1068
1029
1020
1011
978
976
955
925
917
847
783
767
722
709
699
667
659
638
590
545
479
433
430
401
388
349
311
306
305
281
259
219
180
154
98
91
48
