99998
99989
99942
99900
99900
99877
99870
99849
99809
99797
99794
99777
99704
99599
99461
99348
99281
99257
99206
99189
99040
99039
99005
98899
98884
98875
98845
98758
98749
98721
98526
98510
98508
98486
98476
98467
98467
98407
98327
98280
98268
98212
98175
98144
98125
98118
98058
97885
97858
97706
97687
97682
97622
97616
97586
97572
97424
97335
97247
97203
97192
97179
97133
97108
97105
97058
97045
96991
96982
96954
96894
96856
96824
96770
96768
96688
96674
96629
96600
96572
96509
96475
96435
96301
96234
96223
96206
96197
96115
96096
96016
95964
95947
95941
95907
95800
95779
95770
95718
95701
95700
95697
95651
95599
95582
95492
95478
95376
95369
95288
95279
95127
95061
95022
95013
94991
94963
94886
94883
94880
94780
94756
94662
94623
94609
94568
94471
94452
94409
94309
94303
94203
94151
94137
94133
94118
93936
93874
93821
93805
93789
93788
93763
93727
93714
93692
93685
93617
93611
93608
93567
93513
93463
93431
93417
93401
93307
93237
93206
93191
93096
93023
92989
92948
92892
92869
92834
92827
92824
92799
92746
92600
92597
92561
92518
92494
92484
92474
92467
92462
92364
92323
92322
92318
92203
92172
92153
92135
92079
92064
92046
92016
92004
91938
91911
91899
91862
91846
91827
91821
91757
91741
91653
91624
91569
91560
91540
91534
91513
91503
91483
91473
91458
91428
91417
91358
91296
91178
91090
91069
91055
90882
90877
90809
90777
90761
90664
90645
90643
90635
90567
90498
90487
90478
90427
90384
90351
90300
90201
90140
90072
90044
90018
89955
89943
89937
89918
89849
89835
89825
89812
89720
89616
89558
89527
89433
89425
89357
89308
89301
89173
88991
88975
88947
88871
88852
88810
88806
88782
88775
88716
88712
88699
88698
88562
88542
88533
88525
88524
88504
88498
88451
88411
88353
88325
88308
88221
88200
88166
88071
88052
88041
88038
88024
87936
87840
87751
87748
87713
87666
87619
87563
87518
87511
87471
87428
87387
87357
87341
87312
87305
87303
87278
87183
87146
87103
87064
87031
87002
86941
86931
86891
86821
86702
86665
86551
86537
86512
86420
86351
86312
86287
86270
86235
86211
86126
86121
86096
86087
86076
86067
86056
86016
86010
85970
85968
85957
85949
85940
85888
85874
85861
85817
85784
85577
85567
85529
85336
85335
85128
85097
85076
85055
84983
84948
84939
84872
84866
84859
84856
84816
84802
84740
84712
84698
84679
84628
84625
84548
84517
84487
84397
84372
84298
84244
84241
84204
84183
83990
83953
83941
83903
83893
83880
83864
83860
83823
83815
83809
83753
83734
83713
83684
83665
83582
83519
83506
83490
83328
83314
83285
83189
83176
83096
83031
82978
82928
82923
82916
82915
82824
82750
82727
82716
82680
82661
82633
82616
82611
82569
82527
82466
82442
82395
82390
82335
82314
82235
82168
82162
82157
82112
82101
82074
82047
81965
81954
81930
81928
81894
81858
81784
81728
81728
81617
81597
81552
81547
81523
81521
81444
81444
81360
81254
81242
81173
81120
81106
81091
81087
81015
81008
80915
80810
80802
80791
80756
80713
80698
80560
80512
80502
80393
80335
80277
80251
80232
80150
80134
80090
80082
79957
79927
79883
79853
79845
79842
79806
79803
79740
79687
79641
79583
79580
79533
79509
79489
79429
79347
79346
79271
79136
79112
78994
78989
78986
78945
78924
78843
78745
78656
78653
78604
78578
78561
78550
78524
78467
78435
78416
78385
78308
78183
78130
78129
78054
78041
78019
77991
77989
77980
77927
77874
77833
77754
77723
77708
77692
77677
77670
77629
77595
77567
77445
77328
77322
77300
77293
77231
77184
77113
77093
77045
77029
76997
76986
76956
76930
76914
76871
76860
76825
76769
76676
76658
76653
76644
76553
76540
76539
76518
76425
76297
76153
76122
76080
76020
76001
75979
75894
75891
75885
75870
75869
75825
75819
75816
75783
75721
75714
75653
75618
75612
75555
75532
75507
75488
75487
75480
75439
75317
75302
75228
75224
75193
75169
75118
75117
75073
75073
74993
74876
74832
74812
74768
74765
74733
74713
74646
74637
74524
74472
74441
74439
74398
74389
74378
74355
74296
74267
74254
74216
74080
74035
74012
73965
73919
73841
73797
73741
73630
73630
73629
73612
73584
73541
73539
73432
73411
73349
73120
73010
72969
72921
72818
72793
72768
72763
72755
72729
72715
72698
72682
72507
72348
72341
72330
72321
72304
72127
72118
72097
72077
72066
71973
71917
71910
71903
71890
71889
71886
71834
71798
71798
71792
71787
71786
71739
71669
71645
71591
71574
71558
71429
71395
71347
71333
71315
71263
71250
71229
71207
71111
71062
71018
71015
70986
70959
70923
70850
70798
70770
70748
70735
70706
70706
70678
70642
70603
70599
70511
70435
70411
70410
70334
70321
70259
70189
70188
70175
70132
70092
69985
69949
69913
69875
69826
69729
69699
69670
69618
69531
69517
69427
69405
69394
69390
69384
69285
69252
69229
69227
69219
69202
69170
69143
69039
69037
69033
69033
69027
69013
68958
68942
68883
68811
68782
68737
68706
68674
68609
68542
68422
68411
68372
68363
68279
68278
68271
68249
68225
68130
68002
68000
67939
67902
67835
67740
67735
67729
67723
67671
67641
67607
67465
67367
67305
67283
67244
67014
66996
66971
66965
66929
66829
66725
66724
66710
66683
66562
66502
66484
66387
66366
66314
66260
66240
66229
66219
66198
66182
66171
66142
66003
65899
65890
65804
65765
65577
65566
65533
65385
65320
65312
65272
65226
65210
65204
65165
65024
64968
64909
64891
64820
64739
64700
64672
64618
64595
64564
64534
64425
64400
64364
64254
64181
64167
63928
63901
63891
63879
63877
63868
63811
63794
63702
63696
63598
63549
63482
63472
63407
63247
63172
63137
63133
63077
63042
62875
62807
62708
62694
62677
62613
62604
62599
62497
62454
62291
62245
62210
62132
62054
62053
61991
61914
61625
61597
61532
61515
61514
61509
61462
61461
61422
61411
61365
61343
61312
61298
61278
61267
61250
61230
61218
61148
61062
60979
60937
60865
60852
60804
60766
60764
60717
60649
60623
60613
60573
60493
60481
60290
60280
60181
60122
60082
60001
59926
59752
59743
59715
59684
59600
59550
59504
59497
59479
59394
59365
59331
59305
59248
59228
59224
59197
59136
59096
59085
59082
59037
58982
58870
58813
58732
58652
58636
58626
58584
58554
58485
58448
58407
58392
58326
58321
58316
58313
58292
58233
58215
58197
58048
58028
58016
57983
57912
57879
57863
57861
57769
57758
57726
57692
57623
57564
57531
57460
57422
57375
57358
57329
57300
57228
57070
57061
57047
57042
56932
56923
56860
56823
56758
56704
56703
56682
56672
56498
56491
56395
56371
56350
56343
56342
56228
56190
56188
56175
56118
56036
55992
55988
55970
55925
55913
55902
55898
55838
55738
55631
55593
55387
55345
55321
55315
55304
55270
55241
55240
55196
55127
55108
55038
55037
54993
54987
54869
54861
54815
54721
54705
54401
54383
54376
54293
54255
54246
54188
54183
54159
54121
54081
53971
53875
53856
53849
53788
53732
53701
53697
53638
53627
53595
53521
53520
53505
53436
53386
53286
53272
53207
53185
53180
53132
53116
53010
52878
52878
52769
52705
52640
52632
52629
52459
52441
52358
52347
52277
52262
52190
52166
52112
52063
52031
52021
52019
51995
51980
51932
51856
51790
51776
51749
51662
51661
51660
51655
51556
51475
51456
51432
51424
51404
51386
51371
51342
51336
51327
51277
51237
51209
51184
51173
51171
51061
51053
51036
51015
50722
50721
50646
50461
50424
50387
50355
50343
50257
50025
49982
49884
49843
49832
49714
49592
49557
49543
49482
49302
49281
49274
49265
49226
49201
49145
49137
49135
49112
49077
49066
49012
49001
48958
48912
48907
48819
48790
48783
48716
48707
48691
48674
48621
48620
48619
48619
48598
48495
48481
48474
48400
48375
48169
48161
48076
48035
47942
47910
47872
47824
47786
47761
47702
47617
47464
47459
47441
47393
47377
47329
47324
47274
47270
47260
47230
47197
47163
47121
46963
46882
46858
46790
46778
46758
46749
46748
46680
46659
46566
46477
46439
46321
46161
46158
46102
46092
46090
46086
46066
46020
45933
45849
45804
45756
45721
45573
45570
45552
45498
45494
45370
45248
45246
45190
45186
45067
44999
44979
44977
44956
44855
44815
44660
44640
44625
44598
44581
44572
44349
44324
44173
44165
43972
43895
43873
43867
43837
43754
43604
43583
43571
43503
43335
43328
43325
43313
43309
43252
43246
43242
43239
43158
43133
43072
42947
42941
42941
42930
42861
42840
42802
42765
42731
42726
42672
42624
42618
42587
42537
42531
42530
42520
42419
42348
42346
42216
42211
42200
42198
42193
42170
42168
42155
42074
42034
41984
41901
41719
41546
41534
41514
41407
41404
41283
41200
41153
41128
41116
41107
40968
40883
40867
40851
40847
40808
40806
40796
40785
40759
40730
40713
40617
40599
40522
40468
40443
40416
40340
40300
40198
40150
40093
40051
40033
40023
40014
39956
39855
39853
39841
39826
39810
39797
39797
39758
39657
39635
39594
39474
39408
39397
39333
39321
39221
39209
39156
39120
39080
38997
38980
38958
38938
38935
38907
38904
38842
38806
38787
38688
38618
38529
38520
38413
38289
38258
38235
38208
38147
38049
37932
37926
37873
37785
37759
37732
37716
37710
37669
37669
37645
37600
37561
37482
37362
37353
37235
37234
37190
37107
37047
37047
37046
36916
36894
36830
36742
36644
36522
36477
36314
36230
36228
36220
36204
36195
36160
36148
36055
35921
35902
35865
35860
35844
35796
35754
35708
35623
35557
35414
35369
35342
35338
35246
35220
35211
35179
35112
35085
35066
35018
34998
34973
34808
34757
34712
34603
34433
34384
34295
34212
34211
34206
34112
34092
34033
33980
33817
33808
33758
33619
33578
33570
33564
33520
33358
33338
33337
33247
33231
33197
33146
33108
33096
33081
33034
32901
32818
32818
32796
32771
32732
32672
32643
32606
32585
32560
32540
32461
32454
32432
32420
32406
32405
32376
32374
32357
32347
32162
32047
31976
31968
31895
31889
31887
31876
31875
31855
31846
31828
31780
31491
31434
31411
31236
31194
31136
31123
31068
31047
31039
31018
31005
31000
30976
30965
30957
30917
30865
30846
30757
30680
30627
30607
30575
30539
30533
30532
30524
30418
30341
30310
30195
30176
30135
30040
30011
29963
29923
29900
29875
29832
29793
29756
29672
29622
29600
29600
29568
29520
29478
29352
29316
29259
29258
29233
29065
29028
29006
28972
28947
28918
28874
28791
28789
28672
28585
28574
28543
28475
28424
28400
28341
28312
28304
28302
28296
28272
28260
28204
28194
28151
28044
27979
27953
27949
27884
27850
27815
27785
27783
27768
27548
27498
27460
27420
27246
27212
27201
27139
27088
27069
26908
26892
26797
26775
26746
26714
26689
26635
26563
26543
26525
26518
26511
26477
26432
26409
26399
26177
26145
26113
25981
25979
25965
25935
25905
25905
25842
25827
25774
25756
25744
25712
25690
25644
25530
25494
25371
25321
25318
25240
25183
25143
24996
24994
24979
24978
24969
24857
24825
24796
24783
24745
24689
24445
24372
24358
24344
24343
24309
24258
24212
24203
24047
24004
23960
23960
23869
23860
23828
23812
23803
23786
23786
23782
23683
23673
23626
23404
23338
23297
23274
23270
23257
23254
23252
23237
23212
23185
23146
23138
23110
23093
23060
23054
22968
22868
22683
22642
22575
22528
22526
22451
22433
22362
22325
22322
22213
22189
22167
22117
22084
22002
21997
21968
21816
21693
21678
21611
21589
21524
21514
21508
21470
21435
21420
21365
21356
21349
21338
21335
21316
21171
21087
21029
21028
21002
20957
20945
20893
20883
20869
20828
20827
20812
20776
20739
20714
20710
20690
20647
20478
20457
20401
20339
20277
20209
20194
20164
20102
20040
19996
19935
19884
19868
19833
19758
19732
19729
19719
19670
19668
19537
19511
19495
19403
19366
19362
19356
19296
19203
19184
19062
18963
18928
18913
18812
18780
18724
18634
18622
18424
18315
18277
18249
18156
18130
18067
17823
17811
17768
17766
17720
17711
17649
17585
17575
17526
17474
17394
17367
17355
17082
17059
17057
16999
16991
16958
16827
16531
16530
16526
16505
16420
16401
16395
16242
16214
16098
16072
16065
16057
16050
16002
15967
15923
15759
15709
15703
15652
15629
15566
15540
15341
15275
15250
15229
15221
15217
15158
15155
15081
15019
14972
14907
14831
14820
14802
14771
14753
14750
14645
14615
14597
14465
14462
14435
14185
14083
14050
14040
13950
13948
13921
13909
13901
13714
13684
13661
13568
13559
13413
13349
13321
13316
13190
13178
13173
13171
13170
13120
13091
13057
13034
12997
12977
12856
12770
12768
12761
12736
12719
12632
12603
12237
12196
12186
12180
11957
11901
11879
11700
11641
11514
11514
11502
11491
11378
11329
11217
11171
11129
11071
11061
11055
10873
10754
10692
10644
10605
10550
10549
10510
10443
10431
10405
10399
10399
10256
10253
10111
10081
10053
10017
10016
10006
9938
9930
9925
9918
9884
9740
9623
9622
9574
9554
9546
9539
9535
9514
9415
9358
9331
9320
9314
9283
9277
9267
8983
8850
8835
8764
8703
8693
8677
8653
8601
8345
8329
8298
8232
8212
8198
8138
8097
8064
7985
7949
7909
7856
7727
7685
7682
7613
7600
7587
7582
7575
7560
7514
7513
7497
7431
7358
7276
7265
7257
7232
7159
7054
7053
7030
6986
6957
6863
6862
6839
6785
6730
6705
6699
6686
6648
6644
6623
6621
6581
6550
6445
6442
6411
6348
6340
6237
6202
6200
6024
6017
6007
5975
5941
5881
5868
5852
5841
5769
5748
5744
5739
5701
5579
5514
5506
5420
5326
5217
5148
5134
5046
4976
4976
4880
4814
4794
4743
4642
4636
4567
4558
4449
4421
4361
4303
4270
4219
4036
3926
3905
3811
3811
3776
3754
3738
3718
3717
3703
3645
3587
3583
3571
3559
3536
3499
3439
3430
3355
3335
3304
3291
3256
3246
3231
3173
3100
3093
3044
2943
2927
2925
2923
2920
2870
2831
2823
2776
2723
2702
2693
2623
2500
2384
2358
2321
2268
2257
2202
2185
2123
2118
2103
1916
1911
1833
1796
1697
1677
1675
1663
1653
1570
1481
1474
1458
1412
1368
1357
1328
1308
1297
1292
1264
1240
1238
1231
1156
1133
1120
1101
1084
1083
1071
1066
1056
1024
877
857
839
839
832
829
807
698
565
550
543
513
494
482
415
406
354
328
321
261
257
213
210
140
133
128
64
42
