48525
57057
62649
37811
46953
5
46181
59589
27127
71493
6767
4145
47137
98573
97121
8781
36689
76171
90213
38193
6491
25105
41463
60813
32729
33245
313
8621
60545
7683
67743
6211
55355
63091
27797
8359
51327
98863
16827
30913
83813
98245
92297
6353
66501
39291
56391
47651
81981
67613
71317
58037
81551
43639
17387
27723
19425
4889
9745
82361
85911
40537
73513
12047
80729
45915
44565
16315
17721
23797
85757
65909
46539
46817
62511
91015
10763
6393
56545
21043
36673
90747
66293
29485
98485
38591
93895
39895
33597
25349
82453
9789
47483
48473
6365
31473
81493
1201
80623
32593
28093
43433
36291
59501
64827
65465
95077
35565
62467
87171
66655
52779
3841
66957
6769
4963
68495
80155
13249
55349
64769
14671
57039
2601
61029
1777
31207
51903
73879
78507
9047
51289
3321
71925
81409
45725
34071
79379
10245
60347
23657
24587
64567
90641
6681
51645
26625
79355
16059
38337
47511
70807
81855
115
92993
19173
80473
98295
59821
2801
40339
98831
95647
47917
44977
82967
50789
1231
44221
75555
86501
36187
18745
71455
7249
29975
67843
57565
48857
35305
2591
98001
60633
82467
54621
92715
54447
79033
22179
66427
74263
62807
8629
97073
88569
95707
68569
26369
50083
43453
53009
86089
93393
52521
4365
24501
50545
70413
97731
36631
7893
25183
59433
94367
14499
20479
8771
17981
12589
74747
17769
27901
22577
35773
32141
58053
5891
48485
10633
41555
84851
45985
40205
72595
53817
32925
52897
49293
83771
15425
91073
74327
74213
75871
57883
91941
57803
37231
57699
23987
10931
28725
15149
3897
91747
41591
65189
48867
34507
12671
56493
64843
94965
9083
2913
87
49899
9055
33057
94175
83369
67591
64949
63953
38365
34695
94589
53187
12569
82693
36819
58007
65465
85401
56293
10071
7681
53383
15963
56621
98211
99959
3633
64549
63993
48507
49271
72091
83137
98069
15881
60239
3033
43491
83645
8207
37515
88505
91407
61689
3903
95715
41467
13145
40727
92457
43257
43771
68127
55865
55879
83233
64031
22173
52733
11715
86953
3473
78609
22957
64909
38069
52887
84907
84873
68749
52685
88849
83685
83177
30183
35345
66127
78969
10579
78367
53639
58315
87295
97115
49909
28435
69153
9139
77323
32741
36831
6823
71097
57297
28345
78787
70081
54235
74039
18669
78855
82681
20403
8309
98199
97705
42059
92993
4823
36573
92827
59843
53759
54545
38569
29699
7941
81417
91495
52543
7153
71015
36167
35013
30729
65171
75389
26117
32717
48331
24003
55583
92985
15279
13197
58449
84331
42703
7151
65031
63205
77863
67011
43501
67913
97091
75937
58945
60963
52711
48539
8771
67953
38155
88781
91689
55997
50355
36879
15817
56277
60373
34869
21589
43087
20009
75951
57947
99263
78197
12551
80575
14327
84969
31737
15757
25807
85581
23051
71155
81669
69465
90435
15169
59243
28701
46859
69173
94643
27839
3783
62659
23413
91263
47571
56235
52129
50601
23685
1963
79981
51387
17095
60433
70691
72411
23747
34649
43277
89335
87419
22479
8933
17655
95013
11407
95835
51167
15277
67597
69215
54345
42857
90849
99815
53445
71337
68383
25133
77689
22677
13965
64911
27463
64699
18493
3971
9907
10085
43769
48263
30871
19181
53771
53673
41339
30865
72917
5349
98003
19881
88609
94333
41955
62953
16195
11331
47755
92229
37891
95415
77825
77737
40187
6915
52379
48903
66103
10051
69575
38919
72103
38489
95465
61171
92637
14575
39477
32011
63031
5417
48361
61199
55419
68549
74785
79651
86473
22497
84089
23565
88715
12081
41127
5939
95231
4041
25179
34935
12269
3595
1887
81303
47593
51929
12755
3723
82453
27883
52915
16817
39225
30313
50025
39599
93331
16267
89323
79217
99939
74889
6685
33883
84111
22495
24813
39427
36031
74571
8665
95143
9227
7133
94299
9997
51181
40501
50859
55739
6239
70429
8387
37445
38671
85927
50919
84691
59473
94315
733
22761
75145
59487
26663
26643
3533
55497
80015
24829
91041
19435
25891
17557
92301
27857
56423
36447
5579
59715
71739
83629
29633
15619
4637
26929
90537
30179
94473
26405
23655
65881
35229
85077
35745
36099
97887
12563
15481
37097
29911
20681
35655
88335
24723
26259
91551
21901
57013
74807
81429
9519
22633
54253
78001
65843
57167
79509
84835
74561
94669
36071
7077
64379
7363
86129
16883
66801
37533
57255
18321
27033
24369
40853
26495
88421
64563
2855
52549
27641
91835
22637
55203
87825
7377
25757
40715
911
81147
38017
15519
18777
67027
96993
16869
4323
47515
42005
23633
67763
73287
19499
50643
43313
45445
24333
5961
76659
69277
97921
37859
64909
12861
90397
30713
89343
50657
39459
5133
12573
93891
75901
26415
3357
29093
70693
28057
50363
47577
45603
56011
86901
64799
36183
70005
14619
62035
43411
54935
57825
84699
97981
54211
1249
22879
14507
52871
62555
84421
51177
29909
26039
31313
73861
78729
95859
55022
99364
68266
84854
66810
56194
14064
26796
79884
29546
17754
44374
51346
90144
3346
8132
37222
50966
44668
18328
67282
84596
69512
26714
37112
25422
84118
87194
51502
59294
39382
67068
64316
73410
98036
19046
87070
96062
46426
3756
40444
62266
14290
8132
90324
78426
21088
95366
88268
26650
89254
40186
76836
95360
73716
85074
51600
33660
42066
73988
83184
822
83952
1222
75202
45116
99928
8782
24260
2834
43352
5304
43510
94152
93614
66884
42868
11694
808
10760
44110
45444
74748
97370
92694
98618
71912
69004
55766
51564
81276
4070
52838
21228
12426
68160
73904
2760
49150
89212
60400
32858
30346
68964
31182
21150
51024
33692
56508
34208
26412
92846
30070
18816
31810
61738
97932
7106
11426
49722
51078
15494
57734
95998
78122
91898
88234
27980
8340
1762
7974
12912
4340
40210
98366
42360
75684
85780
92326
44360
84772
84352
84844
82298
36942
83880
84184
6388
96670
43294
18354
83642
70588
42888
53414
82906
86358
29106
6662
94792
79016
54968
78864
26866
30312
23934
30358
64306
90060
53326
81606
5980
83970
22616
81256
63996
1922
65838
59488
70864
34128
62198
104
55202
31356
24572
62286
79258
49880
38978
17972
96114
22854
65382
88804
32192
68528
80604
32138
30418
5782
89494
19836
43592
64800
69984
95906
98194
86676
52866
3924
70646
12624
27638
62100
66208
90050
39870
45426
8470
88518
62278
73762
55908
48758
36248
7250
50860
98060
71298
83272
97078
51270
60340
97036
98850
88644
71556
89428
88002
19536
75698
93434
73644
73282
61822
68884
30484
7650
58022
73946
29214
5560
57370
35384
44896
80042
56264
6148
6466
31580
62850
2876
99122
45338
21706
63322
1274
90464
84868
55994
85548
35958
72846
61886
57496
35592
19450
87824
27184
10730
6874
47300
49110
12214
12420
1620
93976
35846
54842
18486
30346
8070
98826
65672
60744
15564
41626
9030
32846
21466
73164
26726
72754
70294
2814
8018
29978
98718
8546
77546
58450
2296
89890
21786
16828
74260
55652
91046
69108
11234
98028
61334
22768
9598
88182
95080
50818
73708
19506
15296
56538
22190
96978
53174
70822
23004
97432
14872
52424
54726
99722
59060
41784
99394
90902
31136
50860
87258
26622
15220
8264
34708
54478
4582
65058
74396
24674
87654
66946
47610
23266
16094
73670
84970
56180
824
33674
27500
12652
33570
52188
53322
43962
61314
92538
97806
27322
87534
36276
25674
32404
46864
17858
8504
62530
50018
72
52872
72560
25526
97352
96202
750
76592
72542
4412
20032
99540
92570
69024
10498
65298
2906
41868
44474
91576
43466
91018
29586
26212
97882
85946
37810
47424
79870
29294
57936
944
68558
93672
57138
18366
64132
80000
80244
79586
12044
61538
91984
57000
63282
46408
78294
96566
7574
47142
45062
47998
71872
85818
27742
98240
54124
57218
65552
66172
23522
56470
17238
62162
37842
85332
87380
20836
79200
83326
6782
23422
52536
42432
75478
11960
24360
65922
80558
85716
67354
12660
97422
69496
25286
29580
14506
43268
93746
47854
9306
67282
25666
58106
93736
14022
14220
70778
47838
36470
35654
41664
78112
23242
26900
56348
3486
27774
16040
12012
36838
59878
11992
79686
61158
48832
75344
64560
61110
16194
63706
4318
29554
12826
49310
67414
79532
1956
30266
83014
35856
33790
10
60930
36102
31708
59524
58552
99544
6118
79944
20648
81822
10152
11520
71474
6732
2112
2792
99456
58936
70600
41698
78510
74070
11468
11926
8408
94680
61090
25102
94188
36430
65504
16310
93312
28540
59528
4204
56434
68850
91772
64948
56074
60436
3852
91684
33298
53428
98074
45336
48630
82958
80744
17464
14444
85128
8008
35164
36632
57812
80568
35378
95616
10090
35300
66216
35032
4404
98052
60726
12084
33534
51530
94992
2266
88372
1460
44428
83178
1678
2570
13322
32568
50358
53946
88412
36736
86634
67224
83850
41770
85856
45962
34056
21228
17548
29918
9904
47578
35114
16770
41222
20168
62938
68936
45898
82488
80092
47038
82872
42142
41356
2160
2252
23568
45872
84362
83900
95824
43384
64454
64504
1584
23370
47914
63334
38394
33208
11764
80980
56400
38988
40664
36746
86282
80570
96636
49864
28184
38120
13934
60430
67250
92178
14888
46058
75658
74002
11568
62318
37770
62096
56000
33090
40246
53252
37454
79936
90486
75040
20216
45964
92402
61152
3386
51546
80654
59582
86038
368
20548
13764
4418
38012
25380
64376
96878
54328
96368
28602
71008
29718
24856
42748
41648
58028
73768
33862
88730
504
65248
35224
57114
97142
85810
58298
76212
20352
78006
55056
97224
79690
87488
1200
91084
43064
53352
25456
81452
92040
20530
