74279
95351
98505
64365
82687
11565
10209
60897
60819
62507
73775
10195
65761
85879
78543
27015
85909
87467
95731
16167
57943
58455
1285
29585
21571
2339
39367
96149
14699
70321
82243
80595
96651
95903
2573
19841
21673
19895
96613
69227
88249
81669
54929
1869
10041
11727
91917
15183
45801
38467
63547
96555
44191
84475
74115
91227
24547
57717
78831
82891
7395
22957
9451
42461
13369
13149
30103
78695
39887
36383
26831
34283
90743
19845
73657
2909
72695
17853
387
38575
70505
32689
87231
31331
55747
86005
37737
27771
9363
66381
44895
79053
5675
28359
22525
18633
35473
88235
46037
60065
3019
25241
3655
41569
47031
20235
99587
89551
61051
40171
2479
65587
49817
1569
46365
55039
89815
89269
69555
62833
74963
87499
21559
54323
28019
10743
91693
72491
7613
81563
22335
59933
39957
70813
60039
73309
86243
75365
71167
40123
11513
99307
31055
84305
90619
4641
10607
50821
83775
92373
20467
63961
48101
1699
81807
22679
62207
49917
44103
84923
89547
77803
75863
96937
82935
4393
13347
49711
37381
48827
52333
22553
96893
36011
86807
10927
46207
7649
77103
13629
13673
16247
67117
45899
27855
51679
20693
73135
22923
87317
56623
11935
97603
14681
62571
53123
72431
38253
26047
33279
2575
92553
88437
83761
34693
19291
44227
73867
80167
38945
67859
76689
30049
90719
36325
3825
4267
13241
7915
79245
40945
37361
65833
65873
70255
51369
61209
52687
2123
61193
43351
35465
95639
96395
84673
28257
51247
94029
29393
94185
9721
15037
90783
52087
39849
43757
48377
15799
49459
74547
69457
88933
92635
56741
59967
19155
69801
82461
38525
20129
38625
62231
67917
10867
27519
14315
86011
86117
87743
14083
91245
809
84997
48425
22989
55611
49391
56277
79533
53395
7199
48707
6135
49649
4897
20009
30951
85331
56535
46947
21883
43249
61377
62351
54163
69407
61519
24319
43943
10501
11705
62763
81939
35145
19857
16995
88535
91443
54291
90151
86793
5273
29691
32819
29287
52171
84607
91105
8889
69491
16189
21493
4023
17079
45271
95097
35831
17983
71037
15073
31097
86141
80503
43939
70533
6979
38185
9429
12411
59009
107
19415
53547
25417
4651
43909
34121
16709
23215
72265
991
45385
23313
77933
83763
75767
85211
31783
98017
48299
60079
3609
2435
15225
84555
14973
16581
75745
53815
67099
79879
36601
72099
94863
86815
56567
68963
78021
78363
5083
92121
91507
19797
81491
28267
93815
38737
56769
41969
40561
11165
51917
91135
14315
54867
44549
2577
8939
78457
28979
13377
12283
37819
96367
78507
20091
62237
68651
47363
62925
18035
69955
74175
36555
56299
38661
26841
77789
45029
25025
14237
38219
64523
6511
84325
57627
4545
89981
75475
34579
8851
55029
32191
65385
60107
15615
8571
15771
89061
97267
92599
39089
65507
6081
96161
28821
27259
55213
61651
99971
11555
9483
9409
97763
29105
60797
75175
32351
74821
46105
38245
81453
77213
89383
99929
52379
97863
92421
48057
57959
30425
38039
48245
3031
22103
5197
24081
42321
77581
81357
81883
8389
76693
32779
74123
49939
90881
62551
18549
87159
53655
5555
69567
1863
68097
11185
71401
67937
49173
32045
74661
12427
85231
62299
90881
45433
25589
24583
49683
15695
92377
101
49895
11091
61655
44879
87459
78113
87455
8567
78513
13463
5733
97993
49931
72353
59709
89953
51269
81375
57659
72285
74947
85223
44821
64601
86931
72053
12301
45061
8413
3035
81993
42453
18305
15917
10331
80163
13373
9707
6075
44677
59135
34731
83881
91137
76229
2207
2851
29961
36435
57145
85513
41087
87947
10395
99859
88441
82431
87829
66499
33605
5761
43141
65363
23485
19281
19263
47883
7687
92049
61763
34911
59213
59681
87979
65259
84477
61311
19671
7385
70973
71675
89599
30529
90179
48965
5405
9589
61915
34513
92103
6087
52091
83205
83147
91451
62395
5775
7429
83159
4219
5977
3815
72655
23507
45313
70697
21021
46669
51337
71675
6095
50265
41275
86917
10801
29503
33089
49091
13965
4271
15417
41261
48067
87135
19619
89795
91423
2823
92015
65377
27803
88061
56785
14497
51183
78741
65175
76481
17461
96491
53975
58483
98689
36845
56359
26967
89665
93189
77563
21071
66935
54193
31491
46475
62671
90109
84785
54251
99919
95083
23505
5897
79825
53809
34451
88625
96847
51675
29585
34901
58917
68777
96897
55583
21583
35999
77087
38931
43669
32595
82763
7609
51547
36663
24093
65131
8743
1231
52961
38067
34455
73231
68121
26587
12683
54537
21667
4365
83159
90149
69721
11677
93155
3917
44101
82345
29457
77585
32083
85725
83947
12423
51099
24783
88071
45239
11007
21991
527
34649
70739
86417
42085
3629
71667
48373
1187
77535
25885
34937
20435
66533
1123
49215
53761
81391
99061
83345
96311
46623
43923
23335
39059
89591
44979
81725
82543
30419
54787
40965
75353
19607
37377
16755
6279
76115
61595
5729
86859
43155
7157
54337
33329
51101
3917
68377
59555
58221
4163
31327
26091
7197
83235
76013
70495
44285
79493
71557
66869
78249
26871
15641
455
83265
55297
55703
91929
90247
17145
75659
86413
25865
75819
88541
30443
35277
64491
7465
30645
75775
41479
33669
50143
561
17181
49385
50689
77631
78427
77407
49669
12177
87837
4577
12427
12749
5651
31165
3821
82733
67631
37881
51813
6443
48571
26155
43371
9407
89731
5865
63101
18851
94779
91665
32301
96333
93615
99385
4203
74657
4347
67879
44099
97983
15101
66371
4727
32577
51613
5167
35769
98235
21559
10857
73983
20147
57005
91541
17393
76855
13655
59851
73415
61855
64827
68749
64069
72555
813
98517
42201
71019
50891
2801
92119
55043
27401
18945
32855
36397
89321
88783
95069
97501
16277
11349
81649
80829
28925
74809
75267
73631
86815
88715
24873
60611
80553
6953
79313
85721
17889
98939
17955
80639
75987
77553
10783
46143
33193
75253
52215
31681
80115
90291
40045
4493
20495
33361
11231
32281
23229
12421
14055
83333
80011
32469
91041
19083
3481
92395
85121
26707
57345
71683
22673
54685
51729
58179
41213
95101
49635
19917
65791
76801
41205
50385
31283
71851
18761
81599
15981
25061
74475
93083
49201
36717
55899
74297
39047
63813
11895
54639
96907
66379
82429
4047
3597
96711
97569
73359
75889
63531
91781
63525
56257
15015
78453
24711
79373
19337
16771
41881
76199
1659
20525
67873
1875
53385
84373
59809
12751
16091
96187
77793
32159
86817
18349
79421
23051
10409
54919
63173
1027
95347
34543
92887
44113
3425
96935
37947
98559
98947
13911
74553
45239
71405
77975
36635
74069
84985
50095
90129
48479
68977
60355
15349
56151
47771
90259
73707
32323
16133
77153
78435
82577
16515
92967
15809
14299
29317
37613
41909
79309
17187
89713
38725
68017
80667
82703
52361
92327
95609
27749
35149
70985
37999
29695
48235
20847
67623
62697
20031
99121
82895
86119
11543
12081
65709
4907
38051
48389
40029
95705
97263
27309
41801
62131
43685
71087
23081
56323
66797
54225
62505
23565
34165
95243
16395
18519
51953
21927
68249
25293
93357
98087
42083
40693
89005
90707
32069
8373
6911
10671
85797
65913
22823
44693
70141
54657
94463
25911
68927
15449
1461
2597
89157
26515
67859
96693
49153
54075
24805
89469
80243
87581
17553
97355
28255
93153
58199
2027
92051
69387
34661
73913
85937
27723
95479
71271
249
2455
46671
72119
22221
81075
32497
16507
993
53829
26533
89071
95055
55407
78939
62767
72247
72623
91703
74965
82063
69923
26363
92265
86533
95335
2593
8641
90815
66853
20887
95051
67575
44063
90385
76395
6851
11717
51871
36321
62225
12031
62205
41485
75163
28773
45599
14749
13265
20917
89385
67545
79443
86365
24983
88895
9901
68201
9269
77261
95221
30191
40323
38995
41565
10069
86457
73419
15785
69985
2607
77535
95617
17921
12409
47371
32193
99735
75777
99393
36115
76683
20605
9895
62301
87447
76350
24134
51116
92616
81430
1922
49198
99936
53918
84976
36430
63012
83540
36334
32838
79846
54354
83248
49636
78622
76246
41414
34342
36520
82146
57776
95636
69022
70710
40830
80496
39906
8990
92740
71074
37558
41548
58626
41594
65014
44550
53616
22122
76048
43642
56704
29116
71446
14876
25106
25848
90144
92048
20558
40038
70030
68952
29902
56734
49148
85636
20302
74638
8700
51244
17588
47880
11536
95280
47770
5152
69700
37902
79094
92758
79350
10592
30278
81914
60310
70800
35954
190
56886
78546
7442
50712
11510
44386
26710
2128
1210
93826
86370
91352
96408
6186
35224
82396
64444
96002
92416
46156
6746
73932
21772
18934
47986
75462
46084
16060
59248
22578
8844
12508
51542
76510
76466
12386
46696
57738
61158
14816
15784
40424
97936
7164
98198
44632
42342
14546
44776
84938
10776
69790
22056
75298
42662
50270
98534
44548
7790
3520
58058
65570
64002
35812
42760
36596
19260
67342
40266
59966
21224
76072
7406
7776
70154
86834
56122
53496
49000
57362
94004
80502
76434
36606
11944
45112
35320
30048
10086
23032
90616
12744
90850
67468
46112
24360
89224
75388
61900
44878
78522
99512
7340
38986
60874
1110
75194
1496
18906
44608
39548
20466
48540
10690
96294
41372
26200
11440
57778
66832
33806
10482
5062
89022
32590
25456
58754
97482
23144
89192
73586
34186
9766
8392
36526
41118
36992
46626
83494
36478
90796
54596
13954
60414
11666
11606
29890
96600
68148
8278
26114
2658
95550
71678
35978
70684
96296
10080
58850
72310
17560
76942
77996
27432
90880
99562
11812
91820
74192
32332
88954
10702
7400
68036
46594
77758
25970
27630
43578
19606
18154
7404
46556
94290
23378
64546
98704
15068
1960
75642
88906
21252
79684
84854
83434
17642
33344
31628
46836
78642
58670
68390
64386
70744
7198
40554
70762
98326
16914
43182
86356
42264
57286
3384
81080
37164
37962
44800
52934
49038
6008
72268
21340
35038
67082
11732
47884
75088
59932
64862
88218
71956
12818
19032
69064
57064
64152
16378
48732
57478
98920
31306
37516
34112
25676
20422
8050
48872
32908
5590
82506
44044
3926
84204
59088
47768
78388
75292
55962
23922
64548
13258
8450
38206
5064
2204
16294
43220
69988
62142
5770
36546
69162
74950
12678
87364
89594
24072
1296
20106
72548
87554
43376
18476
46572
71104
14044
26502
46108
79070
63078
34940
6840
5074
89880
35366
23510
34188
90000
57778
50338
81410
36200
30944
61030
48864
41320
83046
73564
21236
97500
18302
32100
37974
89012
5000
55584
10238
12786
96014
58642
46414
58686
69670
45970
39778
37794
12664
14384
63468
30068
1770
90758
17880
10056
87388
47754
55420
32368
96682
17336
36144
88110
36952
45180
75412
96004
9964
52476
46284
32016
60138
72666
80908
2474
74938
43004
57056
1074
71650
58264
88970
30586
59614
36476
58652
19106
2020
75598
56426
30976
52076
88222
74668
53872
26960
60162
91448
54570
99230
21004
1486
13428
32008
53694
52246
56162
3432
23512
15140
74062
68000
89118
70522
85946
27842
68604
33172
25114
95598
62170
25144
37042
99870
82358
50762
19866
53582
51780
54178
79712
23650
71050
19824
12932
58858
90154
96392
71436
65084
86918
80840
83298
7402
95198
74584
52760
75188
8146
150
46898
81922
5266
25022
372
16166
78048
53992
11128
82634
74724
3028
58480
97742
60294
15778
3762
58350
14228
77084
68614
84244
46252
50834
31472
73358
2100
11024
40344
18278
64842
12624
24726
98278
98124
24094
69372
23138
90222
33532
11346
43708
50002
51222
38948
9310
9738
59458
47258
7524
38524
88756
56238
75904
75080
29844
31632
56700
1212
74142
34312
46832
52240
68498
14560
84030
58820
9356
43696
92850
33656
95514
53022
78194
8880
63308
50496
59354
80646
9694
21836
41868
91422
6692
89050
43084
41530
93116
67650
66184
83776
76854
49638
82200
17532
51166
16102
98402
10440
45862
50644
58132
24034
27464
39458
37662
97562
83944
87318
33260
12192
53788
32074
64798
82544
77416
61582
97242
71718
25390
75012
5852
97728
1808
21088
34190
46120
37898
66896
24070
11718
91212
94538
82900
1236
81336
41984
94022
68530
31452
64886
96442
80096
12650
90288
87192
41990
14050
24036
88042
50774
72758
7008
92954
59848
39138
88336
49936
27550
77042
48460
19534
17258
85980
69868
64576
85392
9220
60276
62278
14510
73796
49928
9316
13578
22606
55994
37568
91920
4954
74184
24774
20682
6704
65450
65452
96260
46908
95764
94072
5224
67924
64264
24542
37156
28112
50592
90020
95132
6336
50348
63350
25454
64692
994
37296
75414
3884
75350
8132
49446
6698
73330
74800
81194
37300
6964
75214
85266
40772
90966
83156
10774
79440
69544
49780
14184
63068
87450
94136
56340
89642
71996
30996
39918
77486
18602
43198
1412
85490
70990
57070
24602
77982
61866
93062
77696
20034
98874
12920
784
66194
47360
68042
47140
21518
58816
36254
56282
92424
25444
79170
49168
58288
62774
73442
53128
21596
7482
45924
81696
69968
52198
62496
97920
25356
58348
91358
54630
31988
63216
96730
1930
6436
14110
58254
40242
18216
60192
21502
63846
90986
62990
68962
33500
95008
73550
79976
3762
57552
77112
92438
24708
10242
11724
41550
72572
73492
19002
72402
33214
35710
85404
24364
70574
94042
86804
41674
37682
83830
21068
70220
15532
4744
48470
42520
26974
10360
33742
82024
7230
87510
63006
46804
28906
11500
8912
74186
10844
16624
980
45958
10046
18962
61728
10616
3242
50028
95446
71376
18032
20586
60160
86476
75236
56326
3346
34026
32296
67356
25422
37578
61068
70998
9460
40624
93004
5292
81810
22976
51842
49386
4418
20310
77534
33670
6322
73822
51278
15252
89186
618
95870
10972
92680
7526
43908
7982
62038
84328
18400
17200
24368
50086
67918
94512
22098
78254
61206
56548
96270
45784
58982
18420
22170
86502
72190
69126
18250
98778
67748
46250
24624
84226
92088
23890
80390
99564
38222
32160
57342
67288
72606
65558
90678
49548
41600
4390
72902
56708
22776
99556
39792
93162
4144
42754
38632
59208
66466
63418
65036
46152
63106
82618
50498
67550
90816
35212
42840
67610
75166
48944
63774
80656
57400
88378
34146
30212
48430
95940
64158
26188
5958
64056
89110
94890
23110
66354
33768
2352
77470
7278
71174
40728
42380
90478
51566
24350
574
78958
72110
33600
80604
7524
49774
64016
25202
34056
70774
13350
22836
35894
39188
16352
58680
4020
20156
19126
39368
46838
88048
88566
80004
70566
80116
79520
42626
13702
54096
42956
41150
44140
5228
88104
3912
4164
82786
84832
72294
26574
31454
84850
59372
49548
68644
44296
59176
62172
99066
26796
40944
14438
49298
29856
58566
310
2646
53582
57456
9298
96788
15648
14302
72916
67902
84520
83184
67928
84756
54786
56182
14828
84576
17962
30214
30268
83818
78120
41526
42882
30052
3626
24848
43298
58592
20952
76748
10582
71626
17562
91288
13854
66456
98180
47376
21186
69284
97318
40958
77624
53152
69448
48686
81834
67328
69122
94698
30028
88080
43972
75082
15416
40144
85718
93280
6942
39714
39802
55208
15294
70422
91192
49542
35660
47458
28970
61226
24230
69048
58146
61882
73810
9874
78552
32546
56046
7296
23416
17422
17518
26402
94650
84418
21924
83548
62538
83646
29760
31714
53400
70600
85468
91760
19484
92384
30926
49026
17770
61932
57508
36876
57980
96434
95092
96080
42134
69376
90158
89160
53134
91162
59160
27694
29158
24390
55694
28482
30788
43524
94224
27124
1568
64844
52902
57158
45746
95616
99882
65770
15306
62844
68018
28558
77490
7368
53812
65140
17454
78068
45788
78202
89422
30726
29170
53368
57640
62610
7752
60594
36534
56704
8426
46878
35536
60498
62518
25656
37776
19724
76528
65022
24682
40560
3390
30494
74102
55008
78008
3808
80278
8776
3364
30700
70810
41160
22160
73740
63340
26798
4862
99956
83142
46662
60436
22268
8116
91840
46300
24574
83756
78032
88276
29962
98476
72796
54064
54020
54312
91478
89658
98652
93928
62586
7484
22682
53538
93530
32508
76990
58406
