14795
2233
43551
64349
61479
88325
1243
39795
42067
85783
35357
63659
83051
71369
19117
48275
70049
54133
38481
34451
81337
61641
17175
28391
15397
755
66143
72889
83669
76519
86115
95263
11671
91671
66541
65267
96625
20695
88597
63817
76161
4543
6753
99227
22145
67139
6729
54073
96899
35451
49463
8679
52685
40749
75843
35403
46965
21763
9717
15227
80705
81373
49059
98895
64549
67909
74963
18625
47605
80975
91515
37081
22777
95019
36341
22411
91585
77325
83593
89911
7179
43127
90605
545
84653
1667
77103
66709
11799
46957
59125
37425
1327
18847
89717
13987
73431
4361
23239
24337
37237
31859
28453
96771
85097
16673
51859
80509
11253
9195
72803
99995
90701
54773
36739
80901
40457
83945
44219
2749
81597
18183
51757
82327
90677
37039
95553
63991
47811
39989
59643
41871
62425
14773
52501
13873
34221
90479
53099
28807
41123
39623
79549
26081
49885
83641
50103
83901
621
52373
20857
34123
41831
78099
3973
26847
45277
22469
56997
67491
53483
33005
56485
65971
46043
33325
39883
3249
92383
15477
73525
81
36991
34399
80865
85259
15411
49535
31707
78227
97271
13989
35665
56445
76923
44637
33565
42881
51961
66027
36157
86377
34847
83993
16939
22029
69173
6039
71845
85165
44583
45701
93153
62563
14243
73673
48097
82887
35803
82683
88175
7177
70725
93269
14167
82577
80287
52013
93133
47241
38433
79963
20789
89107
22743
49725
99231
83579
45015
42229
19809
37173
37725
92033
60447
96881
49541
8539
49539
2337
58883
90167
74965
50507
9495
56993
31293
98401
82881
91847
91335
13953
33615
47333
29515
9313
61975
67051
72897
43331
7417
3199
369
33417
78959
76349
82641
54359
38335
79655
20665
78941
72345
67749
70423
89041
49023
3819
29455
14443
13825
30039
4735
82775
56463
31903
9965
22809
67243
83349
29843
37887
80049
74569
28801
73509
58767
47565
96793
89277
479
7685
45205
47889
40321
12855
20399
96161
7565
18901
24081
73999
93213
77089
75449
52947
84751
33643
6835
17939
54725
74361
81317
90457
56763
55785
5223
87653
45903
99431
44569
31319
93971
91749
74761
45995
56581
43475
46233
4625
11279
45063
1719
88261
63341
69515
25511
34891
26305
97641
53247
3377
73057
84811
40719
19557
2407
81197
70659
18551
44423
27795
34207
4753
30663
67731
14931
68437
14903
71551
367
35559
13269
27491
57165
67781
77603
7815
14475
2039
78989
44723
42643
12249
92311
23232
18452
32994
77670
33508
22602
33266
77880
39080
32760
23540
1826
62566
61896
82828
31674
86508
33448
64210
39634
16432
66398
13376
39864
27788
12324
35458
43352
87218
54652
72474
74000
25180
82044
24596
20714
92876
86294
55194
17378
26814
75812
73134
10380
26960
92010
60442
81530
6184
15016
55656
91812
52076
63718
92348
68060
91916
3452
91180
49854
34308
62050
63830
92890
53386
2304
76542
42722
35232
31466
85762
20100
66784
99052
52582
44938
9654
42698
50838
25700
31474
95112
24990
15074
46324
33370
86024
33062
45924
76862
31118
48122
69902
87146
98358
99242
1274
98090
67174
64490
63716
27834
95708
55022
78316
53598
24884
50178
81974
85442
86924
17014
48848
45006
14112
93476
97340
47074
45226
42496
39400
10804
2404
64344
27172
12048
54174
34840
72296
19454
26504
68632
30122
49950
25390
66568
73236
59402
5760
83496
87388
41174
62638
49414
32870
23280
45676
77100
17454
17084
59582
68904
60578
47884
41968
28762
61822
44896
6566
81994
50870
17964
5858
2056
79388
98342
51676
10004
14502
39690
25194
95514
86276
39758
8940
37036
67350
75802
87154
63058
35674
3670
51052
50982
64694
10878
52242
16990
16214
32474
55758
70256
73022
97170
67884
72248
89962
21942
2436
29122
93898
67786
98006
24170
76436
81648
63040
40164
59904
79218
3272
15788
30518
21540
86382
79136
64158
21794
51136
77552
96840
4930
94394
40716
43070
92846
25226
37286
29652
13038
47566
54484
6338
96690
96882
70078
30258
38534
98782
11804
13662
11634
11768
32908
61570
78596
44000
6296
47064
89664
16622
46712
59452
36960
83122
41882
62162
19842
62512
41114
69032
55222
27666
56862
86930
89184
41602
33756
95018
44086
78182
5970
83798
66596
41656
22590
86704
19248
32412
79778
73720
69440
38918
36692
7492
23786
41074
91878
97038
66384
56060
60072
35634
32860
64210
66078
9738
98416
36380
31546
68224
43008
66394
54756
86154
78796
16080
13072
62032
75534
192
17454
88298
5730
55250
85968
72414
29178
18184
74988
17870
28212
36234
86118
46260
930
58502
42424
54144
94540
53506
60372
48924
70868
12922
63070
39356
54798
55622
34770
93026
48626
28674
68522
7214
50532
86076
91226
24672
51830
79970
77840
43564
87878
42668
13162
21436
89130
88198
92226
23538
42978
70766
18670
28570
