83915
87451
19443
8355
32435
77929
84871
33913
28647
78009
16669
34393
53511
64119
80337
13625
47495
42637
74637
64071
10105
40401
23573
93943
60537
38907
29987
14151
69119
31271
22977
71433
56879
44805
86673
46865
37215
99063
85171
69417
45011
27683
8549
43529
42099
94205
67439
81171
11913
30751
52485
57115
67187
86507
67233
58427
30273
24983
29887
7557
29175
65547
22247
58147
23495
94751
49497
44959
71011
95729
24203
45579
93003
38505
43467
63827
89129
38907
96919
25137
77191
1711
71021
21103
19333
80013
52999
16951
15633
90857
85489
44387
22759
88619
34223
86461
28007
29465
25663
5611
38419
37781
62769
97331
51407
28729
88513
91085
73099
2761
72857
30837
90431
78827
13479
69499
54611
14763
28359
77889
89101
31035
91109
63105
71003
40483
82577
26587
76985
26635
22033
54653
29039
13387
85905
86781
48949
12937
2589
80543
96311
19209
72961
80099
16173
11485
30291
21411
29479
22859
77963
91311
11281
4655
80611
77339
72611
69163
30773
91243
31059
85505
77071
90123
43615
2375
26573
23403
50685
24333
15789
72635
12031
19067
83603
54041
4403
55313
37087
40315
86281
64907
49821
91385
50915
56065
46023
3187
94103
34025
7693
28157
91783
43841
6943
75467
20331
43017
46897
61637
72571
85081
12285
19207
60125
40825
48555
76349
62413
50685
65247
89363
52495
32825
86175
70325
86771
19619
77655
35969
21645
66207
44897
48437
5027
60809
91499
71865
59009
24987
25781
87189
35699
96511
50279
92965
98533
18013
92025
54549
70073
57209
13211
2563
5267
22813
85717
18283
65819
45847
55735
20587
67967
8525
35335
93905
95665
38791
42853
42603
24315
14851
31257
82981
53167
69071
63427
44357
58795
88457
5581
88545
94313
723
43573
44393
92045
17251
18931
16517
1389
41363
48013
13081
88475
51807
62695
32319
42703
30231
29139
38949
34593
10309
97603
63215
49467
54927
83785
9409
27971
88831
78751
80467
12251
7059
99175
91453
22549
29737
8683
31737
61091
87161
3345
45271
37251
80753
27971
34717
54273
91707
55777
15541
74917
58439
56977
40999
97697
10621
90487
10259
91743
1285
14287
62453
51211
42465
50609
41027
71237
39281
85631
2327
19379
18749
22105
60411
66765
30843
17515
61569
95177
17409
36481
42793
62103
12421
61895
70491
463
13941
17053
39141
47837
21927
53017
56065
26435
34995
77447
89285
56111
24659
85535
97509
68313
75495
69575
59605
82167
4247
73051
33273
78877
37727
71791
15617
40825
76075
44385
67657
66175
84309
85113
50039
82613
88345
76037
65119
39577
93197
25087
46121
37255
25147
11329
36115
61967
74997
85455
82171
723
99967
14123
96473
57243
21371
25267
80719
6469
80805
28965
78477
90525
41861
48021
64215
48325
1289
12705
41911
55105
21391
50061
20129
77059
48605
16345
54451
48295
82579
88367
36355
90047
45359
75545
74651
21115
30415
47493
63339
57645
95127
7061
44291
73301
55957
89875
83401
46651
94873
71373
18411
27995
41249
33729
409
81585
17253
47507
15489
90877
74661
10825
67413
38413
11651
79007
58555
42031
58911
74487
15745
13695
14517
15571
81673
84709
82059
15437
19447
56523
49709
95607
97351
99539
91465
77375
73133
60567
1681
21249
97609
58147
76475
55503
21801
76429
41709
50173
75255
42619
59541
47033
9247
36397
87741
45497
78057
64923
22707
64241
56967
6053
69193
72661
6539
50839
30913
4589
51587
13237
34007
64487
3505
31375
87761
89665
75389
30913
27927
26699
33361
23905
74157
22845
65973
24119
38717
43951
99673
26093
61107
79343
96421
78419
43539
18445
72115
25817
88749
70735
47857
29523
15575
69603
44139
59179
30101
24595
69665
69893
30299
29063
7567
36851
15191
8525
38037
29319
25573
21319
58995
10477
32291
78779
73887
47497
43681
97341
29079
39537
42763
77075
26851
13329
28745
45259
89771
35617
30633
4481
89153
65001
48989
1219
90029
80881
18487
58533
76995
66609
67253
97601
99549
99719
56905
19729
14263
19065
32245
67361
2979
17223
9743
87097
32213
77933
39427
86347
82525
48393
51175
7899
19389
79515
59961
87949
93733
72019
68371
5819
73449
93137
47825
4511
3625
39957
56373
87573
34299
97489
97261
77831
62213
73809
16177
15805
99117
45001
60587
10055
97895
98325
21977
91795
82495
59821
62841
22397
94811
89025
99887
73017
93749
62989
45105
52849
11085
79639
34491
90005
51083
38681
45457
4577
31305
427
33039
63135
49477
99529
48761
50501
73691
85783
9589
71435
41967
27999
97263
5021
76763
60393
94109
82881
11295
48087
87117
88983
70471
82035
8351
23017
74149
63707
32181
15053
18761
85613
50031
76135
45381
80491
39853
98017
41331
3415
94127
68829
59175
57867
48911
73201
65021
88389
94421
31583
40211
653
94215
92087
95995
47037
88569
17139
91475
90383
17725
58107
88445
9775
9669
30601
37709
80407
58111
58189
2901
7581
34933
35771
23927
94611
4629
28905
2175
15719
31581
39927
82153
36009
32871
35225
75121
50849
18679
39409
61515
9199
64433
25923
67957
11985
55785
87121
14253
86317
13763
3553
45321
83759
53339
65329
60219
74849
58239
90155
98143
78123
34093
4529
55989
64151
19393
47043
29289
51537
4173
31275
55019
71239
25023
20527
66303
59841
49095
72577
53569
27905
97331
82631
96619
26745
18115
42947
35501
41315
69111
63827
68151
529
59991
98503
38049
45681
10339
8073
98333
79145
34275
69449
29763
59539
35445
96761
50975
60235
20233
39291
23773
59125
60537
7005
84605
99413
96545
67237
26897
80933
45323
97813
97233
26955
80805
89691
96533
11809
73283
7413
40891
59081
81123
15085
11149
23237
28351
10103
58449
87043
76317
88707
54197
48741
98737
40655
68903
9897
17613
7735
14407
71641
32525
82431
79031
85467
53341
68741
26579
98211
58921
72879
54203
46247
86077
21717
44163
64075
42399
62721
37787
19563
30463
25629
65309
757
10691
1947
19257
37447
13619
59845
88457
6963
76849
31137
22287
24833
95611
15009
26227
25317
61391
26849
2607
20053
98575
14201
97749
52611
1989
10603
31939
37885
1037
6795
9373
43473
50579
49435
17031
90259
15597
4435
94323
52981
7069
97589
78175
83493
46799
21937
2303
81101
48201
80357
24013
31017
31491
3779
54457
55373
33035
63741
36265
29027
85697
40117
72951
36007
50967
96723
26877
85247
36121
89589
71799
65025
87515
21359
44125
78565
33155
71051
44849
30801
97173
91325
88007
96577
51067
21309
75713
96203
7303
68287
10051
84721
14667
8755
17409
24319
21271
22597
18167
52689
53531
6445
94795
28621
18395
94049
10087
84719
717
61039
48821
40733
87835
90655
755
28999
61607
63173
26545
69415
69941
73493
68109
97499
36001
57793
73671
26687
92007
96221
88679
33723
48589
41821
94531
42057
52189
10327
28073
6521
72447
72029
92829
36671
30273
68315
18623
8213
10907
26475
38239
68385
44469
94121
69125
54681
4671
21873
28001
44263
93721
48501
49705
33927
11591
57563
37439
23823
47031
82847
11141
79647
52011
97125
70569
70825
31105
29067
1673
44139
33167
44517
81653
40825
3279
57727
40729
70453
56943
84003
12265
81179
3895
89833
43605
26761
53875
48769
32859
5161
445
51959
22987
91241
44899
45277
17927
51971
80301
6115
72139
26693
38853
27097
16913
6013
1515
43983
77899
72341
76579
47881
28607
20029
97149
73299
62525
61475
24035
75077
32917
3345
699
80475
88427
2971
38695
43459
68545
59993
39771
58561
97563
32745
18727
96197
24745
14239
16825
21693
5381
56675
1911
43725
54605
98017
57191
74261
9107
4821
23199
23253
68753
62965
86311
81605
46149
16735
46831
25221
48991
82037
3623
25475
15113
9083
87915
72449
99571
44295
35169
53593
50047
73663
38733
70645
26843
14841
20205
71341
55661
58211
37099
80263
96517
82457
16213
97331
38593
1671
20197
36077
27297
56457
30775
3855
21567
43787
1729
68599
92699
78795
30803
3337
39635
98555
71379
61021
58423
85147
74659
50509
47401
63429
67093
47531
63991
26105
87693
58455
96045
11019
10061
70169
80691
72947
26249
4493
85647
10443
64533
2927
94753
5823
40043
96331
61233
55911
26545
11263
66757
26351
18153
41629
97115
70863
77867
69409
61457
13313
83259
13091
22617
44029
28257
38035
21545
98003
37885
39145
30661
70127
51775
81711
36973
37417
70213
79693
90543
8593
2879
33121
2831
5665
80907
6209
40543
51423
22689
46059
15951
65245
64297
23637
20991
32461
26631
16279
32867
71405
50713
52733
58403
51105
9563
56511
77271
53375
70901
15591
20027
91451
39911
28403
38795
2023
73063
31479
54611
64473
50801
59977
52183
40375
40717
61243
91017
17103
92855
72351
61969
14277
96399
84947
42935
9665
25177
88799
72839
53639
74165
70815
67353
23919
54273
42039
47939
69609
5639
39161
61349
48385
59719
91351
78825
86209
97921
97503
84961
29973
9513
71867
30291
32363
71923
51313
77135
26165
56783
1137
33329
17837
68763
58345
93133
30121
85647
83837
82557
50275
57617
95073
68039
46893
40201
91239
1673
1797
69013
32173
86019
50843
63815
46341
1171
2661
72903
16259
3043
46313
4139
95107
67057
83391
47629
82021
37945
70647
99655
40471
40027
94447
78829
96863
85061
9973
2473
29993
83315
11493
90819
84703
49057
735
12891
63133
14139
28967
7713
81529
26745
6861
30777
37717
99671
64129
12263
85315
24833
6555
36603
63953
4003
97045
58727
69415
72055
56071
50405
11491
34515
41237
65775
31465
76569
25457
43791
7121
27421
13471
25197
25607
69577
54739
36945
21873
28407
77799
33499
17077
3725
48523
82935
27601
92443
65593
21275
77181
48417
8075
7863
66913
65417
169
50229
2411
74277
72739
58159
61957
2615
27837
65083
90021
75971
81689
99151
26765
181
20259
27233
39435
18357
11737
4709
53283
47697
12633
12789
32263
63529
34307
19767
51325
7
37115
91963
66823
26695
88149
46041
28557
4469
29447
64337
65605
99255
9341
39643
60925
85303
9055
21945
78547
60607
91021
5083
46253
55585
479
9935
18699
13063
44359
29095
84095
86057
83753
43805
6501
70479
90029
5165
51489
35217
21397
70673
54601
97843
61999
31629
65601
87849
2599
9617
72849
69455
14377
4519
99617
47227
72733
10187
76715
43111
49657
39613
41021
98525
1033
48117
16205
26257
33701
33911
44199
35687
75499
96937
96433
52277
76519
37977
49387
23493
71231
92971
14025
75053
69049
1927
32143
55181
23531
45939
2541
3597
19933
80511
18779
44495
33679
74205
76127
39565
56795
91747
77543
24305
55131
43903
59339
1007
13175
88081
84863
11205
34227
8323
34951
23719
38929
27279
78727
15293
41915
60055
32427
22403
70973
33233
70243
23793
6461
33949
92475
80003
99995
65579
26483
17223
88873
94801
73407
62379
70027
31139
32645
64471
84967
17881
18331
66849
43677
95341
93769
52891
31557
10447
19051
35519
96421
70375
96047
44181
69551
66595
90711
24107
39461
63169
96515
27647
89991
46329
6611
82471
22395
92761
33301
56707
1097
40305
94205
26545
92941
95309
77317
18105
58409
83001
85849
6419
6845
71
5695
98513
71613
5687
88121
47223
95563
29557
13833
89079
95975
13969
53879
70219
52975
20249
52639
92751
98851
34939
79071
59007
77795
45705
3553
52639
26551
62757
92331
81491
95777
73773
30739
15101
97771
26541
42155
17227
59547
46189
65871
76561
60427
26629
58029
47027
11497
577
405
28939
11185
39531
47465
6793
47143
64729
45873
28671
36273
66111
17605
99729
56797
77879
44781
75525
78999
43807
58513
25885
47535
58459
37295
19115
28783
16605
51681
64229
24309
96661
62719
14419
94843
47733
73837
53893
49471
11077
44105
19161
7755
11135
17765
15295
65669
12905
2749
92495
109
65165
57965
87283
65723
86171
67139
14639
28401
82085
45505
14069
66753
1783
3207
47703
21775
54583
52677
23307
49497
29723
97991
28071
89537
20191
34435
33241
57127
9191
56039
70577
32551
49571
2507
6277
27141
84447
28971
56059
22959
27593
6491
54767
35535
36913
2659
94361
35339
38237
29461
34291
12399
46667
62861
75129
93105
20665
85771
83097
95987
88279
66885
69867
87293
51125
43973
38453
35269
41439
96759
68905
32085
54701
91145
83559
95919
74189
83199
10817
6779
40299
76561
19337
13469
90875
1789
79723
84127
35459
12405
68729
5269
11521
72801
16653
6161
74355
79305
45489
5487
76205
6993
40189
10001
23779
61457
63117
84879
3259
73479
22529
63891
66975
95481
10349
34961
22779
56311
73033
46567
66487
74499
45797
39385
71679
49703
79683
59419
28997
2859
91193
95459
28077
19103
21101
45431
22993
88247
66235
60663
74899
83783
38695
98837
35133
79047
57633
91921
16793
60229
77535
29475
30121
65287
46911
33121
72253
34325
7979
65097
99177
5115
86375
77281
91991
6649
41183
95
47579
40925
52429
69605
28475
43327
61987
51861
9209
10559
50411
98917
79185
90287
70095
78661
69345
47357
55495
24435
39357
6423
52075
87983
90527
4589
79613
90153
52285
35807
80409
61471
25295
81047
90385
80885
56073
51691
10769
54963
9735
12215
8057
95441
82725
79869
17285
98829
40953
77127
69001
42673
10975
66517
73789
25435
76377
22777
51601
1281
34927
90163
21277
29479
3677
66613
27495
80937
46337
85911
15943
34445
41813
22989
97623
77825
85899
45643
40191
66181
81539
48577
37433
86261
67301
43249
87091
2789
12825
48447
61525
34957
29609
59453
4385
57495
82389
45983
46679
71833
24547
55365
60811
58793
4767
93783
98863
52139
74991
11109
6305
64279
42791
90999
29159
35913
36607
59477
83009
22695
37921
31877
97467
80817
35011
49417
77279
29319
84745
14091
41339
80161
40807
12419
1963
24597
51095
65333
65419
7861
78975
76081
77601
10320
87952
75318
48790
85804
27902
35336
43296
31966
41452
20350
83090
30996
1030
39852
8076
68520
68506
50878
26904
47004
60662
40806
4364
37636
33270
98420
52950
28094
91964
40214
67058
74
24424
71808
97790
84274
8314
66220
30628
6244
24730
1616
19584
34766
98182
94666
88868
29510
91258
6868
88260
2260
5406
52180
91682
87316
57010
52016
71126
59454
88298
5502
58524
82852
82106
54454
13782
34496
87950
93798
8708
68560
85396
24426
89090
41922
54892
45996
89320
86830
74368
36482
85650
65256
83458
9970
85136
78080
71136
40514
46946
35946
24522
47060
78590
85718
14502
58862
15978
19194
32582
76676
42672
56236
26284
21062
85940
34762
15512
35848
56420
11510
16302
74880
52
16556
50532
55778
680
66486
85718
21446
12180
79090
8580
28128
69728
49420
31292
11820
10286
43352
88224
33022
14780
66174
96442
25442
3626
29332
8374
48954
23650
53302
74346
23156
94110
36740
47612
34704
39586
15912
3866
21382
63294
62500
49782
4002
15710
52858
25376
54022
27396
80890
84570
90506
87102
95252
60798
73876
73652
73842
79776
99184
94798
58224
91894
61218
90334
28820
54296
97330
58354
40516
41886
92664
86342
96128
47866
69748
81746
93842
68034
89676
48378
86264
49060
92804
34106
8694
94974
79282
59830
63506
57494
75508
41894
18114
75618
29426
84342
70104
33332
49516
43862
73566
95420
45848
22016
38420
68520
32582
52922
49678
51816
68858
76044
75884
86066
11684
53220
35696
682
87724
17386
71354
21752
98668
92812
22760
33340
37920
27644
68860
24158
71202
69826
56018
47532
340
81000
52512
70636
34796
77642
51914
13006
28496
39496
75940
45458
38272
1790
49428
84100
23714
98570
23966
8216
21678
50530
67370
96114
35238
22280
5360
82704
52094
29348
80308
37876
75580
39112
82772
47954
46220
52354
14186
17198
33936
42702
33830
88242
34078
63136
53836
7016
67694
82558
25748
34586
82986
75650
36900
5284
39812
83168
6410
66044
67004
82368
28494
83482
85590
66072
50368
2820
85414
96828
89822
63222
62464
32142
68626
73758
76096
23052
84640
58344
84456
99940
95920
33210
59924
65236
76338
5132
52274
61030
18798
43694
48064
66618
91486
85508
74148
29012
92598
50314
45538
7308
62944
45588
26000
26914
82222
21984
22226
59908
71016
34522
34184
65034
63414
91702
9904
60174
95854
44884
80020
79830
63688
61080
40794
89396
28338
45034
12480
27754
26978
52302
23310
55448
152
40422
4758
97204
52234
27032
27504
36406
7826
45488
7464
56116
96998
44726
58594
60418
96096
39446
88922
6468
28884
69268
32248
74618
16364
4048
35848
24170
71404
1234
77826
21222
63628
64764
81538
45426
98264
16688
63236
27164
57292
56452
77386
92540
15638
92566
54220
38264
81436
97140
93354
53092
96404
39202
98214
80088
7562
46588
14610
66200
74790
494
744
32156
63432
55544
94166
31040
38716
9356
73570
7024
80008
75124
56352
87458
14686
62440
4724
1474
51940
55778
746
39788
70452
42090
72124
29304
19550
27270
36614
27560
85546
65448
87168
80584
95282
75832
18616
53156
11964
48646
41532
77078
36000
33102
69606
95570
93408
3530
18384
49844
12892
10282
31816
71070
29426
25938
25720
11232
24498
47776
85174
61714
9716
19650
7134
49178
37126
37810
71684
46122
58346
15880
54874
68508
97902
52350
13308
7800
3228
83796
53466
93860
8702
52156
7530
29528
77462
36462
45382
34414
39446
65216
62416
57048
9810
50524
25120
48842
43376
23114
90920
59462
20186
77516
81940
51656
62392
19400
31240
42020
79304
75432
58852
26824
6214
37436
46450
37100
58200
29662
92078
33196
68074
84440
58134
49758
76904
42302
80374
77644
90586
63506
7520
8604
81090
67798
20114
37046
69642
64884
32112
43960
22094
6580
50582
7820
25600
9618
73786
25864
15134
47254
71048
53182
54568
502
10688
38024
21392
64292
63240
13298
89386
24306
91834
73082
9464
65720
44092
94300
45880
58924
48758
47094
71276
99104
23840
90942
98724
34126
22488
53310
96104
91074
15792
47118
77862
31774
6530
37198
30918
304
91804
12244
64254
79860
9486
52142
89662
27698
18386
752
29350
99192
62536
20904
13850
26830
15424
64410
86770
38420
85390
93330
92262
20510
54688
4554
13644
97236
63684
74680
20762
14700
65058
15000
89500
66632
57448
28946
55724
24918
12196
25814
49712
7006
79624
96992
23268
92142
52064
3794
2040
66726
55198
10146
8624
33944
10538
23758
24336
95740
21584
63368
4152
25572
46944
71020
44430
13556
18174
87378
33652
29528
10512
91360
80876
6204
31012
11404
49540
52408
58868
61370
70882
85668
36224
61914
55080
15354
79144
72246
13930
89602
89822
35432
2310
51932
29238
1164
14966
97426
15742
46824
81640
43188
60360
88618
12142
65702
29124
15456
27536
97564
7116
65300
52706
87440
93348
61260
62754
94782
17790
74172
3536
10596
43618
47090
14344
80224
38152
60342
81338
99854
15284
58914
23962
3082
77822
56212
67748
12530
21112
73456
32802
51344
30478
75484
22838
13060
91836
26390
54634
4994
56086
70668
25952
71880
6096
44762
65606
89814
38538
39886
56384
6224
83244
59348
36838
22052
26454
50470
26494
42800
48610
70560
63520
49464
80390
61368
13212
44236
70174
7004
13990
70358
88358
33810
68026
58304
22388
61762
67312
44988
41052
56650
32256
29924
96464
89118
74828
25644
75594
24870
98398
74598
32852
45312
94076
89962
47710
84268
68814
65792
38852
3330
67254
49850
81450
97044
54368
23246
52038
33364
88162
76238
81328
52302
15404
80906
48856
20644
47048
18618
42456
29668
89046
51868
38416
48648
77554
662
29504
79338
2154
48916
71762
81904
88966
54226
29584
47828
16540
3098
40280
672
10074
9542
95320
3850
42160
57440
7976
85444
93134
76366
91068
306
2000
56674
79154
11650
50824
52574
5654
90562
27850
98202
23046
40382
24034
46034
78600
85450
43924
94810
15078
51432
5258
59906
3402
99612
36482
60718
45742
15294
19984
83114
47784
86874
17846
26836
65392
68556
95024
68204
72012
74384
3746
74754
83316
83262
12960
95672
27818
42834
39522
71336
35470
63430
55676
12354
67642
25474
7674
49518
85562
88114
24062
88948
32744
30762
76606
55884
81466
59964
71614
96122
13506
98652
87766
42980
97560
42482
39226
64230
69640
20080
44728
60744
18962
73196
27274
87246
86376
55960
76198
30694
38476
74628
38380
53432
90300
23396
74144
87670
56446
44702
73788
97748
61034
79574
62846
53962
39256
62282
602
17280
60260
63732
25190
90674
96984
18366
74514
48596
74676
31110
31160
59276
55988
74258
32472
37102
9812
8000
55942
79972
81344
74320
3362
9356
85568
21300
78904
59856
25336
28556
2996
11222
97296
37386
13536
3456
65892
90700
40340
42524
9392
26830
19128
78544
55372
96550
49570
50300
55244
77946
16256
12558
25072
25666
85526
17154
49880
62490
5520
72778
39092
50462
67424
96874
73670
69748
92080
37276
50796
81730
35782
38738
22274
49846
28428
88532
52456
7086
61352
20574
98732
68816
97172
7080
90126
55758
88314
55110
26696
68302
95512
20994
78056
81520
87036
7290
2994
29366
97364
49728
68292
9664
39502
54730
33496
44858
94350
39384
42628
84046
49502
82644
98954
91206
97324
55044
308
20440
23968
78818
40686
97964
95500
42556
63810
83354
51960
15490
25480
44848
95324
12134
20560
94810
94056
53700
76802
14612
87016
65456
35968
92278
24126
54722
22348
40672
85706
53518
5408
13464
90820
41016
92578
38012
8158
92500
41656
79606
48900
15816
87178
59236
42744
57204
20512
24698
85348
9636
18078
45542
41548
19720
96566
41750
68198
20426
50524
55892
68398
22314
29112
43890
52706
45066
52492
18556
19856
45126
94512
87656
7548
25380
55360
92150
78762
78028
51778
96042
642
89954
97710
31350
78246
39152
2010
64558
70876
78832
17150
77070
91814
70276
95402
19356
81738
97694
5026
20486
35072
25380
17808
8324
20826
67058
88986
40784
39602
58890
78494
61258
41254
22140
34782
19270
32372
48962
54830
98854
81136
57004
68668
77240
5566
30348
72456
31610
40828
29774
17454
98678
43342
39238
34702
46172
13310
35732
47712
91598
11220
63934
26402
35042
71874
50418
74654
7188
11458
9058
58412
93118
8854
50762
16958
62046
59446
26404
12774
60332
5992
52672
39362
85998
10924
75998
30822
97042
32638
2238
16408
7198
87148
42262
91252
65262
32234
27002
51056
37736
86962
84712
22526
49482
76550
68160
14514
17192
38054
30056
83690
5496
88900
95038
70782
4298
59302
37242
29302
26254
83022
67688
38448
9074
53434
76696
17108
40676
68910
61390
65348
1274
59974
73972
93890
78274
42070
47676
30854
18012
79498
83664
65620
71866
44070
53140
38884
39254
20362
17288
25614
17224
32052
99834
53902
77508
83772
33554
35846
17564
44752
64334
7288
66570
72290
96490
2330
4882
85968
7538
61498
21820
18722
82464
22712
42662
77794
712
21372
39014
67306
34870
46680
85210
31318
7854
63162
52
27672
27360
51108
9842
84690
96200
28472
24692
96448
75732
50470
57526
52484
53622
65156
85208
94324
82426
32910
65716
64656
63386
69850
48672
18592
72224
3806
6450
66436
66438
51244
32316
57544
12772
58822
21296
69258
43874
82032
48220
14356
2754
25674
39678
99858
65774
63822
74816
48978
37284
87592
28426
66290
88832
72964
8586
70366
67246
62022
708
99718
47718
72898
80422
69368
93454
49176
58138
28422
50738
52004
5278
47760
29934
82832
28880
7914
65550
4422
69386
8134
30922
54772
15942
40754
41550
45972
75896
67174
65208
73586
43498
7028
95010
86004
73696
40342
83156
27842
47928
64358
60728
66994
58628
59096
75460
97890
40640
13584
99778
38408
46592
84420
4684
85592
16982
25086
90480
57892
32722
46484
78198
52344
45266
91956
29084
13224
18028
18312
23528
4532
31304
41728
86284
87744
79288
15682
76580
38996
94628
74844
3758
58296
17034
32124
95384
90816
25966
6830
68804
62466
19076
15872
50090
62500
4696
83228
45184
40134
62964
48842
37692
20298
13666
40956
61908
5080
74516
36818
54702
97328
23338
50718
20832
21338
32530
38460
54752
6050
95956
85914
8846
38760
99584
9010
16452
19718
76884
97082
72132
23078
35560
94900
25268
94838
11228
11480
59218
46326
17640
1744
35694
99876
91496
11532
88796
51910
96538
17900
32072
87162
34234
48232
77844
80452
9406
63752
64940
90986
2198
35816
83338
78846
70574
74794
55120
5016
95854
23464
42390
9904
80360
65184
89180
42442
94134
99788
54058
33358
91592
6546
23490
3472
336
2966
63848
33460
15210
37480
40666
44942
23032
39574
88996
38282
49740
88578
64466
13956
36316
30922
73202
98330
18920
45218
30012
36082
96804
90656
10636
27058
97340
40046
84492
52370
60736
23820
80628
49254
76416
67474
89196
62542
26584
73468
35976
15662
57324
48264
77804
14376
43094
54436
34382
32352
43216
72742
84044
88904
74360
39772
37782
38752
76204
76302
98934
30820
63280
65296
62272
88218
26348
46786
52490
11758
10016
31696
6266
88434
80622
79444
56834
8898
61962
90176
34574
25464
84616
33646
96272
42508
29290
5262
70582
24850
62768
73530
65762
89306
69902
56694
33874
34522
59976
23086
55002
35926
42382
13420
45852
34048
28986
47316
72558
70546
92156
90438
38006
71384
11980
41870
15410
45382
68168
10618
93346
43240
6114
28132
42452
80200
10974
74132
91228
106
68196
73208
31842
30232
1554
75584
80274
23844
37088
4656
53318
424
43898
90930
66362
77470
10496
95420
45462
10188
26224
82342
27236
60202
17532
18032
81628
34574
19684
29340
39146
1546
95936
23484
17656
9484
65500
6664
8346
9748
85210
51498
37956
46260
51178
38604
40560
64262
77402
94632
99464
64884
24558
1720
36616
18922
7768
38570
71584
62868
45908
39426
94670
61446
79892
75506
89474
33930
34392
19660
76676
84212
86248
68014
89136
43320
55770
18432
22072
30152
4988
56192
61762
59486
38886
98532
1132
35414
88538
27706
54628
67130
32602
84210
68942
29744
26242
32384
30658
7404
83400
2068
25046
20546
66162
43838
51682
91836
6520
53020
87488
84556
65900
45836
5576
97948
32598
12278
96206
91626
61090
2060
55768
35016
19982
99174
17828
65120
338
10344
10194
76200
70996
93686
10258
27016
41452
82354
66670
98902
95056
656
50448
74540
98464
34548
88024
38752
69004
88684
72646
57702
67068
86700
39094
34330
94302
14618
97224
48288
38216
40076
66222
29976
5658
32396
76178
51900
2850
83880
51822
17180
41498
22814
28358
62102
11804
36966
89802
79642
4278
2524
26312
68770
38268
38938
94642
22706
52568
2486
49418
45344
82228
85636
69244
25728
18078
21360
51128
64744
84756
1976
25372
58292
79404
33526
59444
19098
74798
91860
86374
5566
90880
40468
54046
14750
47450
12756
37782
40566
54370
19852
88712
43956
35080
62350
41622
77972
38986
62730
82682
92150
68310
76766
71752
21176
36256
93608
70136
18630
13440
9910
37072
81842
90856
1028
86278
71520
88002
79764
87198
80754
56580
75698
41272
13652
58270
46774
28680
87832
42132
24898
69586
91950
8454
15894
50610
65826
54676
20560
1042
37236
84130
97262
32086
13082
85024
95722
41950
92982
49000
4706
45560
53938
41808
55820
11712
67452
10340
96682
9862
31242
47280
9552
86878
95576
47722
5354
522
35542
80898
52474
15368
55454
22134
91174
28974
15712
50910
44516
54282
71792
29436
62132
15080
46356
31392
19510
9876
64864
23850
86190
42042
39728
29492
58086
3700
32624
35098
11128
53722
86622
35478
7290
35972
13884
68856
28770
37810
9960
37940
67170
26886
