26657
88539
89501
17223
18445
76985
84613
63663
63641
57649
21595
33965
5901
60709
45841
42809
2273
93909
5155
96263
67695
35193
77135
11863
64187
69751
15253
65973
61015
90823
16543
2727
52063
26761
49975
53003
4173
66895
5061
67881
57261
10379
13459
12013
64635
43237
49155
94747
9335
9047
99887
32843
32903
96891
13915
79543
93683
7217
49877
34345
65989
45883
623
49899
88783
75725
89105
84987
15693
57085
44889
11247
41393
59575
63467
8439
9573
58273
95681
46907
23013
8645
74143
81205
91763
39657
90391
23537
81709
60563
93313
37889
83357
82789
88523
77493
65985
6205
7505
55815
3071
41179
59329
2589
80357
69775
65909
76611
32333
23609
82853
56763
15951
92809
49877
6893
13127
67397
48805
47753
46245
76479
33317
94699
23221
56717
69077
65261
19095
85191
56887
32125
51369
60639
1597
79611
46511
82669
94381
21947
36311
7007
61921
59305
82611
90311
76035
13029
74721
72123
40605
2533
48555
47227
88683
933
92043
26947
95145
59547
84939
85599
34181
11721
49007
25917
99683
85353
77329
26547
39629
45627
62647
53893
55761
36647
74727
76503
79477
69355
84921
31695
73455
94245
51729
85505
80125
32499
10869
77199
81681
99741
80715
36309
26973
6321
4081
8017
91187
92913
60467
87713
7327
33623
58109
96279
16063
81169
16981
80191
39267
23351
85877
54467
61871
82775
43061
86519
42131
93773
91987
13891
37399
93865
52207
5729
48497
29069
38353
74715
4719
22277
80125
90801
73747
44539
60065
87825
1879
99827
80191
21025
81597
11535
36311
47681
51135
66235
90721
92371
19485
25009
26975
52387
32163
6739
37853
20659
30881
70707
85071
40345
75717
4603
8587
39459
76861
88489
95125
59757
76337
17825
62785
10057
51015
25121
49271
55779
13841
87363
18733
14467
64039
53543
96115
60243
77725
27365
49745
77443
19589
90201
81159
8685
99585
9001
74627
81209
41355
6273
55665
88389
11651
94455
72137
76979
44105
9849
51087
8263
16195
46287
69445
54091
30637
30123
47549
51269
73247
31119
11499
70017
66867
18467
34071
30321
74897
19481
84691
7
61247
68049
27301
25999
49701
21107
17151
59945
43151
6949
63669
99771
12305
33293
79155
4055
70611
29457
32221
19391
45047
82707
67451
86953
14047
94487
85931
44803
18179
11841
22087
98365
41737
31019
84945
59405
63599
12113
16267
47329
99427
48053
78781
1591
89863
36017
28597
43407
91029
23107
22331
99699
56829
91305
51177
1605
32395
63511
54155
68379
27621
87623
68705
89567
23865
58013
2685
8253
11569
56269
31775
47967
58299
35949
82453
73361
96191
95775
3821
5863
87585
63963
813
1541
1671
25295
59231
81471
25751
4273
95051
21761
97783
64017
307
58389
87521
97137
91467
65013
52661
2099
85499
60547
57137
22301
61127
92673
78893
65489
81903
41397
90829
99133
17085
40627
8767
42609
46269
14533
2593
61707
38987
89167
48339
56503
7747
44737
91433
41633
34657
82629
77881
24545
58365
77051
15691
69485
75777
52385
50297
59661
69731
67459
10167
58599
19341
16087
70423
68249
965
12097
28015
94913
9205
55433
80521
51611
76733
40829
68379
91199
98989
30627
30181
98457
98349
12597
1363
64035
31153
1641
29551
96773
54497
34121
13027
22273
5829
44943
85221
42861
91045
97171
1733
13023
78435
57905
87969
71261
64007
97909
6889
54893
88747
66827
64261
2303
11981
61823
48089
52487
67627
66897
31105
86167
34479
83931
19991
14131
91227
62057
70591
33221
43045
13499
49901
30169
10049
26515
69795
47089
99161
97747
6695
10423
25253
42943
13139
67633
71
93217
84813
83429
46057
81765
60187
12847
22557
79517
24557
54649
88573
94249
59093
62039
34515
93419
97135
14073
12953
46585
93477
51137
63101
3363
31411
37541
34295
31499
35629
83987
32777
58639
15543
82451
92341
79891
781
45421
39357
23907
11511
88557
43511
13327
21729
23129
21579
16237
92613
17305
8737
73669
92559
28593
6527
7685
81823
27829
85259
38379
39713
40633
93283
49349
42621
81759
73051
62239
47259
9795
85465
50875
82015
34361
78969
94887
14647
28723
96053
3441
24097
63439
87981
96299
10750
27588
45126
88940
77040
32432
85978
91372
28472
32508
9880
20688
75182
93614
92584
91214
84280
56092
25798
81364
32552
8506
16186
94716
24020
364
45330
5696
98640
22302
62378
7898
12914
73670
26024
30750
59762
22132
322
82570
55062
90826
2854
3598
51040
97144
80056
75780
73472
83318
85156
568
99578
5508
91574
63704
67938
34112
49124
27378
65910
38928
71242
3638
84970
34660
85216
62576
93622
87682
7930
41348
56588
11394
24054
42404
34418
52062
94360
42172
68296
79482
43294
35374
68676
29544
42528
96988
51040
9386
15538
14392
80556
54684
5366
77248
8462
70108
40322
52898
75998
42776
84172
34838
99692
59828
74472
33148
88188
2872
7004
94444
95018
29576
37050
11012
71272
75246
11318
47814
97600
56688
34696
12584
23680
43162
13402
52320
66134
23894
49478
85974
64322
78742
99000
39362
74314
25506
47316
46174
6364
31084
64478
66320
82888
1846
71120
5374
32964
2918
23680
46600
26904
68756
52406
40226
82306
88218
16916
54914
19782
91262
79536
95034
83624
51548
46284
44746
86946
28182
71282
28614
91242
50572
73680
93360
5862
17962
97872
16570
53482
68604
83596
99270
32868
58592
72484
78430
60222
27280
97398
62010
16428
97248
29874
16386
55926
62600
31482
52704
84380
21832
41956
88040
19762
6340
40818
33560
67748
3914
59762
24346
38534
35000
8652
5892
75638
23702
51146
28572
69632
76098
27470
31700
99488
29416
54766
98748
96904
40470
4424
66788
92428
66228
71614
91706
18492
99596
77130
1316
48388
18088
15920
12860
13678
99602
40392
16142
1640
76138
31706
5394
9700
79686
31840
99854
67748
21036
30760
24326
34386
46194
42718
52080
21884
78778
82476
36922
21902
83250
24378
53030
48120
87154
56404
25996
4742
12374
40628
74694
17832
24172
49710
88940
96414
16388
18612
16220
60048
75302
91072
98964
55060
23072
96282
7648
18004
44020
48024
57936
47548
61524
92010
33244
48304
17570
90708
27522
63786
13178
59810
30478
82830
57796
42054
51518
92234
22500
62456
88810
24108
25756
98424
58558
49008
89408
57992
66634
8604
37052
86658
964
18888
75946
85526
86974
70850
61986
79300
3208
16040
21416
89398
80928
47654
32374
18204
69862
76404
81124
15752
77582
77402
87256
75340
33952
92534
22608
44654
66502
51906
75462
48546
61048
37842
4902
20802
31974
73774
16816
71984
80068
7614
77700
2882
5950
7750
19404
99050
8710
51078
84842
65918
26108
64328
78872
4464
46594
76826
44610
6522
7842
48206
96214
36756
28298
83704
8766
79624
36018
41242
74852
86348
39016
94182
24122
6920
68610
91932
42010
44508
4096
37090
30868
77612
4082
5256
47984
76596
92968
91720
30142
58378
34860
804
66450
12772
97570
21024
24308
50820
48004
79824
47872
92172
96934
47368
15580
44698
46016
70326
58578
68868
81122
6076
41938
1036
72920
95338
37330
90114
69112
35530
25710
85258
1296
36648
85870
33594
82276
1928
55484
94534
83754
98140
61970
80934
80764
5696
26378
364
54134
1876
23494
19826
22024
75164
99632
87210
98820
98270
33008
74014
10970
64904
8140
86854
62156
58494
15032
19748
85482
34664
55190
76592
39596
45844
28408
81508
5648
81770
98970
81820
85910
69678
71404
7444
40262
26040
72358
47852
76570
41824
90600
29954
21906
60236
23094
97368
20158
7616
32468
62874
52126
26546
52446
39662
7594
32184
4384
17268
13392
94806
47872
59192
81276
71878
87012
66
11238
34454
23098
61080
24988
38508
18174
5846
97432
16128
91226
30400
63886
17504
28924
72452
84044
62396
89626
95008
13600
16328
16628
80260
26682
59636
54640
42226
38278
45584
32644
22356
73764
52530
87850
26208
80988
32940
20534
8792
35282
70734
36312
61690
12424
800
54112
68004
97710
91790
80450
26740
30948
74594
68666
86886
58666
42822
99760
31746
19466
32134
17898
66348
72210
