88783
1675
3783
61751
62793
81647
18865
54741
23371
64681
62885
19355
82343
71497
70433
11611
13545
33553
65897
50313
91273
23617
34905
50531
4395
89799
46779
85083
1775
62743
36089
31855
17815
13097
46021
12341
35061
7327
18883
80005
57233
15929
12483
90885
43813
8725
83323
54327
53125
17233
75197
84483
83653
38171
99615
11479
79325
11061
43019
54757
77027
66277
33077
821
55885
35837
53369
96681
23657
65395
63277
44283
76097
16001
26371
31911
66277
65993
99769
23967
92845
97933
63019
60893
98855
15317
90451
75233
36205
9657
8099
14911
41783
3971
24403
94615
34919
61755
62137
52399
12431
71495
28993
96539
55849
30085
56825
41105
72373
15521
5639
16027
31521
37511
24853
35867
80419
48995
25635
65771
16065
62427
72977
98137
25939
48337
85257
8625
80251
97401
44627
80623
36349
82449
95747
95471
78059
4387
92243
60485
93327
95283
82459
89329
77507
81559
80219
49767
6365
14007
88277
35449
56417
79451
17477
87617
33349
75577
84155
59027
56265
72315
94507
74017
12561
56729
5031
94617
86351
41917
76297
26883
69157
86001
73101
27253
67253
55191
74733
97307
73829
51647
4707
84767
41565
99989
30667
26595
73155
90883
8397
23947
57931
81913
79223
99943
18637
77565
37289
75311
30311
56113
49399
70789
79207
63079
98371
41683
25781
37309
32913
86655
93123
19971
47033
90673
67143
6533
64533
57029
96383
59935
64449
15895
36763
42465
61213
21507
53083
3095
80877
74711
55055
23975
42443
94329
95756
48210
87448
77162
83120
25120
3858
56488
21058
60836
77370
82898
71268
39536
68366
40360
66092
3100
99762
72078
76192
60438
70434
28140
17590
16424
52628
28298
77958
92506
21722
96580
47892
63806
67326
32788
39230
81156
74874
32462
52970
28702
72146
11656
31268
37092
5842
54540
48626
24130
50576
59800
9194
30042
39564
96108
3120
32344
26918
8158
58662
69642
16992
71608
34466
85872
19240
81404
51720
22204
22634
91946
6406
82150
67244
92040
73320
2858
87844
82752
41060
6098
75236
38430
72758
14688
92950
17516
57482
4802
14396
75690
32478
97030
55046
61502
5368
29130
41090
96318
34958
92712
58920
29108
2514
9882
29418
21834
85920
48268
13388
92164
71710
93984
10936
49434
92470
82286
21052
20612
65390
19868
88472
6854
35360
26364
70498
99852
39728
6874
1198
29330
90990
21920
74742
94564
77742
4172
62066
18880
56848
7454
90096
87714
79076
38750
88238
49878
6394
94060
14784
5374
10398
39178
5210
61318
18488
51178
98356
30960
76518
35846
21698
17522
76002
84604
21798
2184
75804
33024
67530
94848
73020
68224
68376
71230
82088
79240
67452
32064
64440
53152
78306
94074
36388
45370
8026
38292
14432
39770
74326
89976
17482
91448
12180
32202
68240
73340
92300
97674
86096
71448
59060
15486
8114
77202
48298
7520
39322
3274
67226
46418
38910
35966
4014
9644
68076
50264
40926
866
49190
33318
1528
88698
49490
39406
56030
46918
13772
17808
28884
19638
87978
43316
80756
80490
23672
22152
1110
72558
55702
58546
24654
44968
69066
1392
51286
38514
99166
21974
18374
31892
15300
41856
87296
98622
19676
50642
11082
37622
23766
29236
26496
3318
