9533
19339
87019
13453
24911
94825
28947
11431
14285
64767
25889
29877
32569
55367
86565
31615
19503
95351
20181
11973
50581
24333
96605
56061
2115
35739
29687
57789
30853
85897
65031
66409
25685
16609
59663
79605
63805
79151
34825
63301
61007
82931
32919
55189
73567
71583
18835
35891
7617
5311
56667
88157
34069
86003
27319
78727
63743
62101
17569
91679
40961
46189
51369
65269
99609
74567
38559
65283
41527
13039
24327
61299
31075
13435
23907
7253
25395
19293
98807
43975
41109
63665
20347
32403
51779
23849
19275
86599
20321
66949
83813
95151
61757
74191
72135
60003
37213
4947
20537
26097
2991
70071
83545
85705
55615
38015
98817
18821
78531
82533
83065
27669
90571
51893
51943
15165
58123
66093
19691
62407
37605
83871
17307
29779
61201
1499
62219
98781
50341
16761
57143
19113
94353
41623
72791
94331
47505
36919
5997
51661
1155
84907
58703
72499
26117
89135
58451
13553
23231
87041
87853
90241
3869
52821
39639
26531
53683
1703
29059
66555
48645
33799
479
49231
95793
61315
90825
72659
84801
24389
91411
54907
60917
16093
75111
90747
59727
7469
73347
41173
64905
10929
24727
63383
62651
46929
83449
73389
51255
25195
34173
91909
90899
78565
99871
40643
30539
6581
98899
22469
74403
81597
69755
63447
60111
29449
49107
71211
9101
57983
47279
21333
96449
24347
82729
14329
38121
43665
50633
55073
78041
91581
12159
25739
21077
17997
78107
92799
89307
16309
25617
32335
90887
99053
47175
24325
85925
69315
50305
23509
77267
96359
71039
6203
69157
46579
31459
1667
10495
7679
58695
5671
84469
56677
96381
89987
64295
71693
55469
68497
97717
28189
54783
50203
25701
38317
26773
23047
1193
13677
74865
67487
13361
99191
48359
59929
8033
21185
15635
23145
6143
94541
92739
79627
79751
1313
11529
62623
43681
83169
49943
40087
61409
34379
80751
28193
52443
11881
57757
8499
18735
29211
11353
79369
50379
80787
75621
30979
48125
53155
73845
65033
87533
52147
39943
81101
65357
33275
44091
5039
65003
30089
19031
47249
13763
27473
1813
33413
68889
15079
45187
23071
21935
54283
22631
62801
30967
50859
72453
93935
1657
57143
83925
23395
3929
69279
10185
39303
72645
73075
69735
20913
80991
41843
28841
34959
47185
91493
36035
847
98471
92871
11561
69163
68827
80379
65133
51965
72301
68823
33359
79647
67613
71165
27101
72245
76639
6447
63845
84243
39911
25211
92251
80565
55083
7419
34745
16723
76905
82675
72053
30731
87297
34491
25807
76619
97563
50941
25213
66209
42043
81085
31181
20791
63297
95417
78911
43469
75687
81943
65007
9373
52185
87373
957
4663
94019
69687
58875
97985
29931
25377
62955
3109
911
79771
9819
5135
98559
54761
74763
80203
82367
49875
35769
15713
81953
98215
82621
61275
66355
30827
97025
79987
44293
69291
20529
76805
77633
49081
97145
21375
60251
18059
3503
9765
29661
61165
41991
27967
80503
5135
89811
32011
84327
85039
8681
79633
57993
20889
55707
67417
33197
85539
78691
85329
35683
98189
46373
38191
60013
15979
11333
90829
70969
15027
60203
22937
24801
41315
47591
41381
53161
80445
74831
45921
46685
16873
713
86783
97767
28123
8109
33615
82835
49471
12797
26735
79811
70233
53723
77079
68865
54747
29795
49451
81391
8419
29559
12333
39679
60669
89553
66271
90145
60489
33381
90613
37305
38853
66341
69577
4101
19603
23673
74495
97631
43665
99345
51643
35111
58381
4073
71035
63765
45745
16005
61395
85535
28551
86835
83551
76883
84975
7185
95123
42389
95509
47839
68685
78241
71313
57453
29521
60103
30239
81531
59221
22945
25429
81637
22871
43425
79689
49659
86269
40681
3871
9433
34491
62593
79311
67271
1425
39953
24485
9317
29843
91455
22851
20467
67233
9769
50067
2929
79649
79683
13455
28457
90213
12031
75867
37571
39587
49449
78965
66629
41689
80679
92201
7627
61979
28291
25771
73817
76173
40541
34097
29125
42815
15675
2135
73667
50331
13393
10997
82739
60665
77039
22823
41735
63979
46169
38549
52661
28373
1123
99813
31165
64967
44357
17309
15411
48859
91821
20703
82609
44285
26677
25299
87175
50141
165
33171
54107
83497
35825
13819
64235
11069
53437
95055
71863
20225
42453
93213
62559
75433
58413
61419
11319
66683
54027
17371
54761
31137
64573
68839
33675
91863
28259
9261
26529
83253
83527
59907
75733
66667
40925
70787
31417
59517
71429
21073
94687
9397
65653
98825
47875
52035
41701
76779
55229
1073
26435
96275
37003
39821
39545
85459
83097
33567
89113
30883
46123
43419
67443
24747
84281
25751
14377
93503
70345
36735
18353
89269
1775
37965
27143
72705
24937
66651
24703
38569
86609
35615
58661
93035
40797
36041
30431
50175
52185
10171
17355
99021
5199
44085
17873
85393
33645
17355
13091
78461
52803
82715
53175
71307
62195
31745
39399
15243
52453
18931
93867
70449
3959
88093
24825
87775
19445
11901
59859
17747
10939
70701
3535
96475
51417
15483
86237
30797
67253
12285
18409
24497
45911
32723
13207
46609
52603
51525
56045
76481
90745
47263
17303
82547
21057
20495
24899
11011
15679
21131
70811
26885
10245
40377
83225
64115
90921
26129
68911
2681
59201
75153
88007
89793
85131
82429
2547
19465
91037
60607
71917
76217
29041
21769
8813
93631
31749
31987
10503
96465
11533
29797
52331
63497
73113
98571
73439
16337
95393
97543
78869
58273
29127
78387
31333
52261
76297
55585
75471
37901
42425
48543
33775
55911
37147
38249
6779
76231
17837
4017
38703
12243
39985
60613
74895
435
19437
3765
53963
79913
761
89933
58965
16675
15917
36539
10245
71629
32959
41433
68785
51309
9143
31771
54143
35871
62595
10617
39659
34003
17927
39209
10395
98787
38299
36043
99777
46623
78017
24683
52815
677
40927
74667
44509
19427
14577
81195
52333
83117
72141
49163
53133
97077
44163
83407
71071
37767
53141
47267
70593
58979
19937
24037
52103
86123
77941
59705
28441
79235
77889
79241
72409
3443
19409
20527
36727
56673
69353
76463
64129
70369
43321
30693
16141
2091
64575
12853
69295
73727
89747
89231
36047
69897
37653
87525
87947
2405
40315
82709
15097
87947
60125
32769
36521
2137
41769
42267
27295
43115
63325
16759
78465
3239
82267
62933
53367
23339
32993
89337
211
15361
41195
58689
79281
33247
51875
73217
60585
86405
44033
93971
68659
71927
78435
80291
64327
77353
25979
13249
62367
97505
4285
57127
61321
22321
79247
27863
77331
62509
52359
26569
45539
98383
64293
73209
61241
96481
45171
81529
45881
56725
70151
81741
3477
56103
53673
38001
57529
23861
50457
89573
34139
92457
78197
66573
22075
4175
96817
58555
51009
76333
92561
23401
23745
55407
56793
94359
39537
22099
92567
42833
74379
15941
30113
79715
97005
27149
51451
92761
69901
54409
19143
27835
72073
62507
95625
39689
83739
74109
89615
21433
39533
16029
94743
47015
64119
80845
70495
95607
52291
43059
79613
91499
5341
60557
72235
56339
93427
77733
26495
41371
97865
10733
59857
12309
48557
72341
77903
92195
49425
95337
98407
26203
17079
73955
48957
78503
19843
61949
31733
51893
47983
11465
78473
68177
82713
87627
14089
53179
35153
34651
40769
85715
12027
95885
50551
2933
83133
19295
18841
98147
77307
12533
11773
98295
36217
52527
76421
88459
56105
5081
37231
91401
84905
62459
80373
92701
43799
73839
85557
30981
5861
28909
25675
90529
11391
35601
96789
87947
82429
63297
12613
88807
3857
32705
53617
29767
49327
58869
17491
31905
93887
30185
34637
66347
62853
75279
80479
76525
14399
91213
26109
36631
54999
57531
76839
46083
63959
84497
25391
26419
68535
21069
78723
94033
51971
49377
66459
7429
5431
89963
54349
85603
51017
10915
75783
86745
65367
48657
20691
62829
9391
9825
5081
44859
9927
46863
69647
91995
83145
40341
33111
54077
13539
61527
59963
94455
24551
18809
76791
99083
84007
60871
33115
70047
79433
54701
8017
83597
85675
86729
12921
34403
85591
27927
51005
61039
63263
52185
89815
73553
66847
86017
86913
36619
24237
35737
33047
2473
3191
97249
72503
15475
26755
48213
85413
61881
67867
77507
22321
80769
91807
41195
21615
57903
74783
79049
38207
68353
72733
31511
71329
30301
47887
44871
86027
12383
11665
15919
95899
85679
95953
67315
7353
74001
10125
56043
41469
75089
20263
27073
27151
94905
54037
42323
95709
77895
73677
43125
20543
96579
38413
87203
33569
73443
94581
7029
50907
49941
29797
30225
74795
94037
61153
10253
90243
41689
29669
14391
26575
18991
13381
47317
16699
28739
66523
68757
30915
43217
58659
49957
14085
28771
83379
79529
38893
23325
42381
9429
48361
68373
51515
36245
85755
20113
23541
33139
39987
46941
47625
18269
10897
55469
73577
63245
99683
60453
63091
36069
93049
87505
8741
83355
84465
18735
52931
73521
75961
23245
90475
83935
81125
87429
87091
58253
13229
16269
15191
56989
7025
89927
74995
33053
55357
30731
98031
17041
29029
20769
70861
1223
40561
4143
18941
97551
82777
46609
98113
11561
99393
44967
4459
91285
3163
33339
19575
21593
58361
84111
2157
72005
63027
30653
72369
16837
50889
47213
62089
37715
67249
6159
36357
32081
36395
84421
37689
32323
85155
70541
38769
50111
60271
28341
76765
80125
82399
57259
24051
89191
18209
18343
58759
21171
16995
95775
96449
3101
80017
1623
39203
62503
48727
83805
36115
60089
56673
88475
57619
51385
80221
41847
11173
33291
37619
49087
70409
92069
56311
86633
63193
52529
94885
79419
64765
82847
13369
7651
70389
46441
73269
12047
67137
4389
36927
11905
38573
41455
81341
89765
41869
20001
55805
15951
32227
61893
99027
83535
21437
83943
76923
16685
41579
51159
84755
94891
37551
65323
32137
63557
36701
28803
69629
94755
35737
34749
18773
70935
42127
28425
16899
46777
66661
50113
26561
40663
87731
29819
58877
92919
30339
92031
62617
59185
11929
96555
77915
85201
29649
77727
51299
56023
96745
71711
5783
60157
74155
85
8469
1203
34215
61353
53557
71141
63463
54393
61187
28815
34807
28635
399
64257
11503
77079
75349
57997
95601
23297
56225
93391
56437
85541
53973
30415
10837
37521
26625
28119
50067
23345
43515
86535
17943
23949
30359
11321
48631
67295
7575
45975
38043
35665
14889
89993
57955
23287
72307
23793
26915
68003
84083
46997
45175
12281
47357
59133
37993
18543
18491
88545
75017
55273
34785
43055
62745
11561
18201
43251
67863
99373
55449
1501
10985
58675
48329
58385
91405
42583
84997
52975
26077
67989
7241
9091
4827
18737
20801
38409
88743
15065
29857
82135
13831
77195
3271
53237
97221
11087
68351
72155
28037
58041
2709
80575
24877
53317
30485
93031
45707
43067
49555
9903
98493
22735
52853
61761
16525
18947
42225
40593
78159
24773
45547
66347
4653
99
66847
7531
20459
67187
7889
71733
23591
49543
94349
14427
88659
14013
68731
41075
87613
43947
58253
69843
2521
2745
83027
71693
16207
35957
87795
75459
87649
73177
90947
5841
72589
32697
24095
51993
97017
77789
86993
86853
56407
1347
50641
16839
16293
71355
24865
783
70715
9923
80971
32455
97327
55619
73607
33293
21801
45459
78589
85151
76683
31113
22507
96753
94389
50079
16397
99325
21595
75583
94423
21679
37715
29811
90465
13207
24549
50577
23961
73239
59531
55213
25865
57945
86783
91309
23735
56675
593
2099
33203
83583
9007
24633
61359
61811
47593
47025
41837
94679
83523
22011
13171
13669
99573
21179
32023
14927
51077
37585
6045
73685
57921
1279
45249
71595
17877
8835
61267
56721
15719
59771
25345
12325
69741
29197
74113
10021
50919
29461
56649
83637
81387
26489
55071
14337
38199
36581
497
40615
39453
33153
33221
78375
59023
54113
24109
54531
20439
67733
50781
97153
75753
15075
41477
8145
8211
34759
94595
6879
25787
7791
65125
43289
75577
34935
9073
1303
66901
97065
77317
30357
26089
97387
55437
95455
61497
99625
65081
84953
30179
46687
28173
19523
73127
46765
66835
77997
87081
2055
2779
88241
27115
48813
10367
95961
33227
42553
88625
86033
50771
15879
48733
40113
64407
88655
94931
89925
8649
63293
82267
19351
3109
83725
11409
89993
34779
9281
4849
13499
83513
9413
24505
1777
31271
83515
55705
74553
55503
94351
42685
24351
26989
65029
66829
53875
16597
61661
92273
987
42255
15867
91855
32861
91959
31015
51501
67817
21015
9123
74701
52619
89611
63621
87921
37325
64449
22911
66513
1785
59633
97193
57565
61549
60301
49241
38481
47997
65693
4445
49171
28665
89715
16377
31843
91625
98107
51879
4057
4937
94169
86951
41627
67833
35469
76553
70303
63115
82573
39213
83661
98541
69247
69817
74483
80387
21675
54779
63361
30637
72777
48509
15393
34049
57857
21899
39347
53419
11895
27093
6347
89573
74929
50071
64607
657
31157
44233
83175
69891
32137
93123
30235
75461
72553
9381
4817
94005
59779
83093
30181
42511
4871
20637
67525
95153
16487
66947
41819
66965
6591
6725
7319
40309
41355
52923
20703
32633
41547
27831
65587
86137
88507
75667
89991
23559
57473
82609
37095
96157
35583
56641
43029
38741
70613
96161
35991
67775
8941
54719
18127
89563
39231
95113
77293
3023
60701
16719
57931
56563
6447
44605
21599
37685
33019
6011
35541
41647
66269
58361
86745
3155
46561
77641
56255
36273
13159
97461
1925
52131
21309
48923
38903
97225
62327
77479
5895
23331
41783
25879
15839
63885
11707
95997
14835
15143
83419
95071
24371
11211
12101
57241
68807
89623
4551
67693
97915
60249
67993
5265
50691
22093
22539
47435
8135
40525
9235
9153
69157
90617
74759
85599
39825
49565
25241
95395
45251
76871
21279
91617
37395
7957
57339
80137
56165
63343
92439
97647
90263
48181
47701
98173
9935
36531
28687
29795
72821
66305
66845
78345
625
73075
92247
22803
64031
49579
98215
51411
13463
11387
80729
7719
53251
91353
22885
4703
6853
55645
63643
51289
91175
73777
26487
58103
18403
10325
79245
27215
78011
86631
41999
32681
92171
33607
67953
14349
61237
6815
46037
65091
83761
17503
2481
92201
35601
36165
94477
8979
2395
54845
3935
29397
76747
89243
81571
48881
26995
84819
91857
8369
70151
48543
35319
74451
22531
35283
6079
9949
32737
42927
27797
6457
78505
92797
23961
78471
11669
87717
61771
36399
83939
63327
74309
76149
8035
79845
25431
27441
88143
63365
12589
29033
45945
21685
68741
25741
91761
18941
54681
42469
77131
66479
4137
86643
86507
16799
6067
55795
78995
69589
77361
33671
81903
26499
90827
93667
26653
71995
94311
58041
48175
37733
69655
11659
7631
80819
95587
45597
72963
35787
44271
88887
60997
32879
12949
57027
26677
31429
1375
86891
46377
84259
40271
73779
87733
36633
38243
70295
52413
97617
4829
32171
11417
14369
90617
31149
54947
96045
91961
57421
68011
77329
16411
27257
83137
35053
34465
56913
30773
39047
21529
16627
65041
27333
59579
1887
77977
53197
61545
62629
20501
70841
14643
33135
20017
63837
41025
35237
48963
75987
22695
17617
88077
66955
57263
5277
17131
60231
28767
57231
77601
46189
95989
44615
53861
97373
57827
25431
23219
37591
13611
36569
54423
87067
55571
24361
94529
27345
45575
28833
16441
5869
99035
99911
35741
44809
8693
56463
16935
37353
82111
8269
6775
75081
12303
89791
16773
97875
44295
55175
57683
38237
17259
57185
63287
6977
75177
1493
56159
71489
69847
83487
61283
42337
51809
60433
71005
27451
21435
87943
98987
17501
71621
13981
40687
61161
67963
50599
79927
71165
89047
55957
57409
68923
43399
80259
75949
69185
30885
28099
34257
8979
55253
863
15225
45011
72175
56973
70373
93833
66233
52619
12315
97505
69157
62589
14941
30005
63497
54951
57033
49855
96825
24321
70873
76037
77005
50261
55895
67644
24714
23078
51794
28562
85800
44500
68804
78292
91976
22874
44808
32112
97196
12162
60140
54994
27020
87990
69392
23100
9494
48040
96210
91408
14366
87234
1948
48066
48768
69672
68420
70588
5978
87442
10698
1366
88850
4470
88864
16574
85428
55024
58482
26486
29180
66206
12404
57468
99164
38524
44628
34332
20602
30330
3150
11796
7064
71362
11508
54304
10508
38566
60272
32888
180
41630
39764
53328
64858
89452
36974
83808
74682
29876
46326
73652
68934
74594
71788
82864
80342
40198
77510
70970
9134
50092
84424
55728
37154
27080
58056
73902
10440
88698
4120
93666
69922
26322
61558
23694
46986
64282
22354
12462
77872
13808
39810
22750
10292
9730
69468
54560
9020
64396
5172
13720
13434
38354
71844
270
29970
75748
27956
80480
74780
39264
68676
80392
43274
84330
79038
75594
29380
72826
69302
24180
3868
66528
29132
75276
22652
33670
49128
56226
92212
75244
5654
78054
84482
58912
21152
54112
31670
65186
61166
50380
81552
31328
25678
76248
68324
80956
23920
77130
50596
29874
62286
11316
89746
73546
796
70540
2042
68630
72722
81002
84442
72078
22812
80158
87626
24498
51810
58416
83498
79794
17386
59716
20008
8280
17384
37122
15030
25828
11638
47260
15498
69856
82064
21962
99678
73490
19094
92248
43342
1534
4458
59820
92184
22488
94178
77718
26744
6988
6392
4014
27834
19820
5772
21622
76960
5112
13300
59094
28842
92286
20190
53466
59900
78840
58096
68452
58488
53612
43446
95750
14024
60654
85074
56302
45512
35376
69086
56544
91848
93202
30584
19598
57910
10338
26706
49618
44854
48406
20426
75316
23894
17834
76956
83312
87192
41532
81488
40694
10046
40670
15474
82134
83946
99976
93524
25862
32226
58640
5824
43590
9948
56560
59862
18298
64664
32326
2686
55132
81574
62718
21906
45868
72570
61976
64426
85396
10000
44652
55228
49372
31036
31008
64182
71156
90912
73200
63904
24508
11980
12622
81128
47108
28130
72672
54438
6690
89550
62474
65280
89398
62156
77206
40544
63420
93410
93850
2508
1798
62390
42724
29604
73172
9590
66456
69808
18890
27884
26750
77076
42220
51878
14596
49942
22464
59160
78146
2588
27704
76908
45442
61584
59910
74388
67314
25370
83174
48814
67146
42414
69038
27754
3738
5430
76248
39210
51438
61306
48214
56326
71018
59610
31788
10340
31078
10488
51466
50732
91188
25290
19864
3572
90420
99526
26464
78782
46984
75938
18876
20518
58582
61712
26432
2030
63408
74396
13358
4544
26466
25988
3688
47608
1900
78962
56702
25802
36690
56134
98124
60032
73610
27200
77010
10398
70742
6376
15714
29344
46910
20188
11614
82698
414
29816
24176
1102
18314
19924
75014
82768
67414
34306
12586
55458
98248
66574
71748
38544
66324
2078
25056
40824
74686
62038
52278
79646
46912
97196
52144
11760
83952
25110
15664
48420
19864
3250
79000
46600
37486
84400
58980
18110
274
96696
35756
94030
56560
990
11620
86216
91906
1630
41068
71716
85362
55004
78512
98090
76356
72428
99246
22930
83080
92882
86328
68980
3552
34478
67238
15804
99634
69838
92676
97682
10596
2038
97930
76020
19972
68932
69514
39506
41766
7724
81058
91428
51086
48878
61122
5756
45842
32108
4132
12926
16878
87630
83546
10846
60940
5190
5318
74994
66312
13844
8894
75798
928
17438
73200
64664
37994
14882
23322
11158
32582
76434
14694
98878
65750
29722
35110
24666
50756
9556
99928
66470
64860
51678
87296
57706
36250
34578
55136
67304
78170
59270
66882
20642
61542
33920
67918
19952
84156
34124
62484
54896
29598
43436
21456
38532
96104
99900
17914
89598
9128
35992
66572
25922
18734
15748
36306
85976
36198
26666
43130
18542
37868
30630
47506
8698
80880
9054
69934
96450
35100
12272
83274
1374
16184
11662
20916
80730
69370
71538
39592
6194
90138
16914
31154
75970
75146
2522
4284
63628
80636
91568
49034
82832
2444
60566
30874
84612
27128
70902
2114
12912
97424
7130
32030
4368
84280
83566
5380
48016
5754
76812
93712
69140
14212
4564
55364
34866
66376
85734
48984
67834
33532
55020
19590
16258
60956
73928
55248
52310
97768
98272
24314
87802
99718
64452
53282
16416
78268
98178
98836
85694
65990
39714
25928
54288
92778
5170
27374
88608
81748
74690
24520
3986
82444
82492
71036
96710
89174
37534
35710
83948
91928
49364
97182
30154
42380
1622
87186
21468
86760
61214
66590
88712
75094
17110
99940
57136
2156
92802
69878
89090
42894
33968
50442
84268
7456
48024
14662
82428
44982
1864
37836
80600
54260
42994
18762
6948
11936
52844
29982
9332
13240
70504
49860
12894
45326
30706
12988
344
36584
49990
40580
47410
37028
88640
20096
76176
55796
14094
22264
53384
5982
54262
69548
67500
29828
34652
71426
48106
14608
22648
48326
21064
38364
89804
77820
32960
19954
99904
25586
66490
73186
33224
14488
59398
29278
22440
12564
90186
11572
4730
11748
54496
6524
30486
37830
84380
69004
65120
87760
84598
27172
58046
41280
74646
5646
58276
27094
20662
95726
16932
49000
86642
19762
44330
9792
46508
16048
56032
9904
57410
63736
48376
23210
8370
56424
53324
28250
11650
24156
68072
87916
53900
55648
76696
6054
67726
56772
63042
2554
50374
30374
3082
66206
38266
32930
59340
48750
70232
49016
99650
17432
82682
24276
90606
41466
9832
6826
70946
58276
20772
56832
75476
16654
12074
72670
1382
16910
12504
85876
6598
37940
47256
44364
3082
23908
73120
17530
35534
93468
18268
76504
55082
85666
59474
60548
19720
4862
84112
21750
85594
70224
7140
91568
9596
81268
25568
65796
69024
3160
89504
44104
61420
64506
35660
96166
32934
18076
88152
55540
95204
72766
18550
88816
29028
47202
84382
47178
9096
1770
84312
91548
58392
68588
15546
49906
81174
35128
32912
19988
45864
91424
56330
69508
19546
73168
7810
77246
67734
11644
76132
10378
6242
47196
24998
55648
18232
25634
23560
762
99016
80332
53090
93418
74582
60096
6580
37842
79162
46036
61668
23204
10006
65378
99164
19160
90998
61488
49590
91410
59342
2924
63488
52732
67868
91118
20764
86676
42450
93034
54354
99698
25944
49658
82778
1744
3100
37774
29824
84846
14
40932
86950
71738
21626
61422
45168
49920
43928
48066
99840
18278
79640
18392
70168
8296
23932
35930
72776
15672
99436
4072
70152
81088
46010
13354
7644
60750
36672
84330
59954
73808
15804
52364
98552
54132
64260
1384
33056
24876
81004
33350
88654
672
32052
31426
7962
5260
9154
3132
89770
64868
15020
17870
34016
18514
49292
6590
96684
22780
83446
61548
72474
244
60098
98366
94226
24840
64350
16914
3136
63034
26050
88634
46074
98400
52554
11220
54150
8992
33164
20156
76932
2270
73220
58072
84648
95162
49418
7804
50614
64540
7340
41508
20414
1870
89224
55222
62150
93140
44066
97104
93804
10352
93652
67308
28230
28550
2610
5376
31308
92736
30686
18496
87554
73006
96072
3372
89056
71238
4396
3710
14424
33778
71944
20280
89908
18050
99420
88242
9758
28320
86754
25958
21642
56106
66110
56904
7356
17774
63750
69292
60750
66532
97194
71490
57498
88688
4914
41630
40932
3262
52818
39350
530
55158
73126
1056
12520
38292
86870
58480
50100
45194
3450
17642
82836
56198
37776
43186
14906
8300
53492
88214
36288
76080
66370
88148
61990
5578
29184
43064
56010
14816
2580
56296
62506
44222
72602
33910
45058
37318
94048
14490
22490
69654
58294
42234
34886
45136
37462
67480
75446
25078
97736
88224
96450
974
94734
97532
852
19178
94444
89078
98234
56730
90144
74436
8722
25042
29254
68478
19766
86866
72800
39886
32592
49664
81400
65452
97808
77798
22698
64164
36982
31592
62172
51440
39900
23362
46548
69356
97586
5658
97498
81468
61412
7904
94830
83396
43262
11864
38396
92314
38734
99246
60914
51216
10876
51476
45222
34792
57540
73340
7316
7666
75826
62834
41790
97210
94146
11674
5004
57636
56608
88004
82026
85498
11396
99708
46740
94350
19724
6584
62516
56242
45082
73180
33268
73990
11866
92456
2944
49760
76032
8460
39272
19436
20602
40426
52278
78174
26718
17718
80522
54698
76322
77178
83570
83580
82724
63820
52296
55748
61046
13698
54436
79392
21846
97368
72342
61498
95800
57314
35214
69756
61046
75090
30256
21134
87976
27126
83564
21484
86574
64616
84128
27960
75970
39424
6564
60352
49184
36286
54326
96616
60172
66584
30924
45878
49988
60590
54112
96408
93882
68036
40922
10642
15364
69592
94016
62804
75116
38270
18120
51206
82474
90666
10964
68714
75808
79322
53548
39702
57820
42926
9382
81658
39554
77304
77304
29344
18724
12986
340
95524
15400
80384
77100
82118
93892
38922
73454
37778
72490
53042
63448
11338
3774
62872
4100
36942
14150
70862
44546
70580
58018
83762
90670
86298
15996
20840
69482
51936
28790
33072
3554
92342
50242
57740
30104
192
92518
60648
50962
47792
11052
10534
2464
1030
33626
71380
24948
53214
19574
90376
42670
64020
86388
21742
16818
64054
87492
43778
92702
19190
45742
28012
92564
24900
60124
68854
97408
55604
39096
43458
95902
52400
99722
41554
26132
73810
5130
31834
44272
79566
81258
14226
37842
20706
93794
28670
85998
75374
34728
85012
5414
22582
49724
82222
18558
96240
21360
13512
95490
29550
70758
63634
37302
14520
43090
82672
38552
2096
61554
40608
5382
33520
22274
65994
86570
64362
99716
79794
4980
80172
91966
94016
25556
7016
12066
22208
760
41512
11092
25556
64754
15576
81776
10264
11742
16500
47128
99402
9964
20194
42938
27850
4996
6120
10136
89176
93946
6182
34230
94826
95578
50986
9870
29632
21124
23910
11032
69244
54688
3346
56138
334
18078
21224
64212
37316
59362
41646
37956
3292
35692
72036
4792
49250
26508
17674
97146
43954
33246
88910
22486
38186
42460
69836
51442
92544
13116
17184
6656
81100
89868
86892
92926
95290
40076
56404
75316
9938
58112
66706
14906
69338
18734
67494
18142
46474
29116
57770
84796
91036
1868
59652
26320
88974
3600
83112
31730
27276
28442
58324
56938
17136
10134
20222
71662
38118
44198
24884
71892
56658
36158
97720
52708
95042
11506
93584
32896
97680
79732
49816
16270
39838
34280
25596
99156
70012
70096
95780
34814
41180
93980
15690
65444
1050
68710
39278
75804
96102
55968
51966
14686
45474
58464
92658
33002
16008
42540
77436
85336
85766
59216
12354
79406
560
51042
10686
91514
21504
63660
30850
76888
2476
58560
62546
89760
50998
41136
23100
14734
74298
77764
40768
11394
35398
27754
8658
30244
40088
13952
9750
24588
92646
50162
61150
96756
29274
11704
55268
41560
34404
3384
77402
93058
22232
81112
34426
52738
25360
95880
60846
30620
19270
92442
78472
3816
15062
78486
88282
58816
26454
85208
32416
25520
60842
14820
68716
16214
89344
53318
42438
24204
14374
34176
94530
64236
85626
45994
21254
96974
44798
18824
40590
62100
2192
4702
74390
60760
32370
8986
11880
65900
76922
3578
30796
71804
40476
82552
99594
48642
84874
73872
7016
23012
90038
11398
50238
7236
90512
36416
66160
53772
41462
26850
10152
94586
82344
6390
70106
3648
85666
48286
60902
94874
54086
32018
19712
63410
38882
25098
70002
96274
16342
19418
75692
57292
88876
33942
87346
6724
9424
29338
41138
10322
2698
74632
93512
93226
59930
65808
16694
72526
68728
4666
67852
4890
44556
82690
52758
84060
49556
92570
71530
90634
8102
15438
74248
92196
92820
11112
5514
15718
22560
15054
56466
59098
20772
98780
85980
12340
12744
33274
91162
59638
96666
60712
51742
95484
37768
66310
91802
61508
57226
15750
84158
66450
79132
54022
14040
42660
60152
26764
48816
24800
22926
1406
2438
83086
82474
47636
95444
82618
43054
11234
65692
26470
75328
28510
75950
34814
44358
57044
80006
12604
4522
65350
30722
29814
53410
5958
50522
14608
68478
75624
77924
53562
88234
8962
35352
66184
93798
29464
28242
89278
81800
28804
68150
43602
91042
23528
84174
96072
45064
98224
97228
5630
37366
1660
14220
84322
82782
43096
71940
50610
51966
60076
35622
53862
86242
23164
8828
61406
27302
73546
32388
77562
28602
27590
46338
45204
10678
45120
29804
632
37470
50586
28474
7902
88630
54680
26496
92178
20730
91186
83358
67552
79304
21418
9730
34832
15288
61408
76954
41472
6132
14374
54798
65012
63144
39234
87178
19466
90710
76900
16272
83166
27618
51540
21608
4216
59426
63738
78154
7468
61002
60132
88822
65318
37408
49610
51086
2088
3422
38858
19092
9942
9058
38682
10304
88628
58230
54204
94846
82962
63964
40086
31054
57060
19030
13686
95938
92518
52596
15282
33202
74646
96268
79830
266
64786
97132
42980
66792
46976
57650
18828
33210
8828
98806
83146
81306
71260
20864
66584
86122
20598
45994
78576
36952
26610
11838
93638
28260
37656
53596
974
87286
84930
7804
82006
62022
69706
13832
48252
57596
23498
93320
45292
7658
52878
46460
85394
45382
49092
7614
57280
1278
59904
51520
14638
86634
3814
12190
74766
93198
57536
26384
91800
92666
80824
28300
39488
86046
71734
91232
44744
71850
25042
31958
16928
62126
71678
69276
87346
24774
64804
93120
53354
55742
72908
43916
51590
60896
11288
32736
54032
49468
24062
23344
93786
26252
41652
51128
52414
90970
2014
78436
39576
19320
95872
99200
30158
70004
3086
47666
27872
68182
77850
78014
82446
22920
31114
63476
42656
29320
27414
61456
78940
20040
15512
96270
75248
8046
24572
14860
98462
53986
33648
26854
91446
66688
77634
50770
19844
77944
49858
47250
72792
34862
18282
63214
25908
21440
45314
15308
67396
61242
8302
73484
16048
35200
21074
57382
86332
95036
60138
36048
30134
78738
86356
43474
63866
14560
80166
20110
21916
8572
26712
39622
89858
44250
87918
63956
37682
87348
37318
12330
1692
3552
47182
60514
45966
33796
7980
66526
75044
85446
98740
9726
40576
12098
31112
40442
9656
31730
19006
284
20436
13522
15554
8068
21312
10992
95690
80486
68720
18208
35108
93816
77078
3616
19906
52964
14326
8002
20994
85798
84044
66976
16628
80052
86506
42610
22782
34200
35920
61832
26400
99626
87140
57764
12146
78216
25048
57702
48320
29854
41638
31466
25980
45548
33718
13852
77074
19530
90906
72816
80212
40196
43244
17002
32994
26210
15952
14006
60334
20034
9616
8554
5506
33266
69004
7522
21928
5618
51438
82754
52390
38348
26412
33080
91094
96072
15498
64868
95116
13646
254
74454
90596
63126
70312
94564
49266
64376
876
56284
10878
30570
35236
60332
34564
80188
94390
53164
68238
12486
5422
66746
54692
14452
91308
94560
41818
48354
65492
37318
77818
4884
79958
85230
33806
27378
43644
38162
49078
97616
92346
31694
18086
47138
48778
87066
64210
17520
50822
23802
83566
83436
18012
31544
47644
57006
86668
34090
90586
15082
66488
89756
1606
92636
48524
24664
14508
92706
89138
1704
60938
61964
60674
90806
10246
24122
39266
47478
30252
8280
55328
73904
28710
38906
63824
66816
73568
11986
87408
31594
92380
67872
47362
89978
48504
57540
27240
23038
63380
44534
40858
58628
23562
85794
2292
63650
94074
56526
70130
58290
63182
74632
86762
48020
60766
26608
16434
11664
23166
31240
35468
3542
41336
82076
80416
49434
19370
86360
48076
14490
61176
18560
24196
68222
39974
15294
44682
39726
33354
56130
83880
97232
44340
21124
3470
74828
32452
28638
5260
49332
25526
67536
98744
72054
22670
85344
8988
57250
79376
30672
86700
94868
68996
46526
35048
54710
36716
10180
92910
65652
29738
97950
77356
370
31920
64676
78606
83214
47590
30124
22894
9480
10912
46072
85314
77776
59570
40146
46342
28088
39556
78732
89672
4120
37004
92072
50316
87742
37376
63584
9396
82406
90640
168
92810
48350
50594
39426
78434
19300
55794
29304
18790
97948
77750
4610
69444
10652
57612
68062
53176
90936
60992
64536
16974
7832
8908
9722
79862
1998
28434
79586
81040
3830
67514
11454
70700
74328
63654
41188
18386
73002
712
62382
66924
17510
98922
73842
80954
97012
76620
64380
21022
91472
13392
5382
28086
73126
78460
1146
71104
81338
1608
98250
65808
24844
44928
65252
38976
18620
