42629
71041
50729
64135
63713
39619
9333
73443
92267
92671
17241
79403
52629
57601
83469
79421
21993
75645
17801
21245
68377
21485
77575
25167
99485
44985
88445
10761
81661
38997
6119
26943
41303
16715
2719
27463
72543
13203
86299
67447
89341
77775
29675
5137
11055
97411
23117
47971
80673
17549
49063
53147
87715
83181
33723
67127
85377
94117
35315
63027
80521
94323
53531
39595
79463
91965
33417
609
88643
52587
40593
92093
37829
67425
40899
98235
14195
75977
85557
96355
91987
24527
30405
53953
5137
87247
19601
30719
86085
44591
90473
44045
1553
48809
66467
82629
10835
36841
7795
98409
27367
89079
77997
33361
40971
44201
63057
78995
52231
75933
11241
46345
98785
24801
17163
1291
76761
66531
63319
36935
41075
7057
70487
89315
78071
37617
4691
11995
20837
33497
10657
65519
68119
22207
54013
58157
23535
23427
33963
31087
3557
34281
39465
61961
49855
709
9597
20361
35139
41207
59977
83611
18645
89621
89353
33585
58373
87927
45873
61979
81419
42821
38481
59329
59309
51401
50321
73745
43611
57693
86075
29253
56019
79779
32079
99389
95025
97667
89415
79879
87235
14785
36535
55605
35467
66147
5745
87007
22183
70887
74349
77675
94871
45311
96321
81499
57711
33811
46661
64131
30071
84071
4709
87133
8783
46349
55239
16867
47019
40971
52285
28161
83281
8465
12787
1685
85039
72811
89969
86941
50379
13195
3895
83503
31667
29333
64931
13637
97399
7347
96733
43889
34869
21059
55271
68409
91905
9335
44357
46199
1471
15381
87769
6835
97897
22751
94101
77905
7989
40777
31329
18903
21113
62779
61441
99239
12547
76869
99803
92861
86165
26703
65205
17265
74041
14319
3277
54267
24907
40111
74781
24559
25475
49713
28069
46393
52707
94781
52071
94351
7839
10133
18727
23533
41551
36741
44213
23585
47697
64763
36089
53971
60699
25957
42507
66331
1503
38927
7619
21023
12045
15383
75519
90585
38075
45377
42221
76829
13999
13469
14685
27907
17761
68433
69965
63489
45069
54185
21905
11639
63241
57761
55961
34695
42149
22297
39983
13795
49353
13053
8277
10231
85465
19923
1807
71255
17719
30231
5161
37177
90897
52663
60799
66691
22183
32265
60429
81507
65037
13859
4615
99699
12661
99843
44645
74915
78227
44821
54243
48417
10287
63431
26913
85981
83249
52719
25179
17173
17975
89161
87451
36641
38143
74507
65441
36683
29883
85419
25501
65109
31311
82593
23917
63707
82253
66393
53505
4583
27173
88325
59937
31753
32123
11491
44483
29111
11333
42489
69955
71045
60339
78143
48999
49703
51897
45235
81621
85083
44901
45845
98703
78895
45055
78535
30687
33017
76291
88923
13571
21893
40261
19585
51257
77821
49727
94853
46147
86201
46885
98107
1083
29821
80423
32229
69409
39133
495
19033
15343
38221
30557
32203
54809
16045
21189
40919
66825
79395
78979
16181
83925
32245
64503
83191
56533
34347
61141
87079
86127
62495
73967
87245
61435
2335
30133
75839
22371
5327
61307
97779
74971
92143
48049
85865
55837
64219
3253
67269
97889
65881
85219
6193
83433
26557
79655
955
8321
82371
67267
29177
74103
27707
54059
23355
17631
38505
40171
11877
37467
68293
93267
69787
41681
13127
2527
26579
58063
3869
53655
93893
11033
57951
44415
69635
68265
8341
72581
33919
57085
34619
3359
16063
77627
74763
42779
91767
57095
67377
64751
85677
47185
69885
30569
28747
12611
25355
93777
69339
93381
72151
90955
87521
29055
26189
46793
68529
98585
35983
71737
50365
41615
47961
91659
20229
23937
44941
93781
38291
48537
1551
60141
57791
73137
27761
59925
28601
72793
17967
89993
96553
24929
1177
25325
91563
97903
45215
63321
97239
16037
79883
46105
31539
40507
96701
63709
9209
46159
84839
84099
7339
37875
8271
91761
7567
30355
35279
66809
7815
30925
52783
63379
78917
22313
44593
68077
12815
46003
55521
82313
99077
71019
62933
75877
51553
72479
96679
25079
85179
54897
80593
63845
81335
3121
44827
88505
81909
63319
66861
22241
24017
58233
96279
69895
45067
75029
20987
48867
86755
36347
25405
81359
74749
72947
7033
58703
86511
6053
48759
62859
24843
10527
56105
37023
77401
36765
11267
58397
10363
72445
74051
61577
95
71251
53733
47417
60865
58387
87871
50169
60345
38627
92167
57383
17457
37261
56067
52047
18655
99023
83629
74449
47411
53413
67753
40583
44487
90681
24831
54187
37971
59721
75487
20707
85071
48649
86827
97083
36319
24017
41029
72495
77825
37925
6877
25997
96181
79699
23303
69757
19921
31171
41195
95503
28791
48431
34077
21251
65171
5137
7947
30803
37125
58455
86059
55629
65295
10527
59295
28939
36203
8097
16193
29559
88533
81307
1263
55987
21739
29031
99223
24929
16057
73527
27603
26545
41599
73471
12997
56301
94095
25577
91447
48313
30971
28973
7679
14857
1989
39911
70311
61177
89051
68383
46583
12873
7719
1373
2723
2089
98399
88421
15371
66071
83213
51743
13085
71237
95121
87435
65999
75753
61993
75183
25293
13973
7463
16457
56395
61675
85287
63513
2903
62115
69623
96315
42639
35123
84707
85081
85279
38319
53079
40009
12047
29875
53903
84391
59541
4651
6247
66497
39203
18147
46333
32247
37759
38629
22975
44535
38133
92405
7735
15513
5673
83351
1989
66479
63343
59035
52813
79187
69501
44055
4735
59067
25609
25491
76285
90999
84555
44067
8365
95087
33323
10013
82481
40331
4567
54885
78157
74511
6793
67297
14293
35661
58441
40939
13627
91479
28169
64219
64917
88555
85789
7897
40349
46081
18039
74825
34087
38255
18683
87931
7817
62307
77251
9439
75335
85955
61723
30651
83243
3439
87763
93897
13463
23603
66413
45013
81017
68385
63061
41549
48557
54121
62729
95083
16125
66127
39179
48215
62303
40279
23357
54783
90525
7229
42327
21463
15715
9587
48723
40431
1813
23947
72517
85505
60385
8723
18645
98507
35455
62705
63959
25841
93225
23043
64763
47607
55903
20715
9707
1823
75629
56781
8879
50599
77769
54987
54389
40525
47537
1753
45693
70297
49653
74579
96849
78551
6621
13575
21325
97857
77219
89181
1115
68577
20535
39519
68063
25673
57259
10797
85823
17037
13169
23959
57531
6209
10235
33959
35081
88159
89059
96325
52255
44833
90443
62515
34525
63345
58757
8657
39899
46883
12153
1151
36985
36253
51949
1365
9005
77809
17681
61905
19163
57233
24833
56309
93471
75809
40945
48007
92535
16401
55795
20649
86573
19025
32183
6215
39807
74187
61299
84881
93577
5603
24723
91871
32059
55235
86231
89923
50629
20261
86365
36323
51953
96391
83121
85153
74673
80433
50017
1395
42247
22547
22017
76857
55813
65255
64379
65007
36877
18095
61079
17255
93965
47381
13659
41601
75819
82015
64827
41853
99587
8519
51135
89971
94917
17651
96519
4125
63007
45953
62233
33793
97041
95879
64447
61507
1877
30587
59807
69279
66337
33755
56739
97201
29459
71483
4837
48861
13403
18469
25869
97039
73231
18503
6603
40993
2799
60873
70099
86713
40007
55567
25467
48041
43505
77495
83419
46603
14179
89499
59341
79513
51141
26065
29523
19337
8343
62661
52335
59351
91077
79935
57093
32559
87073
20679
64739
14567
48899
96921
79097
4231
53519
85621
65863
78365
99189
8943
8179
70625
35509
42015
5673
48667
56653
25549
70993
6165
82539
66223
39447
8465
67555
19005
35843
22731
92311
13735
1449
29189
21317
81669
89121
50311
37519
17851
47355
14055
83605
27049
74529
47119
43643
94023
14873
67303
94159
33185
9013
6201
49447
67323
74577
95933
74519
51375
13899
16181
86577
95525
38869
52985
8711
26261
21627
60727
38747
64099
86489
54163
66713
61687
1725
14405
24005
6641
41989
7833
41375
32755
6409
20605
74237
35531
72895
90067
65409
19785
32947
99409
3189
74985
60119
46781
83655
69237
2811
42757
32001
21079
92933
99507
93643
13765
80479
59785
27103
69061
77469
11115
47075
57247
36077
51755
23015
78175
66261
89759
36493
34489
70695
34811
17039
88769
2419
40193
39783
8959
44187
34755
20895
52897
38949
18631
24789
85979
21737
61171
64927
22857
135
20521
5215
22313
75065
23067
45495
70765
7335
76683
22753
74055
91055
85763
23423
59863
83049
83587
76349
11063
51495
46869
21701
44389
84359
32227
93181
25667
8153
2123
91905
29569
35855
74791
83037
97221
38385
99097
35455
63795
4805
14847
10849
5973
6127
93867
54981
46877
20197
23343
17065
67617
33785
63993
36041
83811
62813
64719
34385
30619
58441
43069
59379
60081
98199
41783
78109
68867
39313
52499
38127
74293
35685
16009
48131
27901
20545
29749
69419
10761
27345
59447
21925
48631
54761
90911
40381
30959
61173
66737
54707
90499
3107
28005
93605
53469
44059
25399
75835
23813
2815
33173
71815
21965
40925
37469
76893
20543
8719
31047
83173
20525
75419
31701
69021
935
60921
2099
46693
36585
40273
49239
77587
80011
15067
45089
31293
54631
82785
83581
73209
46767
9613
22655
36399
22921
1351
45489
76455
24025
45177
68067
55719
76519
5361
11555
23363
88347
95147
79447
16319
25685
19923
91031
98421
4527
5507
85581
59401
18305
42509
18245
54925
14711
70535
75597
5079
30579
37473
98939
92941
38821
76805
69299
97837
17303
96963
82797
33481
93933
85133
34297
35049
60863
80253
88683
18441
13385
58201
45873
28371
3953
82327
62159
37733
37893
68839
4015
55329
13005
44079
45849
64305
91297
17281
26787
56695
92881
6479
38835
41987
7575
55937
18055
54247
6389
47639
36267
21519
92639
20349
99423
61795
38127
87253
90675
7921
23405
59597
61387
63251
63249
13441
68745
79833
93949
48689
98411
31669
18939
36151
27471
15953
60845
80217
35607
43793
86371
10537
92069
23489
70289
82643
72009
52267
78481
83311
69301
48977
7183
46173
46671
98371
64585
6287
83599
10875
65129
34705
19435
99925
81307
18687
31633
84493
82139
45021
36631
82763
95711
98437
62563
46317
85327
41795
26331
5519
70791
63295
54869
49555
92327
49907
69345
74269
96467
82667
94133
99351
59433
70455
91787
82881
40491
40593
43991
77105
61469
76179
54669
21697
54657
2185
41093
77089
58827
62789
13515
82325
42747
14813
6325
95511
75947
79999
31247
67191
85607
12927
16919
29021
91637
24701
635
97483
35923
42279
19453
48147
11019
52767
35277
46131
51033
73663
17135
6029
57559
89165
96887
36893
55881
33817
29727
72319
70859
93657
2541
84709
8139
84269
28719
483
87785
71261
10623
86149
28605
63487
63503
58775
37977
89571
54897
7461
30185
37813
84143
21663
22575
32233
32191
34259
7181
14015
66225
98273
10129
78249
42569
29187
33159
93661
39349
42271
9767
2519
62539
28709
63139
89645
62859
28075
99541
2629
75901
67625
66619
76845
33001
54749
77771
14893
40241
69725
27363
80185
55947
58985
50229
14439
14915
52921
95191
551
40367
44889
50259
12299
17359
82609
84621
27193
52339
64489
2383
43429
23571
73259
31777
26039
42287
97091
5597
89513
47909
64847
4851
35765
94199
25545
83555
84161
93031
80901
86879
18803
78433
85767
25241
68793
89863
10705
75939
53149
2323
19565
62715
69967
3191
32169
48707
48919
19419
49599
60377
88641
46781
37183
87293
59905
1661
94937
3413
26359
6703
47543
77109
91289
113
59049
61851
45621
52717
80649
75521
58673
35941
96271
36149
68115
69791
39323
41491
89191
84755
25579
63091
51837
76915
67381
77853
97653
33905
93257
70297
20125
47617
96575
91713
65543
51039
6247
93379
86011
91825
50209
81907
2311
80693
5859
35483
95027
1193
11473
66253
61183
95911
62625
34351
95623
20927
22619
67867
93629
49759
33051
24631
29527
41173
23419
9101
17411
20489
21579
81023
29993
22225
23401
57851
92009
65657
45781
9739
55941
21415
91379
59045
86177
30345
18629
23583
39681
47867
30439
2841
13517
64423
35339
55695
23889
85971
94441
1263
82769
43451
29957
51541
9617
4591
28783
97623
73081
29919
38046
74554
91230
2530
40692
81060
30346
9886
67348
32814
3480
12640
96282
19610
9288
60706
19608
37778
50762
90326
38710
42228
85896
65508
95920
33328
43666
38268
14796
74486
25226
15864
82826
1862
29408
79034
27652
15662
42116
62026
32190
40846
48310
19394
77584
36496
50364
89782
1968
95490
37532
35960
75876
29496
85370
77622
24950
80224
36552
39394
63266
15758
20984
7330
1534
24880
2822
3318
92816
94958
25226
36960
1918
31422
94824
72136
79798
26576
31388
74742
82250
13654
16428
93904
49752
48294
91118
54518
86664
35142
74120
67908
35154
29716
504
30384
73068
71680
99580
71308
58902
22252
84750
3712
48302
1862
19312
74410
66476
40194
90908
15620
49912
28314
4064
51476
73686
90118
45704
16062
65304
67110
74328
77730
89996
17340
64912
50880
73454
18980
77080
61156
69516
38350
72162
65096
40842
61758
81188
97720
23966
85630
6000
93488
37108
90064
43776
38298
81984
99748
69104
33922
69324
15636
52760
51546
30012
9648
5370
14276
69958
80508
9614
56952
60338
77378
6540
74564
21496
89214
4458
76498
93880
18992
43756
86904
23576
4978
66174
68636
83762
32376
826
61732
78572
20150
46662
82912
42848
49358
46796
35626
73864
42474
86450
14756
77264
6474
69662
52014
77768
50574
79222
46288
98048
99224
35636
33760
51460
67330
11646
16538
99022
72454
28276
90452
32846
13950
71424
5554
66566
64248
48538
6286
22882
45216
9972
81332
56152
24264
41422
37470
67838
24708
43464
58886
74556
32776
70674
15976
32590
19952
47254
14084
12836
88222
94090
49610
11174
70884
80744
64332
88794
66860
49580
72620
58398
71328
61726
92392
72070
91506
80328
87674
16118
70714
19408
30784
88056
60138
95620
54386
50370
3578
33570
66882
90874
20332
85710
68464
1936
98990
76876
22924
52302
17842
77316
74432
12190
14176
1314
67088
38962
18150
44372
99486
45646
19214
53076
47674
59440
24218
4460
58852
6354
7334
99568
53248
56924
37270
70504
92648
28592
67618
73854
29830
72314
59138
18366
42146
72466
27404
78976
9374
47096
64044
55844
45292
54480
56864
416
65618
1668
73284
37332
57688
77202
70898
15288
88908
36062
1710
81182
62472
48174
27686
42206
80188
88646
56008
45604
34594
4350
96686
40330
2164
86294
23844
7228
79790
47034
19446
79128
28986
4430
46332
84234
89378
63610
5604
72808
58036
22624
28526
65500
3798
37020
68470
22106
52238
44980
60218
73976
61562
22524
89474
46428
2660
69664
85536
52600
74348
51656
47912
35972
51972
92250
65118
97682
74270
85704
46932
32916
24964
96966
21648
97750
63422
14054
30012
41992
82852
93952
23550
40998
45424
85248
46798
38434
84980
24634
30546
92302
7344
85536
59638
10034
45056
95016
2060
40126
9212
5838
3720
41266
35822
32920
36034
76058
87062
63650
33568
88198
58572
41758
93024
15252
85278
32848
9362
75572
78420
78636
64240
32232
76220
97450
16140
21500
15848
134
80708
73534
55594
51598
41822
50034
66406
72690
18604
67022
94696
44598
14548
69966
42386
65440
45974
96776
80704
13726
59098
90108
1568
13188
65046
76932
13166
99238
57164
66456
55404
11460
69374
2850
29460
55650
8274
38010
84264
3710
85834
39130
27350
54372
68650
12142
50146
58098
87942
29610
11004
60762
64966
97104
92360
2990
2916
94856
94890
6052
80974
56458
88686
70104
4790
87586
2032
47346
49790
844
24218
8226
37460
41684
11596
43440
95104
36774
27284
38506
73048
620
54172
10864
98658
45846
26670
41486
50896
79866
8746
13258
89312
55796
61862
94272
62510
63704
82766
55728
30132
51854
32232
13162
86202
3592
33276
38604
86930
9640
98916
99668
84990
50786
25300
21368
87716
58532
34436
9014
42118
36128
22634
95224
13608
17354
85140
85866
97988
1246
300
42304
84998
34184
91434
21474
7872
66394
91980
83660
25836
19798
70302
9122
33712
29062
94712
78022
4472
73406
33960
8592
75126
96450
26798
3870
47418
66616
54054
54740
80056
91748
2402
91490
99672
80298
81558
68630
68066
58030
76112
90486
57074
13126
28862
72928
41270
76290
59752
28986
24244
20222
39764
20630
51616
19786
29018
35114
11568
68610
78786
25346
75326
87638
43798
78316
68148
87856
70124
38936
11710
46052
36824
16708
31452
2238
38986
4916
10022
51048
8606
54670
56086
43070
83818
64676
53248
61210
63038
35888
18762
7448
62364
40156
29496
77780
74888
92114
18394
24462
51812
128
17502
71600
28564
24446
61952
71892
94582
72280
95804
54648
30780
50984
12506
1300
58070
52218
67226
68778
95720
96182
6152
13540
5424
81958
84200
10794
65746
19368
34350
10548
15434
97196
67690
30646
9432
91446
42672
5850
69810
27714
49844
90002
90862
10452
83466
25958
72158
79990
30648
65644
29358
97366
70838
81078
41182
17676
50408
60374
74822
6912
88900
80318
65110
39704
29706
77934
56800
80208
166
98868
48582
21944
8794
31352
95138
70466
91602
43812
27816
54982
94832
98558
20650
48934
59556
31086
98096
53250
10300
46962
24184
62042
73564
18626
45032
51694
20126
38208
97338
87990
70222
32300
88818
84434
24496
98890
59072
28722
11858
75214
54130
56250
77762
7332
56134
93944
87132
18992
81622
45278
35124
74398
26836
3050
25410
55564
49120
5978
1374
69402
47992
8582
75634
77386
75772
56500
94582
6106
84998
54566
40384
23928
83320
26424
85884
2418
65358
45846
36244
19498
87708
37422
75216
1016
69942
58180
62524
41728
77746
3768
88890
25128
10330
12766
41552
20798
6048
52336
45644
96586
48186
22630
94990
38070
92782
95742
13088
146
9034
87938
52152
57204
85892
44208
77184
38776
88138
85162
34160
39420
53652
82080
83566
17114
89638
29596
73248
29980
44708
42140
38194
60032
77800
90732
24454
61228
41022
61876
65122
54066
8466
59232
60866
41942
95618
10586
10920
85514
34566
97474
4808
93852
31966
27054
82084
85732
15884
19694
85272
43670
18672
8518
16856
79492
49076
85206
68896
38966
94616
52020
96842
34640
2620
89912
83822
19022
66808
13518
76158
24564
36882
90516
76468
79258
65970
92776
42172
61360
5324
44458
72496
24872
8280
82186
20072
36394
64896
74288
92764
34888
94516
10270
47900
56090
19746
27236
77430
71876
54694
49026
68384
73118
95988
7626
49590
58602
89214
70914
41908
66324
4818
90142
51320
43094
29704
61374
17480
63714
6052
18912
73988
22416
3632
95324
28370
99224
99470
28324
22666
84494
42946
72116
2822
50646
12262
592
69304
39130
70286
50768
13474
74020
17222
73366
23274
98256
20978
36366
33286
79650
49928
76550
71530
51702
82594
35616
41828
47700
81048
7164
67752
6846
82794
93604
12148
98482
46336
54872
8342
83028
13870
20924
23458
94910
4706
5708
44484
21646
27090
22472
71660
60516
32578
33794
54986
14714
23848
43130
47018
76926
66234
42074
46766
25828
77152
65422
72014
66242
53790
32768
95080
43468
85020
13414
56244
7906
93788
23384
61314
52006
66718
98434
26958
37708
93776
58070
29620
39028
34824
51410
66744
68896
37858
62780
45198
75836
70242
26524
92018
8698
64714
73200
87748
57982
92566
98672
75666
89036
47142
27692
53768
87668
57752
86828
70814
62836
2
56394
44808
11946
4088
77800
97992
84924
99310
10530
84754
5566
23372
24966
40150
78084
37192
87034
98524
15698
23800
75658
91352
21256
78112
3594
34350
8916
60250
80916
63010
48146
40176
54206
41564
93644
28678
60644
58042
88946
1084
78692
44236
12264
75568
37612
33178
64388
92084
88256
182
4000
42732
35320
21110
55320
48594
18676
68544
80436
76486
55658
66504
99796
66412
80020
48478
25714
77716
57838
99404
82924
69592
42322
76762
8274
9902
34216
35396
83462
30298
69450
83856
67258
1234
76610
18418
29870
39966
93150
19302
93048
92432
74248
4506
37750
3266
14068
10510
83746
2060
85410
61198
72436
32482
57228
29146
16404
16368
83598
3410
53340
58744
81348
75584
73828
28342
71006
12358
23664
56972
5632
50358
85652
65494
41124
29806
80530
59026
41242
28988
34896
23804
31222
94548
22096
86870
63102
34446
49396
75430
50858
38938
53324
18424
42902
38626
31052
73076
29378
11634
86846
4702
92720
99360
20040
19230
24362
1750
97662
34630
59494
57086
29058
87016
69866
90342
48032
41710
88000
87528
24978
75930
53190
94346
28148
2182
75274
32492
24294
81188
66604
74230
31936
98162
48706
46306
87492
4862
16640
61886
77062
14182
69702
71590
97090
81242
24602
95092
13130
56770
12830
17396
22962
42042
24390
71904
2776
69424
74400
98178
95232
72454
61500
57426
98152
16548
49032
37032
51738
77254
73034
51762
53112
61736
27856
98754
52214
35330
30630
30544
81704
56344
18148
93158
51360
13980
96806
54824
34314
33164
81402
54858
41698
36630
54452
63682
30334
44952
13982
93408
65472
48004
85534
124
61350
7884
44354
27538
16816
24418
62964
26202
27744
39266
27900
76380
5532
89036
23566
64384
41538
71928
4496
41302
41790
16406
32124
51772
53904
28266
78766
71872
98592
44142
88218
40230
18370
86772
20074
56630
2114
39346
11522
41492
90876
4242
96928
3634
38222
66986
14330
30730
48420
70872
22704
5644
88296
60042
22256
95198
54694
72880
60402
25632
21712
63660
27574
93580
75850
43344
98048
48636
3756
17314
40254
73552
77484
87554
79602
40576
47610
92346
98158
35266
22412
73132
97430
77810
14536
55016
6176
73316
36494
96908
25214
966
80660
63678
75588
6812
520
14266
61680
23590
60220
71548
8978
58210
93676
85046
46744
44188
2080
12414
79772
33006
44224
13526
21778
6988
54838
55350
92518
54686
35714
17728
36108
83090
5094
26792
96084
55210
67318
40630
24862
14530
86374
13352
89480
9194
43390
42632
44018
40738
20978
88296
1098
26142
99866
7366
43968
18192
10320
85722
89522
34820
24258
44084
60952
71586
4014
98774
17618
64362
54610
53234
2488
44528
60068
84502
23276
97806
58828
15134
9994
47286
43642
7246
89514
10412
21980
62442
22468
26430
61996
90770
79476
91274
51954
55170
9524
26284
91450
24998
83464
11332
4576
79354
22682
48992
50740
99132
8504
87326
44988
28292
34674
59234
67972
99924
55356
82682
91070
13204
80202
31614
44326
26120
89826
59864
83282
13568
92154
52552
40898
80654
10230
9424
8100
40574
65946
88750
71764
81758
26372
22928
78972
42820
56700
80860
19836
67538
74466
93424
71440
92740
2386
6370
4770
55114
66108
62806
56140
82224
84742
62052
21852
13446
35292
95424
20632
77642
24762
1478
8194
88502
35554
89234
99464
73630
17088
2378
24922
28918
19168
65984
27478
82072
25148
71596
86990
12888
62678
73582
63510
95060
39000
48124
23698
37898
38336
76886
55856
1188
65336
36904
22484
61020
36036
82126
83726
71454
62126
18940
25840
29484
58346
13356
82734
39168
20662
74838
73732
40660
32030
14788
28768
89450
85002
76530
57238
30028
68854
99460
80946
51264
80176
43282
21546
5288
94094
32576
45870
3340
18308
84170
50376
36762
86078
69872
52292
99698
32842
83624
44024
24748
27678
8464
71364
5516
87246
80438
46460
36896
13068
98596
63320
74862
37990
57764
3240
64740
99400
40534
33304
43256
84916
55074
6600
77198
31056
34586
91700
32468
59954
65352
59274
55548
45384
31264
33374
10510
57602
48704
4152
66430
7350
3116
222
54602
38128
24986
20354
7860
21900
27602
28172
36778
25552
96440
78966
89778
2522
21080
72774
19944
96270
2130
73016
6690
62338
53884
96628
11054
19710
32710
49944
56810
83140
30656
20092
45218
57238
75842
90638
60132
14220
26462
41306
31932
29818
82860
52678
83048
48324
36144
63832
78780
1232
57698
76106
23088
15664
5534
61028
21562
49860
27838
66206
55834
50798
51912
35268
674
874
56142
13242
35276
79534
61518
92330
83582
33814
28026
11318
19378
2022
76844
6798
50872
77546
22098
45254
53664
6116
63464
41492
26708
1124
95244
53884
82642
88212
66980
12172
21786
94060
68248
43014
49408
99318
9826
22472
18578
92018
32014
24688
54174
58788
25838
43350
52368
29500
18996
81832
9538
7910
35848
63456
87388
41050
57258
91352
14538
83434
95492
72866
16384
38542
68328
52848
