54883
31959
1789
67407
63029
11755
8527
85319
76307
4565
23469
77587
37299
41643
11743
52281
88293
30647
77205
56211
90293
92079
75557
69945
97521
33689
54279
10831
98733
58797
80313
53739
31853
69279
50565
14891
77139
41215
65823
6093
40411
27005
59441
93315
34347
69165
81407
31151
73705
69533
44541
67869
27495
98707
23945
54805
26677
13145
7517
10127
6645
29603
64081
77661
57119
85931
17269
66391
41839
76273
81265
611
24339
43521
71269
95725
20605
65797
62429
19559
36361
44089
73773
75313
53123
66927
37377
40675
35375
48863
64597
57669
61457
90609
95867
11007
51417
88963
52017
95125
90311
23839
52177
51329
18219
59237
50375
35449
34795
7737
65817
88021
18711
20733
96389
29055
9409
15773
84407
68367
10101
58797
8137
27577
37321
34843
50607
62467
76075
31963
63555
8251
67043
33863
51519
11529
77507
63657
56435
21499
34011
33805
52919
94077
44539
30833
29095
96473
5425
61029
50901
85745
91039
32557
20543
29023
45513
7055
86009
86045
41463
75019
52217
97805
55053
17059
26195
99097
6039
27665
81533
55435
77461
33691
82873
23647
74329
82613
82315
5105
74933
73845
59515
74999
56195
26161
45317
39599
79873
24937
54443
34947
41563
9827
55207
57925
42389
25755
54171
54765
76007
71413
5291
63205
85833
38511
7219
64577
40883
69573
77589
33497
18957
24143
24367
47687
99887
51909
95287
44725
77951
13913
87545
63819
76561
60497
50709
12853
93513
74489
31727
59849
42259
23253
67829
45931
41503
95253
44525
96745
59985
24263
3593
34081
75737
77681
12969
90357
79921
36315
1907
46649
88261
44375
36541
68625
72143
35267
29767
30039
55935
28663
69009
56949
29433
5929
33431
51461
19131
98227
74789
43773
17669
71181
15889
63067
503
51023
135
98153
54809
92675
58971
60233
70281
80673
4965
88533
72299
6323
84861
72535
5085
88345
12889
66957
373
35905
92063
82153
86629
99119
78781
29393
50575
32469
91725
86421
92849
19903
95693
81815
31495
6275
37023
22565
81797
46909
80541
34431
59665
47429
97065
33357
63449
65237
86985
1735
78985
89011
88067
45289
98809
90811
98945
25971
83173
18719
65811
69305
8791
61387
343
8449
74477
27821
86483
17793
58031
57517
36769
24965
98861
17241
29663
31933
4865
15935
9531
79401
18041
64635
77105
81455
31279
26199
49361
94789
31643
91701
50415
52897
44881
57705
44005
89897
93875
88925
96233
42389
11529
16859
62225
39231
48857
28837
30123
75275
76619
82619
26961
21745
27889
66831
67071
27927
50535
91097
68385
72797
24419
39521
87539
43583
21123
41655
92689
17873
20249
24725
16411
61575
12441
25987
42893
48689
67591
21971
7339
515
54047
86371
44747
72701
11297
61585
43917
49083
68451
94713
3271
20811
23739
64983
52365
63175
38721
15013
20891
66163
16765
79207
14653
83357
77893
43031
21899
73263
72195
83461
23589
96255
96509
93631
79093
12237
59333
19449
95179
73531
97913
35251
31045
14545
92351
51957
63899
41109
33853
2139
93047
78315
18653
82283
20451
74225
22873
39307
58767
19445
23629
28297
93743
66633
81305
50397
7789
92203
16655
82323
91163
25747
54047
70281
98079
16723
2679
36411
55413
19479
27505
77761
31247
78129
41623
13701
51617
85697
95915
47481
70383
72645
90221
26633
52319
8563
993
84389
27897
81289
2935
39773
89117
23935
85721
53729
30655
82793
78361
50645
69359
22469
34591
93301
27051
28651
54731
60239
14643
84975
40325
3665
16561
41069
78327
85157
97217
34579
97515
24195
18609
35139
84249
69863
62307
18769
96795
10025
98027
24031
76611
19909
94059
76947
54341
15581
90975
12729
82227
73957
17233
83547
14779
5509
71511
16791
99083
69177
91999
59111
3709
29921
95335
21959
11513
87027
92657
60593
3181
19261
89799
61571
14597
74923
88891
80817
87951
70859
88103
31563
46689
94125
64141
82731
96827
73001
62941
86375
49565
31417
5523
69091
43979
70871
99633
65055
84735
29005
80607
60861
41621
42305
1987
43423
18163
63907
93649
77587
48437
20533
74463
46391
22527
85817
86781
93827
12563
70425
74967
32147
5865
96455
8781
26829
98691
2349
78531
33189
98707
22539
72175
82679
50469
5681
44969
80201
19605
76073
89827
11439
73139
40387
81893
36667
83803
36003
14797
59123
46859
36341
93391
65561
63209
65091
28881
27173
27475
53347
53157
9649
12079
45137
24445
83141
88645
18141
21395
83947
82065
72723
84757
76891
37929
75097
95347
27965
29085
90133
43035
3211
98277
25069
51851
26663
53751
35257
82855
63403
48305
15733
73669
39975
55077
9079
35441
96197
69573
49075
32943
50415
61
84385
40021
57751
77371
19987
42155
13719
39799
88049
40937
58887
31037
51183
78207
99861
28071
3429
45069
42521
49621
44025
60197
38887
81987
23173
31207
61945
72941
5575
44947
80709
14047
97377
31933
60913
29393
65539
92637
17755
32793
56803
72225
47913
70995
889
70735
66297
40373
82853
7957
63419
51633
59247
89713
45181
70903
48597
19809
62725
40277
28637
27625
23807
93413
92621
11963
51899
63327
80783
98555
8967
99157
74917
52149
82121
9611
83101
49981
72879
69763
63657
69285
84909
89065
56515
23269
83591
86527
47035
78835
99753
26427
91667
51665
8339
48487
39109
73537
51485
38821
70681
855
4841
83535
59997
75057
78985
61237
84949
41455
39307
94893
90075
26629
50023
47165
96795
65693
39699
60603
62477
10447
45427
81651
39277
81037
95157
6213
60569
47085
29075
9623
34589
60279
4505
79105
92959
14223
31575
84631
78709
70761
44217
2771
50565
28185
45663
16753
77691
23955
17285
15991
34051
20243
68841
12281
41167
5209
57069
61741
59343
39001
331
43945
89681
11753
88075
31239
38415
81395
19169
24941
2025
29529
25239
73457
65245
63625
40801
75771
70015
29683
52473
59159
82823
82139
42001
91085
59593
36659
47509
52227
50211
88471
30365
30015
62081
7305
65381
54763
31587
76671
22867
82435
51847
70967
59665
66225
19017
77543
70175
78259
33873
75839
9143
23163
7097
60025
33237
50743
84405
93087
23985
44801
50385
32989
35859
46149
19437
46149
22377
69097
6359
38601
40235
21271
23141
82085
40303
30987
28887
71833
62895
93387
33037
96185
54315
39207
38179
75063
2053
25671
46305
84987
70215
25677
2769
97597
4671
2155
15939
82277
75019
65697
93979
76699
34311
57757
31423
82181
80457
25157
46345
85729
65993
50475
38767
64897
96605
39591
75299
57365
75221
11721
65159
25531
62881
17041
9045
71539
16909
75965
32013
56947
56827
33901
82545
31051
36893
3875
58859
87091
87119
36997
27757
81047
20163
30555
87735
43751
44311
34731
42431
94805
14025
95503
97741
40783
30999
67829
5159
79613
3679
32653
10237
80067
42079
29599
86755
10449
59857
45471
36337
69545
3387
24277
82559
58197
90167
62239
52821
94561
39879
11039
27857
97153
64855
57927
73627
56725
94579
2315
32211
33031
67959
28755
65767
69169
78097
73859
4815
84893
22791
60929
3711
31989
31929
21597
79213
74671
46835
85437
13519
96711
58809
58765
6361
82239
78937
57419
74657
61135
56355
14723
78769
55703
74337
90905
51483
94189
75937
1651
46829
14207
91351
73821
97947
71983
96967
56561
35181
21843
78447
14553
44797
42803
25433
91555
72603
24493
96601
12557
90659
17951
80961
2023
60151
44675
97343
91949
36873
15315
33883
84049
98779
67865
93093
58033
78573
22111
14753
3975
39013
54071
7587
85813
19221
3171
92625
22291
63925
34243
50537
61889
71311
40133
24599
90027
97079
54941
23793
76391
82787
23467
8389
67775
1085
85837
32519
88851
38275
63925
88495
81917
50511
89907
7887
45517
59741
10085
84291
69313
68681
30651
57401
35771
33613
18161
30991
81019
88327
47689
17867
20667
10437
41669
13271
18845
75041
19273
56319
49353
42729
46921
56041
91595
66089
12035
27385
88135
96409
15061
64299
9301
52019
72895
84919
34567
34709
76377
74623
24259
56609
52387
14287
33395
53385
20367
87743
99181
11383
57023
3127
98329
71153
63665
33257
30033
86587
21421
84809
70715
37225
34533
96735
26501
45347
76305
44957
16365
83155
86637
8349
881
33981
4173
45427
87291
9411
88425
27659
96611
20639
61255
11385
37535
6413
66289
54843
76879
35217
89903
57347
64305
97347
48991
98821
71389
61109
92277
50633
42055
68685
40231
51925
45271
72547
68865
7613
58097
89665
3783
57895
95807
18785
45947
43061
80463
20255
96855
32299
2805
62849
1451
67439
47185
24193
61525
56127
82499
92211
9947
4035
73287
87915
12785
68107
58073
67941
84251
79187
40781
35565
72749
44083
83473
27461
99087
65119
89891
5203
8445
66263
66087
29763
44119
31417
37355
61965
27085
23551
98853
81749
75243
30613
3749
53607
74211
15643
88645
57373
68133
28087
10309
76587
72859
935
78837
15617
45191
9107
17949
27601
23817
11827
15831
10189
96307
49983
80895
12779
26419
89455
7975
5523
2645
98623
8015
51113
23469
84317
94341
87057
81275
94291
45365
65365
41923
86093
48655
9543
8237
63307
70929
44299
64837
34637
49601
20565
74439
6981
88141
51357
44245
55913
50933
38839
86949
9775
83289
61525
60481
63911
80413
9311
64325
86373
58805
43533
80009
67011
25167
2079
42091
33575
93795
79323
46079
58433
96151
2895
99713
62709
71807
53919
32929
27059
15417
14663
85393
8017
57175
71091
23669
33113
92363
34581
93847
52741
17659
50551
61817
4291
64907
51521
35563
47815
17525
91523
9511
64621
83977
54033
25709
20787
72773
57221
99069
55189
82191
66475
76113
41295
82179
79307
88249
7367
96701
83049
55153
91817
65275
39701
91971
50597
41919
56687
51621
18357
18973
18879
90385
54633
6489
50835
60141
67861
78409
90187
94009
47053
62787
69263
13239
88619
97217
74707
16739
12563
89507
86357
13981
3113
15253
21695
78375
21325
87969
99465
28369
25543
78063
54619
80651
27101
53127
58355
25025
11669
7257
47657
29189
21509
37893
82541
30769
86899
46721
623
92103
46703
99835
4975
25795
12529
93195
11529
68033
81055
80111
77335
57979
43261
16977
99459
36285
76987
70869
49505
92817
38039
4665
77357
62345
52757
1025
28587
73621
58671
91995
94749
77829
61909
82429
48421
6019
93571
81115
74885
79745
28153
36399
38697
52199
26895
69451
44005
79721
38055
36333
72777
41903
33631
34579
62677
53605
4939
91647
94649
80409
5349
52675
80125
90627
35807
16533
21457
80605
54777
17911
34221
69709
37861
49729
89117
95713
58361
95761
62787
52333
94197
53991
99233
8217
6217
94653
41649
13597
28481
58265
21631
92957
66059
4470
41952
16258
57812
87054
84826
8520
6218
9096
5466
67014
67776
98692
93972
2416
1772
10178
88078
41776
43110
69612
93928
21322
91900
69706
63898
65506
69068
85128
79584
62922
99314
89610
63450
51218
52300
78650
73858
52792
88832
12134
21660
98620
79016
97514
66146
97414
65432
1840
80004
71104
57344
76250
6060
30760
82098
99236
94664
91764
65856
54284
20728
83948
93610
79872
44628
77202
83904
6270
71392
42314
42436
32762
98116
69946
83494
50672
62232
47860
28212
68018
39152
93324
43308
8374
94038
27464
23056
26348
36338
6340
24982
32128
63028
87350
43252
56032
22696
28530
30972
88962
87688
7524
89004
50462
35808
89852
69264
92568
83142
8886
30436
35728
88408
68132
38912
7850
98956
42332
44630
5976
85322
81100
81438
28462
99842
93252
18124
57360
17748
33438
97234
16640
74306
79694
93406
82978
10420
13506
7314
53242
50858
58198
43680
87740
14406
62032
49732
14934
34394
42188
50914
52216
14998
27410
43910
91246
89140
6320
12614
59992
25460
1206
51424
93934
20588
21146
51458
37008
37246
13524
48594
45154
2488
17080
46150
5882
46522
8282
50854
21334
62780
3942
28330
39796
67648
1176
8402
58120
99572
314
12888
84544
87754
28434
21118
81700
21472
62606
84114
20042
25594
32744
75234
54074
98750
94052
1950
56840
97868
15668
65642
75756
96300
86614
65802
97256
60082
61100
87836
25142
87196
13408
78400
59792
27382
65906
76488
56358
76774
82862
74824
55398
99936
25800
69422
61786
49278
92592
37430
48606
16320
77474
31162
48254
62808
81008
21112
59258
75212
41604
24762
76772
50588
65968
67118
25662
88434
64696
71914
69396
96862
74268
53834
85448
56102
83898
54324
23960
79244
10558
63434
8258
25142
42204
58184
49238
71880
62254
53494
2864
62264
61672
4100
47786
92796
66116
97988
28442
42350
91044
45004
72130
5912
92432
50836
20138
16274
39478
10124
53500
94898
44524
2150
70574
11296
23820
51542
65678
65372
15620
66844
35798
53056
85382
84088
99212
95384
58506
54348
50136
41240
46300
67472
84458
85776
64912
47974
23924
71844
75270
41632
56808
92904
66278
28288
20222
88468
50330
32868
7288
58382
86032
8278
96520
23924
93708
4018
29050
15962
75526
36284
71854
93482
78752
2518
48940
72474
94906
40564
98902
41756
20020
25936
7976
59180
32108
58240
96086
366
7150
69110
81840
45384
95100
47322
47118
93642
74204
62202
35114
698
52190
68410
54094
82492
78662
31398
10904
85052
43588
84046
36530
78448
34476
20362
1036
93064
56408
3512
55376
58674
12144
85322
72890
16536
38158
2828
58626
1804
6730
90200
5596
36694
4984
46234
64198
35592
33524
17678
95052
42820
81168
31074
99380
56068
27624
11914
70766
75566
18700
7386
81818
39272
22798
95502
46400
24258
52608
968
76600
33032
82278
25764
284
6056
98020
75814
18600
75130
19074
10940
60076
9750
58510
58740
24066
25850
32040
47710
64654
42286
61684
60428
63132
32418
3044
60608
47936
37984
49160
62276
21662
45794
78156
50212
81782
4452
68898
99480
52198
43162
87696
44696
14410
15248
21440
4510
4500
12974
87516
99804
94904
95724
21602
16022
11210
96258
46474
64300
71228
88734
21138
65198
44234
58252
90672
5552
2932
52508
77698
68068
74406
67584
44972
26958
40814
22180
68640
10640
56944
57380
9776
68114
78178
66680
9946
94632
66562
28900
41148
34496
74876
1368
1348
30244
64674
92672
61758
26046
58072
52152
98336
88292
7596
988
32520
16634
21672
20662
20684
97840
41780
35176
75120
10898
15652
51932
43092
64584
49810
62458
3990
4540
51988
5106
88074
21178
14488
67716
12796
78230
34292
5370
97734
21460
27568
92850
45612
58206
96816
47246
6694
25726
32658
42938
62444
22406
26734
30932
37154
33538
13452
70752
70764
71316
852
4610
24734
2934
55552
52762
65714
98914
49382
24126
18432
59536
75300
25576
85910
10744
73612
520
52772
47164
62226
90226
286
77860
84274
94780
61386
43814
13600
22154
7846
62606
72066
56438
88318
62742
82896
55556
98522
55008
40462
86986
12800
88148
22564
3114
26724
47648
36218
57060
76096
23062
36176
87270
73364
81850
43648
65966
47126
16994
93854
97898
75464
91208
90586
36434
36716
49258
6030
4186
72760
9760
99070
66462
93204
12032
1710
39162
34438
95026
70394
68186
51164
16104
80098
2440
95030
56286
89996
9772
75160
80390
71432
2608
80678
97170
19292
22756
26736
52462
41804
35850
67740
35564
57054
61052
67274
36412
88486
31682
53840
62396
45630
13174
64496
92358
61148
12130
36344
53208
39814
56140
72590
59970
6960
54990
64018
43814
55824
12288
3076
52908
52510
26200
40388
79136
22188
16806
57622
27440
66516
25104
4592
20292
85200
6106
11310
93760
90006
65674
7894
5590
31992
16052
99602
77094
43964
39796
7478
5826
57190
58288
37460
19930
46064
37840
1600
41274
48280
30666
2306
57254
25188
83330
82694
12350
81094
43710
52380
11916
77506
9254
32658
77656
14946
33124
5010
91482
69282
75568
44514
23866
39580
55706
9374
61528
17836
93444
93778
37542
15914
43192
28500
46516
66010
22296
96098
51346
68666
81402
44858
49892
85576
42000
58400
38004
60584
67582
12494
30534
17548
29958
60440
81416
37044
33330
56930
77416
46322
66472
15986
38720
69328
86158
96534
77918
74238
65052
64034
72016
10342
28586
98626
36200
19246
19464
73014
80258
26754
88442
31206
22008
53194
602
81222
68404
15618
90494
30650
55756
19134
57166
10594
13086
56802
37628
16186
16842
31358
4300
48906
42140
25468
87026
45564
29476
97702
80516
71170
77624
10706
52998
94568
11296
97568
64898
88156
41824
98044
98828
24502
38284
88952
12988
11676
24104
90960
9636
36624
82394
65958
10020
81148
22570
61576
80104
53668
50048
49810
51358
28538
99430
31646
66624
48152
17492
18534
82048
76062
95998
47370
83302
60500
18888
48160
61460
49218
94588
37200
26984
3206
88834
16516
26582
51374
45118
4094
62454
8292
56866
30680
23600
44816
82850
43530
70418
31118
89410
39290
64194
74670
61622
55820
26858
84254
12548
18508
60998
70000
6928
56314
80592
39758
1962
32152
65346
12202
69374
88450
91658
31892
31306
52442
50224
81496
8922
65816
36656
4948
21918
54902
85786
93432
76126
83482
82740
44734
97898
48708
27814
80768
89284
10472
32706
14900
11984
52048
40502
28468
88546
6698
92992
84012
56772
81272
60446
41906
71736
32936
44360
82896
35236
16296
26236
30454
44632
9406
93718
17706
70612
89964
5096
51384
98534
61508
6512
7000
92322
11712
78914
8888
62270
62906
46858
59658
86928
11152
49512
83536
24806
95164
25986
78904
21074
57040
91766
86380
65624
25324
64890
91728
60354
77780
29962
87958
40876
22892
90530
95426
13462
34540
59004
10804
81780
78956
98506
20662
62356
39414
96284
7682
75632
81564
48860
97994
3926
72164
10332
51596
41182
68508
95926
40704
4846
50366
88298
79534
82578
65132
64652
78790
5822
41866
82340
40638
51182
44998
83902
17320
88440
22814
40130
88510
38868
6578
6854
6278
8074
98784
11430
76144
82090
43122
95176
46286
27148
8882
8364
284
16388
77582
33422
83092
91068
95408
92478
33312
54264
70280
96362
7766
16830
20910
52856
51350
15850
83210
86010
98212
31084
6954
90798
60706
91898
64588
48934
2230
70372
82202
45640
20896
83244
78004
39302
38498
44812
2600
3516
39834
21814
60290
37300
80134
94830
72442
88384
44086
47890
40142
87508
7644
28400
69682
74146
96674
1032
39904
34614
96908
67670
99920
52114
60154
68002
16456
96642
21388
88648
16672
74114
5662
23074
11212
10002
72478
63850
28040
60036
93190
7082
78848
21168
2914
71598
18626
98170
66086
44040
99220
58116
41736
74810
97006
61508
43462
37188
61080
96080
33070
998
85028
2850
61598
86582
9766
2892
77388
32286
73820
23784
61934
17410
30024
15386
36572
82164
34756
36260
94620
99414
19702
82512
56380
61970
68182
99230
68430
38102
91814
11782
21070
42872
58914
62900
2034
57750
22036
11694
49118
2418
56062
82866
8468
37378
34674
66098
22060
28062
35032
57308
95012
33528
98806
88316
88786
33046
28838
1332
1730
16080
2182
86482
55756
7242
3190
59510
27044
57574
55650
54110
19622
32072
34322
26228
75756
60194
98156
46048
61720
86662
28702
86102
74606
98230
44644
85476
91694
91528
38872
73872
79656
3408
2056
9636
50628
53516
91406
24162
39860
53630
30982
21642
75134
7318
68568
6066
47160
30570
63238
23478
12902
41886
4652
60074
47556
85794
47766
24476
26740
42058
12030
27272
96198
45454
10784
64950
50774
50344
79352
87718
67448
69072
56862
45336
43690
88428
73474
99314
77182
77576
92860
97472
24756
75028
90090
43580
93674
43408
23462
36272
19554
45562
68224
77338
30302
99070
82618
54088
31190
98250
68052
3026
94296
96106
16078
54762
82260
60276
35434
82352
39230
14152
39546
96130
75710
89992
99646
25028
65912
10546
10930
74490
1524
87834
71826
85406
86296
74798
97210
32962
55246
85896
54922
7074
75760
22182
54976
1160
59206
92742
49186
94468
20870
75048
3128
26090
73910
88646
56594
22440
29328
45948
31570
79812
68580
44492
22984
28594
76506
80802
92050
21412
38276
99816
82618
93426
90622
86232
38704
67846
79288
51782
87896
47362
96758
74088
64734
54514
32468
80956
2838
95534
85530
32776
54538
24268
56888
53002
53746
83726
92664
90426
15712
66272
87390
74160
75108
59564
23688
20366
33324
7226
51752
1834
55742
32110
88044
99542
99030
16280
87034
53670
25180
39058
76586
85916
53802
50896
41854
35086
96834
75436
75396
97954
67680
13422
20782
24312
68748
1544
2396
73758
52272
21130
46162
17350
54968
83678
3006
79068
72366
63694
30300
29232
17646
15234
75806
27414
19466
68788
71960
56700
87866
43654
85498
98946
2444
95732
46932
22242
84272
87896
94052
57804
38290
31540
91572
54304
52536
7632
3488
98448
11366
20850
93582
51858
2638
85900
22670
37022
63164
7036
42432
53306
63354
92352
83536
60964
73896
61336
92486
258
92864
19222
32096
10850
32624
40786
41666
48014
32038
44636
34552
6328
30606
70430
28618
10328
10812
38540
39624
18792
76370
31052
9968
34980
38786
77630
48738
20484
75400
73866
55652
39800
33620
89622
51482
48904
51592
83124
