46821
59651
47589
13885
52267
35841
63523
817
81265
76453
41747
97739
77457
27085
82279
35037
64341
37521
62049
12209
20661
63647
57265
37861
36833
80887
93967
92641
98325
88101
35265
24475
59733
17545
95855
12513
101
26513
75457
30705
31017
6395
73681
66775
79543
82761
50339
3935
49069
39815
41529
40069
83519
33515
76109
86345
42127
87935
60781
21075
19191
58529
69093
96457
92601
42221
96597
13199
75701
90551
71437
65307
44765
14911
33321
2713
46161
86927
65419
22627
9249
4189
16143
84073
88351
69049
91299
44117
32309
9457
29597
81991
30497
17891
95037
14485
389
53013
87119
90485
82455
5487
20061
11727
25151
42011
71661
56671
47181
74999
99931
68309
46129
48127
59461
55869
66095
34603
44897
58213
53685
27169
54805
84221
81785
83247
31847
98799
39631
53991
98023
64177
97503
20491
1547
92825
76447
39599
21831
85213
98041
38007
48529
36417
86233
53683
85321
89409
21927
77735
96507
59591
793
89347
60385
26099
53859
40051
42447
34995
91495
45487
97823
36967
85279
40815
89129
29363
62975
73259
46809
72693
32241
217
5557
5025
52673
23959
54903
3285
28685
8085
10625
54991
80703
46995
14457
5905
435
36333
54293
5695
31575
16303
75945
16265
65495
88735
46069
5803
89511
3739
51183
53143
94947
95837
10951
49597
98469
84215
55023
47589
76613
18139
81243
96027
20541
22779
91775
39113
1829
18375
47059
84131
20815
21291
5383
30853
99239
69167
77023
30567
73303
79727
16787
85633
91539
87981
47369
7571
56805
27929
27853
83781
13847
83539
52305
81427
43291
66403
47531
50911
44531
96081
76081
4001
79251
83551
22493
68447
41967
51461
25883
94311
62801
45755
91857
43213
92569
77755
9123
19713
2109
45813
90053
25203
58715
433
2175
23777
96419
87039
9759
5799
44641
40243
29997
32549
69133
38285
34575
19659
22951
46285
85021
9483
24693
74559
59021
98425
2291
86159
23875
72961
49711
46223
75785
36355
6201
7853
93781
94279
95717
44839
3977
97615
40077
58319
37177
49103
22517
38835
82979
67027
49985
78453
57741
10393
72313
13429
55267
74927
57231
27255
52167
19249
82113
72425
72665
33751
82907
61819
49741
85967
65065
16751
14915
32007
35105
16323
80245
47137
39113
85257
99883
23163
82075
56519
27959
16719
913
27103
57591
32373
60925
77789
61007
92387
42961
42345
24037
15549
32481
57627
17455
7843
1739
58203
95077
45451
27255
36337
76941
24735
4719
36971
92503
50759
19633
77895
95671
85095
30293
20489
97139
32097
11309
92873
7543
25759
60611
18613
81195
57655
82615
25637
70191
15525
75791
26351
59813
95933
24667
66607
3059
74869
71961
47289
12449
51181
15583
47091
69323
25779
94159
33579
76627
19691
81427
21745
73951
73475
27311
70753
67291
33985
82915
43951
66363
49549
86181
23945
29379
53543
4225
88045
99519
1469
33457
14805
60463
8773
64099
50223
67159
20983
79317
60227
78515
465
37019
1811
17483
61279
13307
91597
90231
50545
72445
25841
52725
83955
6419
12671
76677
68135
71079
52275
72127
11351
7979
62111
53927
21915
99047
41361
92493
99961
68309
27087
9151
80663
33207
71337
72867
63881
67321
67637
29565
19093
35957
32583
34527
34063
77905
88755
24223
11161
85163
46729
77479
84275
78837
91861
79269
86511
85695
20437
10533
63791
1969
37945
3851
93145
70797
93657
75275
42171
30317
60277
76077
72943
47855
46655
53109
68079
53201
78081
34619
31439
83987
41971
3873
47679
37757
72347
85085
64463
65091
60553
17775
50377
90331
58971
80603
60967
70723
4711
68739
23087
80949
64953
82341
30293
63071
16103
859
9239
22061
65549
86315
82523
3413
51119
89555
44667
29931
88543
2271
53051
87683
62231
58889
10133
28675
23725
25375
4357
23941
58549
86301
25055
36429
2381
43507
92481
441
18329
89909
18633
29669
10901
11523
38353
84441
24569
37661
79561
95083
42695
62093
57337
83477
85547
9115
25419
30139
53391
30187
63037
17225
35207
40405
78101
25373
63449
96075
34121
81853
30731
12681
87997
16409
42639
41635
55457
71941
35859
93133
65895
4789
74877
15369
31757
87553
34889
72317
60385
65289
41061
6583
59287
87539
49151
61313
41279
85821
84963
39627
33035
32955
67567
48331
10903
73393
42187
25173
56925
1003
13945
50051
89861
11115
43707
58193
52273
27885
64927
19489
11703
61279
35037
72225
62235
49637
66883
30829
29937
39229
34295
91105
4077
18327
19265
88003
38215
84179
51855
67545
97999
60737
95657
89881
47227
45153
10899
33887
3611
63365
27961
22195
66639
5261
19311
19275
93133
91115
21583
70559
18491
84567
24707
4221
92423
861
36797
46457
64161
65653
38225
53707
81201
32555
51147
35323
72235
35719
82635
67091
92251
9239
37571
76999
38577
21981
81329
10921
84625
94765
56891
66697
83173
31239
463
44347
34195
86899
36283
26461
3501
17405
52661
5241
78471
50677
74017
8509
50663
30733
75209
85819
32209
68285
52975
72639
74921
10425
37135
64487
86703
18037
67649
97051
63545
81575
97481
7907
97775
1417
74507
41683
96637
68431
37693
46785
4499
85987
97921
24897
82111
70557
38349
64889
36359
3841
81761
88655
10229
46175
71357
23781
19737
47785
48025
25871
23175
37699
44863
71141
41325
10881
17999
42453
47925
14291
54741
12809
27883
30083
33993
9913
8061
27201
79147
81073
60025
4639
17341
36715
46937
40185
61545
36051
52383
6283
35881
71301
23027
15047
84671
31857
60511
77551
71233
12541
39063
87845
18919
87881
76505
95421
78319
93003
12409
54831
64615
8425
88489
15999
47545
36057
55967
59453
81611
97467
83681
47131
38123
45181
70219
36819
40525
52581
38943
1489
25141
35961
71363
98081
96183
53103
43233
73379
60449
11597
96669
97863
21745
40513
70287
29935
21695
5927
79971
69643
44463
18553
31735
35783
78531
73099
31019
62789
20643
37251
80133
65101
61991
78033
84895
99119
68803
67541
87917
42089
6785
6793
67247
37677
20679
69679
34167
90865
4783
61161
14969
21333
24391
46117
48541
75717
48123
55513
86613
31079
16217
25249
94037
37579
57721
82907
66377
57877
63041
29315
16249
68241
83515
43123
86209
65103
82611
77945
66181
35699
36683
71105
80667
26953
35517
96489
61607
39969
52937
93903
47465
56421
42891
25311
43373
21943
21597
88889
57697
14819
40851
45681
21855
61489
5381
56753
1665
66613
66795
28487
73773
90357
42857
8975
96009
75179
85973
14799
43655
57857
67149
98169
7785
20341
85859
81459
45113
56955
63069
4201
10917
64213
41083
45517
10353
23427
73039
35285
2537
14749
40291
18417
93231
80887
25441
61987
48081
99005
45119
16005
20773
39889
1365
6221
88839
29189
59299
84339
90353
49263
66729
4121
79127
92627
65319
53755
78799
99153
65461
57233
58885
93931
77959
33617
14349
82789
62761
58479
96723
78721
67403
35895
96053
57517
79081
78189
20755
98927
32499
211
86357
33461
6683
97721
58197
1007
13417
5221
5125
78877
97393
37261
34861
7971
94195
66927
19251
69129
2975
41669
94585
56503
89565
74071
87889
66945
55445
91629
66279
4863
33637
45105
18927
1295
77617
41411
34887
90955
62723
43415
51827
50467
1797
94113
15737
15475
76961
39987
68967
12175
70129
65139
6157
54161
79535
41799
591
97895
70983
2201
92479
57083
57825
20525
7435
73317
6357
18399
46473
36823
42729
14013
56591
58063
69559
4311
79339
13751
69387
22027
98421
55777
52433
4745
68879
67249
51331
15247
93567
40699
17653
34525
14261
68967
18109
47133
43363
61777
97563
43425
82599
17059
67621
98031
42449
43929
66097
6473
9351
6049
28917
12231
41455
11341
77011
88033
17825
26909
19153
94263
36963
25805
77283
2443
56667
1893
97051
38639
81177
88633
7531
15319
9111
17619
57009
96809
30843
83439
14513
75469
99833
22991
73265
70985
50005
68033
64999
70533
30157
41717
16311
88087
58879
81331
29819
88573
74439
28011
18739
7113
21647
74279
44465
28455
26385
17997
37379
27495
83029
6505
27451
70193
72753
14509
45909
9927
12073
26053
63149
11575
69389
22155
98291
86395
67285
16987
62901
35923
21381
56007
50285
72545
83387
34421
31261
46877
28835
44049
59217
19039
34099
27177
98397
33453
79465
51043
69739
25749
52159
9975
2415
52837
31795
92351
89485
34009
42997
15019
88883
33057
61747
86213
531
29689
8777
37721
33467
73571
22059
45681
50887
78949
33951
28395
7229
69427
63669
46653
70599
17707
12185
16257
63249
47915
23667
50335
75253
92665
10059
75705
13181
78231
40463
68099
35103
8439
8579
37789
53577
17419
4543
19065
77843
24283
5383
98317
21501
61865
36159
577
38531
13575
39233
10629
13237
21849
49269
28027
82931
68049
86379
84457
2457
94527
59277
79871
80841
6487
33021
50457
70447
3373
71015
62791
22423
32019
7689
45847
81461
97311
51073
69491
34799
41495
73471
41069
48023
77961
85801
80605
31319
79209
98189
18295
80383
48941
69711
40065
39657
93117
68865
31131
32079
37363
38269
17493
51397
3537
25523
11053
4027
95443
78295
37773
48077
24135
88343
41809
1723
95091
12629
29721
23517
40401
8005
74525
36513
28791
69023
40523
2247
65129
34449
11037
54771
97131
60481
49687
71445
91157
59155
9803
23987
16395
74627
59311
13935
10819
82049
92299
63909
62969
59271
63219
58867
54003
54007
33071
73641
32019
18475
95557
43279
27763
42483
63457
63355
60837
29329
81329
85413
19801
16565
48675
6759
37287
52155
54245
24151
81641
43561
92395
67449
4795
50549
58123
72997
35003
97657
12707
66451
69957
75457
51361
35641
56691
19347
4951
36991
1635
75205
27575
13609
74463
45629
79741
7733
10351
13243
15895
48713
96685
21597
2393
80409
49317
759
47581
99243
83815
66055
60273
21523
43467
73045
8551
72011
77073
55149
79807
70427
50601
7491
63409
43713
47747
35943
94129
3747
86923
52467
63181
45543
87241
89405
91651
30673
18545
48165
20501
2731
1867
2651
99669
43487
31713
48981
91677
96699
94133
67159
59643
25375
38647
74871
30099
94977
22833
31897
66945
36493
39273
63865
91135
63247
89083
21463
12091
57477
511
53787
49583
5177
1511
41809
43719
1131
2021
32819
86065
48527
2481
2105
92979
83087
62931
48933
62409
54253
27567
15471
70241
99953
17191
59961
56039
9647
1443
95487
40805
96341
93517
59087
4045
93811
72463
25115
78509
96977
57049
50709
71347
80901
82465
20443
69431
31853
97031
74983
45637
35597
51529
43221
70767
36457
26797
97389
14545
60749
90287
84215
38825
63361
31107
4823
91445
44883
38481
15195
61829
34777
2889
62901
15281
59527
74769
1481
55951
42837
7069
66835
60135
49505
71523
49129
8845
44801
61601
80059
67975
43407
2061
75067
40949
45383
53705
59449
79915
32733
52281
32873
25401
84259
13105
48001
81383
69433
47323
62777
51581
54291
71553
99633
8239
19463
83013
39289
90883
13145
20099
55563
68599
8753
98209
12261
30109
9805
37057
54201
46263
20099
77213
64835
74429
37071
28497
66479
56641
15021
86517
46997
35905
70629
17951
71145
27977
23361
65973
30689
69741
67403
62523
87857
43099
58325
53935
87283
20747
13973
19277
61085
93345
46791
36471
63447
24709
76235
98467
64183
22717
7745
20727
90027
14405
8419
19693
53807
87995
20699
80197
70993
83331
13671
31707
22281
33503
67387
94303
86667
22023
15377
36721
60171
92677
35997
10733
41807
91285
98355
96433
5761
85925
92969
26557
86315
21405
96133
75697
51725
35573
62985
1283
941
7133
16363
6355
27145
60889
65761
86815
52285
29941
11151
97789
79863
91037
41575
39911
11907
80627
90195
43609
44979
58077
36705
97901
50981
66567
8979
45505
49363
7665
46695
95627
48555
48443
71781
74281
42569
75857
82435
43955
67967
95919
44381
50041
1065
32519
56949
88119
89727
31345
61593
80571
37321
71387
10395
60671
45839
73623
81187
54249
58853
81195
82517
6763
82389
20703
89137
38613
17337
2497
46263
86035
60405
28533
1855
2833
82633
20495
16317
33169
79795
76185
88539
35505
55433
50757
91707
55143
49877
70467
22153
74807
68573
10961
103
89419
90779
80705
96345
4267
37285
67463
32505
2835
39901
27791
20569
25061
32693
69285
11581
46367
87665
80687
85095
54945
56829
74615
75087
30077
12677
86955
69153
21453
78791
55183
78759
33341
68197
96049
82101
58983
58549
25931
52183
95579
28225
32867
38333
11923
23025
50881
12343
8955
61753
95357
49307
59207
91917
21359
67533
79151
97651
39707
42029
43161
84429
77281
62225
38413
90989
92299
87829
84487
65635
55937
48459
88739
71005
63633
17687
3045
62217
11437
53243
45791
23997
50071
69
6327
18795
94925
30303
28411
99499
27403
93747
50785
44453
40625
4749
79127
58575
7285
4913
1143
25231
38573
73603
28495
46213
47449
92141
48833
68561
14361
36877
88571
27677
7029
96733
95187
445
28375
73785
98583
79753
8459
34571
46501
26399
67269
71603
7297
71785
48721
56369
75543
57505
63287
60835
17275
98593
24229
60101
35621
29775
93143
37909
11127
32263
699
41359
46507
91487
56505
65911
31563
45721
89571
51687
22891
28503
38737
52889
20979
17423
34991
89005
92863
32457
95725
90791
45697
62147
4187
55609
85457
42857
33015
63565
48779
85237
88315
5521
61451
28895
55991
82505
399
61117
45377
12137
51385
19001
72009
36077
57267
52163
6037
29583
96395
91937
46491
16695
97027
6603
15579
92821
33871
20403
97453
89173
83245
97639
15247
2279
98637
50547
29931
16453
69301
59091
55799
98491
38321
34209
20097
9777
6835
63863
78803
16503
1275
66773
95963
38803
75335
10825
92715
71849
48813
12381
83001
34919
71357
3451
40933
39671
95307
55235
47867
40681
80105
69791
74653
49669
45393
70297
34491
60769
42445
78897
6025
8541
11257
45939
92597
86253
75669
54173
81751
6539
84931
19489
88009
8927
15111
20509
7901
77585
54363
49113
23055
29485
23823
11217
84561
29405
24343
25253
44269
82881
5753
41435
32357
42283
639
79695
53171
47197
78957
24405
59759
29757
44025
10577
2353
12471
32881
55105
88149
38015
69447
1903
9629
23533
56207
62891
86193
66801
7601
69497
40533
90997
30461
60581
91219
92893
74025
15347
78885
44571
75135
59655
72043
87581
37851
43357
35155
92367
62429
65643
53725
87085
39947
98959
26863
43769
38753
47137
27233
47543
18393
81807
83495
27235
5521
54631
24359
3767
96211
77669
99797
54015
75701
71615
2581
49443
69693
86581
43503
15075
73437
13497
76179
9847
24409
28159
21951
41645
33881
26497
26873
59811
419
17313
29669
81135
80461
86135
75551
76729
96557
94265
57303
51527
70793
74233
79275
32175
12923
61789
80385
25813
35265
11625
80419
38621
33649
3339
8881
10817
73553
98243
66069
68255
24655
48029
62103
2007
92223
15109
66979
17517
31095
21497
42958
65910
83352
78832
70336
60140
49300
63200
55352
30956
65256
62124
94300
87986
46196
81896
79162
26352
35418
86444
22764
89938
62086
43342
59582
25546
90878
62484
40020
78962
49152
48186
85654
46162
36388
82206
78462
74384
72308
16688
53810
66800
40582
19632
79618
78322
78240
89650
50912
18162
93490
17334
56326
73594
40552
12742
48330
81804
60084
15790
33702
93994
67626
74854
24106
33064
90986
96736
20178
62788
65034
8514
38078
86338
98658
19264
44090
396
3914
40816
4456
26838
41458
89184
95618
31484
69528
53302
64024
31516
31054
17874
2612
24290
45812
80070
11116
28104
69762
72410
98278
83074
11572
82300
77100
70808
2734
48174
83992
15424
57664
41452
17260
94196
10372
1804
31478
93504
53738
68012
29090
11294
56318
6124
2514
11762
44436
19466
91634
4280
34744
50190
34556
74030
10652
4100
95482
52282
91512
37912
83912
1980
86852
61686
67552
81548
96442
99484
94244
52478
52570
69720
88988
35614
51884
15314
53680
61002
76792
76896
29382
83958
94768
86208
25866
47920
21530
82162
31702
15168
85672
47196
36344
80350
80504
87780
90118
85886
14770
30114
27454
13488
96714
20242
95920
65082
61220
21786
87950
24096
41248
97272
42646
27506
85184
7550
83248
76460
92992
64886
74030
1058
7094
4026
1858
15844
29916
61896
44834
14596
60200
38962
24174
872
74718
14826
66532
45398
30666
67068
39522
62848
92578
95494
93678
62032
79394
11434
27548
48532
31898
51760
93710
98160
9672
22980
31146
96998
55126
56528
30182
90070
32924
43112
56662
97842
92790
24874
73540
39022
36432
94940
85342
47932
18244
23974
47664
51066
97960
26938
46802
31550
93790
93872
8394
22798
37200
74048
23482
48750
26276
69500
3874
73046
62224
30410
6792
60378
67740
33270
60230
74332
12222
65276
18256
37482
17432
64104
57508
78034
53862
34666
75356
63890
57612
43564
88984
96870
33572
49408
85420
88536
7606
44310
93278
29852
40086
53008
11758
20672
10884
286
79006
54082
32016
32930
31426
52674
33822
69954
83282
68140
44748
15708
8200
81348
36408
23982
62036
40150
9494
2486
42470
6772
21156
70886
91268
95138
37046
91738
13406
75130
7366
91514
71552
70722
72196
14564
6622
28944
18508
90012
79314
95612
43198
176
40524
84746
67996
81732
59016
40666
49424
39202
45728
46348
30848
29542
19448
56394
75916
59100
65312
13546
70092
84424
10286
44490
73192
366
32928
61858
29076
82792
23322
91810
83178
71062
55874
78230
19508
14572
32594
47296
8638
5366
1204
60078
97740
21586
33480
82226
47314
52454
83804
89318
52910
10920
49716
914
68338
17660
35574
12312
17740
474
14012
87174
44944
19016
98476
16076
33382
16726
45204
71560
95698
18456
33288
50344
36310
10040
39696
79480
38954
29544
36428
59176
9940
35398
45828
83362
25544
99786
99986
77556
86666
64604
83750
73114
40174
97008
41752
18062
97060
38852
83890
92410
38336
50078
23228
86266
36334
11984
9308
91984
82948
682
71930
70140
16742
37514
97476
29240
16938
97812
84474
2066
92750
85514
94400
50532
4154
44912
14658
89150
76932
69748
39700
67290
84828
12206
94754
65180
89884
53112
79490
28638
97376
57490
72376
56494
1262
15556
80178
46838
11996
39388
59352
20428
71142
53464
59886
53664
36828
37378
74138
12840
57986
31752
94830
87754
42354
36620
23674
4206
51642
68834
88330
60234
80424
41650
66408
87134
72864
78730
64832
14674
1864
41778
39760
92956
27298
86294
23250
38256
34950
17726
17984
69562
46116
60762
35822
69482
86102
7388
6310
60580
2588
5038
46616
59632
43916
59814
27358
64638
12868
17912
25024
48006
60054
35904
76126
71430
61156
79856
82464
37966
79420
84246
83234
32764
90142
87546
70938
12972
27090
93904
22164
21060
990
81202
12136
64438
79354
27016
49208
62870
69608
20578
59284
28184
1916
59350
38684
54120
14896
10294
16684
88328
58882
24252
1992
71606
71796
7742
29122
19800
72076
78496
1520
96954
92550
81056
64016
66732
92398
18962
29316
3966
21084
43572
24130
49800
97966
73312
66590
51114
38646
41010
36728
74402
96216
24886
10664
97106
97030
25616
49230
60658
6738
80622
34080
21926
94632
34638
57304
89586
52320
29672
7402
76788
53700
7642
86642
11072
27464
93908
65380
93244
50150
63126
76460
65140
16516
54956
79398
3516
39630
57764
51896
45214
30906
7538
19866
49358
50868
96794
47486
39812
60640
60936
80502
2660
82064
95794
28170
56320
31288
58496
91406
75244
91152
25960
80278
40770
48248
12132
19250
21436
312
55584
78912
14018
1202
38726
68532
81586
55734
27560
75930
87278
91346
93948
75754
84966
79368
30732
11976
63322
39982
32306
25872
37646
95888
44928
53504
48370
8268
22550
47898
5632
48006
4582
68926
17286
54688
97814
39330
60476
21796
69752
36774
62490
45528
43470
53906
11970
15356
47044
27052
77174
1234
95688
20994
64964
12916
77558
33556
67240
15462
44586
70542
77066
39838
9616
15876
66090
236
15974
94748
31612
34034
9180
89178
91646
20010
52820
2672
42794
7776
14354
80562
34776
83496
61906
12362
77516
31436
55926
30846
7006
1312
14308
60564
54896
54290
40634
19806
50706
45600
91420
89554
53260
5358
93574
43566
87776
20154
43132
15358
62550
25944
42822
32476
75440
98274
71748
15530
76650
2332
41042
51300
42460
56128
33712
53438
91760
50960
2572
54950
71004
98572
2164
78494
1190
71070
89694
76176
49226
80278
98666
40980
85434
55342
15030
27758
66116
64180
16802
26494
55942
34462
78624
72106
54208
94318
76864
33644
2840
32790
48994
12926
74734
95404
21260
56258
79984
97102
87608
97730
69712
90418
77310
92660
27036
59494
30854
47456
40688
18372
74460
25352
53100
91010
41392
89760
54752
33604
51924
30900
20656
40504
73102
92912
85150
73948
88318
2688
40962
31854
46814
55308
42554
63600
2488
36518
51850
39114
3618
98922
2200
77706
27806
37618
7080
1782
20436
4324
36160
78338
74554
19424
78598
16150
51016
6576
94466
27150
28818
43324
96424
23952
36222
44406
59338
3560
95794
68664
31128
54034
16546
7486
44086
56660
38406
40708
85634
16786
27048
71856
28736
37222
6912
64262
27214
21266
86192
63504
48908
95970
39314
50278
41174
95354
7518
63984
85322
93200
79656
79818
75080
23580
75368
98114
33780
28088
46050
84924
46194
95044
82968
49788
53508
50782
946
27638
88652
13514
65480
37330
85078
97770
58826
38122
61836
60628
60468
60036
4728
18612
84342
45204
64670
8732
38024
32100
36308
86698
89528
2118
26240
62456
77110
77022
65570
94066
9570
87712
20752
69662
53154
36180
21810
64004
67622
41452
49432
39730
51506
37490
16128
94102
16448
66332
63462
54988
84538
75548
71710
628
16746
20832
92360
21382
80924
32360
54944
642
76910
95758
57130
40424
3468
17236
20492
87060
71464
38958
54774
45416
98486
81396
49470
59520
92722
99884
93682
16482
80654
70206
38718
26356
58680
22332
53220
43984
35388
86370
41830
15556
68126
13894
77076
98432
82366
29162
81644
91280
65480
88926
13336
88300
12732
72498
75646
79250
78054
73902
13132
19772
47264
62406
32248
15030
72764
32302
34482
26496
38790
6680
65720
31306
15020
46828
25358
57818
42690
936
26066
64468
69296
63536
23572
876
67122
29714
14122
16608
74232
21808
34638
938
99872
67746
75762
41194
422
14802
16572
66148
26280
36786
17106
57404
18032
56394
22098
26110
74400
70562
80214
17794
89162
17010
41088
56624
86488
83052
49726
69494
66002
55646
32280
76508
7628
20652
6416
6828
5128
66454
80136
47552
42316
20524
5904
42040
40976
89266
57398
11310
30774
80262
72982
74196
39052
35290
28696
81044
52976
41158
61630
33452
32352
14422
52194
2450
12822
35268
76902
62616
29820
79482
23702
8972
5392
99070
88982
91522
78470
20148
67340
65094
28424
3156
91188
48378
72982
20334
12104
53914
56080
66124
18454
78748
12034
77734
13676
6794
50682
27284
85460
13562
13312
13904
24156
88358
60700
47756
10446
30682
86918
33612
35372
48258
40710
30244
22776
38532
72480
19354
86726
76228
7632
72058
22076
13086
41272
80618
32198
34160
42392
85828
95528
6706
16220
39662
40798
97578
49442
76912
72198
43378
29348
88058
42514
16430
46850
86766
67202
85062
60418
6502
23982
38474
81732
97698
88350
52324
43000
88256
63140
14140
4892
84090
31876
20794
69762
16722
22822
40120
36622
48022
24160
17866
15282
5016
52560
22550
93216
5180
71072
76556
58748
11180
4774
90832
15224
40162
59010
6764
58800
99746
24892
65498
52022
37654
82336
85482
59670
77582
36362
82438
34840
18934
84008
63820
78568
56084
14224
60834
16100
97654
47284
15854
64112
98152
95468
88510
87106
24894
29554
20912
20384
922
46878
12108
47602
3438
24404
63240
74912
56384
81946
74940
90670
78396
48384
60898
50340
74918
40926
83146
24440
96832
52392
27238
17092
15574
45664
23088
40846
1016
81796
54594
26906
27512
10438
81328
61120
5882
61370
15854
96120
76832
33014
51774
64822
91714
60366
56822
73896
8540
56388
10826
55830
96002
38468
61326
61270
36476
38356
60474
32468
26320
62766
97004
89850
41196
71364
56164
3952
33350
48650
71550
91362
12000
28612
19916
29512
57530
22052
39604
34648
22328
26422
8574
79610
34850
80852
72376
75136
18756
9336
64726
89248
40860
93618
71612
15598
76336
21146
78308
96616
28136
900
93984
92046
32376
68382
85362
35000
21332
16082
344
15314
95940
16826
4192
87108
14250
62164
63896
45476
82418
69338
14046
68908
91854
846
10302
41376
37466
31214
96652
11310
1906
35244
10384
71496
47696
24852
40992
44002
9148
16390
84832
45006
35916
97178
42346
32470
68044
20602
95588
43390
58536
44364
90704
35916
8900
46980
31090
37948
43890
72714
94048
86546
83970
65760
6522
72420
7426
20328
43030
31310
83138
93096
19884
83226
94140
30320
63422
47130
76374
41062
16658
21560
59496
20598
84966
13294
12846
52540
22170
19594
17248
72738
72716
42342
43820
15326
76458
5668
29958
41830
13728
20732
20986
24714
57438
19758
44824
99854
896
64998
84150
41172
42010
32148
19058
12190
71372
21804
37104
58804
40794
69048
13298
51182
77916
56622
68566
19086
98964
99842
82478
58212
52128
92368
7228
884
360
49304
34168
22624
70416
89930
3038
68476
67490
40312
70772
58944
75982
72420
70376
6246
13502
93826
45990
66552
66614
45506
64894
72926
60600
82734
93986
77466
90808
40342
12400
58308
7204
66546
35438
56434
33710
43650
57450
58336
94258
16234
78338
99160
95130
33518
8692
31282
19818
14938
92446
14238
96244
96926
92004
58056
72296
19396
7712
54572
28660
49460
34468
65956
15266
30344
17990
89774
82590
67938
92948
64702
25300
90496
78958
30126
51312
43616
32226
24832
65232
21826
6050
27114
68870
70986
43106
66516
45860
28856
29970
92782
71148
24900
26840
32324
83352
95328
30890
47748
10156
50972
83794
69152
1018
94070
80838
39216
16624
71630
41018
58168
37670
60930
98390
6948
23486
31000
58182
95636
58740
67090
69618
67316
99748
31716
25444
95082
91050
8134
36750
80422
6974
73304
19954
22278
98256
96676
21464
22406
13882
30886
64598
25186
58042
51354
44146
30576
9720
77352
85862
60708
89056
75882
12524
74374
67314
70070
67236
18086
98336
5870
52892
24186
46646
14576
18104
74426
22884
57772
71570
15020
49568
67958
63220
53332
4790
80250
41656
67768
86966
25246
23198
5288
11004
92618
85396
22472
2142
6660
3706
33244
86726
70196
87772
16246
27494
65030
88334
12476
92334
11592
34792
17026
85678
45778
79192
95196
96590
4174
39516
59074
65374
71798
19560
98336
52324
59454
26040
38516
91592
49086
39414
55358
8576
65020
95790
43174
66694
39626
30218
83864
74852
5790
10808
14336
31666
1046
16278
43010
6234
86098
41702
2028
42822
84004
6484
1252
64716
9394
16810
80358
74846
46674
76458
55868
52700
59604
44194
88552
44558
58676
72394
62338
12410
92924
92000
32194
25180
18198
64324
15984
96766
6710
688
9698
51472
45456
2902
73460
82358
42040
82086
38880
54612
63196
97808
378
54900
43932
88714
14708
14242
41116
35624
85272
8324
38032
4574
82466
80536
22556
58770
61854
39430
37220
70356
97980
73610
44448
34128
19244
23880
65118
54950
11900
65072
52208
53640
91410
58594
53860
22084
30924
37866
62344
8778
55062
43744
51380
25898
8136
93734
8698
52450
72622
19746
57708
25248
11434
14274
65186
25012
39536
81358
22094
2710
14092
54624
48686
42144
67358
77096
18022
66344
78928
2916
64432
38664
15194
43816
42156
17986
11024
66544
21832
32368
17286
65630
92274
78706
42100
34874
1806
75742
1748
93406
11170
1676
39438
4360
6148
62984
33564
12664
7612
49908
40666
45648
27544
56036
91286
17212
46794
66680
16518
58632
29602
62130
6496
44924
76710
37644
90896
50412
22140
99938
14090
23922
13986
48460
87670
65956
55008
86970
86364
95232
1662
65876
73174
63602
38324
38788
88600
75532
28718
78102
67584
406
92350
83710
68608
45834
61346
33648
34704
31196
97268
50436
94834
89706
78484
5158
89236
7430
79094
64386
52052
91906
96308
16596
86938
97874
12188
83612
9918
17010
8186
42916
48684
58262
40174
36242
28786
29992
46540
57190
13556
57520
19700
970
38508
34616
24488
56562
6996
59662
82464
26032
54162
53850
56558
5742
36070
77534
75862
63952
87948
95538
20924
72500
58918
11384
52150
12810
53432
27174
95982
42646
46152
19298
84310
47760
43440
28324
70692
20156
32036
66212
43516
74626
19274
31038
27034
21342
52562
94502
15640
548
55780
13754
29874
59394
85168
41098
45340
16542
93750
54240
22866
66002
88984
52780
92320
69166
15440
50106
50690
54522
59606
2810
9796
62522
3176
53784
94906
57030
58088
14340
27308
4272
76456
91032
28528
87588
89822
27162
69216
3764
51504
51720
56480
46574
56270
8774
66510
16582
88298
75964
55016
1780
24244
78356
19396
69256
7138
2750
17994
60844
87234
72758
6430
30288
75608
39910
70134
88084
96764
5430
73614
72890
39974
54046
3376
13350
6184
3684
39404
96760
48926
12270
16896
47794
65402
38220
12234
87252
44278
32720
91468
97852
47038
5774
82816
42066
42088
76772
82218
39834
57908
3964
69538
95228
85036
66672
3450
27014
50636
42974
88250
84770
13524
63424
91602
24450
86100
22692
66962
73072
29472
60508
84486
28118
68554
83286
49566
6966
97732
43388
4892
56300
10972
90394
50540
84564
60040
52972
24172
52706
34212
7780
45212
43330
59754
90706
12574
89520
80216
11200
57840
61972
67712
76652
57752
58446
14852
35994
49726
1070
36400
52772
53032
43170
78336
12498
16882
50470
61898
37758
81598
54546
58434
75390
55124
75862
45288
67166
68916
72066
24162
92160
43474
34594
10516
72230
74320
43910
58858
73204
67006
6064
32922
73284
94924
31062
11492
85930
2162
1482
32154
5492
64450
23408
82424
45768
80484
92706
14058
87774
1012
16372
63144
61308
28480
37044
39944
88648
89756
73742
38270
76358
40024
90512
40646
82186
6458
61484
37752
65744
73144
29062
49984
21144
25016
19048
13810
62730
9138
99178
90752
41076
57830
82264
13402
54650
4842
68964
75670
77852
49356
64498
28362
15304
57128
85254
94490
92840
23514
43058
4788
85496
54584
40434
71838
74340
5642
8342
85508
70212
66662
43260
54236
85774
6882
53568
73226
34184
38644
77612
94066
25140
6896
37264
34582
58016
62382
97544
26938
88134
93360
47510
95238
36284
49616
48224
6416
7946
86734
62082
1764
68700
14812
68934
41866
3832
40778
43444
90450
23626
42888
67134
27400
6124
80118
77724
3208
15388
43436
45736
68236
25694
43888
9684
73992
