41685
90369
51217
10597
24785
62043
19857
77313
91173
82833
69621
23075
8191
34497
49359
62911
80325
53517
76175
36087
29727
25381
31691
58527
58043
24503
45043
54541
76833
91011
59667
56749
97679
32759
77969
67819
39225
28007
6833
21109
24967
48077
44453
52335
29721
99893
49373
15583
43363
48257
60675
21979
44611
14979
74731
30183
91515
95203
16213
89957
62009
66345
19845
55825
8981
88727
74465
55477
92073
3451
60829
51971
48431
56039
63475
6409
93473
68973
65779
3155
26821
25885
88321
12315
64503
6179
76429
66213
92889
92471
42109
26165
36933
80015
4903
47895
91141
97977
86323
42565
96767
56781
3665
76791
77487
60981
88253
52825
57309
78903
91167
95977
56471
88473
10975
81299
40993
10491
53113
63703
63797
54579
90749
90087
69857
22443
81683
85385
22117
22521
70643
20693
43385
75097
63705
74525
23039
94205
28121
21715
52093
46673
80467
21669
82263
4365
65615
36621
23899
76387
23611
42013
28483
35379
52357
69095
98337
64073
55707
5881
7845
93097
49643
1357
68063
64109
64637
34695
17647
54917
56869
86093
51119
82751
40211
83825
70819
83993
79195
75391
66415
77871
20127
80827
88101
86123
23463
66515
28319
83433
84383
36823
68945
57555
89315
48099
87913
75767
69647
27119
46539
97747
37411
81401
21849
51697
5735
59105
883
34443
48721
78513
49731
61585
70089
22521
4097
21115
24957
59751
10179
73691
59695
88895
67753
52889
14337
91837
61241
58175
55145
74225
76933
60313
1705
53161
42847
66919
78083
59811
76237
89109
16789
12377
88955
16223
10075
56017
82825
88797
32281
91119
27679
73595
76897
87509
17017
19619
31313
42815
10587
43745
82861
55613
19145
59463
23503
11673
33935
29033
70421
8059
9599
57713
51001
63563
50911
50859
77353
44225
75955
37685
28681
47717
13725
26853
63601
82369
16131
97345
53437
58623
79823
73213
20793
35377
24267
66247
34115
47409
80829
26661
77865
40625
43379
35859
77575
46077
63891
1899
40607
26747
65049
46817
83425
72425
77851
61137
82039
76693
23411
23137
32379
25005
66097
95669
74505
17995
75833
80529
889
2003
43287
98535
96761
86363
16963
95731
60327
65057
59559
14287
42717
67515
40715
73871
22269
18117
82199
93515
92339
99283
30025
43271
47765
84431
51081
39653
4483
99527
35225
815
6057
15705
29559
61571
17945
90753
52781
37009
50043
75385
25567
1797
47375
35001
63839
3499
43677
81657
23171
13765
64517
41079
10261
69837
69713
99163
75867
28697
85935
60605
21371
6003
62025
96651
55981
30371
74067
96511
44099
14705
88465
31041
77241
24129
73815
28177
47833
81171
4901
72817
41857
93165
88347
39907
19243
68339
66667
37651
64505
71911
4721
42275
20897
17241
41027
97275
9707
12379
4913
74075
53145
23303
5419
57681
143
69525
76929
34309
2901
16807
71419
70557
14449
11827
93919
27667
76127
94745
97451
2067
86263
37647
87069
90379
57117
81419
76425
86499
67835
53353
77631
51951
64839
60201
22227
93545
84185
61239
37045
57321
91723
42267
29415
80603
61931
2181
19193
66165
45151
68209
9693
59127
15949
57421
29975
32997
61655
5175
58889
34133
24301
61705
47269
84179
96095
45879
12669
98289
30655
20285
29179
99295
14543
38323
5653
12923
68113
79159
67819
33719
41573
1083
90387
37701
11617
70145
30241
86049
26491
40543
79659
50155
69235
62277
67051
11229
90435
15625
62789
70859
51113
6001
6105
28381
37771
665
62247
13363
65847
88943
3461
68079
14951
79115
51479
12781
89741
34843
62879
29555
82575
70369
42481
85029
31507
79083
12131
56231
69123
51363
38343
46049
12883
50903
56063
91555
60269
72923
43491
445
64063
33437
81999
43491
32009
92309
35855
57437
59517
39353
93351
39369
33739
76109
42399
42977
74069
92457
90331
47215
21735
42199
56699
23931
29197
38849
74523
22869
15613
57751
49815
64087
70489
47403
75839
59351
46241
24951
79679
81669
78715
85321
37759
73597
65409
49647
90699
22129
83663
55285
31947
61475
31541
86247
22643
25325
98763
27567
7753
44845
95305
47683
69127
75909
74465
49107
85619
66725
55541
15021
86597
93249
2261
20031
67771
73199
60689
12567
2921
92827
49599
1677
101
57743
53939
22377
18103
48837
59793
82877
25509
15609
57081
56737
6667
28539
93107
90777
71543
22145
63525
12291
11829
16641
33257
30881
65513
35589
45651
14331
71761
12975
80381
40871
1413
65627
74757
35269
79723
61755
37335
22265
8247
69343
36575
54817
80405
7
63841
40139
17175
53633
467
69061
19777
82081
40975
14575
15723
18897
84389
63481
61789
18197
44861
59387
60821
77619
59161
49281
53117
74353
31427
55947
10487
64493
12033
89037
68717
56193
29737
45769
60591
15585
25761
73357
29065
17875
64495
76563
27835
35433
70545
46653
315
6807
32031
705
63287
98449
11747
93089
85719
77481
86591
95061
12869
18301
19799
65125
38541
53847
58029
18821
25633
59621
53245
88897
36249
33039
62575
14005
28427
77821
52721
29681
59483
23931
64765
25159
55291
6341
37505
74485
81699
49691
27399
62999
47135
2025
14691
58435
53013
79675
60599
33171
62193
38471
68403
45985
80287
57263
68873
13625
33833
63055
14305
46625
91585
48423
38061
18807
87149
67651
51117
73143
5467
1849
65465
94835
22483
17463
95067
9299
82687
42329
93449
33275
87749
44035
83431
65767
37137
8407
88439
76027
72927
90977
67107
93183
31399
72437
84955
58669
12609
38849
44251
75475
48621
40781
80121
7823
33281
11275
43187
36849
41543
72135
12827
18841
56587
38631
1887
42887
47803
80369
78565
45385
94473
72057
78765
68889
6819
93641
25773
53587
56677
14429
19629
46435
209
25183
67577
37279
41743
58233
98479
27863
1039
93727
95785
11349
94921
38615
71009
17235
46207
80699
95691
48005
52933
38543
65985
89939
91343
21595
19861
21603
95853
68449
37117
4817
27293
58873
27445
85933
41133
58485
79709
68973
95327
68053
11087
20711
76477
45383
3021
93215
26285
7949
25413
39441
8873
14021
11819
91753
90947
75857
9591
63289
55951
10393
78595
53079
58983
45015
16169
72205
90803
1169
2865
23555
21011
45633
25379
72613
15861
69405
45335
93839
2963
41041
66085
47503
93537
20665
71107
58909
53783
59337
47977
42837
35923
93321
13237
70673
37167
29821
87357
64809
76277
46375
35009
5881
26215
6387
88007
5615
31367
5737
68743
61649
69421
41317
47683
51601
55959
23411
62779
89857
17985
31885
75597
68809
22867
84001
30871
4083
37823
21227
29151
24455
46935
33035
8483
55077
30291
50870
6996
94154
46050
84844
32512
65342
51368
25110
89510
65746
94564
42502
30916
62742
22144
1278
55060
57838
11312
44464
9362
58448
51282
75206
13610
34486
80508
28938
84078
50010
2488
53398
10234
556
30930
35332
37684
5732
26476
8564
58714
25958
36920
15382
64484
66558
71284
9636
78134
11020
9296
1024
68192
76566
4576
77320
64808
39876
42762
77204
9404
55980
15328
94082
18390
96042
51978
95576
99466
25322
74354
37710
60702
16336
684
23406
65634
6560
77206
30402
13844
43546
14824
49810
85366
29660
4790
70040
55390
52006
48086
25392
30060
6966
70472
88682
1838
74952
28846
85476
80030
41062
41814
92522
86998
14518
35576
37810
96496
14838
53954
49534
86652
4554
98080
86988
49124
50946
55520
82544
5990
57292
15010
86884
83242
98622
24032
81778
60416
33560
64680
58614
78196
59816
47924
79762
48272
57320
57988
44190
92378
88216
30088
13276
16438
10672
95922
87022
99720
91106
44122
64942
85396
83412
27742
39370
16624
98864
23620
80940
64748
62914
78992
38406
776
4070
34472
57796
30114
50590
70204
29660
90350
35266
32398
63420
47266
8980
76258
22276
51748
54462
22148
3970
47252
33316
88774
5588
60650
96694
79646
386
29174
92328
17552
18862
66852
44974
51990
27966
79354
24990
13308
92174
80704
46198
5990
59014
19494
10834
94040
90234
48624
60196
88894
20766
78578
41888
75066
8218
46328
24674
73886
34118
33890
46076
12308
42554
77194
29220
41416
98542
71680
94706
40508
97350
22560
9092
33244
31796
90582
66248
26788
52362
92526
7894
38042
67456
73122
37706
20538
56762
1858
44912
10540
56818
98686
49526
69622
16056
95016
15622
63764
52306
19340
37982
62514
27200
77988
52826
81772
15298
10926
90646
56860
17528
82910
46202
85458
45118
20084
28278
23518
46722
18076
22828
97642
76958
48410
63878
56520
86920
82600
23454
20290
62444
71186
99268
21506
30130
17876
67712
56158
18866
78152
72354
91176
34570
21462
85674
282
73084
78264
6738
23936
40960
44758
36540
58806
32216
87282
91908
3588
29030
79626
53844
39216
13086
18330
10924
82436
81920
66526
88162
41004
67410
69278
80368
96622
34352
10022
52602
63514
54906
4390
43662
52934
7212
38854
64798
46524
10488
13000
69586
26550
60894
10600
53176
15042
50444
73312
26438
15908
46394
68986
30298
32574
65674
40584
40284
93632
21302
27034
34946
49866
67856
77072
54222
88440
91084
26142
69264
38676
42192
45150
61330
26794
1208
25568
12488
8894
1738
97314
79646
61800
29750
18236
18760
93050
34950
10240
59106
44442
23514
87898
69716
4582
74906
638
36260
96790
54266
28780
47960
68928
19774
54926
92480
56206
85848
39822
81290
55838
21764
81332
24966
30888
20628
32884
79512
20206
64712
96942
91210
50218
5594
4918
57296
60940
80308
6890
6742
60100
64670
76744
82332
87504
52238
57034
99194
73638
18348
30566
86294
71970
28968
66462
51104
22606
95656
3146
16830
21380
75008
1798
98470
56200
63420
27772
59240
13358
7450
75552
5242
89448
9896
42502
93008
62404
66574
90380
36270
12226
52268
33454
21260
45284
40212
37656
72484
76506
79728
57526
62524
81294
26642
81760
29298
96414
46584
98096
89224
74768
89354
99920
60350
48770
69832
73094
90268
60136
22932
38808
41126
2540
22050
5320
46706
2216
90420
73798
30076
58766
87200
92304
17452
17212
38484
61770
50140
23378
50250
88930
63440
83406
58478
92298
62540
10496
8960
74910
9620
53466
74774
98194
80582
9250
98384
23378
10464
14280
62670
78064
19738
47088
23872
75906
28096
36598
59988
92738
98604
73296
32948
48086
90094
93542
33516
22156
34966
6418
92656
31216
55652
36176
28656
88410
84506
81242
18822
24532
6658
19930
5302
82810
7008
42630
83870
93132
71102
85630
77234
84402
95248
52274
90998
93164
92266
8754
12018
57502
59676
96008
37162
69738
68104
39574
16184
99832
20220
20182
9974
83458
12304
53250
68010
58732
28126
29088
21744
12166
77880
90084
77298
51162
93150
6868
79068
30168
47042
42852
70360
76508
17020
4
72654
69358
37802
32268
69408
30476
95290
9118
45584
91154
46444
43056
70334
59082
38470
62938
14978
80108
27368
50864
43430
15256
34714
70574
6128
23546
39810
65148
7004
3096
88264
69084
58136
10510
4956
77772
9750
47316
54892
27606
87846
37406
59316
5560
18636
42320
38414
90030
62582
24598
96254
58798
59060
68504
24334
86212
27386
56900
12438
57264
62910
20056
52164
9250
70390
47540
89610
99720
89752
90458
13304
22146
90122
59914
24218
11758
46774
73336
19206
93792
59130
55118
10034
87002
61736
28236
23612
24792
7438
12732
73174
88970
32604
25838
5798
13946
75970
11944
29702
53582
92988
37160
98938
88290
70708
32834
30098
44340
32420
80784
72528
40996
83078
79506
4974
56882
56256
28494
13614
1032
25692
66986
45966
63776
52550
54382
88126
98738
97464
33144
88386
7622
84480
99758
91240
72168
92384
91084
6928
4062
76298
98326
41646
56764
97194
12922
24848
87944
14486
14640
36208
530
22374
20586
23830
84378
58660
85622
72134
52820
91742
89074
5932
51102
46360
82068
35934
91032
14702
10008
57020
15274
42666
92084
47282
14190
78586
92084
61216
88418
33644
89894
23692
57678
25498
69356
67706
43676
10474
41020
1640
13888
78008
28836
42910
15298
49518
18604
2392
6808
11158
27650
45114
26250
89408
40396
18074
57032
60016
71418
60490
23126
97216
8312
57654
27984
43852
67364
50158
3350
5982
92588
25940
94620
51618
1676
12020
56680
90444
69290
19748
88224
6578
19498
7828
95652
75994
56446
36188
77146
93034
85078
50996
9370
42108
70782
69638
14262
33192
9906
27026
96338
67500
37166
73066
16808
35924
39776
89034
17652
55570
66158
74468
73798
13898
21014
70556
49176
3310
16266
5594
86956
34754
29212
43546
11550
820
84718
37246
34508
12672
31708
23298
40190
20754
18148
33132
6176
95386
66322
25252
5012
99796
72618
9412
7148
10524
92710
13912
50942
40150
7886
64504
74408
53528
96266
30642
48112
16242
4122
34030
31646
36706
95100
9830
80228
51906
89144
84868
94914
69948
49550
91600
1794
46984
34332
17072
64268
54808
85920
71382
42968
3432
35408
93056
90898
20714
66138
54916
14506
28722
2602
41740
95788
95514
