70435
58275
34577
21755
68441
72709
93351
16633
65355
31025
34685
66459
8535
59007
63223
34793
2167
48835
41141
40165
553
90307
51149
32161
84691
19683
43539
11723
1803
64447
76741
68465
16675
21897
80401
13865
38295
39787
34747
30761
38733
47589
76249
1641
76513
7273
80563
16623
58809
12159
26411
84585
87677
93427
50987
17765
76667
65405
20293
72923
34483
20141
93481
17953
29875
71283
75385
27485
15015
62321
87547
95833
39885
18443
30793
31305
76481
53737
59571
40879
98067
5411
24117
66413
73993
38185
40561
2027
65265
17567
62659
5225
67505
85049
93371
26373
26907
96369
95117
3731
66907
3193
79937
89181
91033
90527
84517
33101
34245
70473
29289
99073
28167
40963
47555
97927
2859
54571
46701
52663
35067
22093
67757
46379
90763
62393
89427
85533
5427
95615
70971
24959
17887
72065
14479
20817
77893
6553
13841
53447
73635
70005
53535
84343
54479
62439
60837
1117
69857
97049
74805
44415
83799
80051
69737
99155
35367
66131
93747
623
99541
11731
62405
41871
92851
76331
72633
9495
67087
87901
63223
10137
11813
78163
6983
55201
50355
16111
48449
29379
75009
84251
23163
15339
69841
97737
15921
18299
28023
70025
70657
83011
96559
47663
51729
18421
8701
14505
78079
55573
70959
71345
75911
22001
43811
95317
42193
71353
11541
78229
58351
76139
5241
36687
64749
98551
15801
92243
2885
88791
15907
81187
30483
49507
41445
21657
72363
18249
31459
57691
36327
13597
44097
67527
15175
67727
83755
97895
60761
86167
3179
44675
50299
51751
8681
69765
32093
84931
43647
64157
11557
64275
69841
9
77953
39677
58837
89963
5891
30501
44173
68697
55593
75885
18283
5653
10463
83153
12307
95137
15809
73731
53347
64991
45691
67207
44427
68203
54467
52467
68753
90963
76819
48521
641
86277
60725
38889
85207
78401
61511
15991
16561
57993
71923
52869
58641
23397
10555
79463
57637
33597
67497
22831
54959
56691
32207
21665
41025
2621
90387
68727
48917
85837
32409
27341
83795
36753
16129
47233
48409
2595
70345
23823
71633
16811
36359
40977
8635
44037
37749
89385
36497
32939
32823
23903
40601
63625
35715
58089
68763
44089
91661
37309
29045
73853
10315
57707
60277
65805
62739
3121
59509
68653
32827
37769
38189
99105
97419
22579
7423
24469
77343
34039
33021
54767
34871
85967
65541
10337
63081
30757
57121
71453
78905
11589
89135
61877
60249
48037
10325
41323
9821
47015
22159
95721
38093
65685
60237
11327
86657
30831
75681
49769
9617
67203
10733
36311
72733
83879
61285
66275
17387
66029
14227
24831
44765
81097
69475
82649
35863
41667
15485
54249
32439
14673
4081
18281
55303
89361
10595
35393
6737
21061
689
66913
30977
20969
22357
17833
65007
4921
46713
10187
54429
62305
10511
15261
55681
25137
98065
2301
28687
90521
63449
34463
1505
31153
32689
45195
33991
90413
17237
45849
91021
25993
59313
51987
5373
85813
8151
36503
47525
14307
70433
65265
16939
34283
57645
35401
21669
97869
37549
67019
16503
61819
74549
48831
28981
52315
14209
73317
91645
58943
1215
47277
28547
29179
53153
10759
13605
8571
72797
64827
76629
64645
20529
82769
70361
43499
95695
2803
35307
50569
28309
28007
13219
24527
18409
1659
15365
20835
31001
65731
95437
77893
90917
53907
37773
2419
44529
30535
35325
74079
86195
99613
84867
25421
55921
58981
94607
15039
71827
50637
80
65296
78248
61088
32470
42878
91346
48170
26126
73606
42930
38942
84086
90740
10950
45590
66892
94748
51066
19218
11640
82400
97192
50868
40792
37628
94894
59346
21556
77006
52266
59978
56142
824
23032
47472
78422
23810
5506
90672
74436
16188
78112
49608
69942
84716
18136
53788
86580
63526
51210
6802
27616
1026
51958
89822
45732
14980
74202
30754
67876
50700
15486
77446
5020
49844
25446
22532
51486
42714
29300
18758
2616
93820
61366
86266
96564
47564
63766
74894
83848
80768
15168
11884
88498
81946
69322
27786
59364
66014
75028
70526
51192
42970
29316
55402
97918
41164
48518
16522
72062
20344
13620
59520
79772
83718
34468
61428
60810
14946
5196
1266
2678
88794
29830
39414
75898
71058
93390
3476
26366
63050
57324
54822
34722
86496
79772
96208
476
33624
8288
96154
54426
4244
9092
58466
67330
49174
73692
72172
46618
73648
42654
27738
42776
33422
98888
32594
29470
3940
37442
54
29454
31664
24236
17218
15552
74250
39910
94718
41052
53168
52724
97964
39382
22150
72978
47956
46266
99736
11218
67440
85626
60382
72860
20140
71428
99404
9278
58208
38886
83442
92976
35052
27488
53364
36684
98874
41880
87538
18350
6412
17990
5628
17444
70688
61636
22054
14122
17018
2174
96918
94618
31428
98640
43886
450
19802
79052
68730
49346
37494
46294
95280
23038
4484
20770
87332
87384
97230
10224
32708
2656
21198
37250
23098
16038
438
28824
3022
8524
7558
39384
93010
89388
41296
6168
72756
47422
38520
94782
67608
93882
41974
26754
49428
66008
92234
59710
99598
94020
82274
34988
86898
48480
63912
5442
51164
52496
59760
29448
24698
52628
5262
57418
3312
26156
47370
19924
2288
9830
98688
84072
98128
78198
13396
90502
42272
77564
13166
30780
97994
62270
95010
67332
86616
5388
67112
18774
56846
13030
69258
13294
44034
12936
70792
53988
1810
81170
22958
60196
22352
68708
19018
83266
63118
82624
70970
47354
78912
86450
99156
91916
85724
69454
90194
71290
24680
16512
32886
46818
27688
16634
46608
94812
7222
98060
92382
28516
26754
12242
95878
98964
96782
92760
30976
48298
22882
91142
47178
32314
47346
84514
57000
24428
93540
6562
82604
13376
91516
86610
37562
71022
57430
42406
98596
94152
8006
16502
62222
50520
88794
80426
54488
65118
98862
52776
13236
78276
15002
61922
83572
98990
10456
36708
12108
44716
26912
89110
73324
66650
56668
53694
69968
74728
82976
67374
60136
98380
94050
16454
94376
94608
83164
59806
76324
81562
58858
75840
13254
55804
85436
80424
19504
54116
48186
97426
31092
1974
80804
81450
1754
61982
40530
82200
2250
10922
99648
3396
62506
40602
92430
80406
65976
340
34098
60342
72240
41172
312
84584
53136
32414
23180
12120
52522
87944
56914
74530
1320
34314
45638
68762
83722
10170
32302
42060
56068
34854
88134
4684
35172
38790
67692
74866
84894
32226
56780
12628
55772
62994
66526
20926
71300
6294
16960
