5689
36733
31737
65793
37423
30377
99921
20325
30449
95277
38295
43555
22057
73233
23241
41495
81205
44197
98813
35417
19719
25695
19789
33383
49439
87661
41415
23831
92743
82963
49851
11977
85113
61365
70551
53745
64525
37885
80813
61959
93515
17975
11303
67937
60429
56065
66131
38277
98191
57659
48417
79785
47083
79121
65885
55535
84757
96507
61239
42979
83161
19157
81529
87485
50113
7325
20701
52807
47047
89253
40027
54145
75345
64857
66435
67513
52985
24581
67783
58167
38441
36809
17549
53899
96921
39105
85181
45073
8261
82141
68741
56635
63139
28669
61285
52219
73713
4071
48441
85613
44945
23329
70765
2677
87515
86769
11913
45227
6473
83447
56403
15809
75547
88979
66729
89639
99479
36903
11135
3031
43475
35815
43587
87811
44853
17555
69801
35097
89209
49861
8917
59707
98375
86557
69909
70799
19055
4045
26751
48527
16747
99513
28335
19467
5681
26789
58295
10719
28751
18785
16969
8621
90931
86897
31631
5543
18865
20859
53915
35941
15691
26473
88261
29375
25131
56923
19201
42369
22329
66353
6307
45911
48147
11807
2271
79149
72909
22437
39351
99863
29999
83763
44951
327
31865
16095
20009
68221
56369
72527
41015
29867
52373
80401
7357
94855
58895
21897
31823
12883
76997
24177
92559
60349
63903
21521
97851
19203
65231
60085
39481
92347
18803
45949
2107
40497
97151
3375
31343
95755
98485
35919
6651
735
20081
7667
83493
87229
43775
98185
49765
5379
68929
72101
55387
54199
45887
25523
36667
41583
53231
28203
76045
98591
95531
40543
97479
50143
86639
85311
36145
72855
367
68165
9443
94929
52137
30029
67111
31907
83397
22001
57451
71433
99563
38843
56959
6465
41711
28345
39013
72479
16547
32733
32355
34835
69351
78563
12823
75883
35095
81113
1357
62259
98389
62499
35177
77309
74591
65287
20309
25573
86325
61243
54287
2079
44177
17605
99991
24519
54385
98697
87255
68491
25479
81605
81737
61175
61479
96937
74305
15405
49941
86087
70683
41343
90165
50959
66343
86183
26455
30041
49387
30343
62885
19753
85323
75941
23225
59115
41627
34505
47187
70077
93771
5991
21777
32677
2501
91139
6099
63331
13511
67123
61837
15783
84307
45285
97425
73101
72799
61335
66225
17381
4013
39413
86483
65749
99967
26845
70261
12179
50433
62375
91893
3207
1039
66289
44159
37353
67563
40095
42395
72565
18945
75671
43925
52105
19049
39223
46685
12257
98613
91195
523
70887
68533
46063
12021
58285
96065
28675
39425
12185
30541
49267
27517
40601
82721
94249
68227
80321
22943
72995
18151
49977
65143
54755
39741
20075
43747
78033
5149
85091
89027
71399
76257
7789
6783
44957
61245
77379
39275
76061
92063
69627
2185
94933
41197
21369
58833
31459
2825
42499
54799
85111
99571
55781
47067
20633
44537
13425
92045
58383
90345
28563
41845
43775
64057
79275
9371
4957
86465
44177
67171
38775
52989
2361
17393
67707
93383
13705
15847
50777
41453
39031
32115
86171
99329
28031
80105
1423
78989
43245
99073
92997
46261
20339
12365
4683
65971
68039
46487
74925
19783
8359
14417
17311
19837
49941
95647
46155
98727
38611
91095
38287
86347
80075
85037
55271
51877
8295
8045
57893
2323
10669
83403
19451
79019
23373
64779
88913
9261
5867
49631
57385
68191
65727
4109
85909
11417
26199
91183
92945
1821
67673
62925
37099
23935
23179
33929
24111
8915
40707
24823
53555
22343
13029
6479
17281
20639
29891
56229
3783
62947
87789
91099
79875
12389
75365
30297
21137
87461
91019
67351
17971
55223
37047
69563
89437
16439
48607
24515
57941
82767
78333
70129
87101
46483
62819
12375
84923
7601
36343
33519
49061
58809
75123
83517
31575
82669
46407
13323
76617
76817
185
79979
92481
57447
66615
33817
9181
58595
54131
58405
9157
9579
87811
80295
41477
32545
93113
45721
23127
44743
51125
86321
80989
74791
95201
23575
39939
55215
84743
32961
85253
16627
39239
50669
6605
61977
40363
56759
49279
74401
96065
70269
8671
80243
14027
2843
20403
42117
10353
50433
29709
31891
68561
10147
61847
64887
85847
68409
11563
60411
29511
22915
76663
60083
37215
77017
31991
80239
10635
59519
43457
50733
25977
16545
76125
26893
14529
37977
39259
48647
27005
10193
74667
96473
45957
78855
61201
40591
36135
25309
91033
20131
32323
99203
13763
42833
36567
9219
94183
51981
44657
90007
19173
11773
96707
23339
84757
18841
36011
46139
22293
74107
47179
25171
89145
8237
88679
64539
29011
72417
70637
2773
89865
64601
58929
23149
40207
33007
42295
16871
84011
86079
27723
55891
76451
42113
63665
94545
14935
38259
82977
7239
51239
20615
42573
29225
86493
78929
73627
70201
92129
985
98325
69179
89231
57721
55355
90963
95401
41247
62653
88507
14209
73135
19163
7769
71241
19557
96069
71509
86243
31519
89763
48375
52941
74235
59255
48933
34783
17037
543
52495
49525
90427
37649
66793
36299
44485
83525
69917
82071
27787
99353
63139
52091
29087
73099
74255
77335
34863
42135
31211
34771
48651
20739
49817
21239
6141
41613
56369
16001
89441
97803
43765
76063
70651
10205
44551
71429
56403
49617
73609
86757
18681
21615
83929
95279
17223
18855
78495
23901
68491
59757
35361
81167
60873
45027
28021
72059
35797
6347
57973
35971
75101
66739
35
35127
56133
58383
63911
17987
9331
52035
64715
79733
72019
87167
89749
22491
39521
30357
44293
77879
8955
66117
13979
7703
3877
80371
3853
28965
27285
26211
36697
87435
38315
72319
16999
70651
26329
19429
90130
67656
46228
83484
37260
47688
96102
56914
27152
7446
70526
61874
99484
30828
78962
52632
23126
16910
87576
13836
89202
69462
18754
20714
46854
73582
13500
58480
54904
99864
9904
4404
80414
89372
39736
28084
29452
26906
3338
53384
43106
27138
41930
85886
53376
9740
91920
95416
98864
55122
55204
91900
32600
44162
84946
90788
82038
98624
67462
19822
7488
22306
84134
51260
81898
40486
15170
22148
76036
65630
62842
68462
89806
34816
33712
51550
57964
25896
21010
97164
45964
5394
65114
53842
61390
7150
59420
77124
76850
23612
36564
37380
29068
35898
94706
44242
75868
87504
49376
79502
81596
32752
76500
26578
42390
32632
98396
53990
96546
84246
98266
29208
3780
92856
8872
69736
63352
62550
66162
41250
38436
26564
42022
49176
22248
60012
18878
68770
49170
13476
14968
15060
37110
37732
2602
77902
62768
15748
16058
8178
50234
27790
16214
79736
81564
32586
13030
22650
50094
3520
88884
30658
76002
40850
7414
56986
53362
69578
24636
16768
94092
92088
94280
61914
76300
12756
91994
99174
58918
76580
67182
60386
45984
81670
79666
55264
16942
77258
30920
56200
89488
30410
87086
44414
12544
43766
48540
94698
53352
68338
51738
242
68684
91052
49052
99610
19714
61136
19140
77030
61152
22198
54438
50622
41870
95754
19724
23368
36452
91812
74276
87008
94180
34552
86462
5276
27754
668
82760
35530
14940
29296
22128
41860
26504
33044
76032
81136
82696
34084
70806
50186
16688
36116
51676
2546
16198
64574
48574
62384
34750
62468
53176
12708
51988
10400
47158
37220
13974
22080
11768
64508
90212
60628
84380
86806
80734
56928
45808
82266
59592
74548
41190
78374
57418
81006
83350
40486
98860
98676
32690
71180
28736
78006
75394
46248
1704
65606
88694
2044
33692
92640
74858
24226
88808
26606
14824
9800
66642
85330
69954
28020
49330
11914
16104
40574
69748
33260
54084
18368
10926
98598
32108
5350
45124
70098
32050
8808
99314
46790
39754
80798
2526
82888
49588
75152
77418
38746
81958
58812
8106
16448
18828
55206
40322
97490
97370
96920
60062
55298
18318
62776
77044
61550
51920
5134
17358
19288
91772
29364
33992
32206
81898
98512
66506
49644
56978
42042
74594
73384
8120
30942
35418
80868
42688
19054
19316
38948
60922
43406
26490
95972
49648
52156
73614
35418
67358
47518
1352
78288
36422
3520
68224
7642
37294
16420
15946
64732
13422
69194
10794
88122
44552
912
11358
25826
47940
57274
47596
19590
25852
24282
63588
1658
83176
73236
85672
85890
34574
61490
66840
47464
48130
25404
59240
10206
85732
7472
55130
17226
74488
90444
61456
33312
70774
13680
29050
38046
71670
99464
65268
98354
31874
12622
73130
80342
2334
14622
24146
53158
55176
92328
44804
99116
74320
93452
33984
82110
76274
83958
64850
99110
17866
60566
8066
71468
63460
92242
99080
37140
63152
23648
71240
38068
6506
99588
57852
88530
29964
44886
65910
22062
20074
25970
15398
96810
30624
72850
92254
24588
10784
60792
78942
29442
714
36126
99396
86374
65460
3864
94884
79988
43486
51848
31404
23694
29516
38392
93196
47490
14108
24734
26310
17438
38612
32338
93882
53076
67282
97446
3650
56812
75386
64284
27944
28654
44518
26946
74532
97630
57922
9382
56018
89102
26222
2858
79262
96592
74382
32370
69516
5960
71934
19374
59288
22686
16730
80306
19104
202
54752
35832
18276
81412
65112
5028
44622
54254
35466
77322
41228
76708
58330
38616
22170
57848
78562
54108
69174
31282
24772
5828
85298
18746
28810
66320
35276
35344
56398
31322
51638
79528
32064
58520
30520
78470
42434
84370
328
60874
11438
93034
50116
30058
76376
59934
54334
74356
64094
6020
26052
21012
21422
74088
79276
55304
68908
32134
954
5066
47532
45240
45478
54652
30642
74374
60868
61780
39664
56546
432
71550
49124
20708
83262
13948
42646
55584
99340
82350
56472
50768
5676
72592
15000
6368
16940
11426
22160
54214
16392
10720
74184
66156
55112
76306
1410
782
16992
24528
26970
17038
95868
7286
83402
7870
36890
58120
94208
70032
75750
56494
7770
52432
36094
53330
47748
52466
33334
34946
68708
81746
33286
36664
15370
13536
51814
43390
72622
48636
23952
50578
79406
89486
4454
20092
34208
92798
81350
62652
34572
52434
19474
83336
71156
61586
31616
56466
3042
97950
34134
33932
80180
10024
52572
27842
91224
31610
98672
25978
9504
69252
77806
32458
67566
30594
78104
26270
15418
73022
11068
59958
38132
57598
28244
14664
45552
21014
90924
89038
94530
23442
9524
95946
48240
99684
40198
49232
56448
73468
79674
64788
89034
93422
97686
85042
81452
36578
93716
18720
22338
61520
80534
34562
99186
80606
41336
504
36530
45712
70452
53038
57874
96278
15126
43822
75892
58216
57834
9582
97618
68748
97402
58220
5606
45656
99010
56656
1352
53114
66984
36602
83110
47462
95158
30398
47002
44766
71482
67920
38836
2198
81378
77170
64208
11054
94824
93552
46626
85484
18070
16402
44474
15236
98836
90636
19420
57888
22580
54938
8398
16016
80242
68186
35860
22054
24218
32490
87880
484
99646
32972
74934
73548
16082
63586
3448
81090
60168
628
17306
58636
88644
21364
35026
20858
69998
68350
75468
69222
12278
21014
11502
70904
44898
91786
34808
74328
17134
45464
86928
6894
23722
98688
35580
23982
52674
5932
46998
84320
73936
5974
75808
13222
40968
32390
59928
9564
59048
24794
21884
42796
59130
7166
34020
86236
56984
45246
85042
98224
39106
62304
72824
80438
87006
3256
45948
57754
60884
47574
22494
61010
54610
9774
71896
90488
21424
21134
44278
90432
36030
54006
92838
10624
