7067
40053
89891
23467
27215
33785
53973
44143
45817
46639
45049
31329
437
56857
25239
66391
47787
29413
14047
7931
99781
14923
47283
68477
14551
63875
18817
32567
2821
94107
94257
32751
46481
67249
36607
25181
29035
35253
8767
46703
80379
65377
53885
7791
54551
70933
74305
41597
35957
11899
31105
85427
73861
99767
87323
33757
47049
82421
61721
70227
55949
36357
33731
52713
58971
81987
55383
62261
47305
9717
32087
60433
84429
60429
62557
85041
81865
41613
1601
49037
40881
49221
4743
18113
96991
57179
7059
29683
6935
45659
54255
78581
17093
34767
42551
90243
80611
82525
74021
27991
48341
23473
30139
12897
48701
65593
10033
80195
85587
90757
37465
31841
35987
95397
17003
54637
52759
8973
84529
6973
55173
29171
10645
14237
72234
45478
91174
52740
14306
64596
26744
55674
50992
18638
42320
13134
14348
63932
5168
34088
28070
80268
51436
55048
10346
78978
91396
63996
71304
88918
49162
3196
4514
19398
23178
55776
19348
61602
12040
83626
94550
70760
34858
30156
91568
12476
28158
13740
49392
11890
42338
65180
79276
12996
21940
41478
41998
62822
93132
60126
77548
30246
83552
46094
11978
22990
93532
86916
44818
52120
33010
72556
74200
88508
19756
7322
91658
54984
14784
80230
25080
14562
14312
47484
77332
53180
35570
20574
90022
79510
81540
58122
99182
43178
31502
60970
32430
41886
54048
53226
66920
55084
88284
76122
14876
28966
29320
45652
69308
47128
17930
94948
98476
90420
56512
30860
70046
70792
53662
69280
91204
76168
11148
15918
99072
37974
57858
70458
77348
65424
