10457
55761
96467
31913
79699
95515
96401
55229
69139
33105
67333
84805
89871
4967
74407
56635
38467
98361
24059
2505
82847
24461
71249
21209
3161
56479
35397
42945
85025
54933
35643
88063
65557
32567
72547
61337
70091
31243
20823
15071
32881
84235
49521
72403
44579
40503
32833
42939
2109
25035
72779
20567
34129
93449
45025
89957
3993
27303
72051
47997
30235
15817
28493
7631
22859
77167
92351
19645
52905
38457
99491
59793
11235
75441
40575
47273
4625
75055
70033
97441
26865
61727
64811
50329
50073
59343
88097
43179
55317
2131
23451
857
30307
74693
36269
41161
8271
55577
23901
19135
23301
14787
23095
26265
73915
37533
22701
58717
32627
96425
65277
29637
88935
23675
31049
75069
54985
43789
58563
70373
29195
21749
31273
62597
60235
25985
23349
35069
48205
34693
12759
92735
82669
28941
68113
89377
55779
78649
84131
60747
79081
73715
2769
19557
41079
47013
71001
64917
60791
46083
47657
22497
45623
13363
93689
89123
59885
70257
86425
31035
65755
62777
56157
36203
89793
38327
52935
72447
40939
20243
2705
87973
8237
7325
4393
80509
75381
13747
94199
779
90177
31397
1757
6053
50015
95533
35781
30275
57651
21807
99651
69363
12673
90313
60159
70335
77223
47089
95973
82279
26743
16583
38249
84493
88745
75425
43655
48409
86255
96795
73527
2037
15175
21515
68071
48005
49547
10117
7571
31575
74683
42255
64443
60123
4515
23729
96619
82597
35543
37479
41113
33205
18929
31289
13701
8519
58211
58411
35577
56567
51263
27961
77237
49349
64477
30843
29593
34819
55183
80135
449
99503
36541
47255
32983
60025
94079
87553
20631
96599
81513
66899
21169
74457
25231
5399
89901
43637
26331
42009
35851
55737
39129
50151
4711
38513
82801
99229
64001
95349
68349
88951
38131
2361
24347
49487
88461
91679
63619
61425
36059
5355
56917
17005
30477
15641
92361
43625
60025
67797
94671
75185
28423
23871
9661
90173
23407
74275
45247
231
95747
62763
2327
21785
60793
36659
72647
99209
96991
80091
17351
13207
1461
41483
31137
12625
65703
60129
31319
53247
34273
23923
31209
82345
25667
56929
61887
84715
16091
55705
46727
23511
18205
50577
18211
25029
52587
49271
3997
77563
40783
91769
69921
48735
31951
85311
10933
4507
71727
96827
1391
33909
81571
71735
18907
79705
33599
98709
10333
70591
29229
7151
48427
72663
1983
12407
16415
98919
19819
72659
40013
56045
53335
33471
48507
3595
26243
96791
94105
23425
38547
83075
13219
32087
63301
72815
8509
44553
46105
40205
43791
25707
27285
12345
57249
36337
75803
60425
40327
70885
8115
68711
9899
76925
88323
81501
36205
75521
93211
24199
35005
4681
33471
61631
40083
47623
76547
75703
16931
76269
16337
66917
56731
819
93813
39837
57411
61301
61309
96259
60311
35553
30261
7125
9343
91351
43335
19873
52779
26483
99657
92963
25959
22293
35915
41303
79043
50475
72625
89339
73683
31461
93417
47863
58409
83803
63493
57565
39297
24189
55887
44527
68737
57829
33205
13137
25227
92835
83253
14511
5633
56123
64251
14563
45235
46729
69463
52491
32953
79913
17225
53785
24393
89019
3003
39017
84811
4103
81653
787
54387
31499
87449
99267
63443
72781
86841
56463
50247
99731
76383
3599
2659
57315
86775
70455
89627
5023
76509
56261
9725
94339
52737
66809
50695
60779
37157
33125
93553
11043
19953
45139
48193
99545
8545
45565
59995
44847
5589
28943
28997
79533
93563
13815
87873
14527
83035
33447
4659
43629
82787
31951
33207
61641
4719
25475
96337
47523
22685
7525
24795
98161
63365
69675
55889
67497
33559
51135
32361
6095
8367
78449
66075
77131
51283
56739
55319
56375
71957
12947
25517
26039
76367
43307
24347
75461
79039
47153
99017
15021
66031
7943
12309
94607
66985
98395
28507
72375
62635
70139
91363
97833
76273
48441
15659
74961
7393
97635
33447
98317
8803
56209
12755
74249
15879
40757
68667
44899
64597
73183
3459
21833
43743
71679
88325
54249
40851
11871
17485
47597
19323
8617
15213
55673
43027
85695
51185
30095
20901
56331
65817
7291
69913
64103
51703
92535
14065
27137
56633
60793
13729
49571
63247
80689
93589
15307
74551
41249
94103
83797
65727
38015
22589
51155
11847
12283
24695
54353
17181
45235
86603
2935
68493
54969
34317
8955
71435
98737
3435
65731
39531
11019
32037
74587
26603
55977
33121
88093
49957
99337
33767
41873
36447
88887
72193
22143
56935
30449
77237
93185
4163
66109
29427
75959
95541
89177
18333
47327
39085
60933
79297
40923
18391
93133
17781
78137
52663
74015
2961
35471
3623
97311
2417
15999
39997
36673
82325
55639
57751
89411
96207
72517
62375
45337
98025
74609
25963
8917
32831
42157
34919
25459
79905
73769
57863
66737
48183
27195
20369
35673
4463
18369
95111
9427
72305
31299
82149
86573
35071
32371
23219
42357
86051
22283
58491
40799
4191
69769
44833
52597
63831
91821
3147
16161
17955
49021
33403
40413
59039
92211
43175
88871
38081
89117
5105
14069
42021
63743
25069
53221
62441
9599
44459
63381
21669
10979
19641
22129
62383
51317
83131
62965
74713
66199
76949
41697
90205
33537
67771
38817
94161
40311
20725
34847
33309
6203
22625
93401
31739
91527
38963
3765
82961
44655
2617
82523
88485
25089
50311
62941
6709
90705
69401
92457
83723
36189
81387
18655
82147
16281
62611
68109
21431
16795
37091
46429
91129
29051
82689
50297
1263
33965
67267
81519
32809
82879
12289
63463
69871
61355
87485
35889
69499
97397
77831
34603
95061
12923
15965
10047
58863
99155
29213
13381
68853
54525
88825
43319
88869
69435
9007
71315
20413
12019
61957
4513
88877
62311
42455
35425
24931
5415
7707
55961
37429
79845
92993
61627
93267
89041
64853
43775
25717
75699
31443
66669
15741
93439
97965
76457
75073
15067
5551
91877
1445
22925
7457
49613
40775
45457
68637
11493
29437
5937
23087
68465
71445
49123
53111
19847
79609
55941
61741
6231
6687
49889
57663
27341
89977
77693
30671
64749
15387
52085
51569
89501
18717
35669
7231
6795
33365
69771
31907
45677
6275
95835
43165
81319
69321
61653
27475
9635
28673
99483
6009
21491
47017
4557
76887
88335
61715
6485
61047
91227
71329
12495
38841
21511
94421
20155
30125
33843
80291
39457
48351
43279
78365
21385
19405
6067
87657
49923
74845
19905
40527
94413
96911
58281
26873
11877
79939
11279
16179
53551
60397
26887
32329
42823
55257
13481
76511
54841
95521
45405
81439
99883
5599
3583
58793
8245
76863
68003
43639
69465
78127
47723
22439
97127
73963
28799
54685
84877
47679
80809
50539
82229
54237
45603
5087
60905
73747
94607
981
52327
31227
79733
87999
4985
1639
14151
73691
84393
27363
70367
43387
19847
47607
96181
32381
38365
98247
81129
13065
19217
69819
72433
57663
47441
8897
36347
48155
31965
44473
63589
46559
94513
60045
82947
72173
74659
57331
69857
87061
88619
56827
8859
76745
37361
16189
39787
89873
99761
84097
94299
72189
32489
88651
45479
62327
41515
64993
28011
61773
33921
11069
70453
8767
835
26265
38005
62665
61231
31847
33581
78793
2211
43857
68219
15553
41103
16335
13261
81573
35237
20637
88313
81191
78329
7411
71589
78489
80987
46519
82647
65267
74171
81627
41817
47677
99673
53591
27127
21973
20555
89395
54207
23707
21719
64637
18185
63741
11451
14361
79391
7793
68521
66505
67165
17921
65957
4623
80725
81077
20801
17831
51949
13749
93019
67763
98033
3835
79863
41649
73083
89431
75051
91209
54319
38677
31407
35925
57133
62225
75065
8527
95121
12887
71697
52623
8727
10667
94647
24373
81741
95387
46811
17897
43983
16943
93759
31757
74291
64597
42057
10963
18969
19937
67625
20207
72173
92131
85389
52721
6111
3441
5629
82829
67465
46179
55957
60587
46483
67241
64263
74759
86741
19147
54261
74137
33505
31435
68093
13073
14597
26795
39357
96157
51161
46621
54925
96859
34363
22741
80841
98239
52235
8411
28123
39823
17393
55149
18865
20245
38891
29999
53927
64483
5811
40113
10715
77179
33111
24567
38047
42855
54875
34429
63303
91857
76793
90075
79337
21801
39859
545
37923
92317
2105
11641
19151
995
72231
42317
87483
52237
36367
46033
25669
97647
28587
66151
11737
70251
55847
81449
50345
89201
66613
13725
57823
51727
58515
57793
46375
38877
64843
86939
6373
13891
37833
21117
20457
9879
22029
28481
55057
8443
56303
31741
6245
73843
53561
45271
65203
77411
64121
57705
54989
32939
50511
28447
62299
64543
47991
29733
30653
37555
35763
38745
55615
18831
68977
96969
70473
61447
33157
31347
55377
56887
34399
92869
5821
93617
83279
83637
27111
24143
59071
65337
32767
36713
91271
41645
5503
16191
42303
27929
4837
68235
31017
22459
75977
86669
69249
40281
92867
93541
7395
91459
76331
90747
44497
5325
86715
77005
82529
30203
12425
31999
56927
33571
88147
30945
42083
64457
66983
37753
8207
91069
88717
11611
94853
6445
70023
49165
46367
43961
79623
38289
10943
84959
54937
75557
63619
96311
64581
82697
53547
68433
92291
26387
27687
30707
86319
90211
10511
48357
199
21091
58365
46557
58689
47161
76505
95593
49199
69821
57705
51043
89359
72575
81289
44047
29619
82799
36379
8913
98357
43981
31629
51039
47645
69871
44859
96901
42757
685
50015
31071
7639
49757
74397
78081
26813
22895
7435
88307
80017
70905
2327
47209
97241
61029
98799
96853
29875
51549
28759
27009
19733
49065
83429
30387
66977
51901
13085
13261
62187
96326
85504
63606
4710
78502
51200
68342
10954
86174
44718
49364
41488
11208
91000
33106
78042
36222
5316
24312
66794
12264
96282
39400
15642
23034
66922
25194
29134
73316
77958
29394
7178
7350
63780
42142
41928
61298
75698
66338
66672
60240
88078
82444
31518
16802
62052
78344
7958
23644
77696
78636
59010
20680
10570
56182
94778
68246
1550
23884
56876
85220
74768
33882
60300
4760
33194
52090
35246
29498
1144
31742
40118
62914
91300
21508
2648
82218
15120
52308
81962
33892
12074
51840
51314
17846
86572
44634
81052
31626
91312
95600
87956
48338
12846
44036
86750
7306
28658
67150
96198
96106
75106
65248
3394
71986
97534
50640
14864
30350
55376
80672
64288
73208
49496
44172
75480
36338
26180
48624
77158
12930
94296
18966
23270
27148
94436
84828
81758
4364
8618
29348
51758
55398
51124
64412
55350
9262
35296
91522
88708
51678
67844
73208
15772
65362
8416
31302
30030
66034
86192
27474
26476
85812
32282
7536
65846
78702
3122
42384
47398
9250
22188
88980
54742
66112
44478
95552
28522
12482
22376
11666
55442
9158
3610
21662
80114
58148
84642
73040
55564
13718
88950
71860
36630
72538
49530
91444
51970
98880
26050
85716
86890
32462
96880
31082
31000
38372
65682
71730
10922
6104
22434
54128
85712
53110
21102
28934
73172
45726
67730
46222
36070
90636
72088
5970
35032
31538
93950
56776
59380
98756
90654
3368
6180
272
15106
60922
99500
94346
61494
25858
7468
50958
53848
14910
24208
98340
20044
19234
41902
85304
28942
22486
59360
79372
58008
26186
88680
95894
96244
97366
47724
26954
30428
15094
97948
58892
88292
57762
66152
67302
86488
10372
19280
81560
84046
56522
49110
30172
12268
58442
49496
94434
68436
85136
95026
81290
89586
76614
16870
13604
52630
1318
21474
39842
86540
58136
9166
47136
52816
44908
196
13798
31482
10874
6224
55708
98104
18574
29938
94174
93834
90388
74974
79574
49254
24842
2410
34212
7956
93526
99856
58946
94676
97968
68092
77760
93306
98678
70230
49428
9170
86608
12788
8092
24416
32706
19864
38748
45406
37406
91674
10482
89966
54018
28566
19138
84736
68112
83902
87616
89690
61152
90286
84764
89174
18138
9696
33448
67276
22004
76312
33172
58208
3180
50360
2856
15916
21666
75404
9336
86268
61158
35994
82342
62404
44184
8914
28566
16282
52900
33464
1574
60276
54866
96620
46828
64454
30124
20964
11346
50382
97394
96702
82248
8820
62648
46328
36170
34784
61546
63152
96998
62570
49426
61234
24548
49712
11848
86442
85528
75432
2410
4900
78002
89272
25808
27874
90294
38104
82402
74200
41524
92250
70416
80576
29674
87760
81236
22630
74800
536
43146
25302
64534
11688
10982
99184
26576
13948
83602
79028
29194
82178
7132
28594
74916
57616
96840
12924
31662
99996
45942
99142
10068
63102
51716
47010
91392
57098
53364
43222
53974
80830
63074
77958
48686
71170
15634
51416
22112
11288
18482
22958
22228
56052
30212
27492
65394
4916
22818
73834
72258
96782
70812
66882
83920
94922
96696
48324
79490
79886
8624
72222
11612
7764
23872
46688
59690
38304
18994
17604
94174
90810
88308
95134
95426
7700
50704
75316
55512
76472
76154
77212
88916
67864
46102
98868
69120
72658
94620
60494
57660
35386
88946
30008
89514
78448
47656
32844
41172
70044
67632
69326
38470
62632
46346
55114
81096
59102
13280
78634
24298
34608
6664
88880
88612
69752
80466
68238
30546
83276
37556
27170
4630
32248
92866
82498
98032
62488
91770
80664
68082
63160
34182
36478
12472
76868
96848
21000
69864
21864
91054
43086
7970
25004
5140
13644
68986
14918
68300
33286
3714
30006
34204
55584
56256
12254
63542
59276
8166
74420
49150
38972
22416
83986
12904
1536
85640
50188
70704
30806
93688
73960
62564
26600
70744
25910
21654
10914
26976
60830
26282
75078
80650
58978
56118
2490
69650
15850
5262
32954
69742
25844
84332
72028
33974
85540
98598
82504
29720
29734
78368
28092
4314
87508
21228
41788
10636
44272
58752
40276
62962
9622
76616
18978
18638
80560
41562
79510
5574
28156
9234
90750
52574
4130
90266
68714
10356
51354
6330
16454
97454
91636
51862
93278
57374
43664
77218
76620
76680
49202
99090
79942
16304
6794
26682
91894
83958
35120
70006
70550
99994
94684
39018
6590
99734
59894
19238
85576
93924
95270
29486
6000
14128
55714
32064
186
36220
95050
48036
46318
16938
31260
68216
84060
87472
52252
57640
32720
40084
47724
57892
464
25384
52430
76290
14422
99866
26788
31220
79800
66366
61372
94572
71006
82208
50164
34088
82574
56250
28912
66056
17540
36232
41692
26074
48490
75822
5518
82244
22534
40858
73904
72638
22994
43420
78762
35100
51934
75490
45786
90814
72608
85804
81386
76176
95594
59384
39846
70664
64170
66374
51084
13466
93174
87496
9118
56752
56872
85268
81318
62336
56156
4006
40710
34510
99738
34054
97030
37504
65454
90590
50594
13318
69500
31676
5698
1364
8616
21470
66210
91774
22226
27056
34148
58664
1428
40726
57118
78452
79592
23172
15782
77524
33668
52464
2480
35374
26478
66682
62856
15752
57980
93792
17618
43938
43752
86630
7204
6332
35724
84880
14586
15550
29668
41244
49002
72576
77764
816
9226
97390
93308
81366
68184
98846
41740
68048
6986
66416
61850
17940
54254
83266
41648
17696
44492
39430
6248
31336
4706
87560
79002
77410
92830
7362
47938
51316
55548
13562
5752
44966
87184
4132
73754
84500
75694
60388
18400
12946
11578
63454
28830
31844
60770
63508
84648
46010
61556
72502
89714
69978
54050
46354
46128
56822
6238
2396
80284
98554
44264
24102
52136
84490
90088
35950
42410
18702
51650
2568
3004
87360
24464
37548
36900
76964
96286
67552
21890
7524
4128
67416
12822
91424
53094
36558
79976
31702
15360
82986
95078
93226
16434
19662
24366
5224
72410
84152
31654
38440
21982
88174
93700
41428
1864
8770
14978
22360
6540
62526
50888
9722
22578
11134
48190
30218
27888
62936
97112
62800
84256
17304
81564
51704
82702
12092
28912
74538
1724
23960
6902
1038
22644
81346
62410
71862
11434
31306
21458
35744
13698
78302
24404
29362
9786
1248
48060
97782
45636
78820
37744
21042
46056
54570
93288
75010
65072
66698
64722
44730
66964
37582
6602
35158
51362
84384
86574
84498
28200
33230
95204
20358
40450
60296
46732
94296
21728
24116
83022
65966
73112
33662
45830
33648
90426
9864
33376
49464
44108
18070
41776
34728
1846
53886
59050
44436
35634
6614
73608
5122
83534
17876
70976
67888
66052
74786
55024
61914
18670
60960
95100
81830
38982
79390
38366
29770
92992
4020
51656
55400
14630
52074
88098
930
40856
72664
63200
96532
62956
13986
5154
9688
50108
97884
77762
62818
1860
25046
67336
21566
30778
78148
31842
19994
11568
54140
53500
71814
81282
15634
29582
68892
93614
66100
3770
89174
34266
48942
93672
44014
33430
20604
55322
48308
10678
86892
95224
88442
44064
85540
78060
94226
95842
53626
29280
79592
96016
32688
80644
68416
76914
16842
2510
6270
72366
30642
97590
2376
20916
72530
23682
98234
88224
19200
98266
50412
34714
48848
71500
58690
26440
17502
33990
84456
71836
178
56814
688
32360
78532
60226
88234
58212
37642
22732
14498
53650
91668
93336
60186
41414
95114
4944
15936
73610
32442
27706
48470
9686
39826
28374
13740
44936
23164
29008
9724
83210
28992
90916
19976
37134
51050
54444
93984
42436
38800
46170
81990
76914
46272
38312
45804
61740
18318
32912
71558
29688
14120
49360
92838
52722
58882
1458
98878
72828
4430
70312
68700
54670
20170
50046
55104
40042
65446
36026
37618
25900
64662
506
10496
8978
83624
5372
64224
38410
77712
93866
24770
25484
95590
23604
93322
35758
87516
86544
85380
51260
76982
76194
56652
57410
73610
85160
1332
49680
69988
9282
69484
30314
66996
71906
43852
55842
67734
15218
96042
81028
34782
62178
63094
69110
97950
9078
75834
12844
48132
14272
41164
81674
21576
4716
22396
43940
52274
37596
40184
36478
28486
43508
29770
65818
48076
71468
2148
16454
85350
33896
23014
43420
59688
60764
19356
49186
13154
64014
76754
62364
29062
78594
41260
6636
82364
56000
51128
6816
42740
12248
31458
57878
29460
88402
1014
34990
81202
36538
47764
63906
53140
51846
38308
29114
7228
79450
36504
8572
16192
61864
36646
15756
21994
25508
41530
69460
25644
95956
86566
28932
69120
15838
79696
50996
96170
9002
91172
14012
48982
27194
85256
16924
91892
99448
23270
93122
4620
24148
88500
80384
40792
39500
86094
26620
29986
42588
29526
19848
82678
53600
99354
32508
67532
99010
90528
4694
77174
94374
73372
82914
80560
90780
2084
54428
56232
8096
42262
59854
61600
52704
32598
92682
8896
8438
12366
38974
62998
27612
70796
8572
77854
62386
9814
91690
2418
75072
19206
82514
65718
99468
31454
16286
20660
78702
64572
4488
92042
1194
40502
17508
87214
26660
34016
54002
55870
63274
80246
76184
7326
45118
97450
24374
19662
36366
63830
27088
83206
1318
13238
19068
52028
3992
71434
90352
82754
3746
26174
88784
292
2698
13026
5924
62766
34026
40158
14226
81408
91762
94404
84080
15728
65598
730
3882
57490
65926
20588
74716
69240
58840
62880
42368
27246
40224
26642
19466
61868
55548
15384
67440
21026
31048
29614
91276
26256
18962
71372
16008
93228
75344
13734
61582
96056
27152
25430
51128
33162
76386
38398
30114
28726
29820
64890
70410
93000
94398
52848
30304
46922
42454
62358
28774
8864
46488
97290
71244
36702
65974
69502
40562
41266
13618
15462
53848
93282
16230
55514
678
49280
94914
95772
41028
6664
62048
