43973
28393
54863
93881
51261
25593
49377
28463
22993
14107
4513
2991
80335
39709
62343
30449
60883
66537
90919
37227
96031
12369
22441
6505
99347
54455
19691
66737
91641
55711
11341
20623
45663
37489
72327
91107
77109
51257
15787
46777
97633
84341
38175
53539
53801
74921
31015
3597
33185
64465
32635
21325
33811
98987
92695
80669
73519
54467
39819
51339
4691
23965
79655
16327
34445
93941
89883
56485
87321
96853
28933
32603
72563
45659
291
65789
22735
67919
94499
96241
14953
81639
45329
51291
62055
24777
51327
21507
61129
36069
28465
98917
16677
91713
82347
99047
59283
30165
92619
22809
28269
50379
75073
25341
61317
31475
60793
85381
54443
80235
80477
19383
86243
58193
53483
24301
94655
49285
43547
60113
43515
63987
20237
56793
83821
44147
17139
2521
16327
30501
23281
27015
86897
97473
90307
65387
85637
60119
66853
73249
3523
47421
7307
94049
67665
22873
39565
53959
87961
45151
46419
24793
26365
28217
12797
50667
8015
41301
64645
12131
49557
26359
81053
41725
73951
67313
7907
26449
68685
93265
33883
81691
7211
1975
26111
34999
30003
46399
4185
3669
52743
5047
51825
58369
68365
85607
8327
82127
52905
18115
12853
3379
9691
60317
91693
50073
46981
61789
4665
71587
54753
29327
9093
48669
85919
11449
89641
98539
35605
34031
68525
13799
90093
41729
88099
7991
38945
39191
93031
44125
60837
70023
85045
25699
46455
38315
2093
59651
22975
23975
20323
47363
61505
88049
80003
70215
62243
32697
66095
54897
58585
55945
88309
74973
5885
13865
54567
34967
55127
13871
11249
16985
33449
53661
59121
49975
19159
72617
25383
40199
69201
29601
46217
59955
39027
97009
56501
16673
35069
32443
61981
31909
95061
30513
17589
44697
54575
49513
96693
36851
11353
44483
72553
43051
66259
19685
22999
25527
55119
90877
3071
84469
29195
31347
48293
83369
77737
81715
50443
39163
11601
96149
74747
47729
61759
26155
67459
14143
17767
52673
60135
38909
6175
90015
79281
80047
62139
65135
47697
31841
22357
14235
83039
32649
98649
94165
32825
22815
76583
5619
7677
8841
88867
81981
58387
6425
87717
85981
79871
93327
83155
54009
47999
33293
32037
15799
10555
82445
50831
66779
57683
36285
40903
37021
29099
28949
8031
88733
8397
61921
20183
95949
75165
93101
72915
52561
44557
8555
92807
53615
82555
43661
53325
70397
84401
40295
25621
60867
50851
86537
57375
69023
17905
47861
96849
22063
86475
75085
70443
40503
69749
66699
32917
48397
107
96339
51481
39023
49045
63003
66283
82799
94297
84509
39347
33785
82175
54047
23313
92999
26295
27313
53831
69171
20453
77175
60917
20789
65153
41139
6637
59179
57889
62245
24757
57295
65855
57205
23171
25163
423
70119
69303
47173
56363
90631
92457
11441
63635
90747
17853
69793
20503
92319
73477
43809
39703
1325
20179
95907
12073
46575
34175
5157
97505
39927
85037
93679
15799
85809
31367
35237
36685
38635
80611
97101
75415
38941
97965
96799
43815
96455
85713
85869
61883
84713
67405
76705
74963
46617
41355
76005
47391
59821
90039
42101
21021
88531
11229
2047
66477
98753
29657
83867
50691
67423
45641
9611
1515
62737
54021
34551
48495
60575
41341
89777
21645
75085
97503
67525
42285
5463
35881
11057
49475
98251
27325
40219
36423
57751
34799
52617
88121
82235
6221
28189
31303
25771
95559
96713
94091
53013
36287
94259
36149
50965
66689
23917
85283
84621
96303
1393
80791
91965
98669
4519
49287
90701
38509
57949
63383
13215
73917
43679
47149
3841
66551
89705
97255
68581
17619
64983
24181
11919
93801
14357
3007
30071
20889
31273
17297
32831
4345
10891
22651
3323
58159
58981
41291
92309
34301
31575
82807
57249
96779
41855
41729
9641
80727
32849
59877
77499
49467
86657
71403
45597
62431
22793
43823
17067
25433
94601
40719
85637
82579
5811
43337
29921
56425
95723
89933
47291
29375
29039
10043
78409
30039
53007
49361
12057
26331
66811
55707
15931
45395
8589
9375
79779
42389
42689
79239
73459
62161
38243
58367
48661
50495
3339
42393
46415
7753
62481
18693
13117
70785
17933
77759
96749
12537
7395
10703
99919
93533
61839
43631
36169
60279
22571
64845
805
64117
60161
7721
5935
22167
46131
97193
25483
43941
70605
10285
94849
86861
34539
69081
75213
66485
53357
62457
33507
54899
23861
44291
34671
39953
74321
33471
42373
67571
60863
22209
13291
59873
39039
65277
94913
9935
73445
69483
95373
79345
39225
95835
1993
33785
57013
75447
85819
23133
74335
36459
41179
67315
64073
94587
42187
67135
13415
97705
16945
66071
6047
97915
33441
72249
31877
89339
8893
79603
53157
22619
41851
33519
24755
4103
28231
92269
63145
55095
14057
7587
33521
26219
67323
96287
4067
88879
29291
53325
22643
98289
40599
71129
1371
15719
51711
22047
44217
87645
16805
29521
10915
17621
70895
84505
45579
65993
30245
35239
49073
31401
25997
81355
65561
35869
38157
24535
52163
71483
38463
34685
31721
66741
52469
19567
87453
12367
56089
53031
67487
26709
92407
44221
44299
15573
93017
341
28797
35505
4215
50301
65275
14965
93421
91139
63125
38605
55799
56403
97107
43799
52563
66667
73771
48085
26965
18103
50831
6949
51509
64153
97129
16351
26729
77747
52165
79233
95605
26973
43435
43499
82401
26281
49539
3235
97289
3435
63195
94601
50213
61363
4835
19287
82305
70987
37465
65743
1579
46799
20993
99221
21753
94503
9115
25819
87783
48815
85171
38487
70523
5251
6231
81531
69895
80421
14527
54309
24799
43845
18589
11319
98341
95081
41429
24587
36551
80001
12459
66707
21067
15535
90573
10661
7343
58127
74583
9211
48211
87473
74817
1979
48487
79467
3155
80269
53583
85791
803
9291
33607
71303
84425
46321
9099
56833
22373
40223
95173
43107
51413
50593
94951
37033
40809
48135
89909
49667
151
68089
99313
65911
21921
32161
20115
72761
40223
48627
52909
32469
72577
29057
52297
71047
32745
30497
63981
24395
57215
5719
35833
48241
48379
6501
32123
80175
79965
76713
57715
67815
37097
23529
66331
72827
43305
55191
24157
4799
88765
47155
74529
82683
50449
57911
60819
44503
27971
10851
4593
12269
42409
70061
59611
69989
98303
72527
88467
91135
64209
58209
22877
44745
26561
30889
24213
90065
59587
69981
22981
47221
1419
56957
51395
38897
14887
12903
88757
61345
86343
2977
56897
82785
59989
34493
76721
92971
27481
37277
21637
15359
21153
60089
38789
23601
32603
96997
83729
87385
56575
23221
2425
26645
52551
61277
24689
46353
7985
10987
70405
12381
76173
75807
99723
76935
24369
21059
25741
68625
27789
8229
53597
13943
83075
45533
47577
11455
2737
57713
59441
20021
52725
11169
9609
39833
7571
35007
44239
651
48481
38729
81785
30643
91575
36233
18625
35243
16907
71391
43617
41535
82751
94847
79973
77407
9645
77953
16825
73873
88637
93515
94875
1633
16651
81669
11935
95139
60971
37743
66823
95493
76925
51699
83599
15019
15939
92999
54547
80577
3807
22121
28575
52769
44541
26651
54529
30593
45043
27395
8513
26471
83385
55011
14175
51839
10987
95083
29829
68921
15861
41183
79773
99219
7337
54749
24375
36111
77853
1587
28841
78451
99901
84363
77875
62491
5801
50247
47195
88267
60031
49459
74447
33611
6535
29907
63775
9495
38905
48931
28713
29117
70469
65725
36187
29167
89995
24015
98903
23369
94133
78271
23201
38215
44861
40615
49537
88725
74591
26871
96581
62877
79209
80453
75321
89995
13997
27817
51125
59779
83641
19625
59909
19001
81483
36059
20053
90521
38139
36069
49031
29449
61985
91011
72205
1867
34357
36137
6601
44253
46217
79025
94283
85763
77835
16011
17543
21555
9853
79079
94401
19255
3793
4923
41119
81797
99897
43825
76763
18575
55635
45773
86023
33651
20161
80905
61323
68593
27721
54609
90331
41209
93991
84939
90753
19261
62783
35383
3923
89985
45919
59231
54363
64189
62307
45009
32807
78747
92735
68945
89391
99299
18365
8601
61195
44087
72087
77007
48435
28379
3003
46477
48779
57107
8473
14971
9029
81663
89083
23541
72355
68661
79763
30397
99857
55993
42795
7465
91651
1527
13931
8875
42123
56091
72579
14513
83587
72669
20351
21281
69209
72185
92847
22057
67243
24681
85637
71065
66217
53769
35137
65003
65997
2361
47101
89325
37947
53381
14607
40601
79461
87749
66995
40297
71979
50239
96609
89589
61779
5589
83723
18411
83311
43349
82449
46599
61115
84495
61289
53267
90277
14219
31459
46391
55685
29287
87861
32649
40641
9951
38831
92261
96489
16687
27727
23607
24057
44673
36267
25265
40121
77823
53161
48871
23555
7899
5401
11171
50187
84297
65679
17591
33691
22553
21941
40641
1975
20649
93313
9371
15841
39671
99301
2077
88519
77525
53023
3013
41233
62111
85923
29079
85369
49297
33657
50261
41801
67921
90909
6391
83637
7447
33747
70187
10899
53959
36643
68521
26055
18791
7355
94145
88881
44159
16957
87627
98041
26181
68683
36629
42841
17965
79589
84097
16381
29115
9763
85193
84331
81503
19133
24921
3929
78529
90297
54837
92811
87505
98083
73737
58071
91941
96331
4495
75815
87655
39401
31361
67331
20541
88805
37165
17919
16879
30389
43745
87103
6761
5795
70557
38171
4423
75703
40749
75427
16191
21917
4909
49833
56119
25981
98749
16649
65537
74909
65325
25399
55495
42463
1531
71255
99577
39039
55545
10363
17887
64571
20487
64557
63363
84355
3897
27473
70065
70385
2895
79401
75745
71549
24661
95839
76719
62459
11327
11939
83325
24447
30867
60763
27495
14905
93363
86935
80525
61523
8027
36927
96575
20965
46435
56207
64987
56371
7613
22395
60143
86415
75427
61905
55779
27071
93139
63599
27271
21765
80921
60373
22307
72635
43891
59423
2983
73969
60449
85445
41057
30183
69969
63311
30929
9481
12347
51065
51529
98467
53609
85873
15047
2021
80571
64527
25403
15179
4715
95369
38611
80057
40151
15803
64809
57907
77223
97239
50881
93077
5587
69885
54419
28253
34591
56089
32497
71247
15131
29719
13331
74321
65521
80303
96423
62489
10269
4287
2719
49711
92073
81599
96213
13891
34613
49291
24913
19195
62503
94729
82943
67107
52499
21639
44507
19863
64643
20415
17079
23701
99615
5611
12127
21575
96185
72865
40535
96901
70129
68751
85553
49401
5409
41733
83955
87893
87207
21393
84075
72537
96545
96713
95217
73779
10621
11067
17517
34611
30987
59515
28819
18763
34625
59551
48709
63755
25871
77401
44261
7359
14173
24017
69171
70083
68013
98443
97527
93627
48349
37681
8201
96481
29809
66175
87121
27479
78711
13449
76351
38747
22397
9759
22499
80833
37749
76105
15971
95711
21887
55681
7085
49317
30329
11589
35025
35541
8081
65503
76739
11663
44263
58523
66285
49191
39163
12309
26335
40247
96623
23597
68505
14769
45125
85943
45541
40273
31543
4495
74777
61327
37413
74635
871
88649
24699
66209
75003
7923
29189
15613
38343
52453
24919
45787
11493
84259
49551
8277
80109
62253
91647
39339
95379
32159
72919
91191
1673
10155
82945
39531
3567
70643
8947
60391
33077
99985
74979
85995
70547
64119
56713
78899
26863
25369
7893
15881
61205
2489
45077
82969
79379
80007
22489
9957
17065
84415
13305
81697
26121
9347
74957
75837
98301
17597
2365
54747
4427
997
25191
90641
30253
39989
3615
43597
97039
18173
18765
86295
64767
63407
55715
47559
2545
24793
85989
4503
82249
68357
29095
95531
70801
47965
97053
81039
94845
59391
15031
23011
70885
91085
45691
52963
82499
17119
95173
34229
57303
43329
85749
59171
59765
59885
38367
96617
47617
16975
59803
60135
57937
92357
83517
36361
90471
44729
84127
51291
70893
99247
98609
84897
54371
45943
97237
40711
5195
66591
76449
68327
6945
87757
86507
3373
2507
1835
30469
71977
10159
57213
73143
83981
75139
33261
71435
26793
90277
29131
18903
12367
67687
97987
47251
49215
9471
69897
95887
61111
85583
49249
20197
62769
58081
55613
8817
78573
57725
92939
80229
36601
40209
5079
63091
62053
23397
44383
61773
72107
53001
14917
90113
41877
17409
15175
1403
10369
94417
94171
16403
94501
30047
99133
80001
38969
56341
19479
61309
89901
9553
30955
10985
74877
56259
42855
2031
80797
97461
55173
8605
73293
74955
5817
86441
90605
60033
35307
78919
33009
65959
49371
1407
14303
72007
89919
48127
16915
60559
10279
92867
92733
31475
32617
85673
33519
68441
8927
515
56313
51057
88967
5789
45600
35658
71632
86784
31306
59442
64496
55526
54888
69854
72830
91882
59810
13630
2340
78708
94124
93920
18430
60630
49220
60478
63640
18930
59588
44440
81072
22676
42900
31766
72170
26106
50248
37318
71984
20802
50356
94082
61196
23914
40986
61052
28018
73860
93394
61990
54872
15458
48584
60600
76432
41648
53484
89650
53748
67192
26576
82238
62978
6264
65388
83548
53562
41282
98512
48732
20138
85934
43398
48224
30776
85988
16602
26988
70048
35656
81258
36930
66166
45038
48900
81666
73170
14148
78954
88784
39366
60532
20514
14728
53436
76858
96624
78342
98790
24146
85830
22224
56998
5384
18262
35448
45760
71390
87296
808
71114
65174
17368
1320
66226
19290
38034
32182
86262
62088
84046
71028
79432
12904
32802
87736
56768
31112
14258
76042
29134
55194
93932
66042
79024
29116
74778
30178
25856
22726
11360
22626
44872
99416
6824
99124
73764
26468
24152
46328
50326
27510
34966
44226
60456
5970
70998
76220
66406
62952
38408
94632
2208
29810
43654
13446
68162
31144
71042
73542
488
31058
74178
60318
47200
5178
91548
61134
86754
7210
49462
86372
4162
24458
7738
57168
9436
30016
8848
41922
81670
69538
23990
23030
20958
9518
81010
67088
66996
45310
98288
83258
340
65254
66714
93952
65012
81918
33534
26724
59374
69178
42578
99488
86888
9400
18358
23038
43096
772
27738
44372
8876
96728
64160
5002
68696
82788
10618
38240
43426
27146
75156
65980
11042
94382
15232
26562
44098
76644
68288
54642
48110
28194
37110
40196
95048
96428
1076
67322
19684
67678
24354
75196
74552
7042
8646
23712
86418
83046
48816
46118
48332
39240
60606
90844
51116
44948
29528
35304
87986
67638
13308
93318
28034
60234
41752
51494
82742
99772
32832
29388
91606
74702
97270
16238
12132
60314
30622
80612
26516
73212
74312
34798
17838
79794
62332
82022
69352
78386
36564
87184
7032
89060
34686
38316
77330
54272
67986
53280
17426
5512
59384
34820
62766
5052
70908
59144
47380
19968
41688
52142
84196
57746
7190
13406
30428
37446
35616
34154
57426
32636
78096
78236
69196
3720
67042
44756
85012
35648
17606
90274
28620
19912
76544
44826
65488
42354
70804
72160
38
98486
13384
84352
77300
57680
8478
44536
75676
39058
96634
35980
87300
48908
76042
51366
84630
2894
13830
44906
11262
1202
36256
35190
20188
16396
60400
50058
95086
73462
60642
84494
10098
97240
53676
77328
40058
4294
66482
92224
91658
89494
78026
30644
36938
14170
57598
98766
63092
5524
13766
59594
51030
17446
95762
23066
31850
3558
27522
65644
97606
73420
63822
3510
67142
27378
31456
59310
89600
22674
69832
81926
77912
61730
49112
15282
63882
12376
19564
67442
73624
11782
71520
26432
12772
46780
54230
69604
2018
88160
17238
95068
75444
35610
56894
75094
19436
7820
75834
89196
82236
1176
39102
45198
6610
57918
13782
90160
80174
25274
78294
69880
35698
51974
64604
58924
36758
38824
91828
97876
45776
61396
65814
22946
30698
94558
52344
58358
37972
31384
16168
25600
56408
6008
29790
60156
56822
86540
56124
50818
74802
52288
55130
5334
32094
38548
46802
33626
27802
79392
40998
97850
48610
70838
84078
35784
89352
54660
17256
19988
34686
68212
75818
67006
69466
71740
17010
79794
24640
40232
37578
62226
46046
23136
47520
88484
66104
38844
6728
24258
90478
71534
53760
12780
95708
21930
6460
70786
86864
29830
81824
8412
28138
71850
73060
74656
42244
80386
16692
51046
57782
16318
28728
80280
14512
59622
57110
37554
93608
14952
62304
96448
15902
52844
16278
84030
39664
97994
24502
67844
92620
70426
11380
44028
72952
57758
52612
13548
73206
4320
63350
34178
96598
95098
87640
91350
55410
78886
83656
75014
97476
49676
71948
98410
19698
60356
65242
48558
17318
55684
6700
43554
15206
17646
93592
22482
17850
19260
30944
45974
25178
49304
88320
83216
72734
9142
33424
51804
81992
10824
32434
97410
73336
53786
2060
99252
7012
73638
93018
55624
50360
74642
90194
30420
70556
68042
48980
39628
91190
31184
26322
42130
37566
37110
98190
44768
13690
24510
44470
68292
53002
53952
30734
93838
2704
38260
51744
45796
77642
4236
26862
47982
97110
57616
11928
77070
94884
12026
2252
39486
62392
77844
13088
17406
49324
61590
62316
98060
56594
68324
46404
96372
26404
40858
99528
50060
7036
87516
29056
54996
17736
15412
55392
57948
65454
9608
76030
13948
27096
4874
34242
99486
14072
14246
4388
69138
59330
38304
32700
97442
90150
59754
65828
37784
50822
42842
9232
44380
46244
90186
6894
85352
99636
59784
86168
93136
7748
52550
61876
66946
58454
58880
94498
76700
82778
62932
74994
11836
28482
22444
82542
26134
6016
78318
37318
16356
67990
87740
19478
95876
16790
55490
10496
32912
66834
21588
58812
74232
42096
29098
45348
2952
88076
58938
64284
37558
17946
13938
28424
13666
23588
67198
45430
43334
54362
9526
12116
73584
64844
98754
96988
26280
13060
87416
80540
80876
82270
87512
50420
52328
70710
14012
82752
93020
49854
56720
29354
7176
15392
73924
28788
19138
9308
93688
14330
88728
42996
49278
96192
46440
13194
39654
65496
39856
49848
32878
22816
19052
69164
48908
8026
76126
24828
82966
41860
93278
66500
54816
41364
90846
95544
46592
15422
56446
9162
42862
71768
22122
57922
93422
97020
40528
62172
55216
71248
37800
19270
81780
69344
1028
54224
86656
71772
79958
71548
21978
4448
35920
83198
59890
6582
72414
74588
10410
60042
714
8354
11220
92726
44118
24648
65532
27866
66422
50730
21138
51936
97348
7706
87198
40798
47994
33050
21556
68150
75052
15734
8796
75522
83780
26214
92436
70248
36798
87726
22186
26276
62740
61912
35656
99776
61742
91654
86786
86240
44866
38152
17896
76094
18500
21906
70988
30370
94638
9224
2238
91306
43914
98530
76744
66576
55386
99094
90074
7242
49954
9276
42338
27586
18070
92552
1708
89180
9408
42468
51258
86886
1142
18834
73048
85156
15010
4604
13940
89610
47630
91466
658
89228
73936
13894
96594
41370
28032
66498
1844
94180
12176
64676
54270
10194
86334
61316
68532
59860
95002
98064
39094
40290
19684
60432
21984
80588
15764
86068
31492
91494
38576
60386
68914
73016
75728
32894
63430
66886
20020
57458
22632
98146
88332
8538
96778
76618
9664
13126
35318
23234
56640
48812
88932
92690
32904
9280
39168
67496
73800
67860
44904
65068
40724
82166
66172
17048
99844
35072
502
48284
16428
29002
89198
18010
71630
25450
88670
2564
76166
61732
30238
77214
22936
68274
22388
47952
23576
37556
99828
59508
38636
62024
10356
46608
23644
39222
24902
71416
69582
73664
37258
2970
82910
77392
73736
79476
10566
98622
86476
97852
36224
95900
26396
17626
47828
8516
55274
2636
97424
61888
64922
16330
16598
86430
98346
71872
40638
12040
10704
9968
45234
20610
21416
73896
10240
45744
22484
27512
24688
30286
47554
52424
38786
9988
41512
57700
72044
36694
60536
29622
80956
60170
54918
24742
60088
48528
60600
10294
69766
71794
5830
34870
22678
26560
33786
32402
12566
37634
14658
99334
74622
33308
44732
10094
67884
70094
55338
47126
3610
89722
4034
58496
53956
50926
24780
81608
59856
91322
65010
77938
38138
1248
51294
78724
9232
18492
22978
34526
65072
31100
46248
32908
3216
77274
54868
57300
46346
44320
60636
56980
46336
50364
9778
26262
42128
12898
80798
79516
45020
66998
92812
85686
55266
70226
73542
47698
76170
40446
69060
85162
82978
75026
76424
92474
66550
65534
32174
87112
13686
22492
13530
4446
16056
66234
15888
5102
75384
96986
87578
57900
33728
16310
63182
9400
78078
2718
60946
46414
96710
75122
76696
27534
34968
58600
18502
60128
27032
45786
1562
60620
51808
60050
66262
9378
24884
78380
78718
94006
80418
93436
16634
44078
16916
75424
62158
46604
8946
85218
44220
18438
82826
57488
52566
27658
73224
25028
45576
25930
63428
74418
32158
60658
6900
77520
20234
70622
32508
98268
54992
23980
33648
40328
25180
20470
45608
87692
19490
37892
17116
43824
10180
13960
8728
31664
27042
466
12016
63650
61338
64296
7190
78068
26608
34274
18108
78510
89398
67246
8964
89692
1294
82978
10044
51664
2626
57612
48
56910
66918
5252
12920
84246
47738
24102
166
3644
67526
85428
59408
21038
95490
55992
5918
13104
32444
13272
55448
78552
11436
89632
57300
55064
10932
75532
32964
67474
61068
61320
49978
45202
68168
67794
74356
62364
43060
25144
44362
23528
98656
30600
30574
69500
92782
55256
43264
15056
9954
84420
45798
95840
37024
41832
70632
25000
50312
21436
42446
32190
69856
25664
6326
28186
84882
73704
76968
6714
42058
84168
17648
69368
8298
42924
15326
11230
69410
82844
13256
66296
34920
75486
67320
88852
85818
40180
5036
16430
43640
10770
90582
34936
53834
24502
20672
58802
76144
18348
94632
79938
52420
54484
82956
69460
34486
28132
34262
57724
68124
83976
88802
62146
97530
96794
91070
99250
77194
80132
71222
33468
42768
54658
73510
54972
87552
4046
82444
52614
25600
63838
14974
1420
13278
51286
2114
78752
62142
25386
95494
18752
55334
27754
58564
77564
24740
92892
34276
53002
26640
300
8608
88666
22080
35282
15480
64498
68732
46618
66980
21534
30418
15872
15218
43900
78896
59944
30188
81988
86788
12128
63284
36938
90628
48658
16646
17874
39606
73602
75586
48736
42564
86232
42916
11194
25174
50822
40360
89580
79320
39416
82484
54924
97986
28132
3520
60394
82192
57094
79114
20202
4906
9580
15094
74984
63606
81326
41576
78446
75160
61580
99498
93422
70058
11866
59398
37156
1208
51178
26988
43480
14648
79332
96434
50498
60740
2432
27664
75904
38296
80140
77632
85356
2038
32016
79336
91592
8536
67856
54640
41740
36042
61394
9150
90742
9742
3204
16164
11122
21366
88682
2412
73798
78236
74430
26140
36590
76760
40968
65304
90404
67030
90570
99754
18466
74424
23114
34992
21644
1730
73354
67728
46104
91628
66688
91148
59588
2014
56818
99730
1114
74580
30594
76282
25682
56954
6434
88352
60782
87840
53416
35752
47278
29518
93868
26844
91080
7856
41996
24462
4890
51966
22408
95474
57794
36106
24508
30290
28428
65488
23176
91830
70038
98898
76702
29964
44822
93726
64410
64298
83622
42490
39638
78716
18062
30264
54006
20486
36514
66136
43214
26400
1542
64216
82546
61232
68132
6874
51276
10234
72082
80350
92738
90082
76244
44348
76490
28346
52204
67800
5378
19026
17320
32922
69080
59334
70744
72496
59086
57478
72838
60068
14616
85276
50350
18026
12742
93262
96878
75854
30596
82718
95300
68898
43184
61980
71150
40196
82668
9602
77296
5798
37704
37582
16500
29304
70390
63898
61362
16844
76116
64206
97742
41878
88764
91584
59098
8356
70906
2406
66434
63782
97228
774
11358
95980
67868
62882
39770
4250
8196
93706
50524
80616
56164
59278
22132
34012
68970
63514
13132
75036
54812
968
95956
46848
94102
58304
950
47864
82118
24542
21634
76274
6230
43500
88908
27436
34120
68960
87280
29216
70892
22314
61702
10140
32924
1314
8340
80982
99516
27652
15376
39716
62890
16218
23062
71944
64522
12822
7758
69572
63084
4214
57654
23408
13598
81112
74390
62588
75584
95976
13994
63684
7384
74158
25700
46818
22632
30224
1268
81936
22046
18626
37854
16592
48836
51204
66940
77426
33542
59670
92340
74018
45206
60260
54620
85886
56286
10254
55160
36052
39752
10682
37712
45084
95896
30616
15544
1854
66708
87932
83888
54502
93774
10466
73474
1360
86890
31176
83168
98522
35662
7560
37380
15316
16932
55400
51784
11252
42646
48414
91502
5878
62486
15912
29710
76618
87396
58420
21180
76698
17844
10338
75504
1594
92222
78040
62416
74514
57628
9030
59060
26428
48576
14150
19892
78960
85460
8648
22532
77062
61514
43084
16414
52684
44540
68336
83778
24336
30780
36930
56076
54734
52956
4694
88366
6044
46054
6860
38954
13416
61132
58170
41552
45358
49330
84938
71884
68410
34608
75020
79024
34126
87866
51264
31904
84002
67080
67892
60770
98460
96024
97536
64352
49358
19202
30930
57022
92012
82578
39300
91432
7752
81112
92486
7010
36990
66834
37098
20608
75456
82058
23418
80274
63060
70422
28066
4542
34724
35220
78326
90184
87176
68682
92626
38828
14478
88108
17740
71246
53178
68622
41252
17652
83288
66050
34314
36854
10382
3888
25124
14866
52826
77676
5630
24804
70548
63602
38356
65790
66430
95824
5650
18770
13328
74708
21848
12510
24558
41848
48280
86924
63378
78814
7146
76914
92598
49228
53992
52184
96896
31178
24930
49028
57876
7794
2358
87698
86248
50010
30336
10706
29466
34730
24128
998
81804
53506
58228
97596
92502
27356
87744
46786
20464
50666
40476
55808
40060
40386
20782
14056
2574
70090
49298
48958
55966
84390
68990
26010
28868
81248
66058
20850
19384
64280
43622
26886
11052
3524
72854
16998
14840
20022
9300
22806
35802
12634
43458
43358
60606
84174
2232
19636
32654
60528
18424
47070
86204
71740
92482
74088
20358
62980
89338
53610
51644
10220
