63013
52573
55841
45921
14299
86333
55351
52805
69993
15449
51563
78931
48341
79081
29229
20847
68027
61857
57515
87679
9249
17987
68833
26033
54589
76881
78771
6605
55065
85341
69833
89445
75181
61743
63129
13577
93153
19463
34817
9211
59133
88071
19041
49561
3161
13281
31223
31703
92727
11505
21699
84845
25647
26535
92419
74479
12601
26339
54273
54717
82687
645
54905
63203
24431
30129
55395
30537
14437
48753
66405
54861
87903
98857
8305
48159
10799
69183
18233
34675
91205
49159
33399
43567
2239
69739
95207
51415
33147
95469
3643
95209
60963
23781
88533
70889
4159
24197
60797
85365
83771
85753
89839
68345
27205
93513
4557
57071
76155
92687
72205
85537
91301
64291
56637
51151
85187
27361
91193
29035
75873
12967
27133
55791
92225
971
52617
80175
2641
21599
65407
32073
74979
93541
6469
56243
37995
13275
22985
84549
19919
45839
14917
87649
9147
19697
95391
54849
55617
26495
9539
34193
83667
10181
59285
4661
14499
97145
43897
98587
28043
8385
99157
13023
90365
22737
77331
78287
5343
30291
21227
89655
95833
23875
39793
28835
29879
5037
45685
37799
88335
57267
35371
12861
57591
97273
27893
99203
48577
88305
97109
50213
26453
80671
32771
77047
96119
34017
13499
73235
88073
95129
14667
25671
45839
14107
79589
70933
78473
80601
75137
52097
28289
28813
52977
85773
60529
27595
57349
89051
73217
46885
78101
96237
96395
93457
14783
82127
44913
39469
41723
75923
68527
95665
29183
20953
33907
58153
98817
40109
13801
77727
81145
63587
47061
13659
73985
81731
97327
73833
22121
9069
85087
80811
45939
97745
41543
42091
54549
76769
36627
76621
73033
70709
63451
95493
33393
8947
48263
857
16419
12947
81551
38873
50969
453
49333
15879
35657
83935
29549
46427
27723
79045
82609
70183
67705
97205
44537
24841
77237
92965
93779
48323
21159
19787
92925
80621
89169
85853
87941
22057
33793
67045
5549
6271
62441
51673
56125
55209
49731
9743
65351
81999
76583
45065
671
64737
69231
95185
24981
9871
32815
85849
77685
699
68819
73097
15659
5989
61647
74455
55519
60721
30583
91639
5609
86879
39505
53585
25279
21125
29073
32531
14429
949
75505
26211
1955
49539
38797
18495
21255
28809
31995
69133
42887
97959
9357
11493
7761
25021
94797
40153
70985
57349
43473
23063
32199
80989
21199
42671
59081
95077
24627
83841
44929
53419
32867
39185
39959
71823
78123
77457
63239
3193
1705
49609
74583
98887
50283
39431
94997
14773
41999
52167
96255
1021
27307
67245
22861
57377
59739
15495
45509
64233
83549
6233
66129
10773
78603
1213
76267
1259
10021
43655
68099
37237
96385
92001
61085
29881
24323
77035
45337
733
93547
86813
87775
47087
50789
43675
33
76209
71465
96287
4191
58235
90707
92213
86627
85503
95235
39741
79991
76419
40843
40985
82159
76179
80469
65879
92361
77459
43041
7617
50589
99637
46371
44295
21069
11803
85691
58739
38417
29041
11607
83263
52017
89637
90371
76729
34433
24767
32591
31031
47383
89345
36993
60849
64343
81981
72285
85707
68393
9383
60947
85907
31987
26087
96317
2489
79471
49573
33583
82999
44575
9123
38739
10997
73781
9341
82911
66185
73331
40569
83041
60943
50347
3635
55653
34563
72807
4877
69437
86629
32527
69513
98449
62189
19461
24541
57497
16981
8993
17491
1451
41375
68007
61055
33401
34435
4537
5141
42447
87629
92461
70943
11423
93787
21619
33715
2615
70287
21285
91597
6763
4027
17411
29005
31505
19633
75005
73933
53015
61681
51713
96195
32575
10797
52179
89439
79415
27569
79867
1817
41947
65335
31193
37089
79925
29521
27485
85447
98175
31817
96671
75137
34607
76273
50971
73609
81993
44157
9955
35431
55397
90329
1271
73467
72171
929
47007
38097
68647
50973
29399
49179
86655
9929
85209
39969
87789
99023
32931
387
60541
95305
34545
18343
17135
22543
86923
3821
48553
67605
81213
27233
98585
76571
51521
25433
96583
30227
43535
32057
58167
76837
73667
33231
79955
13885
12337
84225
14435
9367
36469
9215
13521
30811
38999
20607
95993
66405
81045
27471
29855
5943
62711
33817
69583
87351
48987
43247
9471
83857
56383
44347
53941
4311
55253
81479
90923
98687
69431
53495
80913
89753
6409
74565
71381
51143
28907
52909
68615
61611
8525
35077
86719
98865
55705
52021
2345
13513
40685
35121
91487
37861
4953
15627
14479
74515
99295
96801
82109
53185
73403
57315
9167
66451
97
14311
35521
43537
69681
8737
35529
88497
65629
35517
66401
84349
56693
83393
53233
40985
68337
42859
97167
55677
68315
67069
82799
71345
17957
34633
37541
3359
12397
61563
12825
74553
81673
20367
81571
50755
3119
32401
14819
66335
6289
2039
71527
42743
43499
69243
31349
31815
64277
52321
45643
33111
65661
15877
44827
63027
89867
50147
72835
3783
74103
60379
87931
18399
32507
86559
847
10625
2855
21179
23201
56981
5499
29435
53255
80219
96527
45407
34777
64749
82303
58813
82619
69235
77727
40013
62543
68467
18725
41795
23689
44915
15451
47809
64177
52605
7687
72257
63535
19543
76739
33933
77791
22623
97967
66299
66969
16543
33001
87419
38583
69751
42979
18183
29271
10095
92571
79147
44557
54893
65285
1509
29385
3179
84827
36007
79723
83821
54395
87005
34811
65411
8669
34643
10031
9167
86879
50871
33777
53487
20231
50359
14041
16617
37095
34543
66685
19315
3771
19831
71887
61623
96585
7501
23999
92213
92653
96205
71215
47591
41101
93419
51835
83023
26599
46907
24137
88441
15203
13031
54773
23323
73649
69807
10057
81307
72233
56727
16353
34347
58599
32597
50697
86893
6387
75475
92901
85473
5277
97447
84991
70601
20361
57285
34131
23479
109
8749
59531
25927
7795
10265
1897
12455
89065
48091
66997
15983
36887
86953
62369
33369
39177
15451
19827
89085
41961
69333
12711
80527
26801
2381
45375
89825
16131
88407
31423
24493
98479
61973
29791
31429
62791
12085
96951
4063
89227
57763
18627
97877
88725
56733
14917
84519
64195
98531
38553
84547
54889
96455
36463
13223
71467
91455
12953
80697
10581
31113
73469
15117
11185
58239
14403
64299
52399
37809
53225
92805
95437
91343
19409
67189
6093
11621
15015
66059
83807
62381
47957
69607
63175
63955
60057
90467
71459
59967
96459
56393
31033
29833
18513
3729
18335
9003
32335
98607
5429
56865
44923
95271
1943
76841
49231
68119
60739
53631
80723
8549
11817
42827
2973
64863
83661
29587
38783
83119
29597
95999
1671
74569
27845
35459
27393
78151
13549
38345
75463
72537
15053
51187
65911
35139
51403
93539
63783
66131
59193
96777
12187
21879
39683
14793
26545
30771
90499
13999
56085
86741
3545
15201
43477
90293
79303
23375
37541
91027
63949
43405
85143
50933
39641
64253
33665
63585
98263
41855
42599
55633
6083
34345
9037
7015
90859
2087
39773
99103
30719
75779
14649
4817
69805
53059
6573
71605
28821
6703
79713
77589
96595
2153
1447
36205
48851
79727
25585
23269
65603
62539
47645
46431
45023
92845
77101
61103
57509
95119
45277
47429
74929
18303
1457
22927
50913
3683
55387
49103
80645
40863
70093
2209
42943
43771
1961
21583
62509
32233
93537
84853
22819
35161
20171
10289
30465
66483
22801
19647
35641
94939
8387
57729
19457
87219
77623
3251
54503
12965
99759
38723
4249
23195
56699
74447
25737
67935
31265
96907
27075
47149
40021
24461
91075
97595
36379
21727
51675
39747
87097
83223
15751
62923
98945
48843
35881
36035
53139
20279
62295
32831
79767
92397
49977
57113
94177
57289
55477
92977
8671
92323
47219
78961
64107
83263
71805
18789
21231
29399
11485
84317
1711
84021
52271
8111
88557
79279
24167
31363
45539
71711
77635
24449
13869
76651
17093
27635
27193
74815
53139
74449
67373
60999
46063
43347
87569
93901
5327
53159
90281
985
31507
14423
34423
41937
86059
95713
11481
95175
5589
24581
29555
84481
69171
85483
32255
67319
78753
62983
71165
19307
92435
25273
39445
47033
23381
15429
11887
49811
12773
73653
14419
51533
32975
24787
73751
54261
13351
79189
63449
86405
2587
53371
26419
73791
9903
81559
79099
85299
61343
27669
53109
80231
88547
48425
16991
94091
38807
2861
70047
98637
60529
24079
26327
23843
66567
10215
77011
75815
76101
46033
95969
51227
11431
75775
28803
80797
24843
43013
59149
8165
54599
78979
43623
14319
27023
7849
81591
15271
29697
46659
66611
66631
20885
2793
85583
18939
8039
28175
72535
93087
43735
15299
79033
12443
66709
43771
6763
24967
36829
14549
19295
48813
82523
99117
76323
50491
6291
38567
59955
48909
90517
83777
41657
6411
43721
70463
88523
42293
55181
16173
44641
79337
47173
16101
53081
11247
40837
85011
52117
86937
6407
37415
52561
30909
71357
53253
60435
8043
39741
69517
59413
32175
8187
44591
27361
92993
87841
84485
26355
4129
83845
74305
34369
31067
43919
1759
38457
58401
86367
84839
36109
31997
20123
73537
96035
44893
38199
97061
29409
24409
94371
61159
48601
44255
65231
19683
69009
28983
37461
61003
65909
14621
42865
38213
55613
33561
6031
69397
36411
23147
59549
7063
36997
21097
4193
29181
73845
49069
67939
45269
50133
76607
38713
67451
88511
52783
76619
11103
83181
83599
81063
5015
64417
27551
2729
72113
48981
399
86025
96819
51389
79833
1233
51257
66827
59099
23953
4113
40829
38529
52817
32549
20465
26281
39965
2689
11313
38091
5759
71373
26243
98659
82015
82811
5653
81009
70723
83511
55835
89545
14367
23787
65605
16289
19073
63551
43733
4809
81123
47113
19257
68907
2463
15789
47773
68161
92077
76155
45187
58551
50913
69473
98795
82793
9505
17083
34887
18901
94121
32887
50905
39825
72957
87413
75153
45827
82541
48479
75289
66811
54989
66327
92125
5513
2109
91953
63863
13025
70267
81787
269
31379
98213
81491
92611
59541
92387
18167
27763
85463
18593
46599
46593
55697
89251
37089
6911
63229
49031
56201
80641
96435
2507
85675
94689
44833
54281
88285
85691
91863
74917
28525
96813
44181
67901
53239
25361
32831
59857
20049
42149
3629
18179
63473
36063
3813
81459
36371
41799
83523
61307
6501
62387
82449
85981
84253
98049
30907
10617
13333
64371
83157
83147
46567
87109
32515
30857
70903
16975
68843
5459
32315
43681
46463
48801
83119
67353
81529
40375
1697
33255
29989
15813
8471
80655
98631
77903
32955
99727
37311
21177
64643
30447
60851
72937
24413
85941
88171
99573
77733
60315
90791
37291
92769
36049
23371
5157
8609
51169
55073
70023
4905
86353
55439
28589
61723
9897
60947
49907
90017
15971
72191
54459
52239
37847
45983
86899
89689
14771
66139
14831
99149
94895
38139
9339
27973
33381
8247
41301
86291
41611
48785
46543
7011
31343
8515
70115
13719
14369
6547
94495
83719
53399
2337
24965
53861
49721
111
79837
51983
78035
62059
80579
85345
49411
81789
20991
53443
81491
46067
27103
13437
71337
92273
59159
18357
56897
48487
63907
59095
87531
37429
76995
97049
93491
47625
86669
78135
66077
97591
63985
37157
46737
77233
38325
12787
38045
99063
20843
71597
47921
45567
77671
80401
33125
3603
1333
86905
6741
2035
41749
99319
88193
46091
93367
72679
2769
8505
48357
52059
72169
94853
99353
55745
52681
73245
66363
86701
90081
28589
19693
17949
26933
55785
60571
49715
68445
2587
93087
63255
805
20051
54839
73763
91609
86141
11991
32945
33945
98601
47427
84203
4577
2299
68175
30373
1573
71339
36617
27463
11995
97227
92345
10829
69331
91865
11337
10547
46791
72323
47755
96719
49787
35815
46889
87147
327
2977
33323
42953
41547
16001
3413
99895
86357
68197
8541
71935
27643
35749
3615
95343
15467
73763
11587
97137
97609
85469
47349
29585
43331
29795
79353
37929
10385
44187
38001
5513
77745
1833
64523
48095
42593
48805
78059
659
98779
30085
75027
46735
91423
46703
15927
56901
72579
42255
35529
68323
91705
30885
17065
80207
20955
91689
88115
31545
18333
24267
17931
66203
82431
4705
95709
1653
64813
14401
98137
7375
26167
71269
4515
89019
65437
15231
26831
9707
80801
55183
69033
21485
29791
92627
17225
86525
97755
69295
4705
66487
60851
93571
10649
11629
12031
6117
42039
72497
31903
90185
60985
85115
29491
5473
60161
65261
63919
31273
44269
51123
22569
14703
19763
15087
68355
83617
75079
67793
16391
34717
12163
67987
51207
19785
29861
19453
44505
65029
57129
86909
8075
58505
51263
50975
50213
78079
54035
89023
54043
50449
42483
35951
59951
25409
93155
96105
36501
55721
49179
95003
52629
90639
30533
13983
51335
54989
21143
51449
59779
70497
5239
74679
63235
74391
86007
49221
51187
22811
86605
9409
29487
18521
91149
66899
44779
81585
83503
34963
68747
70693
36219
33977
84899
52637
18087
38799
44947
83459
56609
48903
33485
64861
70335
79241
32393
48555
95689
60357
20371
55609
98935
50093
88919
72737
66537
29113
53511
83217
37101
5073
15227
57987
30399
1329
4115
22869
4801
57099
20401
74267
76581
66819
99371
8091
9509
52535
21657
37053
92521
23777
98297
7807
70759
63123
53277
10455
27273
44103
70975
19985
76191
53077
22955
43125
63367
76081
95357
94027
785
75173
56977
17759
55007
93533
86531
55457
83457
44741
2915
79549
52917
65511
36771
82105
19411
19277
41409
34475
3043
69369
88819
48905
33655
21269
6009
27867
76119
52779
91937
92525
85605
14653
883
67555
95781
67979
24163
63015
89907
40223
63949
56193
88251
47105
18623
66109
80005
37829
20301
43197
72715
76511
55761
33807
2277
46925
11663
24465
35541
5833
4635
4975
75131
77937
9937
10871
99901
98241
35385
19159
61031
81241
27243
90209
5843
39207
89497
47897
42393
8149
89331
81659
62331
32687
35927
96337
95123
70491
23187
77303
92775
27895
61449
95587
28341
4489
28587
76703
10305
343
67891
44993
50651
56503
90727
72621
33587
3311
52045
34767
86983
36363
65105
15481
93949
83799
2193
65577
21543
23807
93465
8495
38075
87687
62679
49123
3407
53009
95783
23553
14433
63287
67211
82957
18781
62833
34945
21923
13633
66717
38761
60061
70463
87689
39443
49777
48671
51805
83333
93733
85115
15459
75457
78523
38339
57013
58391
69853
87883
25241
52059
70679
45077
77497
74701
56559
49533
57681
59135
45631
52577
32149
87039
27811
91265
58491
48277
8693
53191
45547
68179
83315
80911
94945
43719
1334
86832
47692
48160
68788
37744
1620
30368
51668
67900
35040
48820
85652
16250
71808
49260
19328
59646
12658
81732
97152
67520
2288
93856
38850
95838
23928
37568
564
6272
65260
66204
55006
32198
81414
27840
91046
52724
66414
42112
49018
69630
10338
17926
84152
71998
34130
55390
84884
21374
89860
16668
59654
5604
54040
35402
18862
94542
65440
85264
18260
78320
30010
30892
2674
36830
96814
92768
58758
2
26444
44546
72024
14050
5032
97670
34614
59486
11328
73520
35620
96250
50206
424
99534
45900
73576
35982
10140
81982
61840
66240
3788
36422
29970
80098
54068
69606
66912
86140
93686
38084
95672
17880
84730
54940
81228
77488
738
65360
70072
97044
6542
17448
15470
84046
94954
52366
42632
3610
19270
25700
63432
27324
58224
7128
14054
39922
32712
7888
44996
87882
66590
98714
63566
9348
88060
17162
17572
89012
38804
76724
57354
16194
26782
59864
70374
43378
11484
78028
80120
37902
1842
8088
96912
36024
19250
83732
96734
64582
38676
8074
90040
93532
8756
37764
39172
11896
9554
6142
67018
99186
41686
49372
69886
97222
91330
14742
15444
79310
85704
14348
68768
92148
49210
91482
43102
91402
99206
87696
12218
56568
43730
47228
39002
87366
51866
63804
6974
21118
39816
24136
88266
26182
87532
35498
91876
86294
9882
56384
22116
57646
32806
24874
95168
58670
6358
91522
81624
83052
30092
80074
78476
2700
49116
4982
42776
91086
65092
85832
26522
19506
52962
87764
41766
10154
62862
18950
63634
292
59622
5002
85664
33380
63508
64122
57362
83898
40406
11242
25280
41246
79348
29182
87108
27520
63890
61878
32676
85308
39798
99366
22254
82334
83532
34232
79174
25104
62720
64934
47972
36542
22276
12182
97422
11140
69702
99526
91618
62834
51134
72882
58052
45602
55634
80618
85200
58212
54702
38088
206
62602
95612
70258
91536
41450
76084
62080
71598
84110
34144
29142
46850
33686
51594
40204
12296
32636
34878
14252
4190
87870
64306
12014
21798
84574
41100
40224
21992
29390
18120
39140
32496
24824
62696
962
12182
63198
10122
8300
48266
572
42418
54560
56692
25988
98848
32278
2842
20490
86894
84014
56400
81280
76752
85908
65654
38164
83936
82080
19114
53424
89414
66146
14776
33674
41266
33324
43024
11276
32904
4480
53770
12678
12600
14654
14050
33392
38890
78346
19824
23608
75822
60222
4016
4260
24936
89942
63962
66550
62578
27132
89186
30122
14050
97636
19784
86742
76690
14708
70722
57082
84406
39290
49656
72370
55952
10074
69624
14732
97714
36430
95108
39684
39926
15420
17626
32750
89732
48888
68810
26388
12516
27984
15430
35432
8394
6100
63080
65590
33352
66154
46266
47582
20870
28620
50836
71266
15188
72322
59348
57636
64728
83288
15428
40714
34958
68268
90468
24306
38898
38874
91358
19322
34248
26228
20642
40238
45902
16796
68276
27266
16070
480
54466
68322
54432
3968
18478
78766
76410
38600
95924
86264
53582
24804
87864
58518
70688
81320
22740
70344
19970
30054
94906
61364
47366
83520
58272
97450
36362
16306
78072
14992
20372
93726
54914
87044
38742
71384
36700
91626
14384
56612
95792
96970
86030
54848
63220
79116
62914
29726
60956
15528
26768
25990
99676
49986
21592
47384
80412
24390
25368
97234
21420
90326
93360
40938
94966
90370
6734
77790
94272
95720
84246
10314
82498
22598
70218
55512
8802
86954
33090
46948
6708
62012
59672
40916
62504
85570
95060
90348
9828
56398
73000
25900
48526
94620
80042
4944
51254
74810
11438
76218
21810
52636
4530
23970
29706
88670
82774
47558
64946
49554
66008
64518
85848
76916
20446
67410
38672
91436
43128
31984
40776
1302
32552
62708
57490
9392
34062
95682
34062
2158
83126
51652
36164
48888
66466
59128
56534
56156
45820
43762
42552
90608
84274
1774
47056
62826
2944
96374
91080
41606
39174
21350
44420
43580
70260
14594
81788
46946
21774
51154
96366
64010
36858
45370
8776
73950
72098
66488
93470
16322
5650
68876
88548
60364
11866
35274
50722
97272
24888
32562
31726
65426
58278
74126
98756
53440
85680
9794
39604
69482
4240
96142
47000
98688
85408
27650
46550
79048
94058
49170
10866
79004
32346
79080
64078
89756
46870
16702
60826
23198
77454
10860
47592
62546
74424
7304
82274
91886
93844
72644
54974
5466
75806
95460
74346
93674
53366
2422
61002
90928
41600
53916
43982
45508
25096
42708
88158
52494
9754
45888
93756
86760
58736
87962
74762
48386
70656
30342
37474
32676
60058
10792
92922
92152
63424
81036
92772
66330
33296
79918
8376
87180
58230
60026
37566
49752
90990
70198
45658
91114
81520
42934
47718
96040
92154
27382
44962
7880
46186
34128
12478
87188
70974
92988
79054
94364
87452
63776
65460
35140
41520
32628
69600
64872
57028
79008
63238
16292
75442
35542
58712
80706
68188
42706
37950
52084
31840
44712
36948
50054
40300
9972
80618
40352
9514
55520
18048
19992
86046
62450
51872
4352
2424
99082
77086
30580
68994
39184
8180
76078
89022
7160
17484
5790
18370
19762
7294
18476
7758
52996
99536
55576
6038
66392
65568
94352
67560
94574
59430
39192
82880
1462
58754
49444
15896
74566
25928
34950
97672
68114
30064
49636
28636
60048
57214
87672
75046
50736
54070
25516
16274
79712
33762
50764
76712
47648
27358
37324
89338
21834
45998
13670
78988
25374
19910
76894
66232
8486
42790
3478
29222
25598
54920
97100
24406
3344
59860
84180
27570
3320
41790
30012
49960
80560
89224
74238
17934
26744
88952
86114
14730
6230
67094
51330
55004
36332
37106
48042
18564
62498
35274
37748
660
60584
13962
43926
4316
75088
55590
67452
70842
91190
3536
39116
66680
82236
60568
93070
27856
48536
24914
68838
32554
51260
72418
93726
95084
12648
68538
21820
90624
85032
45766
40390
90384
73662
5290
87870
20634
43206
48886
70538
41796
19394
94810
95720
27018
19994
16622
86302
394
16760
42766
23110
1202
27396
93782
30538
71126
89176
43000
1454
10610
57168
21484
28820
81192
70014
56246
42680
31920
51518
27880
47872
85382
1586
43304
49640
11616
54792
67128
60908
25788
69670
31314
34302
9972
99484
20976
21510
49282
91650
10400
89406
18104
94388
93754
34452
39178
20558
12660
78358
69228
9794
72084
53396
97334
23450
13358
8106
43414
9398
46424
63594
85892
66380
45928
80828
81246
35126
47972
39026
59758
45830
72904
41718
71508
43264
51644
58872
1374
52558
99030
17658
76748
43036
68856
63274
83900
55568
15656
6080
48014
72498
19694
35924
41004
65846
512
80534
75304
39384
83350
7712
74640
19878
9328
60586
95222
56768
17168
75598
58610
23524
81582
93778
91892
69386
14438
40696
73952
20456
31510
41324
70100
24168
66200
56952
32932
58282
53052
89724
42156
9298
15792
41146
21280
82890
35596
13172
70756
57164
89290
80820
17900
51306
38848
11760
47570
6418
84174
48378
26134
49822
79948
80766
96184
54840
67660
52262
11106
6044
83078
73218
68900
64588
34346
24418
35256
8464
81664
6810
13280
89126
77300
38982
27632
3612
37248
80002
720
46068
88514
23882
35626
84900
81920
61614
32814
97148
79228
74376
19516
38378
38760
20856
19100
328
3638
44834
65016
88076
2054
43232
59908
46852
30182
8100
20680
89432
53752
67050
63166
8598
93282
94658
46262
28186
45620
65466
20536
5874
63342
71812
31032
37938
11258
35616
94174
73286
89594
16728
84866
39112
27400
80840
18960
85080
32588
10268
41198
89626
59372
96448
56126
92730
83942
86928
29402
13600
53142
83446
42238
61710
69596
91860
63982
39866
1580
18000
70538
54312
37022
79186
30354
92136
11740
1420
59756
53124
80290
80378
8928
5640
44514
33748
96098
37130
19538
64094
36944
93954
38938
14380
2384
87108
96124
41662
79594
63406
47136
2282
18838
97482
77468
25098
78204
59536
98792
72178
67872
41962
40498
51446
13398
42398
57530
85360
73622
5004
61364
28226
2846
55872
33672
22996
52370
79072
72768
11698
79592
51542
69846
92366
51164
27690
6898
32102
88282
5446
20062
23468
18594
87068
67188
90926
77628
51972
19948
85054
53094
33862
24648
8890
17382
35754
67128
49036
41244
45370
59368
56542
11928
1802
84488
78428
23758
39854
56148
97314
23832
52288
20966
97076
80416
33612
36934
14630
41046
88616
12128
29914
80252
43374
72952
52954
42420
99992
3154
61896
70430
35442
31470
14220
610
76898
45906
46610
55448
40744
6294
98812
82008
81430
37376
65878
54020
54710
97664
75070
93996
61598
69146
23488
72396
16328
64516
45766
282
49128
68114
46902
97624
15296
24584
39202
99900
47540
98794
53568
97712
36098
94388
15958
3934
59734
17660
30046
23200
81346
93256
95870
64522
48616
8086
34712
314
64130
4090
48136
13280
29782
80318
99822
17746
74730
35446
29500
54630
3104
67520
18292
28596
89822
24360
4390
53280
32938
49938
45918
34044
70556
17224
88778
46242
31514
2038
48440
74712
66082
68792
12650
26126
7808
63380
87168
4166
51708
43370
76410
63138
9758
11306
51230
87824
98368
1028
15520
53280
52328
11368
87650
8440
97876
40328
81650
78280
6226
64864
80056
52
13948
75526
56746
55450
8042
9904
21724
23408
22268
33076
59266
12236
78750
23012
6296
38044
87916
4272
28268
24952
43294
82400
95128
65180
83714
25716
52694
22288
340
55198
36366
71974
730
30322
32716
22386
86454
57540
71880
40156
52614
32664
36456
34652
80108
73398
81730
17026
23072
33212
24274
63722
41938
81578
64474
12466
90850
63018
12842
58204
96484
2570
94768
96782
11180
81528
59158
56408
56914
43456
65914
43270
33166
61060
42066
91662
9018
39832
97680
55498
15698
98152
91536
40826
61808
95946
41704
10444
81470
55318
46676
55412
51554
68284
9504
85768
96926
93714
4400
36182
49744
95624
89884
15080
53066
566
60540
14138
49148
55214
8122
14388
11426
29796
5494
2406
94956
9522
94844
60006
49740
83662
36090
84584
42454
71958
54688
85964
30130
45740
68520
718
86538
24074
44530
63238
92978
23368
69432
56264
92110
85200
21748
69638
77452
75442
66932
50292
20196
88584
93328
13668
15454
79006
3362
1216
78626
27806
68284
98936
80962
996
68900
27990
55800
54976
9932
78178
32544
18954
31104
13476
92892
29316
26446
65840
22016
64330
43550
64404
80526
60824
3644
49596
18360
53824
7402
71026
41554
94530
58976
50136
29534
50938
22202
15076
61172
64098
74866
81994
44256
97666
40856
43444
80212
27110
26798
39264
37606
36482
56508
11820
98530
77618
58360
41932
82880
25900
84890
71492
70678
21680
47856
18156
11358
58758
6440
72290
31472
83864
93354
77754
50908
55000
70580
86852
82644
89728
67410
20230
71168
11988
88864
19098
14436
9904
47664
83102
80134
5092
36300
89818
84624
2250
96518
826
54100
34106
1790
5444
83212
41510
9874
59684
34964
88168
65510
13274
68362
54332
14738
79242
36510
3176
40088
91452
96708
66822
93758
64280
19990
39176
74826
86050
42080
60264
95494
49992
23616
16724
13484
46866
54382
93216
69166
89156
30416
47998
4348
95504
90520
90008
72120
71498
71050
2664
54574
45052
91508
84908
66346
55148
75086
23340
2088
212
28326
39696
15282
24206
32664
78206
9418
50608
17348
91980
20960
69222
98464
59640
69516
5966
53672
9858
95662
56980
83816
38230
79084
24694
13944
16270
55408
78814
64954
33642
40204
56492
70210
58530
51996
32746
57750
8064
56338
13770
80486
90296
7496
47126
47432
83090
90268
87862
15872
42856
79396
90392
49834
62384
39248
4082
81838
15106
56676
98406
49044
90948
24474
87680
83596
59138
3426
65588
12374
37516
81616
36506
55546
16968
57078
93466
99124
8900
2610
10674
55088
21816
46918
68726
28982
71762
7468
83770
62092
61322
71796
9610
66682
4726
63026
24730
74642
67446
28326
89342
47732
87340
82142
6494
43452
31442
25662
47926
76044
98268
27716
55164
28148
29990
35948
85978
57606
11580
49130
16264
22784
61438
61408
7210
82716
14466
50444
98856
67124
36572
61146
1876
25306
32780
79962
99794
78636
82856
40914
49744
74076
74036
90868
39562
84908
28158
44146
4338
90318
42788
55286
57668
25608
67220
58978
87596
36260
53996
8682
87958
76188
4766
12976
97276
10606
4400
69672
92014
26404
19802
74108
12028
43350
62178
16580
5912
69346
66528
79444
16534
19574
99194
27978
9290
48202
53604
1844
90298
28516
61028
39162
94474
84140
65466
59708
15006
4864
99334
98412
38958
91426
69098
36226
16318
94554
32538
98778
24220
73408
87656
1096
79670
5150
1252
28148
50600
26362
66774
83478
10876
7782
97178
59528
43740
24338
96566
63232
42950
43734
64664
26578
79046
37720
1854
14270
64922
91840
84610
98008
85152
15794
87992
68906
58550
2964
29736
74214
43390
92296
53132
41714
31824
69188
98700
34038
4286
81246
56722
55196
22280
58202
34538
2670
81110
39990
16088
80396
29700
76560
95468
70166
75520
99772
61300
422
55004
92380
74380
86088
31534
17844
11838
60182
59204
86072
30346
17470
90262
61840
65834
46528
17222
95286
37806
45928
70014
70368
17972
29350
18298
87466
68270
41904
87744
89388
12494
51438
43392
76590
33502
99400
61274
87790
79620
73400
84482
13270
43536
92568
3312
56626
37250
31776
68192
78472
17326
11914
57696
81226
82738
65938
88894
90750
39700
62636
64838
15378
314
25730
82058
75830
14090
76518
61876
55374
42224
76388
14500
71380
76618
21442
84768
77882
80798
70860
5446
68890
67014
70624
6426
68468
12666
16336
77836
80346
63894
47498
26512
68226
5156
93020
85912
67710
22150
78226
10486
82730
47884
35344
57330
13070
38762
18076
66124
4572
70770
95350
61124
47284
20
68642
74610
77678
2324
80068
85700
7156
66158
36210
95606
89246
33924
97294
51068
59580
75476
6378
42436
7726
65960
71856
86834
20072
51348
6390
23684
95162
2212
21540
63280
82532
78518
17806
12554
94632
25414
26724
36658
23626
98876
66122
35386
35680
78126
14050
19108
36868
24790
65666
27850
32068
96826
42734
47856
972
10922
59472
33104
32440
42010
58400
85682
2574
18668
64166
98198
23300
33520
35382
308
43130
77378
32166
7824
46952
72616
87536
84608
95166
16806
37040
85402
63448
38586
55124
88934
45962
24188
16650
19518
47506
65794
3558
16564
76426
77388
17548
68344
80036
50280
42582
82172
48752
3582
24096
92790
8338
84222
85688
31876
37722
84610
3756
30504
14128
25480
44298
87180
