8089
8925
1239
21999
43553
45787
24125
57881
97691
42343
7997
60391
29245
5293
52781
31577
14929
52659
33215
89757
21063
32613
41971
89373
55883
95163
17241
81145
13613
79591
97063
9765
12171
51907
28659
9055
38433
54325
73469
90797
17701
84125
16895
25137
31209
69197
74211
77901
22779
46861
14511
90827
87377
41893
82199
10583
36283
1967
9991
39667
83663
27429
92101
7153
44945
14021
37121
58961
26627
17283
71893
50561
39283
23533
56203
721
76987
98661
26391
25447
70463
92499
15153
83779
94691
46311
61097
87751
49613
57989
71681
38543
9293
44551
26321
23301
57981
6105
4799
53749
3473
97495
70385
43351
48249
73435
86925
10203
81403
94457
33509
42731
29761
84779
43695
5853
98333
23047
36667
36525
49493
56103
45639
56099
30967
23461
18613
99905
15297
23883
4427
32725
72023
70081
91473
5315
47619
91475
43599
29335
90881
93323
2659
27257
42671
84873
70705
58865
9041
45295
59599
55907
29877
56379
74531
74711
84923
9455
70297
51873
80045
27533
22635
78011
78979
64893
50103
44579
27847
69843
60339
909
30089
6281
4279
82137
14359
12309
55607
81001
62117
91847
20587
70661
37353
72835
29455
16909
51155
33881
13709
81807
75757
58381
66481
70989
72571
78797
47161
68063
3387
93387
55557
49675
35639
77789
31651
49727
98029
82679
60027
61249
93171
80791
25897
12179
39019
89717
4993
69607
95099
82649
79901
75315
91619
82313
55309
74991
52215
69081
84137
8651
10269
19905
49621
85795
50015
46709
61527
63823
40773
81947
80931
76675
66105
54889
23247
88247
97635
55191
56837
7769
24403
40259
68953
15683
72383
2291
89527
26187
52825
7279
21587
97377
48835
91283
3255
52991
84079
12507
651
50119
40291
66647
35663
81641
30755
32721
92995
47335
76069
90211
52167
2775
67949
63757
31701
81717
16523
551
81719
38279
33817
93131
23873
94323
87601
21665
82733
31443
92055
56457
79195
61277
56675
62123
80127
67067
26561
2111
20263
12093
65701
44097
76691
81161
82729
76417
60059
35717
29925
123
93883
6775
45441
43755
92995
5093
73637
88505
80087
30465
57573
66153
38271
89139
18317
31895
18833
44055
90687
43959
73101
21175
43241
8353
77137
93949
37335
34641
19401
25781
69087
62797
57363
45275
16995
90199
34595
22535
69597
7031
70325
76861
99037
33149
13407
38421
87627
52455
72827
82623
74961
80465
22637
71193
94299
67879
85111
44769
49737
37211
39807
7527
99405
59653
78009
13391
61985
32751
96753
63789
85945
41161
13091
97733
48751
25889
1663
14003
50191
49013
72833
63387
50091
10075
65439
91939
30253
95375
56499
8773
60321
65001
69299
44849
59899
10133
28209
89135
14769
26965
62155
42637
79833
19095
10625
75269
25441
63071
72097
19245
45109
88257
36351
45201
85023
53949
63361
61209
23797
43143
97647
93773
25847
87653
86411
26781
69559
6935
26979
48989
17705
87837
94675
73897
73479
79077
81833
56717
90497
97583
13387
25625
92039
74845
5841
96219
38809
12173
38617
62637
17289
51851
25295
1381
97567
8865
22679
395
87817
99801
74819
56571
7969
10863
97927
97047
96631
41045
16731
3859
69795
46287
98161
68947
58191
61237
28979
12809
52261
23145
66893
9665
8087
42083
61537
38735
65609
43147
6091
6275
94747
6815
76741
31469
91549
67941
56663
48305
26239
49539
65537
45123
71379
77303
7079
68675
28473
24623
66695
10577
40811
30645
95541
20507
15931
79593
39291
67725
98239
19033
93607
60931
55945
93347
48313
54543
52421
1559
74181
88797
13915
109
17075
85049
30871
71853
3697
35065
72505
35099
46677
14683
93035
72687
71349
45733
63345
55335
65883
14855
36451
96645
19559
54589
72773
91979
94759
29509
44387
50453
80299
77409
77871
77899
35447
71919
99623
73313
91419
21145
42175
47575
8479
97385
97467
36915
59635
43181
80151
27817
79189
94421
92715
47375
86959
29009
39971
86381
17799
45967
46527
69513
70859
73125
74605
51651
16981
56901
77721
96597
6725
52773
18577
69687
71557
34535
81237
24935
39721
66117
23731
15115
39529
64447
36783
61859
48319
21585
94227
91853
31603
39791
91603
74073
21105
41957
86765
15905
5973
95789
427
93447
85027
23849
95549
29367
24003
85291
35975
46473
82143
45321
90821
42845
21801
26807
23183
2955
24171
62853
7245
65641
84723
15087
11683
5559
90279
23111
54695
16735
1515
99243
73295
67787
16581
88191
38197
13897
10413
32073
5007
74303
11355
76751
53097
10815
42747
11063
17233
75739
35001
32397
59827
1891
56621
77791
6561
22941
89379
93703
87039
31933
90061
32959
90173
59953
48919
52395
49681
90715
51429
50087
39203
68161
75459
6531
27435
83577
15327
34261
66401
18529
60325
8093
70915
99311
59399
93781
11887
63023
76051
3889
55327
18715
70309
48367
67457
11673
58811
93289
80105
4377
30425
72823
21569
12669
67459
88075
68331
46307
585
97917
66369
6703
25665
58959
97845
12321
46865
70127
55285
43287
10973
89665
10691
16925
89299
73021
96937
12597
63041
47559
69897
21883
68041
84109
49115
22447
89281
77237
97023
17377
91899
89765
45521
21001
63379
64035
81197
73561
81825
37261
20553
5445
46299
37027
92917
8831
16995
84625
88227
98911
54595
31917
41495
50607
49825
36391
64245
25283
4509
34873
33825
71939
60365
33045
50525
697
31945
82163
52569
72365
72341
44391
5573
83227
1379
85881
60633
52509
39913
44931
54725
56217
29337
50159
27403
82653
43907
12757
61189
40091
29085
37711
60755
63059
30655
96905
49759
93381
66603
24653
87521
13539
6507
35657
10645
2535
39481
123
64895
7823
95409
42091
94169
44261
93573
7627
55155
93563
1533
14299
72437
19699
32279
77473
66785
67375
5157
44587
55325
23751
64591
70157
20251
86737
17367
19957
91903
13121
99671
15403
62389
81289
77545
73059
58575
9613
11469
23929
52579
81499
82377
35319
53143
15671
25087
54975
68729
2375
25995
81689
99941
45249
25571
48349
64951
50821
97095
76943
19775
59263
29491
78381
4337
2215
65695
74259
40489
99473
58765
78615
30353
12551
91469
47959
72345
69211
9361
1071
47329
56935
87257
44511
85845
5695
7837
25101
91119
41769
37779
8901
8005
50981
58015
59933
70069
13287
64119
33885
56107
49211
62603
71949
80451
95113
67481
56697
68915
68311
24197
39383
88185
94449
28157
65711
20355
96519
39817
37403
1761
39063
2147
5255
24711
82315
38767
99873
1147
58071
58019
42069
42295
34539
96297
97719
207
68183
83889
82903
7823
50215
3881
97499
91701
84457
47901
92749
75321
2107
36693
11785
27397
50177
15895
26995
1771
50147
2755
23541
27229
98631
52527
38173
58217
89135
81455
21443
69431
75299
33349
71025
26107
11187
40651
85349
47343
59205
13767
68767
10743
60289
12635
26527
62767
84917
67391
59969
37765
45061
71831
33959
46735
14065
7257
88217
70527
39543
96247
27475
8835
40903
71327
23855
7447
69631
6027
19817
18105
71035
32537
39737
23613
75387
72193
66899
23055
82447
24423
82045
90701
10565
32923
87041
87729
86899
18013
65073
85051
32149
39841
75245
12045
7695
6547
19237
83761
68407
86435
44089
62765
14649
85929
63675
8353
14777
54981
665
47055
92381
39553
27339
37991
76677
47661
43097
89295
1283
34649
42449
2911
45093
99879
60167
81523
42825
16035
58295
93035
27273
547
51391
78695
42063
63675
82445
6393
9945
90363
99165
65205
21407
50877
88403
72127
43147
70605
98319
54665
70929
2267
78557
92799
16343
4005
95031
36825
52095
82819
84799
5221
93647
25499
40895
26191
58725
9433
41463
63225
68531
9727
98329
16989
17087
45773
64101
23127
50963
68961
17999
43883
29823
41585
86635
26049
48975
12533
45523
8727
84083
62723
60515
16601
76017
8177
28089
53959
92253
82795
11265
19709
65513
17411
10919
84325
97705
81587
64767
49039
23689
82985
57211
53621
91789
15605
53819
25615
21069
82909
31985
10047
6867
85335
36729
91987
84121
78093
23187
94609
85591
8315
54773
27555
39759
24539
53397
22651
71849
22417
41617
52363
96291
85223
6391
1981
17039
57779
1347
68419
32031
87765
39971
93345
17023
30365
13857
96631
83251
50559
32051
16961
3579
32271
87839
11229
61675
72583
70643
36561
91325
75989
86979
10025
61987
13363
76075
99007
21233
4441
35757
20709
65517
97351
78529
91989
24659
19873
50613
72081
5959
76141
84287
4389
53031
86941
81563
86871
95059
86765
7515
17261
6689
61547
14845
71311
27567
46431
70617
72265
86179
80125
58659
89623
59931
3053
25701
19065
51135
74391
42617
71557
31201
13509
37217
59455
25693
68099
69895
55385
36021
51615
28789
90389
98453
26569
90693
14785
34123
30563
9331
62935
48761
22763
14331
1859
96263
69263
67287
29071
23283
95777
9567
27635
35473
84557
95541
6657
56321
54309
52063
23593
34195
71903
76535
58357
61277
49781
18983
58367
18431
8061
73331
69933
10493
36781
84555
55533
99191
35345
19365
41595
3417
91327
36301
45543
58363
12807
37893
43179
45407
59738
88742
57910
93126
69312
40750
26650
78060
98006
16868
66108
69614
13172
68914
50830
49548
90766
85548
25526
23850
33526
37050
3206
82056
20244
14540
67678
28414
41496
62686
76980
95290
91664
6734
68482
67150
67874
79526
20216
61518
92840
42000
99642
46922
92380
41956
99966
30610
95382
21024
11310
41954
49762
44116
27126
34202
45858
66818
2490
39050
90260
13392
72586
4022
73426
22594
96966
2292
44070
78640
65240
63544
24576
84896
61860
56118
88738
59444
42434
29334
2188
83700
68276
52124
91300
76410
3982
77500
72564
30546
86242
16470
318
85198
33014
85564
17342
41972
87736
76008
27290
61634
34440
35114
56918
26712
19696
20108
4370
78884
35260
27390
86600
82242
59876
32640
28278
9282
48702
48220
41440
17340
70692
32334
27692
59702
71258
40226
22966
98078
62760
20198
54488
76766
61444
91034
81684
31576
44894
87298
91754
85200
60748
21958
67462
38720
17938
61290
31596
43432
74012
25264
42552
48922
6332
68704
36828
63480
24374
368
35364
74590
6974
68794
86942
96212
60444
11436
52584
16236
81384
54730
25464
27434
48894
18478
13122
87714
33358
90766
76004
15974
51560
43396
16112
92772
80270
28148
67148
15204
98134
63340
80338
6056
68314
56104
14978
67366
87818
25950
32566
19008
98406
67442
6970
10854
51526
78540
17034
73040
99296
98492
65558
39684
97084
67118
16518
51018
34034
32612
94746
57516
56276
64204
92808
30268
88154
28026
97974
43388
34610
39788
85382
11426
82440
54196
46270
298
86428
96288
57778
49614
88238
71092
88850
26398
80994
37792
22672
94522
78582
61458
58278
62368
77144
79734
52280
87374
32424
48268
58038
77470
65016
36080
15658
28220
22572
32476
60562
24160
28422
23748
97858
80796
60636
54864
99108
95236
21338
26674
8082
16898
55572
70018
64206
68352
41416
56020
40606
69146
98654
49842
63420
47388
13820
32978
62426
65910
30912
99370
38402
81172
45340
74996
5342
39782
15438
75736
11514
73552
83762
89930
32230
63282
74362
99144
65842
51112
82522
34828
76388
89916
74826
83314
62200
80214
65268
77720
43996
21848
6842
20756
91482
19108
29826
23458
5038
40332
32984
5098
59190
91488
23244
56354
23280
27466
25844
94760
32558
96258
66064
49518
75590
12618
21768
1422
57022
39664
32920
55984
85394
78298
70714
79900
1910
41194
32600
80732
63238
3672
93852
18504
322
996
68542
51186
14066
78454
61840
20710
44488
14978
55786
66990
20302
98188
33126
18666
8116
97050
20910
67852
19762
63474
12384
70216
97644
66848
35954
74494
68162
65294
81850
55110
87702
67916
25742
49718
90154
1628
91896
65510
83956
60444
41076
36938
7430
42016
81646
20894
20142
18150
57898
28724
95130
55124
85690
73654
54256
20256
97526
60360
52904
34916
69970
16608
87700
75158
59600
82222
4282
41318
48212
99464
22972
84122
22696
98158
86692
11830
8698
83556
15840
78904
66004
30718
93002
29708
8252
82530
36760
81038
91784
97794
10232
39732
23334
32602
74348
9920
96792
42938
50838
33210
38558
47740
92714
74272
94314
654
47430
27340
2136
29348
50690
33698
56718
612
41644
64148
94298
97444
88656
97214
16548
46934
46974
15136
3920
35914
20340
49036
22644
16714
4914
20906
20212
95086
77614
7592
59500
24758
38996
652
49934
54830
70394
9718
67252
58880
75072
96138
3806
1960
48364
55818
81090
81892
18508
30298
31430
26112
9928
17662
77744
89198
18060
64370
79696
62652
12064
33644
88042
19984
19756
32188
98662
14342
89488
97748
17066
10810
77156
60060
66402
80002
80960
25330
27260
65486
64860
33324
28396
33836
4928
54838
69674
88050
31064
57392
50098
68296
24314
12870
26086
4058
85936
92088
44414
84564
91362
15020
72726
21036
94646
86588
56378
10798
43008
60098
69940
3738
51190
48200
16176
32536
30134
97572
93646
39792
9804
45074
63678
75470
26580
83492
50092
98854
54520
65406
18276
79766
17000
72442
63778
85194
55106
31722
37496
89130
27820
63292
30150
40136
41660
91830
83304
84638
51400
54910
2942
77634
79060
44498
14560
19998
97970
3662
28338
76724
68992
26574
19620
73730
13938
26680
916
72978
7626
42672
19244
76558
64678
17852
32270
59120
86496
22914
24110
83978
22672
90486
2984
21510
72762
79758
98922
44826
22754
9248
83018
91034
16770
39974
81202
31390
53752
24104
34252
84254
28944
15292
25964
94076
16592
96082
19362
114
82110
23354
78528
46380
91392
1798
70052
1736
42192
73636
14994
6608
40358
85070
31344
41506
89108
25784
43490
2402
3462
96988
48746
19912
58172
87498
65996
3604
46004
31344
38390
19426
76678
29180
12874
86692
73556
9538
86120
47932
44764
53254
51916
98070
94956
38156
85902
67212
38418
36282
93916
46562
42908
35464
22158
11450
81670
77256
40638
95330
53398
41402
60034
17074
92812
82954
19240
6288
46292
77302
88532
5266
56526
72640
11556
2156
39694
63652
45924
76810
394
43282
35690
38220
93940
98668
19296
27472
40350
81486
12852
34482
37806
66800
13094
7436
32254
62232
78958
3786
55920
55366
87950
80622
80968
35090
15016
84616
58160
87534
9406
80450
93936
10620
22900
18094
81164
66632
47668
7802
38568
71148
23020
79230
95418
40916
61180
83038
6818
56246
45402
18508
46958
93736
37304
46956
84398
46730
64470
97172
98430
7092
26120
19014
66076
17940
96302
44208
91054
66960
64686
86340
34422
46900
30074
10450
58832
71624
75778
54270
23032
32220
6024
83766
73034
53220
3096
48262
69476
56954
26198
17760
85736
24620
20570
56418
4110
61844
90380
53736
51682
9094
83146
17606
46048
24702
56012
19912
18786
64152
51408
59394
94504
99966
24674
87604
98296
14498
32558
17682
9604
80172
40966
54760
3786
64174
25084
76500
32372
32062
99478
55556
8612
47704
32188
13888
74944
11444
2624
85350
79928
63076
38808
21800
35944
64548
83694
54658
48846
84684
86192
56598
62664
76350
54094
71114
80272
61294
88408
59954
13000
40718
14544
86922
18158
50344
69698
22954
81088
21178
40984
50106
23756
57482
82518
44410
87394
41492
85670
44484
36568
45712
77938
18366
14896
44332
38310
98392
83896
14204
92728
86630
21232
37398
63796
48034
82706
99900
51462
49678
87974
98328
52528
29958
99138
59058
14318
73552
79742
27660
17888
95744
98878
65750
71174
58138
8266
65378
71032
16100
68008
30884
37486
83844
62808
29016
47786
16114
50512
54900
88922
51180
64394
15086
6882
29028
13064
1512
86312
97688
84862
82510
53880
96438
21816
27980
59460
26604
98278
46068
67260
19078
93984
47108
13532
90188
390
18870
23266
94720
33978
82518
60250
57382
31164
21902
68170
93036
84824
30940
10894
94484
13372
97386
96152
320
71582
55916
88342
72964
11032
43840
45868
94988
8188
34492
42174
54318
49058
76134
10326
62998
45876
10204
48822
32232
19754
8902
4474
80774
12440
35724
88008
31166
86338
56706
26938
5418
25250
1530
73814
89650
35190
72748
51802
95928
93298
93598
87282
96254
21986
27834
42028
30966
47542
85424
95656
7790
11536
50548
76116
65942
10422
18644
4408
88262
90530
18744
78998
73832
54954
46498
4322
70984
63316
50912
218
8302
5918
10828
32250
62250
64458
89286
88414
70756
53152
97798
59342
10026
1970
72948
95854
53422
7834
54144
99552
97724
24784
37752
50350
74646
11900
8822
83810
32530
30128
78992
46736
41772
57352
43498
5810
79124
57898
50522
90024
90836
82112
9802
66640
91664
80428
49736
98370
89740
68570
73194
402
72634
25386
86368
39750
76352
17818
78850
58302
44496
77228
3110
27072
45200
89590
46180
70484
19394
72860
67522
66602
88212
3428
52692
14016
12350
42818
8130
4698
88586
11274
66860
47994
1594
84172
47550
87660
88598
69640
78596
10220
29848
97716
35836
18820
43742
89224
54840
49614
66070
7876
93722
22750
22560
97828
53606
81112
32086
49488
28556
88784
14590
98900
44642
31004
63012
72296
21172
3774
99652
34822
88974
66646
60686
31248
98172
71238
9714
96024
38140
97672
61438
6002
90072
80568
89568
2174
8768
60670
25480
11824
1870
85568
73740
95276
38002
99900
59278
75734
46656
23702
14128
10510
23470
71326
79322
61372
40034
86444
74894
29940
43878
89572
79036
43884
74046
74664
58386
56342
20964
74878
76860
8696
40644
22840
86416
96262
43032
29674
73860
21942
95872
75542
89964
98290
94740
58688
13256
53434
48586
97584
67856
22652
74540
22732
20168
23900
47974
9372
78390
67216
34244
15520
11450
31646
67628
79972
48700
21924
35404
44564
56228
67100
94928
83236
43842
80168
17536
45522
9640
67842
82920
6770
15172
47516
1984
192
19592
23114
46266
66128
63174
