91369
30563
44283
19223
73377
7569
62421
54983
12861
52959
59561
40287
89757
29413
71063
4095
57385
20113
91123
90219
75433
41139
27507
69591
4651
26073
32677
69753
64867
11633
51823
62489
54083
72701
57991
57973
94469
99217
70801
7593
49091
64627
8243
28237
58835
61887
59441
48881
10445
73449
4899
86535
59005
99867
53305
56543
16245
33275
28959
20207
94949
63377
85533
68237
77655
26719
8055
85299
74343
1987
16255
96237
56699
38775
77259
90303
30649
26075
63475
30843
553
19349
22405
96351
21135
9603
17081
99925
71695
62591
7301
20365
5399
35909
60591
72647
9445
53101
4907
23019
73439
40941
38107
62737
97091
24219
53255
7789
25731
78945
89221
46145
50219
82023
92197
3271
58429
75593
11087
20549
29709
52621
18703
82069
49545
52039
48971
40729
37671
11817
2845
61123
33615
20585
61981
58921
68569
74273
21201
10821
91247
18925
63357
82919
84527
33315
55941
60273
15553
91243
1131
92381
76513
96727
9495
80967
12783
16469
7033
84663
687
5859
1555
5739
3723
83249
76425
99885
8323
97229
18007
57107
54197
17793
9541
13275
38809
66427
71887
38889
24989
54153
58937
36279
32417
10057
84845
58921
79919
75787
29761
18231
58781
40743
20047
9215
3675
26045
51537
40259
38833
433
78695
97021
18269
10523
77965
33903
54633
97623
77247
75047
56193
75025
34073
41687
92641
6137
43745
32081
13839
67323
11781
80293
63093
99851
7257
73555
5223
44595
22933
30771
10001
68113
78027
90853
85497
42931
16487
67865
55
54563
99507
71995
14199
53557
99871
40079
12551
39315
40433
12531
32187
66071
18977
93863
62313
79117
95227
90879
66777
29083
30615
82501
86595
81957
59631
76719
89803
29315
89515
59089
20621
67963
88589
42285
46347
77275
7757
531
79261
39879
10939
80595
28995
73635
74447
9685
26757
51941
1185
69511
48657
15571
25969
65787
49551
80683
85423
64443
22891
23559
96093
30789
6167
45041
31311
19511
11733
63137
35189
66655
82513
83649
32659
32213
54061
78965
76145
67177
46247
38819
4483
69875
15155
64029
79513
72715
27249
72847
32121
32185
95273
17351
37935
12477
98031
64959
57703
4653
16745
66109
49679
45001
97011
63561
74901
91329
77329
36791
56981
13445
3939
59045
40529
87745
58363
74299
90621
88713
48433
2809
62575
84129
16561
70087
14339
69731
40245
91479
72911
81663
88019
10831
69589
92293
69009
26389
36427
15761
90545
47767
94769
70657
63961
17973
73449
3131
23529
44113
12563
54805
70429
89491
99431
74299
84323
21009
17337
13379
71765
53619
8057
21279
11295
42119
31685
3861
83677
50033
93819
6313
34073
28735
39597
96109
57721
82139
46005
56763
86637
69395
53381
93273
847
88623
81231
74119
62505
17531
8647
62237
73995
4977
56503
58527
5175
32031
79045
6747
25083
54015
73883
53525
33537
33033
27151
42191
47867
41849
49547
30373
34937
77439
50997
81795
84589
70761
79083
93275
47995
29079
62583
20685
57895
62837
10123
78727
78323
32747
21671
58009
88559
22361
58307
88147
20265
98531
96937
84195
47847
12843
57763
41583
44171
63089
38625
98043
37075
68071
45581
11521
91437
61377
11661
85955
91283
13477
85161
60283
84799
23081
8387
47073
28833
62689
71793
41225
29969
94695
43165
45201
33159
93515
54005
97211
25771
2031
36987
35881
52141
49199
36823
69509
99673
90727
98535
29063
91703
66509
64979
65503
87517
82149
51693
39645
89727
27029
19577
83331
8729
68415
40807
82087
26181
56955
975
55473
93093
94943
71323
66219
6951
30389
86709
96821
13673
10645
79373
65117
55665
43327
97815
22949
83681
54229
14811
61061
72435
89053
24547
47861
77025
51923
93437
2971
89473
6743
59649
27581
93247
33225
61413
1865
23231
99027
32437
23949
87765
36743
84683
95165
72763
24033
94117
57443
44897
76611
50079
23543
68163
26377
92269
10113
8383
38365
32083
47693
92895
35463
83999
14165
16415
11037
25171
68173
45863
96235
2473
40633
56137
31147
44465
78597
61611
78859
40609
9875
4343
9299
68949
72715
94531
15367
23213
16333
8799
27821
28633
71127
45765
47899
71709
51951
31683
68883
40393
68047
68797
61131
64417
41431
86249
71397
25771
25765
77229
50851
55499
73689
99887
68003
58693
14803
66213
32755
96433
45689
10355
52105
4355
65705
15555
29763
57937
47551
2297
88447
72383
99293
91015
2889
36857
87883
70707
64721
66283
61673
12175
32029
37995
72259
62255
65255
94119
91551
18667
40297
34559
575
37149
39291
30223
21057
52595
89603
15753
95193
66037
36689
20439
79071
63671
87885
63693
22219
91923
21931
33763
11713
42413
97861
92439
9039
58103
45991
75433
57465
40835
51281
4493
45659
59751
52255
51511
49885
47055
37273
92285
25745
41477
81197
67419
21731
96691
91157
14393
20981
72629
3983
82571
23309
15485
80803
64555
84579
34569
12961
97803
28033
57725
1753
10325
74233
4651
8601
16001
51641
64479
40993
42855
33441
24761
47925
36297
79409
61751
86981
617
84715
3229
58889
81175
9373
80233
5857
47923
61733
93207
39827
92505
73361
70603
99319
31031
36531
21687
78989
76963
73551
29779
91107
81991
48463
85973
27049
64865
65959
82921
13049
49665
24803
69503
16681
79181
50765
95667
34551
61271
73949
71845
45379
71193
11613
83243
29283
99873
19239
88407
82033
61897
91281
36237
77475
1721
64681
8787
92371
2023
82075
75663
11411
29487
65133
17161
72611
65375
47801
44209
97103
67301
1057
37129
18477
94663
60447
96161
76857
34035
90289
99873
52129
39123
96187
82501
41445
64859
24169
74155
18069
5707
88683
54561
77933
4363
74265
21629
54705
20409
62365
33987
21027
1277
92751
64305
1509
25589
31371
11809
57977
45669
2243
1439
94785
15375
48315
87863
75801
68131
67149
51173
66353
42425
54397
85597
93591
44237
48335
87505
11997
12127
27523
58833
86595
69139
56297
23159
62583
63453
86545
26409
8455
26481
85577
69131
40587
88143
97925
28953
85995
10717
46213
82253
16675
80481
15301
65707
11395
40675
56317
57943
25455
13823
31913
15453
47147
9673
48363
56663
88405
91347
29329
62987
27271
3781
30287
41363
91715
74429
37365
55147
92187
34593
68377
20765
88123
28505
17593
21771
75691
50737
72751
64197
10665
94873
39331
56413
30991
45257
48841
3981
33127
88095
47265
85787
11483
19051
5333
16677
75621
3831
41091
45703
57541
96997
54959
14897
79469
13989
17185
50329
34931
83241
90373
43881
76277
27003
91717
64713
63125
96949
34583
72089
40733
84227
71811
73077
51965
75567
34945
37829
37505
65849
16319
96365
18967
11063
96833
62695
51385
52595
33299
46699
31195
61847
12399
77881
63011
64377
76005
94197
69877
14811
31423
90479
37057
2727
99823
71007
11141
20459
49239
95403
42029
71675
14399
56971
94893
67719
97797
83469
4759
3307
36513
94721
52385
44927
21861
13583
53297
21479
50909
77867
65755
26481
65969
69375
42921
42277
92167
75061
86771
29563
45743
43879
8265
22355
82441
39993
55895
59261
94009
4281
19825
77693
46045
58209
98023
49635
22085
63085
96871
63605
46327
93769
83983
97171
18155
47293
52493
99251
39641
55581
74251
5375
66281
80035
98533
2837
68031
10425
46401
96345
46181
43433
27363
28953
93873
34055
44687
15931
22721
21605
48421
78875
9157
35675
13934
33476
47102
16452
32130
20612
38878
13192
55822
70192
58510
16698
19662
69548
57892
69798
8130
3056
50010
24696
59094
69548
97422
84540
72536
56650
1286
13138
84484
53800
58156
33590
83898
98408
10214
77692
65624
91336
12100
73034
47108
28336
90234
82074
58750
96726
89550
58448
67544
69628
98438
82384
99458
89380
27994
7644
78916
92094
56236
99980
61418
62748
86942
62502
64906
38780
31958
94076
43852
85460
97848
49528
87802
39818
24206
1960
7554
59922
76988
67978
93112
9790
16100
45168
52924
96790
5086
30216
82728
82570
64534
24618
38052
86864
4600
79286
33954
83754
95936
70822
91762
29420
90364
15596
69914
98384
53788
78492
120
83464
20198
57886
89448
4728
98400
16362
98976
57384
89314
28666
72998
83834
26284
87636
97668
80570
12954
78652
52254
49624
50492
50142
76818
20824
60498
21048
12538
15932
53286
59234
42066
86956
84898
53666
97090
93608
84632
52840
91342
45704
51754
29366
46908
97824
51170
37352
84652
75492
51634
60070
29286
67762
43180
24056
49134
3210
42674
87730
81124
45258
40720
32968
81490
53502
97082
87310
66808
5448
5756
25976
77584
10092
33864
36770
32560
73094
19244
88992
18830
77100
92680
50128
62212
32012
72152
58786
66544
29014
76520
77144
81610
59300
97898
42536
76124
1356
79646
97382
11574
66868
78696
49734
72552
40976
21936
87322
61682
23390
31408
20686
46014
90942
31066
41222
80824
68194
40182
92544
50510
52148
31148
70904
82246
1212
72062
46764
51646
46140
87946
38972
17132
93730
31562
15698
67380
84870
84690
93788
62040
18784
2702
66978
31002
79208
47470
50536
23330
83200
13916
82896
70466
37894
11352
80452
90474
73288
95590
63398
33322
47618
2138
31618
82864
12772
88754
97864
62128
85148
50262
53982
28230
63162
61842
91708
4954
34226
29214
49818
26218
32074
95662
58102
41994
74190
47712
20460
51910
10764
26520
69406
76904
43336
25662
16684
69956
46772
89542
35152
2914
60114
4468
38970
11346
62260
28200
46366
72026
1906
42424
4454
73010
9034
29510
64100
74380
83990
88728
18612
16330
46966
30352
28650
53056
92186
4794
43048
99104
67952
1978
89560
70154
29984
57814
46210
23484
37324
41452
71714
23860
86208
88754
53434
88364
46206
9972
39812
79358
39432
14484
24692
51798
73082
46164
4202
8280
45422
51384
81280
14452
67634
34980
93912
2566
78610
25384
42016
76336
77830
81588
41956
4178
10298
29970
90224
20846
53338
7814
85710
190
61954
79144
32952
32118
21780
46786
11672
73020
90954
95222
47686
95102
73752
2606
19804
9452
89666
96352
86672
654
50564
39632
62922
19026
64808
25168
58322
51348
29414
60248
15432
37550
29012
96058
63912
83084
42142
18862
89840
762
72408
85078
79518
41936
31876
43284
5546
89648
38932
40316
980
20714
94766
13932
60082
80542
70896
91540
14712
9040
90044
46944
33036
70986
50884
37016
17526
56306
50888
51858
25182
22354
90452
68804
33066
70696
64088
2190
23258
29948
86878
66954
36972
73566
87032
64686
2426
19016
30084
17210
79974
1586
54352
23830
97616
30848
56326
66676
66690
2276
78100
60168
27780
92422
12458
15742
12978
97782
65022
34232
33010
88210
26578
9156
4290
47426
11728
5778
11820
89600
18474
24328
68720
52450
56842
90722
43986
33944
78070
69580
86280
4376
37216
11710
30188
67592
1856
90016
79756
56922
27180
56630
11796
42092
62068
99528
61182
95470
19898
22042
75384
75758
14126
33402
53784
41072
88718
10946
49092
62146
62488
26976
7526
83184
65520
33394
32168
32786
58700
90698
40974
55906
31094
37982
98186
3060
33126
93242
41836
32886
41204
23870
22538
22452
65118
1780
12466
43520
38924
13260
28390
43734
88152
73370
57152
7588
28118
70516
73352
55466
69750
16500
83828
55182
81510
91084
53274
65690
18930
86378
37708
33090
7214
42786
58424
26752
30758
18210
42356
15966
91944
43520
68800
35770
93910
58670
56936
75090
70874
7986
26538
39794
99248
71686
60058
40820
70714
97248
81186
99718
30284
41144
39086
79662
69392
97532
69556
9130
20758
42976
57732
6368
65232
52546
64426
10474
16368
1060
83936
81556
81476
10184
32396
53866
49914
78582
62462
78928
34454
22666
98524
99340
61558
1760
19038
3874
91438
23266
99526
73434
43336
35124
53388
96672
32516
63502
71586
67490
48700
88460
53588
17992
21546
13406
84278
11524
33530
10148
11124
39548
19358
44232
96816
98678
9488
62642
43424
8718
38816
43206
78496
71058
53062
90462
46894
48358
52944
33818
84496
11156
9564
4524
72354
40896
4584
34662
8120
97274
46844
97800
81308
51302
34942
16392
1518
33930
72222
61628
51174
16486
27184
99662
7356
46246
64480
52780
85252
55244
86308
26448
93522
34088
68798
54076
80330
72624
89196
99174
99950
64390
60470
71696
98198
85566
48402
79968
10084
60852
92110
34470
97742
78150
67050
33620
54028
24702
51252
2208
73554
38740
29960
24884
57800
7540
25540
71984
54584
99948
70402
71554
29654
9616
21548
19176
20972
21098
54172
29956
97958
17130
72948
74714
66006
82062
66172
70916
94062
78746
82682
50942
24868
99172
54
16482
42726
28384
16978
58898
52448
3454
19882
16686
22820
91732
10292
1784
40432
37954
46788
60098
5146
17038
75430
60552
85420
39840
23062
85792
46994
2252
52566
3496
21112
73480
52510
65328
68164
85802
35914
80142
50778
49540
72902
38532
80256
38176
48648
98744
36078
89708
55874
74274
86872
4580
85590
67454
51926
93844
9942
7704
11778
86162
13680
86626
18254
91594
78612
98514
29812
45004
97110
54100
68844
11908
76190
70980
90006
22256
31982
27746
79134
39796
64162
17658
26946
56986
32468
84196
79496
77678
41826
70078
56094
24818
32898
65310
6130
55850
7900
20058
45524
56496
32996
71922
73416
10642
43038
60558
37384
12312
41578
99432
2584
1940
14848
34678
46648
70272
90380
21840
50806
2028
83234
86262
53352
5314
64472
32398
81360
90088
75144
2532
23818
11534
42974
90522
43926
15424
46578
88628
78606
38366
80420
98954
91880
75086
44422
15602
37596
75260
35750
27046
47172
73440
39912
41246
45824
49902
10534
88700
83808
57538
24970
13504
43354
19446
7046
45960
89248
71804
30672
91252
99988
64064
22746
69420
73130
55864
98966
55128
91062
5698
51030
13138
46048
63004
57588
28632
76282
51404
90878
90068
54984
65940
31934
18970
79822
8848
86310
99206
77318
84630
1290
31150
99538
36896
70418
55270
83650
27802
93936
96602
76458
67900
5738
804
46634
28852
78178
26176
37208
83984
38350
72200
15712
13516
34446
56114
42738
5308
66464
85858
10736
58740
88770
40996
79004
60972
92250
85408
29328
71698
75948
21482
86708
29426
68612
61618
83592
37114
86650
99036
43288
43774
54446
89520
45762
5274
18782
23364
60034
80052
55760
94424
84992
41124
69788
81218
686
20472
72842
53648
65766
13054
71650
5812
31070
65262
80298
68088
68176
28812
21940
97312
61392
20482
59556
69132
15604
29236
46788
28730
6500
84818
12158
79616
81722
50548
6856
62524
51030
84894
43680
19624
65420
5404
81458
58376
65974
86830
64800
90034
67000
15594
