59597
7781
12855
7549
37747
16579
35705
36691
27881
49975
53907
12503
73759
44695
5083
41517
24729
82573
7425
76033
80675
73103
37279
24627
89449
56471
18887
89293
329
65799
46245
26499
64191
19609
58475
90855
13067
96539
61315
71289
82943
67841
21255
74365
13531
37815
55763
96275
30083
72201
83843
3161
26903
68667
7013
73267
9403
33469
5033
65673
68215
6513
22479
82429
57781
95353
62527
61141
78511
72061
97315
24051
33433
19931
66615
10131
93189
14793
74113
85235
41609
1999
72165
26883
7715
40969
64945
47607
17017
57633
32395
91901
28395
45967
23063
74409
90525
84281
73991
89305
87699
81849
63685
7707
68937
67755
52653
15609
88423
11737
19843
3459
74453
41701
72085
16935
37803
82533
94413
74517
22459
51017
13403
90321
88959
43919
73709
43341
25383
82159
96575
33173
21959
11935
6683
86911
52433
46093
88145
63447
44837
42495
74029
44411
57769
42891
59933
50701
60097
87529
79849
4617
53157
28279
21135
65461
27485
29699
58075
38861
37195
9543
9959
72281
85981
60367
20435
72065
57507
54669
76879
53425
49655
4893
56079
99453
52735
48139
72017
11669
31839
79893
57561
49293
55763
22549
94709
90931
97905
19511
13905
17603
81007
46813
81443
9215
55399
64819
42749
29627
88321
35575
97231
35455
18177
79157
77589
94975
31649
9923
55553
71089
17659
44731
27525
3043
26275
6541
65965
16415
53081
51363
55945
87693
2777
28937
88507
97059
5105
11837
30199
99429
40373
53439
96309
99395
97675
80865
59305
78175
20497
14425
27363
13867
5789
57771
36273
22745
43953
15327
96263
1931
38851
13699
68863
47109
97295
55623
23857
95413
47579
89057
67083
6261
72663
62497
17991
51157
90861
34013
92571
98515
9893
70777
58663
84287
42717
18719
5487
69467
46283
42463
61487
68499
25165
59109
72483
49955
62035
32187
66233
4135
81681
13037
34817
86833
84861
78917
56563
36233
2165
63879
47397
60885
77237
91479
41993
15419
45523
8509
16641
27831
24913
80879
68349
10029
61169
57805
67119
84665
60457
77951
4131
43165
63853
15789
34321
67217
88445
32907
51091
33213
12387
66407
25413
61719
74569
40939
4365
2317
82789
73041
54049
32321
40557
16081
50481
55301
89937
91065
39927
53645
18889
40827
59331
30137
30853
89967
63855
99031
90253
87921
25523
52179
77225
25583
34251
53005
31399
32861
61839
4323
82805
92723
47399
78627
85765
11549
39533
68061
35363
26447
63523
73403
41763
6079
38485
47523
64959
36821
67213
1617
5143
30737
64671
46581
45999
60123
82383
47915
71563
46371
33477
8693
7431
94553
87711
2435
56679
25979
85511
29223
82963
97879
68477
58233
82565
88251
5865
43579
52521
14223
39771
13009
44569
73129
99231
47057
8701
17723
62217
47919
70033
73237
34027
20537
59699
68469
86259
71133
48611
3439
67487
72419
75883
96733
70821
44403
50229
94085
52185
48959
55219
38385
58953
79949
19983
22703
80803
31753
58933
32421
58221
97645
17685
15591
76051
42213
55437
24363
63759
43651
57037
91233
6381
39151
73283
48195
58509
64551
90563
15319
24235
22319
4931
981
47649
30003
10875
75199
81979
97985
39669
96039
43171
7173
61053
57187
34029
46227
18373
65451
58945
13935
59279
6979
48513
92721
29897
56137
16479
59093
59351
64701
50219
38459
38209
15575
98901
88589
74189
9229
16599
6969
68279
36837
62971
28849
46787
31439
86297
54255
21395
78967
39739
93527
77927
41421
73437
39633
61863
83609
31037
16969
83563
56173
55955
39125
99353
12623
59357
39633
84955
40095
68937
90177
64181
45409
24193
71867
94159
77177
21821
82721
20359
22457
70485
1713
53037
83759
25539
53653
69347
951
28005
94125
82205
44311
80337
50351
72909
74087
87645
29067
25907
52291
61163
93305
98019
79923
2721
98283
97691
87627
29827
16293
27733
34409
76903
20471
88737
87573
47989
90417
18073
15433
5975
23195
2947
52603
22533
8795
34535
18697
81259
15047
82973
94205
65365
22675
89647
20853
86567
555
39787
63629
88783
13719
30867
32487
26639
29113
53469
66791
49901
71323
59999
84101
9877
68019
54081
8261
11073
2637
31375
22011
93823
22895
24819
40535
45051
50615
79687
57337
79727
45405
41523
1559
98281
76991
23625
88055
17005
11323
71329
21915
88557
53357
2847
72405
81185
62157
50653
94725
74097
36673
46005
46509
41425
26707
17009
43207
56757
97499
13919
48357
43677
29521
96555
82683
51219
41341
70631
42111
5817
15201
87489
44207
95405
57345
73551
20149
38241
76511
38075
98617
74553
10741
65327
24891
7617
23685
15009
6543
63409
65559
97101
59465
85141
97543
83629
83677
13511
81061
3055
94311
10051
28299
83349
3045
98975
85975
42589
58279
28403
35265
70653
51211
34539
8735
11107
60773
71009
62603
17069
21757
64693
89077
95485
34493
95949
67283
3795
88159
92447
71891
37127
13507
59333
12547
6639
83573
4777
42017
38853
89305
77001
99481
91441
52901
71649
59999
2979
74825
76217
17725
8601
78913
82945
41627
45967
1445
77079
1819
91319
83189
72243
48189
68709
54025
68373
25279
55415
37079
45269
15331
4365
49551
59287
78961
78705
35223
32581
9439
17091
61043
43631
37313
27451
43307
10135
14019
69493
75485
19617
35013
64885
91575
7903
15221
26485
85353
44143
90229
91715
14403
17101
47525
33617
37137
27989
32005
63953
10629
19023
51419
49995
77749
57265
21955
88707
97187
47083
28053
66801
14205
76963
96293
36129
65657
33995
10341
9693
55321
71935
10241
29437
78957
70411
63493
11865
64621
72613
13859
69617
24775
1099
22951
48925
4457
47263
15779
63741
3873
4047
74565
61109
66583
31687
30601
13539
47339
91215
87675
99383
9641
2833
31865
32819
86775
23009
54831
82241
22573
35215
48079
44235
35747
51945
5849
15297
51267
55607
3959
11809
45357
29971
45677
46983
90903
75199
9767
48511
14671
80667
90269
45391
90869
32623
26543
68431
82653
88239
69791
699
11383
15025
57201
97493
51991
72963
98627
47859
97903
69765
61755
55937
18255
31261
70581
93519
19393
73497
17173
92901
23163
52631
89395
60333
77427
50493
9081
27347
60833
50175
70887
74267
50511
60233
44335
70307
79061
70767
82623
61853
26217
81791
95847
46599
89763
89035
30229
58947
14769
45215
68799
52823
95605
48895
679
45369
49823
27971
73021
15219
40381
84899
36847
50267
30263
7635
90045
40775
52507
89977
17803
65955
68909
15953
63291
18143
44547
20043
98659
69055
57107
82815
8273
23871
55557
3445
96677
1619
15039
90029
19127
83567
52693
56335
8147
89521
18977
39115
34401
69399
5631
97283
44849
50897
86957
72595
58301
4565
33593
33653
81245
77235
6481
53207
14321
11277
15135
55709
28719
54673
36197
67125
41073
79039
18697
5147
47219
95673
48257
86515
19537
57111
50911
31713
55453
68113
46959
68749
15157
66061
10211
76555
70087
57373
49271
84479
27615
10241
80925
36945
65359
34477
90545
88311
50905
90285
49259
10627
56099
75805
83317
12253
65327
44083
75593
11819
15085
4813
12089
95117
54345
67729
27381
87051
60915
17255
45661
92515
48827
56365
20735
97301
16655
16859
52103
91367
23521
44991
93869
5701
3405
79957
94635
25469
98151
51205
42875
31043
24281
56795
18003
69093
13743
33265
7267
36165
58043
22419
9685
32285
14473
76835
55035
42323
88611
87905
79159
79535
6977
28265
25057
49107
427
16935
36205
71557
13403
79767
43339
49649
8349
71877
87533
46317
41261
52719
64209
93597
71261
86859
24651
88097
33429
43555
99579
13451
92203
53863
68155
54551
28453
1607
24971
29985
65543
65765
90077
92047
40775
60831
23975
92157
11079
73975
7851
1437
10793
32497
14371
58303
67725
87633
15437
77259
11605
82975
39871
57637
59539
77975
36123
20781
31449
37261
16435
33755
68905
98859
95705
23047
97921
14307
29515
50991
78213
63285
72651
39457
39995
89167
81017
75435
34101
94813
69549
43435
41781
9689
68391
14843
45157
56595
94263
11547
4721
52143
3309
29337
77861
7971
77833
88361
59867
30549
76755
57575
41543
21007
85651
93989
83659
89643
70543
51417
38117
52501
24849
35951
41723
41719
22137
27197
48147
76267
88185
2117
39273
76133
53331
74157
83143
55533
44999
83073
79807
83123
88223
75925
58961
15839
59749
11841
63995
10035
78233
25527
37997
77765
8475
33763
99131
14805
78075
32591
40323
84839
49945
33965
25457
39859
97103
30503
66709
95731
70579
10643
39743
33935
27249
30253
67349
36797
33717
61819
52295
39571
26991
24413
71909
21547
49171
47093
30445
53045
69037
38865
55543
81679
98179
17105
86785
12647
44377
81801
52841
83897
2771
89421
53841
19265
27493
6375
58511
36853
74409
95945
14809
74203
30281
96657
8293
91509
76649
16421
66759
38265
23139
91695
48549
55373
14701
1373
8095
7993
58945
17625
27789
2993
45185
60135
36759
69845
23703
90801
75431
18543
20301
90489
1759
16255
49103
5555
63371
57019
64149
30447
90397
34005
94023
63355
58213
651
24535
61465
92283
66665
76457
76235
4461
44747
45731
68843
54477
63745
59565
96577
39433
28885
233
42031
86423
95523
69609
22311
33359
60195
32957
67517
53951
56715
63675
69009
56131
94609
22903
54381
76295
7277
74867
65555
46755
59657
44591
11073
42571
60643
9193
66221
64315
72637
61071
47917
46529
5475
28465
57363
97805
39831
23463
49625
75571
50061
58243
66405
59547
62217
13717
51043
49617
88649
17657
13191
64801
57745
25187
29193
98699
8613
88557
52763
46453
94703
21477
49331
74823
40345
42701
55409
3499
3119
15651
4745
20447
11531
27555
52041
55079
81219
29971
84569
54087
36401
7837
54827
21149
58297
23259
62155
19385
85925
33967
87913
87321
32081
62565
62661
59651
19841
62177
95977
40617
37313
8473
78769
62741
54747
1431
59721
16527
7353
46823
24567
93049
2049
94771
5137
95469
90213
63095
21327
46197
853
82327
68915
46391
80367
13057
41293
91293
44107
58223
96017
56997
96051
45323
90687
5873
42517
66859
54161
11939
74685
56819
66633
21663
99795
25209
17011
80545
71121
85803
62791
71457
565
20543
82281
26289
16569
64651
35731
18843
87271
8413
77907
74583
64525
43801
72131
77409
22829
29791
77003
87149
21451
34527
92577
68085
60463
38145
62193
67199
8103
68125
783
92501
64771
69897
59549
69729
54173
70765
44133
10247
76305
54703
56117
15769
78719
62409
48263
81891
17597
69797
97697
231
73365
84633
84233
71139
11289
44285
26039
1015
13181
3189
45107
59333
73733
9803
89589
527
63839
3347
64289
651
23753
30457
57513
32627
71833
2245
74283
30211
42477
61481
59077
33095
42429
30487
4915
95187
54619
10193
19243
75829
31939
48549
34473
30401
28487
42791
76979
12685
34091
76119
77161
45609
17235
96285
28595
45307
20071
51859
41893
3517
96017
39801
36401
72801
50503
31903
21627
61817
34149
52343
1281
37649
42557
28651
74467
68673
8155
56735
75057
83727
90969
78173
81035
27669
1301
21359
93207
19153
79205
41695
97041
36233
94019
59153
29763
17215
65717
86929
15191
39609
36223
87909
9453
91263
44955
45979
29713
36283
23469
70424
93444
96902
56480
3462
33586
76100
95342
40252
16972
92528
20160
20246
51972
98464
60858
8636
89076
95978
76120
9930
90568
15304
78120
5236
67772
90536
24584
61026
24442
79848
64280
66382
1726
672
26000
25240
99516
32570
78810
71402
34170
82554
55320
84466
27774
17718
42632
30922
96236
16660
83606
24976
67708
61238
25396
20334
59440
49836
38350
16470
55340
83690
55184
72040
26600
33904
72460
42458
76032
57232
98200
72970
82926
42284
73282
48504
34438
11864
89724
28938
19582
7220
22904
53142
84768
10844
80670
91474
67060
82162
68852
86568
19340
78026
95502
67550
5524
36090
70654
25020
68762
2138
65044
92196
8274
72542
3032
82360
29286
70672
14418
97658
73150
78986
30170
28966
32154
2122
64164
9078
91432
30452
20832
28058
97428
28766
97512
41772
6952
12376
38618
38732
53524
11344
26154
32432
60770
6266
62760
10810
86660
46378
89554
57114
28056
72158
50156
32940
3014
332
42480
27368
89138
97154
91648
32150
19950
96740
36584
73730
76776
44140
30156
1838
6456
36144
22822
64212
73274
47470
27232
8856
93330
70132
95204
23080
39074
21048
22204
94930
86186
55576
87078
16658
45796
93272
42952
54644
7432
29812
36998
25368
64320
92090
38664
7670
11356
24148
96596
32822
27412
90372
28426
79606
80074
82998
51570
76394
52352
96666
89486
75104
47120
33150
5390
30332
56370
98268
3602
44404
40218
50568
29520
26974
96606
97382
31016
32438
35996
30866
43696
18598
31492
87510
58550
15946
12438
97782
40196
16300
66648
6812
58940
10836
18112
45176
35126
10786
91262
83236
7136
74100
59792
98454
76812
31334
55720
30818
98662
39198
97544
50812
73308
58772
8776
19120
36188
38098
96310
87096
73156
87384
24708
60760
79774
1826
81096
44026
52734
93984
58222
25296
84404
51728
11792
84680
8104
66366
57130
6984
46360
72652
25812
54226
99198
22974
80496
23526
42944
38296
94848
85434
67044
88752
63888
32180
20058
46456
84700
17624
74118
81932
8240
23804
79624
39390
20692
6872
34366
13060
40922
74778
1452
9430
61460
58476
49452
3640
19448
54080
23802
8744
95644
71288
91300
33462
5304
78522
4050
75606
84930
40674
8748
66810
448
8830
37752
5136
288
57944
10498
25414
98948
7842
63540
93642
50522
87180
54196
39878
4556
28338
93448
16230
13750
59810
20184
95452
78062
60906
40658
73228
6518
91292
54420
72992
26774
48908
80720
19514
8434
2798
82732
14916
86634
30020
92778
91408
31712
87494
46306
83428
70632
9984
54752
65312
3938
34682
38882
74814
49752
66698
346
9474
59266
35038
87486
65558
26422
89768
74542
29562
73198
17322
39088
44450
75214
90282
98742
17292
75038
40580
98168
93792
82788
59234
14264
8392
62606
64246
32580
75376
83580
84704
28508
86310
99552
66572
73832
39816
53670
89370
18620
98220
62720
35390
84676
88856
56858
47218
52006
5934
93524
4778
10008
54404
46062
26774
19594
34908
95234
23368
3492
93738
97036
66364
91098
56560
89768
50304
40300
3986
73202
83710
19554
99172
78564
66946
96134
42094
72502
67966
32894
47044
33756
62434
66872
68904
74106
38684
2118
35776
69326
97086
29136
17410
82744
886
18344
63034
4498
74980
21134
25130
83292
49518
3840
78240
44664
10014
84352
95832
8128
11730
95286
106
99676
54250
95230
98416
86080
85670
27002
94186
75208
8168
93686
92606
62562
25014
92240
6872
50442
95244
95452
32170
19956
30292
50052
20196
50210
70752
97110
80534
68190
64706
89156
35870
38922
4780
96874
27776
8760
80378
47986
42698
59812
55610
41992
2504
11896
46740
31832
98104
44656
91046
42546
86676
57012
26742
49910
8058
89172
40772
92738
30150
5226
1076
58578
47518
31198
24306
2220
32086
65604
56904
68414
85924
25692
99236
95044
6822
41632
55412
13918
106
1110
59550
76142
14234
55530
97726
75480
82740
67632
69798
70582
23822
90736
89246
8448
58884
2506
62226
80658
16172
598
53372
49832
18520
27064
90662
37308
68688
57244
26106
55622
76506
92216
50222
82854
62364
8928
45528
18016
86708
91090
84968
30300
4912
12794
76576
65014
53716
11346
17194
74396
73590
59344
2956
7662
6060
80084
44002
30522
29058
87662
7148
32318
99784
46030
35148
92746
70068
70680
43248
5866
21500
30854
90882
38152
84104
62506
5592
70046
89496
73798
34180
4976
8650
13558
3882
96802
50408
90772
19368
10268
14232
86648
80498
56266
1348
32942
58020
61970
16832
42548
80516
58910
64114
3234
84318
7108
60240
98248
26116
58774
44302
53106
17616
22596
78508
45842
57694
30380
87080
67676
62836
79044
46412
82522
85690
44066
6016
53428
29840
15068
95444
75380
17146
18064
67918
92472
13400
686
77658
17464
55062
29996
99396
72708
81608
26864
75288
2562
20280
13258
17400
62042
85098
28848
93140
53076
4708
94044
34528
53462
74214
95898
26342
98502
48906
34138
59980
19978
4050
27502
66220
54888
40450
99904
70880
11728
66144
11230
77014
29488
29466
91522
40732
79424
21652
84068
39380
37976
76828
36902
65348
91138
41518
19008
50734
68294
10312
25716
93132
51548
14954
78648
30358
89752
51358
94910
52546
53070
2044
3082
68176
73322
86000
93136
59722
54604
14616
66348
45334
27896
90624
9744
30782
95652
9108
88456
84374
94764
33758
44814
90910
10172
510
91856
33474
86520
54144
45882
2688
56338
24402
30384
62582
81224
40214
9740
53942
1648
16944
21008
76602
58708
89270
7060
75154
9244
1294
43004
67522
10618
43264
34294
87810
2152
15040
12624
34256
71232
12916
43464
54220
9718
30412
28068
858
16508
53424
95864
10522
49082
4704
65148
99072
45534
57530
49346
90886
31814
2238
48016
53312
12372
30602
93942
77642
3636
91808
71674
47720
60366
28484
79130
84926
86290
58790
23928
85426
65462
91028
27322
87592
80500
26282
51302
83010
28482
80370
34964
80496
64182
53296
63494
57648
17072
76056
40578
70320
83354
95284
74172
92890
85182
41484
79538
364
49644
30768
66246
67296
99402
73342
83196
95306
3068
37098
94570
18352
46088
12554
58764
96606
99350
9336
38452
17626
68352
35942
42168
430
4658
48414
75178
37756
57072
4556
11854
21166
45738
57970
46034
39044
48412
22476
4362
17716
27288
76350
59416
63820
22528
31290
74034
42628
71520
14352
65816
63264
40166
86854
42270
25692
13374
92914
19942
82204
94804
37306
60970
53914
11588
23894
83206
47358
70450
2320
3244
35740
90692
47656
95762
13692
23694
11390
55572
90260
79804
59768
32090
91102
53136
88850
75942
19938
40220
78208
75520
1960
39428
72022
89858
69858
76200
29344
89644
41678
37086
13620
38526
96386
5404
91960
43262
60968
83098
338
45620
3602
84132
90114
58630
72934
80424
54904
30290
25098
94408
79562
74110
22086
46890
97924
45650
2714
3898
94494
23274
19872
92512
79176
43950
31454
36220
87244
89692
82394
24006
18146
39098
4352
56784
3714
87584
34696
3824
8620
43952
38962
48376
18212
81994
71974
22696
75290
91398
82102
59254
3050
34316
28724
6692
48624
75512
39690
7288
85788
22442
97250
86914
14658
64852
74380
42254
32826
75884
64580
67832
49840
1976
70564
78224
62872
5178
92710
71018
65696
5926
37388
82824
95382
88326
6816
35776
40870
53828
65100
48908
18026
33548
45324
89998
15358
37322
36198
33374
65234
16666
83442
33560
69158
19624
10598
44488
7228
49310
98774
7028
19376
9974
74746
87286
12916
2760
40358
74702
17764
96982
28910
71698
88648
1410
52898
40318
89098
13470
47404
24026
61196
60070
13756
57650
81102
89482
79492
81324
14780
21788
83042
33898
82504
8648
15616
31260
95648
64968
57680
25518
85370
43316
18208
17936
22898
89604
65906
82912
7220
5400
49470
90824
46900
13264
51354
93682
38538
32516
79698
23356
89102
76514
94676
48686
76852
15762
76914
22632
71804
88628
31122
35970
46660
25724
65498
62644
1972
73052
6760
18790
41526
3430
67446
91288
76338
11338
77730
29860
68066
45820
90182
90686
90590
40626
36826
90616
70630
79356
63310
16004
31944
72448
96358
74056
99774
74330
5716
49888
85178
64264
73762
77600
4088
88584
52
24826
76278
45806
2602
32622
91350
37494
20478
11686
84796
87018
44094
2556
51336
70746
52016
15864
96356
51944
71184
26820
72364
19512
65754
58284
85314
62526
96044
44896
79970
93928
36500
43208
28850
13462
21814
27802
10894
16246
96694
34000
91054
39550
31904
38616
70
36590
17338
70520
14668
81530
91392
46324
48372
29060
73396
93786
73908
36012
24822
31664
42240
44362
46646
31644
18086
98014
5256
50666
71248
71808
37074
20326
65686
60580
21572
55344
33102
34786
63890
76440
70490
38756
64660
25580
38570
3936
85164
18116
22072
53372
46826
40948
79746
63120
90970
16466
28650
7838
58720
21434
13026
51286
86852
95232
40724
5650
61738
42396
13362
2472
63326
35924
65534
82426
40630
73694
43540
72090
56396
76334
31246
31474
4700
23090
45166
97252
73520
32874
99604
94874
35124
56096
5080
85442
30726
59894
66392
13630
55496
84982
51504
1890
9426
70914
35034
96078
36564
9654
63672
38276
50712
21364
36690
62488
73520
31742
98664
67072
69850
85682
75678
77516
86310
14520
10704
52558
70440
50394
30546
94616
17424
2942
71358
38640
69684
14978
1308
92594
17388
94526
63006
90500
18846
8662
62850
31632
46788
2226
90304
58902
66320
33462
26940
40102
67888
15844
10868
48102
47626
30552
29780
61774
14980
99008
71794
40574
47614
16202
92482
82756
93294
31474
33612
59808
69244
97734
934
65952
22806
7870
62368
80410
90546
92274
28020
54946
84814
83464
69090
63466
22022
23784
92314
17756
99296
88180
73450
23120
93114
41652
69556
59698
20324
67320
37712
70906
54828
20052
15246
58278
21396
88220
60126
43524
71024
27512
37954
12186
28548
24224
94094
59682
17770
90742
41048
40194
92268
73682
75378
31314
14558
45600
3168
51506
7022
29586
54948
19648
54634
21740
44380
83260
87046
94748
11126
53962
48502
74830
62246
63688
69662
36936
99536
31704
97836
65370
86604
56546
75876
23376
93368
51110
12560
50764
69530
25800
50070
1912
85114
85294
88842
78982
64984
11968
96634
2020
13044
21928
49196
53690
14180
40224
24424
25402
43816
80686
30490
98752
81324
38456
56208
70710
52442
65044
4416
33464
33106
90342
98614
52558
84386
59776
11398
28174
93320
33108
69912
10584
12512
19246
14438
92300
67026
2962
47594
45094
99490
65970
14326
76430
2848
43216
14356
73392
64192
40282
68828
95544
2606
54738
65988
97980
74882
94934
44002
38392
63610
73158
97786
29992
10516
21522
77026
54842
28094
89706
19950
82656
36720
83916
77160
33600
11000
8236
86598
62696
75072
41478
68628
75740
64608
23814
73794
10866
48202
49894
87546
76684
16384
59230
25012
51208
1446
70222
37368
10796
84892
46784
91672
30766
39766
45426
63040
67784
21958
97328
82436
77018
63580
7746
61738
86176
51958
27116
12460
71416
87874
57014
10130
60512
25762
63176
47346
64122
89320
56224
54118
46254
65250
10122
48758
51440
58612
22648
57360
74334
28680
61758
99968
27794
29602
4310
71672
75770
34100
73320
59956
34660
41392
69744
32892
54802
64864
45258
64984
1472
94472
41310
27204
28430
19810
77996
80526
46688
69202
10104
50304
14870
84648
5440
53608
66270
54472
99198
18950
20562
19366
84088
71968
61950
40190
