14
17
20
25
47
51
57
60
61
76
85
91
96
97
126
132
145
154
185
188
197
204
213
217
222
235
237
248
262
274
279
288
289
289
294
305
316
322
342
352
370
370
372
373
380
396
397
412
430
433
450
452
468
472
475
475
476
500
502
505
523
531
533
540
553
567
633
658
679
683
684
685
687
691
691
716
720
721
732
749
752
753
756
759
764
766
773
783
784
804
805
819
823
833
837
845
847
855
868
873
875
882
885
889
890
897
903
910
914
921
926
927
928
940
944
946
948
966
968
968
970
972
972
981
982
990
991
998
1002
1004
1008
1010
1012
1014
1016
1017
1028
1041
1043
1046
1057
1070
1090
1091
1092
1093
1105
1110
1111
1123
1126
1132
1141
1146
1149
1157
1167
1178
1178
1180
1183
1196
1204
1207
1212
1215
1221
1234
1235
1247
1248
1249
1252
1253
1266
1273
1274
1275
1276
1291
1313
1324
1337
1338
1347
1353
1355
1357
1364
1368
1370
1381
1384
1388
1391
1392
1408
1414
1439
1446
1448
1454
1455
1460
1469
1474
1485
1489
1498
1505
1527
1531
1535
1535
1536
1550
1557
1564
1572
1582
1586
1591
1592
1594
1595
1598
1602
1603
1616
1630
1636
1640
1644
1648
1655
1655
1658
1673
1690
1693
1702
1704
1743
1752
1753
1757
1761
1775
1782
1784
1793
1798
1813
1815
1830
1835
1841
1847
1849
1850
1856
1862
1883
1898
1910
1910
1912
1921
1922
1923
1923
1927
1936
1947
1948
1972
1974
1976
1978
1984
1991
1999
2010
2022
2023
2026
2031
2033
2034
2055
2056
2060
2075
2076
2077
2077
2079
2086
2091
2095
2100
2108
2111
2129
2142
2145
2155
2156
2157
2158
2159
2166
2179
2183
2210
2215
2216
2231
2231
2249
2250
2250
2261
2269
2272
2278
2284
2284
2286
2296
2297
2298
2307
2316
2321
2322
2328
2351
2357
2363
2368
2369
2390
2398
2403
2419
2431
2432
2433
2444
2449
2467
2467
2479
2493
2499
2500
2502
2523
2523
2532
2535
2541
2545
2547
2547
2547
2551
2553
2555
2567
2571
2572
2578
2585
2590
2625
2630
2632
2642
2669
2670
2672
2685
2691
2693
2694
2694
2713
2716
2721
2724
2743
2749
2768
2772
2787
2801
2802
2804
2819
2820
2820
2826
2828
2835
2857
2859
2864
2871
2871
2885
2885
2894
2902
2910
2917
2919
2934
2935
2937
2945
2950
2956
2964
2968
2972
2976
2982
2988
2991
3006
3008
3010
3026
3043
3051
3051
3061
3067
3070
3072
3079
3087
3090
3091
3098
3119
3126
3154
3163
3165
3167
3179
3184
3196
3196
3197
3198
3200
3211
3218
3225
3232
3232
3239
3241
3244
3252
3257
3261
3262
3276
3294
3294
3298
3306
3310
3312
3312
3317
3321
3332
3342
3359
3364
3370
3373
3388
3396
3398
3400
3401
3405
3416
3421
3432
3463
3468
3491
3501
3507
3518
3520
3527
3551
3555
3559
3559
3587
3590
3595
3595
3596
3598
3599
3605
3607
3607
3607
3608
3619
3631
3631
3638
3641
3646
3664
3673
3682
3689
3697
3704
3707
3709
3711
3722
3727
3729
3730
3737
3739
3745
3754
3759
3760
3768
3773
3774
3776
3787
3787
3802
3805
3807
3809
3820
3827
3829
3839
3850
3866
3895
3918
3924
3937
3949
3954
3963
3965
3965
3971
3977
3977
3979
3991
3993
3995
3997
4002
4004
4007
4020
4023
4029
4030
4036
4039
4042
4044
4057
4064
4076
4077
4086
4096
4096
4099
4118
4120
4129
4132
4137
4139
4139
4141
4146
4161
4164
4168
4172
4192
4227
4228
4228
4235
4244
4244
4247
4252
4254
4259
4265
4266
4283
4290
4301
4311
4317
4321
4343
4347
4350
4351
4360
4366
4368
4371
4372
4374
4374
4387
4392
4408
4418
4420
4424
4435
4443
4445
4453
4466
4470
4475
4487
4489
4490
4490
4515
4516
4523
4528
4529
4529
4552
4556
4557
4557
4557
4560
4561
4577
4578
4586
4598
4599
4601
4607
4626
4637
4641
4649
4669
4669
4676
4676
4689
4701
4704
4707
4710
4721
4724
4727
4728
4737
4742
4761
4768
4772
4775
4787
4797
4798
4800
4801
4801
4805
4815
4817
4819
4820
4831
4840
4850
4855
4863
4884
4894
4902
4903
4913
4914
4921
4929
4944
4959
4966
4983
4992
4993
5006
5011
5023
5037
5054
5065
5066
5071
5077
5084
5086
5090
5097
5108
5112
5112
5120
5121
5130
5132
5136
5139
5140
5144
5151
5159
5160
5182
5182
5191
5200
5207
5208
5209
5218
5221
5250
5255
5261
5264
5268
5268
5269
5270
5276
5283
5285
5286
5287
5309
5314
5327
5327
5332
5335
5346
5354
5376
5378
5383
5384
5385
5397
5408
5414
5435
5438
5443
5451
5456
5459
5472
5482
5489
5509
5512
5517
5517
5520
5522
5536
5539
5547
5554
5565
5566
5568
5571
5581
5592
5598
5601
5612
5618
5624
5624
5626
5635
5636
5638
5638
5641
5648
5653
5657
5657
5689
5693
5695
5700
5705
5715
5729
5743
5748
5770
5772
5788
5794
5794
5799
5808
5809
5815
5818
5824
5840
5843
5844
5845
5853
5858
5862
5868
5874
5879
5879
5886
5887
5899
5909
5914
5916
5918
5927
5932
5946
5953
5973
5981
5982
5997
6011
6015
6017
6024
6025
6033
6064
6080
6086
6087
6092
6096
6097
6108
6115
6120
6125
6127
6133
6137
6143
6153
6162
6167
6172
6172
6173
6175
6181
6207
6214
6215
6217
6228
6236
6248
6265
6274
6276
6281
6282
6285
6298
6301
6303
6305
6313
6319
6320
6321
6326
6330
6330
6331
6339
6341
6349
6355
6360
6387
6388
6396
6396
6405
6407
6409
6411
6418
6418
6431
6435
6437
6437
6447
6447
6462
6463
6475
6483
6499
6504
6504
6510
6516
6516
6517
6517
6518
6523
6545
6554
6556
6560
6580
6609
6610
6611
6619
6620
6623
6627
6629
6632
6637
6644
6654
6657
6672
6675
6678
6687
6698
6711
6719
6724
6735
6745
6763
6781
6788
6789
6793
6794
6796
6816
6816
6818
6829
6835
6837
6837
6838
6838
6846
6854
6859
6882
6882
6884
6900
6900
6906
6909
6914
6914
6926
6929
6933
6940
6946
6949
6953
6960
6961
6965
6972
6978
6990
6991
6997
7000
7006
7040
7042
7064
7065
7065
7067
7073
7076
7084
7087
7089
7107
7109
7121
7126
7131
7135
7137
7145
7148
7154
7158
7162
7180
7184
7186
7187
7196
7207
7208
7208
7224
7226
7231
7239
7262
7264
7264
7266
7267
7281
7285
7294
7296
7302
7303
7303
7310
7311
7321
7338
7342
7355
7360
7366
7368
7372
7376
7383
7384
7387
7389
7390
7390
7397
7403
7406
7407
7420
7435
7436
7454
7459
7469
7475
7478
7481
7484
7488
7501
7520
7525
7526
7526
7539
7553
7563
7584
7585
7594
7595
7615
7626
7631
7636
7642
7644
7650
7651
7652
7669
7683
7686
7688
7692
7704
7712
7724
7725
7727
7742
7771
7787
7788
7789
7793
7799
7816
7823
7830
7834
7839
7851
7851
7853
7863
7864
7867
7868
7872
7886
7888
7891
7897
7898
7907
7909
7913
7928
7928
7934
7937
7940
7945
7946
7957
7961
7970
7971
7973
7980
7985
7991
7996
8004
8008
8010
8016
8018
8029
8032
8035
8052
8057
8061
8071
8088
8088
8094
8097
8099
8108
8111
8115
8117
8131
8138
8140
8141
8170
8175
8178
8181
8186
8187
8193
8196
8201
8210
8222
8222
8223
8228
8229
8242
8247
8252
8269
8273
8289
8297
8307
8308
8308
8326
8332
8334
8338
8338
8340
8359
8362
8366
8370
8374
8405
8406
8413
8417
8424
8425
8428
8439
8448
8451
8476
8484
8484
8491
8496
8497
8498
8508
8522
8535
8539
8547
8549
8555
8586
8590
8593
8595
8596
8612
8621
8621
8624
8627
8627
8630
8637
8638
8641
8643
8649
8652
8655
8655
8670
8680
8682
8683
8697
8700
8705
8708
8726
8729
8730
8730
8751
8753
8771
8772
8772
8775
8777
8778
8779
8782
8788
8804
8808
8823
8833
8838
8860
8861
8866
8868
8881
8896
8896
8898
8902
8903
8918
8933
8935
8947
8965
8968
8982
8984
8986
8993
8998
9002
9008
9012
9014
9059
9067
9073
9076
9080
9083
9100
9102
9105
9107
9113
9125
9128
9136
9139
9146
9146
9167
9168
9169
9176
9178
9179
9199
9208
9215
9221
9225
9227
9230
9231
9233
9257
9262
9269
9286
9288
9292
9295
9302
9347
9363
9367
9368
9371
9382
9389
9392
9392
9394
9394
9400
9410
9414
9415
9418
9431
9441
9444
9454
9462
9463
9464
9467
9480
9483
9487
9487
9490
9496
9501
9502
9531
9536
9545
9547
9550
9559
9568
9578
9578
9582
9582
9584
9597
9604
9614
9631
9652
9658
9659
9664
9674
9676
9677
9677
9677
9682
9685
9686
9687
9701
9709
9712
9723
9729
9736
9736
9756
9757
9760
9764
9765
9765
9768
9768
9770
9772
9777
9792
9794
9802
9817
9825
9833
9841
9850
9853
9859
9860
9897
9902
9906
9909
9911
9912
9918
9933
9942
9959
9972
9976
9994
