1
1
4
5
15
19
19
20
27
27
31
33
36
42
43
45
47
49
54
56
61
66
70
73
74
76
79
80
81
83
85
87
94
95
101
103
104
105
109
113
114
114
118
118
118
120
123
124
129
129
131
131
134
134
136
140
145
148
152
154
155
155
159
161
162
167
170
171
173
181
186
186
187
192
193
195
195
196
199
200
200
200
204
206
207
208
208
209
214
214
214
219
233
234
240
241
245
251
256
267
275
276
284
286
308
312
312
313
314
315
317
338
341
343
349
350
353
356
360
362
364
367
370
371
377
379
382
387
389
391
395
399
399
406
414
417
417
420
423
428
431
432
441
442
442
443
444
444
445
446
446
449
451
451
460
461
463
465
469
469
472
475
477
478
478
483
486
487
494
495
501
506
514
516
518
520
525
526
526
526
527
531
555
555
556
558
558
563
564
566
567
569
570
576
581
586
596
600
601
602
610
612
612
613
615
617
619
622
628
634
639
641
643
646
647
650
651
651
659
659
662
662
669
675
684
684
685
690
699
701
703
705
706
706
707
712
713
715
724
725
731
731
733
735
738
740
742
745
752
764
764
769
774
775
778
791
791
795
801
811
820
827
831
832
833
837
840
841
848
848
852
859
862
876
885
886
893
895
912
915
917
921
921
924
925
925
926
927
931
939
948
952
953
953
954
955
955
956
957
957
965
965
970
970
973
973
974
974
986
986
987
988
989
995
995
1002
1003
1007
1011
1019
1020
1024
1029
1033
1043
1044
1047
1050
1054
1055
1056
1058
1067
1071
1072
1073
1073
1082
1082
1083
1084
1087
1089
1092
1097
1106
1108
1112
1116
1120
1121
1123
1124
1124
1132
1132
1133
1135
1136
1139
1142
1145
1145
1151
1151
1157
1164
1168
1168
1174
1181
1183
1184
1190
1193
1194
1198
1200
1201
1206
1212
1213
1219
1220
1224
1230
1232
1236
1243
1248
1252
1254
1256
1262
1268
1273
1279
1288
1291
1293
1295
1295
1296
1297
1303
1304
1305
1308
1308
1309
1309
1310
1318
1319
1323
1326
1328
1331
1335
1338
1339
1344
1345
1346
1348
1354
1354
1359
1362
1367
1369
1369
1369
1375
1375
1376
1377
1377
1379
1380
1381
1385
1386
1388
1390
1392
1401
1403
1405
1405
1408
1409
1409
1410
1415
1416
1417
1421
1423
1424
1439
1441
1443
1449
1455
1458
1463
1464
1465
1467
1473
1475
1480
1481
1482
1485
1495
1496
1498
1499
1505
1506
1515
1516
1524
1525
1525
1530
1531
1531
1535
1537
1545
1558
1558
1561
1565
1570
1576
1584
1587
1592
1594
1595
1596
1600
1600
1608
1611
1615
1619
1622
1624
1625
1631
1634
1637
1639
1641
1642
1642
1643
1653
1654
1655
1657
1658
1660
1663
1664
1667
1670
1673
1674
1688
1693
1696
1698
1700
1700
1701
1701
1705
1706
1709
1714
1716
1719
1728
1730
1732
1735
1740
1744
1753
1761
1764
1770
1773
1774
1783
1793
1795
1801
1804
1807
1807
1815
1819
1823
1824
1828
1834
1835
1836
1844
1846
1846
1847
1855
1860
1862
1873
1875
1876
1888
1890
1891
1894
1898
1898
1900
1908
1908
1913
1916
1920
1922
1926
1927
1929
1934
1935
1935
1943
1944
1949
1954
1954
1964
1970
1974
1981
1981
1984
1991
1992
2000
2002
2009
2012
2014
2017
2017
2020
2021
2032
2038
2040
2041
2044
2052
2053
2054
2056
2061
2065
2066
2073
2076
2080
2084
2088
2093
2094
2095
2096
2100
2106
2118
2121
2121
2123
2124
2126
2131
2131
2134
2145
2149
2153
2154
2155
2156
2157
2157
2160
2160
2164
2171
2173
2177
2180
2183
2184
2193
2194
2197
2209
2209
2214
2219
2220
2222
2228
2231
2235
2240
2244
2246
2247
2253
2254
2256
2257
2262
2265
2267
2271
2277
2279
2286
2292
2299
2299
2300
2304
2306
2309
2309
2312
2317
2320
2327
2327
2327
2328
2329
2331
2337
2339
2342
2342
2343
2360
2364
2365
2369
2374
2376
2383
2390
2396
2396
2399
2401
2404
2407
2407
2410
2417
2418
2422
2424
2428
2429
2432
2434
2437
2443
2444
2449
2452
2453
2453
2457
2461
2464
2466
2470
2474
2475
2475
2475
2477
2478
2480
2481
2483
2497
2503
2506
2509
2511
2513
2513
2524
2532
2532
2539
2540
2553
2558
2568
2568
2575
2576
2576
2581
2588
2594
2594
2596
2596
2596
2599
2607
2607
2608
2612
2613
2613
2624
2624
2631
2631
2647
2651
2655
2655
2660
2662
2676
2686
2691
2691
2697
2700
2702
2709
2712
2714
2719
2724
2727
2728
2746
2749
2753
2754
2755
2758
2760
2761
2761
2766
2773
2777
2777
2779
2779
2780
2780
2784
2785
2787
2787
2789
2789
2800
2801
2802
2802
2804
2805
2811
2817
2821
2823
2849
2851
2853
2853
2855
2862
2862
2863
2864
2865
2865
2870
2872
2872
2874
2877
2878
2878
2879
2881
2883
2890
2891
2900
2901
2902
2908
2911
2914
2914
2920
2922
2923
2932
2932
2938
2948
2948
2949
2956
2958
2958
2973
2982
2984
2984
2993
2994
2995
2997
3003
3006
3010
3022
3025
3026
3029
3030
3032
3034
3041
3042
3049
3054
3055
3055
3056
3056
3056
3056
3057
3064
3070
3071
3074
3076
3080
3085
3091
3092
3093
3107
3112
3121
3123
3127
3128
3132
3136
3137
3141
3143
3148
3149
3150
3155
3155
3157
3159
3159
3162
3164
3165
3178
3182
3183
3185
3185
3187
3193
3206
3211
3212
3215
3216
3216
3216
3219
3219
3220
3222
3228
3229
3235
3235
3235
3242
3244
3244
3249
3259
3272
3275
3275
3277
3281
3291
3295
3297
3298
3301
3314
3317
3318
3323
3325
3336
3337
3339
3339
3340
3341
3345
3349
3349
3353
3355
3360
3363
3366
3370
3373
3376
3378
3378
3382
3387
3389
3395
3398
3401
3402
3406
3412
3414
3418
3419
3419
3430
3444
3452
3454
3457
3465
3465
3466
3471
3476
3476
3476
3477
3480
3482
3484
3486
3488
3491
3497
3500
3503
3504
3515
3517
3519
3527
3530
3533
3533
3534
3536
3543
3544
3545
3545
3553
3553
3554
3561
3565
3566
3566
3571
3572
3574
3577
3579
3581
3581
3583
3583
3586
3588
3588
3592
3594
3598
3601
3604
3606
3607
3608
3609
3613
3613
3618
3618
3618
3619
3620
3622
3622
3629
3630
3632
3632
3633
3634
3634
3634
3637
3641
3642
3643
3644
3645
3652
3658
3665
3665
3668
3668
3670
3676
3678
3680
3684
3685
3686
3690
3690
3691
3700
3702
3704
3707
3710
3710
3711
3714
3716
3721
3726
3731
3731
3733
3733
3743
3745
3755
3756
3758
3775
3776
3784
3784
3784
3787
3787
3788
3790
3796
3798
3800
3802
3805
3808
3817
3820
3826
3829
3834
3841
3851
3851
3859
3869
3878
3879
3890
3891
3895
3900
3903
3906
3908
3910
3912
3914
3914
3925
3929
3935
3936
3936
3947
3954
3973
3982
3983
3985
3985
3989
3992
3994
3998
4003
4007
4011
4012
4018
4019
4025
4028
4028
4034
4035
4036
4036
4044
4046
4051
4053
4054
4070
4071
4071
4073
4081
4086
4086
4087
4092
4096
4096
4098
4102
4111
4120
4123
4127
4128
4133
4137
4138
4138
4148
4150
4157
4160
4164
4166
4167
4167
4178
4197
4206
4212
4216
4216
4223
4224
4227
4231
4232
4233
4244
4246
4246
4256
4260
4271
4273
4273
4291
4293
4301
4303
4305
4311
4312
4313
4326
4328
4343
4344
4344
4349
4349
4350
4363
4369
4374
4375
4379
4382
4382
4387
4391
4395
4403
4404
4412
4415
4416
4418
4420
4422
4422
4424
4425
4426
4442
4445
4447
4451
4454
4456
4459
4465
4466
4470
4473
4475
4478
4479
4479
4485
4486
4487
4492
4498
4499
4507
4510
4511
4513
4529
4529
4539
4540
4542
4544
4554
4559
4564
4564
4567
4575
4576
4577
4598
4598
4599
4599
4601
4602
4604
4608
4611
4612
4616
4618
4623
4625
4633
4634
4635
4637
4638
4638
4647
4650
4655
4659
4662
4664
4672
4674
4681
4682
4688
4690
4691
4692
4692
4698
4698
4703
4706
4714
4715
4716
4717
4718
4724
4728
4729
4730
4732
4734
4737
4745
4750
4755
4756
4762
4766
4775
4775
4781
4788
4795
4796
4797
4799
4804
4807
4811
4811
4812
4813
4814
4817
4817
4822
4823
4830
4830
4831
4832
4833
4834
4834
4835
4835
4835
4843
4844
4844
4846
4846
4850
4850
4852
4859
4859
4859
4862
4875
4875
4882
4900
4901
4903
4905
4907
4909
4911
4912
4915
4915
4917
4919
4921
4921
4931
4934
4943
4945
4948
4948
4950
4955
4960
4965
4966
4967
4971
4976
4987
4987
5009
5013
5015
5016
5019
5019
5027
5036
5043
5043
5043
5045
5046
5048
5052
5054
5055
5055
5060
5060
5063
5065
5068
5071
5076
5080
5081
5081
5086
5092
5092
5095
5096
5099
5101
5101
5103
5113
5115
5115
5117
5121
5121
5122
5123
5123
5131
5133
5135
5138
5149
5149
5150
5151
5151
5155
5161
5165
5166
5168
5170
5173
5174
5174
5176
5176
5177
5183
5189
5191
5194
5195
5199
5201
5204
5206
5210
5210
5213
5218
5218
5219
5220
5221
5234
5240
5246
5249
5252
5256
5257
5260
5260
5261
5262
5263
5267
5270
5275
5283
5288
5302
5313
5314
5318
5319
5320
5320
5324
5327
5329
5329
5333
5335
5335
5349
5354
5355
5362
5366
5369
5376
5376
5377
5378
5382
5386
5387
5397
5399
5405
5408
5415
5426
5441
5442
5443
5444
5446
5450
5453
5454
5457
5461
5462
5463
5465
5468
5471
5471
5472
5479
5487
5490
5491
5493
5493
5495
5496
5498
5499
5499
5502
5509
5511
5529
5540
5542
5548
5554
5558
5558
5559
5560
5567
5569
5581
5581
5584
5584
5586
5587
5590
5592
5598
5602
5607
5609
5612
5619
5620
5625
5627
5633
5633
5634
5634
5647
5649
5649
5650
5653
5654
5655
5655
5657
5658
5660
5660
5662
5662
5665
5666
5672
5673
5675
5676
5678
5691
5693
5698
5713
5716
5717
5719
5724
5724
5724
5729
5732
5733
5740
5740
5741
5743
5744
5745
5747
5753
5754
5759
5760
5763
5764
5770
5771
5774
5775
5778
5786
5786
5788
5789
5792
5794
5795
5796
5797
5799
5803
5804
5805
5813
5813
5813
5814
5817
5819
5821
5828
5830
5830
5844
5849
5853
5863
5868
5870
5879
5881
5890
5894
5894
5896
5896
5897
5899
5910
5919
5923
5927
5929
5930
5939
5944
5948
5952
5954
5959
5960
5966
5967
5968
5970
5970
5971
5983
5986
5989
5989
5992
5993
5994
5994
5994
6002
6003
6005
6008
6014
6014
6017
6018
6020
6020
6022
6025
6026
6030
6035
6042
6044
6044
6044
6045
6045
6051
6053
6055
6061
6063
6063
6065
6067
6070
6072
6078
6078
6080
6086
6091
6092
6094
6101
6102
6113
6116
6117
6120
6127
6128
6132
6132
6132
6135
6140
6144
6145
6148
6149
6152
6161
6162
6166
6179
6185
6189
6199
6203
6208
6208
6209
6214
6218
6219
6221
6224
6226
6229
6231
6237
6245
6248
6253
6258
6260
6267
6268
6268
6271
6273
6273
6273
6274
6277
6282
6284
6285
6287
6295
6298
6299
6301
6301
6302
6303
6311
6312
6316
6318
6320
6331
6336
6341
6341
6341
6351
6351
6352
6360
6361
6362
6367
6368
6372
6374
6379
6379
6385
6385
6386
6390
6390
6390
6391
6392
6403
6410
6410
6415
6415
6418
6420
6426
6428
6429
6434
6436
6437
6439
6440
6440
6443
6445
6451
6453
6457
6467
6468
6470
6472
6474
6474
6484
6488
6491
6493
6495
6495
6497
6500
6514
6517
6517
6520
6521
6521
6523
6525
6526
6531
6533
6537
6544
6548
6552
6557
6562
6563
6566
6569
6573
6573
6574
6578
6581
6582
6583
6583
6585
6586
6588
6594
6599
6604
6607
6607
6613
6614
6618
6620
6625
6626
6629
6633
6634
6635
6639
6640
6645
6649
6658
6658
6659
6666
6666
6666
6667
6668
6668
6672
6672
6683
6684
6688
6713
6714
6719
6721
6726
6727
6727
6737
6746
6747
6750
6750
6751
6771
6773
6776
6777
6780
6782
6783
6789
6791
6803
6806
6811
6813
6817
6823
6825
6826
6830
6832
6836
6843
6855
6870
6871
6876
6877
6877
6880
6885
6885
6888
6891
6897
6899
6904
6904
6909
6924
6929
6930
6932
6938
6942
6942
6945
6946
6947
6961
6961
6961
6962
6971
6973
6977
6981
6986
6990
6991
6993
6994
6994
6997
7004
7008
7011
7012
7012
7016
7016
7021
7024
7025
7027
7027
7029
7035
7036
7041
7045
7045
7046
7050
7051
7051
7052
7054
7064
7068
7070
7072
7077
7082
7093
7094
7095
7097
7106
7108
7110
7110
7113
7118
7118
7125
7139
7144
7149
7150
7151
7155
7157
7161
7168
7175
7185
7197
7201
7205
7206
7211
7212
7213
7215
7216
7217
7218
7219
7235
7238
7240
7242
7245
7249
7251
7252
7260
7267
7268
7271
7272
7274
7277
7284
7285
7287
7294
7294
7297
7300
7303
7306
7327
7328
7336
7337
7338
7339
7346
7347
7352
7357
7362
7364
7367
7368
7380
7380
7383
7384
7387
7388
7389
7390
7393
7396
7396
7400
7403
7409
7410
7416
7417
7420
7425
7430
7431
7435
7435
7442
7443
7451
7455
7457
7457
7458
7461
7464
7464
7465
7466
7467
7467
7469
7471
7479
7481
7488
7490
7491
7492
7492
7500
7504
7506
7507
7508
7509
7517
7522
7530
7537
7540
7542
7543
7563
7563
7570
7573
7577
7578
7583
7590
7591
7603
7603
7604
7606
7610
7622
7630
7644
7645
7646
7650
7651
7652
7652
7658
7659
7667
7670
7672
7672
7673
7674
7675
7678
7679
7696
7697
7697
7698
7698
7704
7707
7716
7722
7724
7726
7736
7738
7741
7749
7749
7749
7750
7752
7761
7763
7764
7766
7769
7769
7770
7775
7778
7781
7789
7789
7790
7792
7799
7799
7800
7803
7805
7813
7814
7816
7821
7827
7835
7836
7836
7837
7837
7837
7838
7843
7844
7856
7863
7874
7881
7882
7883
7885
7888
7892
7894
7896
7898
7908
7908
7912
7912
7913
7915
7915
7917
7919
7919
7929
7938
7939
7950
7951
7951
7952
7957
7959
7960
7963
7967
7970
7973
7975
7977
7977
7979
7982
7986
7990
7990
8001
8004
8006
8007
8011
8012
8012
8016
8020
8021
8026
8027
8033
8033
8035
8043
8045
8052
8054
8057
8068
8071
8075
8079
8082
8090
8091
8104
8108
8123
8124
8125
8126
8128
8129
8133
8133
8135
8137
8143
8144
8149
8149
8152
8154
8165
8166
8167
8169
8173
8175
8181
8181
8184
8186
8186
8189
8200
8202
8211
8213
8219
8220
8222
8223
8227
8227
8233
8234
8239
8239
8242
8242
8246
8247
8259
8269
8275
8275
8276
8278
8289
8289
8289
8296
8299
8304
8305
8305
8312
8314
8315
8317
8318
8319
8320
8322
8324
8327
8332
8333
8339
8343
8346
8347
8349
8351
8357
8360
8365
8365
8366
8366
8367
8367
8381
8381
8386
8387
8388
8389
8391
8393
8401
8402
8403
8405
8413
8415
8426
8428
8433
8435
8442
8445
8449
8452
8461
8465
8469
8476
8478
8479
8480
8480
8483
8483
8490
8496
8500
8503
8504
8505
8507
8507
8511
8526
8528
8531
8533
8534
8535
8539
8540
8540
8541
8542
8546
8546
8546
8548
8548
8551
8553
8555
8559
8562
8568
8570
8572
8574
8576
8578
8583
8584
8591
8595
8601
8604
8608
8609
8610
8617
8619
8630
8633
8635
8663
8666
8674
8679
8679
8679
8685
8686
8690
8700
8716
8721
8722
8726
8741
8741
8741
8743
8752
8753
8754
8760
8761
8774
8776
8781
8782
8783
8787
8788
8790
8791
8795
8804
8808
8809
8810
8812
8814
8821
8822
8823
8825
8827
8828
8833
8834
8849
8850
8851
8851
8852
8857
8857
8858
8858
8864
8864
8865
8868
8874
8874
8879
8884
8888
8891
8891
8897
8898
8898
8901
8909
8914
8915
8918
8918
8920
8920
8922
8924
8929
8931
8934
8936
8937
8941
8942
8943
8945
8950
8951
8955
8960
8966
8967
8968
8969
8970
8974
8975
8978
8979
8980
8983
8985
8991
8992
8994
9010
9014
9018
9019
9020
9021
9023
9024
9024
9029
9037
9039
9043
9043
9045
9046
9054
9057
9058
9060
9060
9066
9068
9070
9070
9076
9082
9084
9085
9089
9091
9093
9093
9094
9096
9098
9105
9107
9108
9116
9127
9128
9130
9132
9133
9142
9146
9149
9151
9153
9159
9163
9167
9168
9170
9171
9172
9172
9174
9179
9180
9181
9197
9198
9201
9201
9205
9205
9205
9212
9218
9223
9225
9227
9231
9251
9252
9254
9264
9273
9280
9280
9281
9282
9290
9298
9299
9300
9300
9301
9302
9303
9311
9316
9319
9321
9321
9324
9325
9335
9336
9339
9347
9352
9363
9364
9366
9373
9374
9381
9384
9389
9393
9393
9398
9398
9400
9405
9410
9413
9423
9425
9425
9426
9432
9436
9441
9442
9442
9442
9443
9445
9445
9452
9456
9466
9467
9480
9485
9491
9491
9495
9497
9497
9503
9514
9515
9516
9517
9518
9519
9528
9528
9543
9544
9546
9551
9554
9555
9555
9558
9564
9565
9566
9566
9568
9568
9568
9573
9588
9590
9593
9598
9602
9603
9606
9609
9611
9613
9621
9627
9629
9631
9633
9640
9646
9650
9654
9654
9655
9658
9658
9662
9663
9670
9670
9675
9677
9681
9686
9690
9690
9699
9699
9721
9735
9738
9743
9746
9749
9753
9754
9757
9762
9763
9765
9768
9769
9774
9776
9780
9783
9785
9786
9787
9787
9793
9795
9803
9810
9813
9813
9816
9822
9823
9823
9824
9825
9825
9828
9836
9841
9848
9852
9852
9867
9880
9881
9884
9886
9886
9886
9887
9889
9893
9894
9895
9903
9908
9909
9911
9911
9914
9924
9925
9926
9932
9938
9941
9941
9943
9944
9950
9950
9951
9951
9954
9954
9954
9961
9963
9965
9968
9972
9972
9976
9976
9978
9980
9990
9990
9991
9997
