3
4
5
7
10
14
14
15
17
17
18
20
21
22
22
23
24
25
25
26
27
31
31
32
33
39
39
47
47
47
48
48
49
51
51
54
57
57
58
59
60
61
61
63
64
66
67
72
75
76
76
77
77
81
82
83
83
83
85
88
90
91
91
94
95
95
96
97
97
101
102
102
102
106
107
107
107
108
108
110
111
111
116
118
119
119
121
125
126
130
131
131
131
132
132
136
139
142
143
145
145
148
150
151
152
152
152
154
154
154
155
156
157
158
160
160
163
172
173
175
178
180
184
185
185
186
188
188
188
189
190
191
191
197
199
200
200
204
205
206
207
213
216
217
217
220
221
222
223
224
224
226
227
228
234
235
235
237
238
239
240
241
246
248
249
251
252
252
253
253
257
258
259
259
262
262
264
264
270
274
274
277
279
281
281
284
286
287
288
289
289
290
290
290
294
294
295
300
302
303
305
305
307
307
311
312
313
314
316
316
317
321
322
323
323
325
326
328
330
332
335
336
337
338
339
340
340
342
342
343
344
346
346
351
351
352
355
356
356
356
357
364
365
370
370
370
372
373
373
373
377
378
379
380
381
381
383
388
390
390
394
394
395
396
397
398
399
403
405
405
409
409
410
411
411
412
412
413
413
414
417
419
421
425
425
426
427
429
430
433
433
434
434
434
435
437
438
439
441
441
443
443
446
446
449
449
450
451
451
452
452
458
458
459
459
461
462
466
467
468
469
472
472
472
472
472
473
475
475
475
475
476
477
479
480
480
483
483
484
485
485
492
492
492
494
497
498
498
499
500
501
502
502
502
504
505
508
511
512
512
517
518
519
522
523
523
524
531
532
533
536
540
540
541
541
542
545
546
548
549
551
552
553
553
553
554
555
557
558
559
561
563
564
564
565
567
568
569
572
573
573
575
576
577
577
577
578
578
578
579
589
592
592
594
596
596
596
598
598
599
601
602
603
611
611
613
613
614
616
619
620
623
623
624
624
625
627
629
629
633
633
635
636
637
640
643
643
647
649
652
653
657
658
659
661
665
666
668
669
671
672
676
678
678
679
680
680
681
683
683
684
685
687
689
689
689
691
691
691
691
694
696
696
697
698
702
702
703
705
705
706
707
707
708
709
709
709
712
713
714
715
716
717
718
720
720
721
724
725
727
730
731
732
733
733
734
736
737
739
739
741
746
746
747
747
748
749
749
752
753
753
755
756
759
759
762
763
764
764
766
768
771
771
772
773
773
778
779
779
781
783
784
785
785
789
791
792
793
796
797
797
797
797
804
805
805
805
808
809
810
811
812
812
815
816
817
819
819
821
821
821
822
822
823
823
826
826
828
829
829
830
832
833
833
834
837
842
844
845
846
847
851
853
854
855
855
859
860
861
865
865
867
868
868
873
875
876
876
877
878
878
880
881
882
882
884
884
885
887
889
890
895
896
896
896
897
900
903
904
906
907
908
908
909
910
912
912
913
914
917
918
918
921
923
924
924
926
926
927
928
933
935
939
940
940
943
944
945
946
947
948
948
949
952
953
953
955
955
958
958
958
960
961
961
962
964
966
966
967
968
968
968
970
971
971
972
972
972
979
979
981
981
981
982
984
987
987
990
990
991
991
992
992
994
997
998
999
999
999
1002
1002
1002
1004
1004
1005
1008
1010
1011
1012
1012
1012
1013
1014
1014
1014
1014
1015
1015
1016
1017
1020
1020
1025
1027
1028
1029
1029
1030
1036
1039
1039
1041
1041
1043
1043
1043
1046
1047
1049
1049
1051
1051
1052
1052
1052
1052
1053
1056
1057
1063
1064
1064
1066
1068
1069
1069
1070
1070
1071
1073
1073
1076
1078
1081
1082
1086
1086
1086
1089
1090
1090
1090
1091
1092
1092
1093
1093
1093
1093
1094
1095
1097
1098
1099
1100
1101
1101
1102
1103
1105
1106
1106
1108
1108
1109
1110
1110
1111
1114
1115
1123
1123
1126
1127
1128
1130
1132
1132
1133
1134
1138
1141
1142
1143
1143
1144
1144
1146
1146
1148
1149
1149
1151
1152
1156
1157
1159
1160
1162
1162
1162
1164
1165
1167
1175
1175
1176
1177
1177
1178
1178
1180
1182
1183
1186
1187
1192
1195
1196
1196
1196
1197
1197
1198
1198
1199
1199
1201
1201
1204
1204
1205
1207
1207
1208
1210
1212
1215
1216
1217
1221
1222
1223
1224
1227
1227
1229
1232
1233
1234
1234
1235
1236
1237
1237
1242
1243
1244
1246
1246
1247
1248
1249
1249
1252
1253
1254
1256
1258
1259
1261
1262
1263
1265
1266
1266
1267
1267
1269
1269
1271
1272
1273
1274
1274
1275
1275
1276
1276
1277
1277
1280
1281
1283
1288
1290
1291
1293
1296
1297
1298
1298
1301
1305
1307
1307
1308
1309
1312
1313
1313
1314
1314
1317
1317
1317
1322
1322
1324
1324
1325
1329
1331
1334
1334
1335
1336
1337
1337
1338
1338
1338
1338
1338
1338
1342
1344
1344
1346
1347
1348
1349
1353
1354
1355
1355
1357
1359
1362
1363
1364
1367
1368
1368
1370
1370
1373
1374
1374
1376
1377
1379
1381
1381
1381
1381
1382
1384
1385
1385
1386
1388
1388
1391
1391
1391
1392
1392
1393
1395
1395
1397
1397
1399
1400
1402
1403
1404
1404
1404
1405
1405
1406
1408
1408
1410
1414
1416
1421
1421
1421
1422
1422
1422
1423
1423
1425
1425
1426
1426
1427
1427
1431
1435
1435
1436
1439
1441
1444
1445
1445
1446
1446
1448
1453
1454
1454
1454
1455
1456
1459
1460
1469
1469
1471
1471
1472
1472
1473
1474
1474
1474
1474
1475
1475
1476
1477
1478
1478
1479
1481
1484
1485
1489
1490
1491
1493
1493
1498
1498
1500
1505
1513
1517
1517
1518
1519
1522
1523
1526
1527
1528
1531
1532
1535
1535
1535
1535
1536
1538
1538
1540
1540
1541
1543
1546
1546
1549
1550
1551
1556
1557
1557
1558
1559
1561
1564
1564
1564
1569
1572
1573
1573
1575
1576
1578
1578
1582
1582
1586
1586
1589
1591
1592
1593
1594
1595
1597
1597
1598
1598
1598
1602
1603
1603
1603
1604
1604
1604
1605
1606
1609
1609
1610
1611
1612
1613
1616
1616
1617
1618
1622
1624
1625
1628
1630
1630
1631
1632
1633
1634
1635
1636
1636
1637
1640
1641
1642
1644
1644
1645
1645
1646
1648
1649
1650
1650
1653
1655
1655
1655
1658
1658
1662
1664
1666
1669
1670
1671
1672
1673
1673
1679
1681
1682
1687
1690
1691
1693
1696
1696
1696
1697
1699
1699
1699
1702
1703
1704
1704
1705
1705
1707
1710
1715
1719
1720
1725
1726
1727
1728
1730
1731
1735
1741
1741
1743
1743
1745
1745
1747
1752
1753
1755
1757
1758
1758
1759
1761
1766
1769
1769
1771
1773
1775
1776
1776
1778
1778
1780
1782
1782
1783
1783
1784
1785
1787
1789
1789
1790
1790
1793
1793
1794
1794
1795
1797
1798
1798
1799
1799
1805
1809
1809
1809
1809
1809
1810
1812
1813
1814
1815
1816
1816
1818
1819
1820
1823
1824
1824
1825
1828
1830
1834
1835
1836
1836
1836
1837
1838
1838
1839
1840
1841
1843
1845
1845
1847
1849
1850
1850
1854
1856
1856
1856
1856
1857
1857
1861
1861
1862
1863
1865
1866
1866
1867
1871
1871
1875
1876
1877
1877
1880
1881
1883
1883
1887
1888
1889
1889
1893
1894
1896
1896
1898
1899
1899
1901
1903
1905
1907
1910
1910
1912
1912
1913
1915
1916
1916
1917
1921
1921
1922
1922
1922
1923
1923
1924
1925
1927
1928
1932
1933
1935
1936
1936
1938
1939
1940
1942
1943
1945
1946
1947
1948
1948
1950
1951
1953
1956
1956
1957
1959
1962
1963
1964
1968
1971
1972
1974
1974
1976
1978
1978
1979
1980
1980
1981
1982
1982
1984
1984
1986
1991
1991
1992
1999
1999
2001
2001
2002
2002
2005
2005
2008
2008
2009
2010
2011
2013
2013
2014
2015
2015
2017
2019
2022
2022
2022
2023
2026
2027
2027
2030
2030
2031
2031
2032
2032
2033
2034
2036
2039
2046
2046
2047
2048
2049
2051
2053
2055
2056
2056
2057
2057
2058
2059
2060
2061
2062
2064
2068
2068
2070
2070
2073
2074
2075
2076
2076
2077
2077
2079
2082
2084
2086
2089
2089
2090
2091
2093
2095
2097
2097
2100
2101
2101
2102
2106
2107
2107
2108
2109
2111
2111
2111
2115
2116
2117
2122
2123
2127
2129
2132
2134
2135
2135
2139
2141
2142
2143
2145
2146
2148
2148
2149
2151
2152
2153
2154
2155
2156
2156
2157
2157
2158
2159
2160
2163
2166
2166
2168
2169
2171
2172
2172
2172
2173
2173
2174
2174
2175
2176
2177
2177
2178
2178
2179
2180
2180
2181
2182
2183
2187
2187
2189
2193
2196
2196
2197
2200
2204
2206
2210
2210
2210
2210
2212
2215
2215
2215
2216
2217
2220
2223
2224
2228
2231
2231
2231
2233
2234
2234
2235
2237
2239
2241
2241
2242
2242
2244
2244
2244
2245
2246
2247
2249
2249
2250
2250
2252
2255
2257
2258
2259
2260
2261
2261
2267
2268
2269
2270
2271
2272
2275
2276
2277
2277
2278
2279
2279
2280
2284
2284
2286
2286
2287
2290
2293
2295
2296
2297
2298
2301
2301
2303
2304
2306
2307
2307
2307
2308
2310
2313
2314
2316
2316
2321
2321
2321
2322
2326
2328
2330
2330
2332
2333
2334
2343
2346
2346
2348
2348
2348
2349
2349
2351
2353
2353
2357
2357
2357
2358
2359
2361
2361
2363
2368
2369
2369
2369
2371
2372
2372
2374
2375
2376
2378
2381
2382
2384
2388
2388
2388
2390
2390
2390
2393
2398
2399
2403
2406
2411
2411
2413
2414
2415
2417
2418
2419
2419
2421
2426
2427
2429
2431
2432
2433
2435
2436
2438
2439
2441
2443
2443
2444
2445
2447
2447
2449
2450
2451
2454
2456
2458
2458
2458
2458
2459
2460
2460
2461
2462
2463
2464
2467
2467
2467
2470
2470
2473
2473
2479
2480
2481
2484
2485
2485
2485
2486
2486
2487
2490
2491
2491
2493
2493
2494
2495
2496
2497
2499
2500
2500
2501
2502
2502
2504
2504
2505
2506
2506
2508
2511
2512
2513
2520
2520
2521
2523
2523
2523
2525
2526
2530
2530
2531
2531
2532
2533
2533
2534
2535
2535
2537
2541
2544
2545
2545
2546
2547
2547
2547
2547
2550
2551
2551
2552
2553
2553
2554
2555
2556
2561
2561
2561
2561
2562
2565
2567
2569
2570
2570
2571
2571
2571
2572
2572
2573
2573
2573
2573
2574
2576
2577
2578
2579
2579
2581
2583
2585
2585
2589
2590
2591
2593
2602
2604
2607
2608
2610
2610
2610
2611
2612
2613
2615
2615
2618
2620
2623
2625
2626
2627
2627
2629
2630
2630
2630
2630
2632
2634
2634
2635
2636
2637
2639
2639
2639
2642
2642
2644
2645
2645
2645
2646
2647
2649
2650
2650
2651
2652
2653
2659
2663
2667
2668
2669
2670
2671
2672
2674
2678
2679
2679
2679
2682
2683
2685
2685
2685
2686
2686
2688
2690
2691
2691
2692
2693
2694
2694
2695
2698
2698
2698
2700
2703
2708
2709
2710
2711
2711
2713
2713
2716
2716
2716
2719
2721
2723
2724
2725
2726
2727
2728
2730
2734
2734
2734
2737
2737
2739
2740
2741
2743
2744
2744
2745
2748
2749
2749
2751
2752
2752
2752
2752
2759
2760
2762
2763
2763
2764
2765
2767
2768
2768
2769
2770
2770
2772
2772
2773
2777
2783
2783
2783
2785
2785
2786
2787
2788
2788
2788
2789
2789
2789
2795
2796
2798
2799
2801
2802
2802
2803
2804
2812
2815
2817
2817
2819
2819
2819
2820
2820
2820
2822
2822
2823
2824
2825
2826
2826
2826
2827
2828
2831
2834
2835
2840
2840
2841
2841
2847
2847
2848
2849
2849
2849
2850
2852
2854
2854
2856
2856
2857
2858
2859
2859
2860
2860
2860
2863
2864
2866
2866
2868
2869
2869
2871
2871
2872
2872
2873
2874
2874
2875
2876
2880
2881
2885
2885
2886
2886
2887
2889
2889
2890
2891
2894
2895
2896
2898
2898
2898
2900
2902
2903
2906
2907
2907
2909
2909
2909
2910
2911
2914
2917
2917
2919
2919
2920
2925
2925
2928
2928
2928
2931
2931
2931
2932
2932
2934
2935
2935
2937
2939
2939
2943
2945
2945
2945
2945
2948
2950
2951
2952
2952
2952
2956
2957
2958
2963
2964
2964
2965
2966
2967
2968
2968
2968
2970
2971
2972
2974
2975
2976
2976
2977
2977
2980
2980
2981
2982
2982
2982
2983
2983
2987
2988
2988
2990
2991
2991
2991
2992
2992
2996
2999
3001
3002
3003
3003
3004
3006
3007
3008
3010
3012
3012
3013
3013
3017
3017
3017
3017
3019
3022
3023
3024
3025
3026
3027
3028
3029
3029
3043
3043
3044
3046
3049
3050
3051
3051
3052
3055
3058
3059
3059
3060
3061
3061
3067
3069
3070
3072
3079
3080
3080
3081
3081
3082
3083
3085
3087
3089
3090
3090
3091
3097
3097
3098
3099
3103
3103
3105
3111
3114
3116
3119
3119
3122
3125
3126
3130
3133
3135
3139
3140
3142
3142
3145
3145
3147
3148
3148
3152
3152
3154
3154
3156
3159
3160
3162
3162
3163
3164
3165
3165
3167
3168
3169
3169
3176
3177
3179
3180
3181
3183
3183
3184
3185
3187
3188
3190
3190
3191
3191
3192
3196
3196
3196
3197
3198
3199
3200
3202
3202
3202
3204
3207
3208
3210
3210
3211
3212
3213
3214
3216
3216
3216
3218
3219
3219
3221
3221
3223
3223
3224
3225
3227
3228
3229
3231
3232
3232
3232
3233
3234
3235
3239
3240
3241
3241
3244
3244
3251
3251
3251
3252
3253
3254
3254
3257
3257
3258
3259
3261
3261
3262
3262
3266
3268
3276
3277
3282
3284
3289
3293
3294
3294
3298
3298
3299
3300
3300
3300
3301
3305
3305
3305
3306
3306
3308
3309
3310
3310
3312
3312
3313
3314
3314
3316
3317
3317
3318
3319
3319
3321
3322
3328
3329
3330
3330
3331
3332
3334
3336
3337
3338
3338
3340
3341
3342
3343
3343
3345
3346
3346
3348
3348
3350
3352
3354
3359
3362
3362
3364
3365
3367
3368
3368
3368
3369
3369
3370
3371
3371
3373
3375
3376
3376
3378
3380
3381
3383
3384
3385
3386
3388
3389
3390
3390
3392
3393
3396
3397
3398
3398
3399
3399
3400
3401
3401
3401
3405
3406
3407
3407
3410
3412
3412
3412
3414
3416
3416
3419
3420
3420
3421
3421
3422
3423
3426
3426
3427
3431
3432
3433
3437
3437
3437
3438
3438
3446
3450
3451
3452
3453
3455
3457
3457
3457
3458
3460
3461
3462
3462
3463
3464
3468
3469
3469
3473
3473
3473
3474
3479
3479
3481
3483
3485
3487
3488
3488
3489
3489
3491
3491
3492
3492
3496
3498
3500
3501
3503
3503
3505
3506
3507
3508
3510
3511
3513
3516
3518
3520
3521
3522
3527
3530
3530
3530
3531
3536
3538
3538
3541
3543
3544
3545
3549
3551
3551
3552
3554
3555
3558
3559
3559
3560
3560
3562
3562
3563
3565
3566
3567
3570
3572
3572
3572
3576
3577
3578
3578
3581
3582
3582
3585
3587
3588
3589
3590
3591
3595
3595
3595
3596
3598
3598
3598
3599
3600
3600
3601
3604
3605
3606
3607
3607
3607
3608
3608
3609
3611
3614
3615
3616
3616
3619
3621
3622
3622
3629
3629
3630
3631
3631
3633
3636
3636
3638
3638
3639
3640
3640
3640
3641
3641
3644
3646
3648
3648
3649
3649
3654
3657
3658
3659
3659
3664
3664
3665
3666
3671
3671
3673
3673
3674
3674
3679
3680
3681
3682
3689
3695
3697
3698
3702
3702
3703
3703
3704
3704
3705
3706
3707
3709
3710
3711
3711
3711
3711
3713
3716
3719
3720
3720
3722
3723
3727
3727
3729
3730
3732
3732
3732
3732
3735
3737
3737
3737
3737
3737
3738
3739
3739
3740
3742
3743
3745
3745
3746
3747
3748
3748
3749
3751
3751
3753
3754
3757
3758
3758
3759
3760
3760
3762
3764
3764
3764
3766
3767
3767
3768
3768
3771
3772
3773
3773
3774
3774
3776
3776
3780
3780
3783
3784
3785
3786
3787
3787
3788
3788
3789
3792
3793
3793
3794
3794
3795
3795
3795
3795
3799
3799
3800
3801
3802
3802
3804
3805
3805
3806
3807
3808
3809
3810
3811
3813
3815
3816
3817
3818
3820
3822
3822
3822
3825
3827
3829
3831
3833
3837
3838
3838
3839
3840
3842
3843
3844
3844
3846
3850
3850
3853
3854
3854
3858
3858
3858
3859
3860
3861
3862
3864
3866
3866
3867
3868
3869
3870
3871
3872
3874
3875
3879
3880
3882
3883
3884
3884
3886
3886
3887
3889
3891
3892
3895
3897
3897
3898
3902
3903
3904
3904
3905
3905
3907
3907
3908
3909
3913
3913
3914
3915
3918
3918
3919
3921
3922
3924
3924
3926
3926
3933
3934
3934
3935
3937
3940
3940
3941
3942
3943
3945
3946
3946
3949
3951
3952
3954
3956
3959
3963
3963
3964
3965
3965
3969
3971
3972
3972
3972
3976
3976
3976
3976
3977
3977
3977
3977
3978
3978
3979
3979
3981
3983
3984
3986
3988
3991
3991
3992
3993
3995
3995
3997
3997
3997
3998
3999
4000
4000
4001
4002
4004
4004
4006
4006
4007
4009
4009
4011
4014
4015
4018
4018
4018
4019
4020
4021
4021
4023
4023
4026
4029
4029
4030
4031
4036
4036
4036
4039
4041
4042
4044
4044
4044
4046
4048
4049
4053
4054
4055
4055
4057
4057
4062
4064
4064
4065
4069
4070
4073
4073
4076
4077
4078
4079
4080
4083
4084
4085
4085
4085
4085
4086
4090
4091
4095
4095
4096
4096
4097
4099
4102
4102
4105
4114
4115
4116
4116
4117
4118
4118
4119
4120
4120
4120
4121
4122
4122
4124
4125
4126
4127
4127
4129
4132
4134
4137
4137
4139
4139
4140
4141
4144
4146
4146
4148
4149
4150
4150
4152
4154
4155
4156
4157
4159
4160
4161
4163
4164
4164
4168
4169
4172
4173
4174
4175
4175
4177
4178
4178
4181
4181
4192
4192
4193
4194
4196
4197
4198
4198
4199
4202
4202
4203
4203
4205
4205
4208
4211
4215
4219
4220
4222
4222
4223
4223
4224
4224
4225
4226
4226
4227
4227
4227
4227
4228
4228
4229
4232
4234
4235
4237
4238
4238
4238
4240
4240
4241
4243
4243
4244
4244
4244
4247
4247
4248
4248
4249
4250
4250
4250
4251
4252
4252
4254
4257
4258
4258
4259
4260
4260
4260
4261
4265
4266
4266
4267
4271
4272
4273
4275
4277
4278
4279
4280
4282
4283
4283
4284
4284
4285
4285
4286
4289
4290
4290
4291
4291
4292
4292
4292
4292
4296
4298
4298
4300
4300
4301
4301
4301
4301
4303
4304
4311
4313
4314
4316
4317
4318
4318
4318
4319
4319
4321
4321
4321
4323
4324
4325
4325
4326
4328
4332
4332
4333
4336
4340
4341
4341
4342
4342
4343
4343
4347
4348
4350
4351
4351
4351
4354
4355
4358
4360
4360
4364
4364
4365
4365
4365
4366
4367
4368
4370
4371
4371
4372
4372
4373
4374
4374
4374
4374
4375
4376
4378
4378
4382
4382
4383
4384
4385
4386
4386
4387
4387
4388
4388
4391
4391
4392
4394
4397
4400
4401
4401
4402
4402
4404
4405
4407
4408
4408
4411
4413
4416
4417
4418
4418
4418
4420
4421
4424
4424
4424
4427
4428
4431
4433
4435
4435
4438
4439
4441
4441
4442
4443
4444
4445
4446
4450
4450
4452
4453
4453
4453
4453
4455
4459
4461
4461
4461
4462
4462
4466
4469
4470
4472
4473
4475
4476
4476
4477
4477
4478
4479
4480
4480
4485
4487
4489
4490
4490
4490
4490
4490
4493
4493
4494
4495
4496
4498
4499
4499
4502
4503
4505
4506
4508
4509
4511
4512
4515
4516
4518
4519
4519
4520
4520
4522
4523
4525
4527
4528
4529
4529
4529
4529
4529
4530
4531
4531
4531
4533
4538
4541
4544
4545
4546
4552
4552
4554
4555
4555
4556
4557
4557
4557
4558
4560
4560
4561
4561
4561
4564
4566
4566
4567
4569
4571
4573
4573
4573
4573
4577
4577
4577
4578
4579
4583
4583
4585
4586
4590
4591
4594
4597
4597
4598
4599
4599
4600
4600
4601
4601
4603
4604
4606
4607
4607
4609
4611
4612
4612
4613
4615
4615
4616
4617
4618
4622
4626
4627
4630
4632
4632
4634
4634
4635
4636
4637
4637
4640
4641
4648
4649
4654
4655
4655
4658
4662
4662
4663
4668
4668
4669
4669
4669
4670
4670
4671
4671
4673
4675
4676
4676
4676
4676
4678
4678
4681
4684
4686
4686
4687
4689
4689
4695
4695
4696
4699
4701
4703
4703
4704
4704
4705
4705
4707
4708
4709
4709
4710
4712
4713
4717
4718
4720
4720
4720
4721
4722
4723
4723
4724
4725
4727
4727
4728
4732
4737
4737
4738
4739
4740
4740
4742
4743
4744
4744
4744
4745
4745
4745
4747
4747
4750
4751
4754
4761
4761
4761
4762
4762
4764
4766
4766
4768
4769
4769
4770
4771
4772
4773
4773
4775
4775
4775
4777
4781
4785
4786
4787
4790
4793
4795
4797
4797
4798
4798
4799
4800
4801
4801
4804
4804
4805
4807
4807
4807
4807
4808
4809
4811
4811
4813
4813
4814
4815
4815
4817
4818
4819
4820
4821
4822
4823
4825
4826
4829
4830
4831
4835
4835
4838
4839
4840
4840
4842
4844
4845
4846
4848
4850
4855
4856
4857
4857
4858
4859
4860
4862
4862
4863
4863
4864
4866
4867
4869
4870
4873
4874
4874
4875
4876
4877
4878
4881
4882
4883
4884
4887
4888
4889
4893
4894
4897
4898
4899
4899
4902
4903
4904
4905
4909
4913
4914
4914
4920
4921
4922
4923
4925
4925
4926
4926
4929
4929
4929
4931
4933
4933
4934
4936
4938
4938
4944
4946
4946
4947
4947
4948
4949
4952
4957
4959
4962
4963
4964
4964
4965
4965
4966
4966
4967
4970
4971
4971
4973
4977
4977
4977
4979
4981
4982
4982
4983
4984
4985
4987
4992
4992
4992
4993
4998
5000
5000
5001
5005
5005
5006
5008
5009
5010
5011
5014
5020
5023
5024
5027
5031
5031
5032
5037
5037
5039
5040
5040
5040
5041
5042
5044
5045
5046
5046
5048
5048
5051
5051
5054
5054
5054
5057
5060
5061
5064
5065
5066
5066
5069
5071
5072
5076
5077
5077
5079
5084
5086
5086
5090
5090
5090
5091
5092
5094
5094
5097
5097
5098
5098
5098
5100
5101
5102
5103
5104
5107
5108
5108
5108
5112
5112
5113
5114
5114
5116
5117
5118
5120
5121
5128
5129
5130
5130
5130
5130
5130
5131
5132
5134
5135
5136
5137
5139
5139
5140
5140
5141
5142
5144
5144
5146
5146
5147
5149
5151
5152
5152
5156
5157
5157
5159
5160
5160
5162
5162
5162
5163
5164
5166
5167
5168
5169
5171
5171
5172
5172
5175
5176
5178
5182
5182
5182
5184
5185
5187
5188
5189
5191
5191
5194
5195
5196
5196
5197
5197
5197
5199
5200
5200
5202
5203
5207
5208
5209
5209
5210
5211
5211
5215
5215
5216
5217
5218
5220
5221
5221
5221
5221
5225
5226
5227
5228
5229
5229
5230
5231
5234
5236
5236
5236
5236
5237
5237
5238
5241
5242
5243
5244
5249
5249
5250
5255
5257
5257
5260
5260
5261
5263
5263
5264
5264
5264
5265
5266
5268
5268
5269
5269
5270
5270
5273
5276
5279
5280
5283
5284
5285
5286
5286
5287
5288
5291
5293
5293
5294
5295
5296
5296
5297
5298
5298
5300
5303
5307
5307
5309
5309
5310
5311
5311
5311
5312
5314
5314
5315
5315
5317
5321
5326
5326
5327
5327
5330
5331
5332
5335
5336
5340
5340
5341
5341
5341
5343
5345
5346
5347
5350
5350
5352
5354
5354
5355
5356
5356
5357
5357
5357
5359
5359
5361
5365
5365
5367
5368
5370
5371
5372
5373
5375
5376
5377
5377
5378
5382
5383
5384
5385
5387
5387
5389
5389
5389
5394
5396
5397
5397
5399
5401
5403
5405
5405
5408
5411
5411
5413
5414
5416
5418
5418
5420
5423
5423
5424
5425
5426
5428
5429
5432
5432
5433
5435
5436
5438
5440
5441
5442
5442
5443
5446
5449
5450
5451
5451
5453
5456
5457
5459
5459
5460
5461
5462
5463
5464
5464
5465
5468
5468
5469
5471
5472
5472
5476
5482
5482
5483
5484
5484
5484
5489
5489
5490
5491
5495
5499
5499
5501
5502
5503
5504
5505
5506
5506
5508
5509
5512
5512
5515
5515
5516
5517
5517
5518
5519
5519
5520
5520
5520
5520
5521
5522
5522
5525
5525
5525
5525
5526
5528
5529
5529
5531
5532
5534
5535
5536
5539
5539
5539
5539
5541
5542
5543
5543
5547
5547
5551
5554
5554
5554
5557
5557
5558
5560
5564
5565
5566
5566
5567
5568
5568
5569
5569
5571
5573
5574
5575
5578
5578
5579
5579
5580
5580
5580
5581
5583
5585
5586
5587
5587
5590
5592
5592
5592
5594
5595
5595
5595
5596
5597
5598
5598
5600
5601
5601
5601
5602
5603
5604
5610
5610
5611
5611
5611
5611
5612
5612
5614
5616
5616
5617
5618
5619
5624
5624
5625
5626
5628
5629
5631
5632
5633
5635
5636
5636
5638
5638
5638
5641
5642
5645
5646
5646
5647
5647
5648
5653
5653
5655
5657
5657
5657
5662
5663
5663
5663
5665
5666
5667
5669
5669
5673
5675
5675
5676
5684
5684
5684
5685
5686
5686
5689
5690
5693
5693
5695
5699
5700
5700
5700
5701
5701
5703
5705
5706
5708
5709
5710
5713
5715
5715
5718
5721
5725
5727
5727
5729
5729
5731
5732
5734
5735
5736
5737
5741
5742
5743
5743
5747
5748
5750
5751
5752
5752
5757
5760
5764
5764
5765
5766
5767
5768
5770
5771
5772
5774
5775
5775
5778
5778
5780
5783
5787
5788
5788
5789
5791
5793
5794
5794
5795
5795
5796
5798
5799
5801
5804
5808
5809
5812
5813
5815
5817
5818
5818
5819
5821
5822
5824
5828
5828
5831
5832
5833
5834
5835
5838
5839
5840
5841
5841
5842
5843
5844
5845
5848
5849
5853
5853
5858
5858
5858
5859
5859
5860
5861
5862
5864
5866
5867
5868
5869
5871
5872
5873
5873
5874
5878
5879
5879
5879
5880
5881
5883
5886
5886
5886
5886
5887
5888
5890
5890
5890
5892
5892
5897
5898
5899
5899
5902
5905
5906
5906
5909
5914
5915
5916
5918
5920
5923
5923
5923
5926
5927
5928
5928
5929
5931
5932
5933
5933
5934
5938
5940
5941
5942
5943
5946
5947
5947
5952
5953
5953
5954
5955
5956
5956
5958
5963
5964
5964
5965
5967
5967
5969
5971
5973
5973
5975
5977
5981
5982
5982
5984
5985
5985
5986
5987
5987
5989
5989
5991
5992
5994
5997
5997
5997
5997
6000
6001
6005
6006
6007
6008
6008
6008
6011
6011
6012
6013
6015
6015
6017
6019
6022
6022
6023
6024
6024
6024
6025
6025
6028
6029
6030
6033
6033
6036
6036
6037
6038
6040
6041
6043
6044
6048
6048
6048
6049
6050
6051
6053
6054
6056
6056
6061
6062
6064
6068
6072
6074
6075
6078
6080
6080
6080
6085
6086
6086
6086
6086
6087
6087
6089
6090
6092
6092
6096
6097
6097
6097
6097
6098
6099
6101
6105
6108
6111
6114
6115
6115
6118
6119
6119
6120
6120
6123
6125
6127
6128
6129
6130
6130
6133
6135
6136
6137
6137
6138
6143
6146
6146
6147
6153
6153
6156
6159
6160
6162
6163
6164
6164
6166
6167
6170
6171
6172
6172
6172
6173
6174
6175
6180
6180
6180
6181
6183
6189
6192
6192
6194
6194
6197
6200
6201
6202
6207
6210
6210
6211
6213
6214
6214
6214
6215
6216
6217
6217
6222
6222
6223
6225
6225
6228
6228
6230
6233
6233
6235
6236
6236
6237
6238
6239
6240
6240
6243
6243
6245
6245
6246
6248
6251
6252
6255
6255
6256
6257
6257
6259
6261
6265
6265
6267
6271
6271
6272
6273
6274
6275
6276
6278
6278
6281
6282
6285
6286
6287
6290
6292
6292
6296
6298
6299
6301
6303
6303
6305
6308
6309
6313
6315
6316
6318
6319
6320
6320
6320
6321
6322
6325
6326
6326
6327
6330
6330
6330
6330
6331
6331
6333
6333
6339
6339
6340
6341
6342
6343
6344
6347
6348
6349
6353
6355
6355
6355
6360
6360
6364
6365
6365
6367
6368
6369
6373
6375
6377
6381
6383
6384
6385
6386
6387
6388
6390
6391
6392
6393
6396
6396
6401
6402
6402
6402
6403
6405
6406
6407
6407
6409
6411
6411
6411
6412
6416
6416
6418
6418
6420
6428
6429
6430
6431
6432
6434
6434
6435
6435
6437
6437
6439
6443
6447
6447
6450
6450
6451
6452
6452
6454
6456
6456
6462
6463
6464
6465
6465
6467
6468
6469
6470
6470
6474
6474
6475
6476
6476
6476
6477
6477
6478
6483
6483
6486
6487
6489
6492
6497
6499
6501
6502
6503
6504
6504
6506
6507
6509
6510
6515
6516
6516
6517
6517
6518
6518
6523
6525
6527
6527
6533
6533
6533
6533
6536
6537
6538
6539
6541
6541
6544
6545
6546
6548
6550
6551
6551
6553
6554
6554
6554
6556
6556
6557
6558
6560
6562
6562
6562
6564
6565
6568
6568
6570
6572
6573
6574
6575
6576
6576
6577
6579
6580
6581
6582
6583
6584
6585
6586
6590
6591
6592
6592
6594
6599
6600
6602
6604
6605
6607
6608
6609
6609
6610
6611
6613
6613
6614
6615
6619
6620
6623
6624
6624
6625
6627
6629
6630
6632
6633
6636
6637
6637
6639
6643
6644
6646
6650
6653
6653
6653
6654
6657
6658
6658
6659
6660
6663
6663
6663
6664
6664
6665
6667
6667
6671
6672
6675
6678
6678
6682
6684
6685
6685
6685
6687
6687
6687
6689
6690
6691
6691
6691
6694
6695
6695
6698
6698
6703
6703
6704
6706
6710
6711
6711
6713
6714
6716
6717
6717
6718
6719
6719
6723
6723
6723
6724
6724
6727
6733
6734
6735
6735
6735
6736
6738
6739
6740
6740
6740
6741
6742
6745
6747
6751
6752
6753
6756
6756
6757
6757
6759
6759
6761
6762
6762
6763
6763
6766
6767
6767
6768
6768
6769
6773
6773
6775
6777
6777
6780
6780
6781
6786
6788
6789
6793
6794
6796
6801
6802
6805
6805
6807
6810
6811
6812
6813
6815
6816
6816
6817
6818
6819
6821
6822
6823
6823
6824
6825
6827
6829
6835
6835
6837
6837
6837
6837
6838
6838
6841
6841
6841
6843
6845
6846
6846
6849
6849
6853
6854
6854
6855
6856
6857
6858
6858
6859
6859
6860
6861
6863
6865
6869
6870
6872
6873
6875
6878
6879
6879
6881
6882
6882
6884
6897
6897
6900
6900
6902
6903
6906
6907
6908
6908
6908
6909
6909
6914
6914
6916
6921
6923
6923
6924
6924
6924
6924
6926
6928
6929
6930
6932
6933
6938
6938
6939
6940
6940
6940
6940
6941
6941
6943
6946
6946
6946
6947
6949
6951
6953
6956
6957
6960
6960
6961
6961
6965
6965
6966
6968
6969
6970
6972
6974
6975
6978
6979
6981
6982
6985
6986
6987
6989
6989
6990
6990
6991
6991
6992
6994
6994
6994
6995
6996
6997
6997
6998
6998
6999
7000
7003
7004
7005
7006
7009
7011
7016
7019
7019
7019
7021
7025
7026
7032
7032
7034
7034
7035
7037
7038
7038
7039
7039
7040
7042
7043
7044
7045
7046
7046
7048
7052
7054
7054
7055
7056
7056
7060
7064
7064
7065
7065
7065
7065
7066
7067
7067
7070
7071
7073
7075
7076
7076
7079
7079
7080
7081
7082
7083
7084
7084
7086
7087
7087
7088
7089
7089
7090
7091
7092
7096
7096
7098
7101
7102
7106
7107
7107
7108
7109
7109
7109
7110
7111
7112
7113
7114
7117
7118
7119
7121
7122
7124
7125
7126
7127
7128
7128
7129
7130
7131
7131
7131
7132
7135
7137
7137
7138
7141
7145
7146
7148
7148
7149
7149
7150
7151
7153
7153
7154
7156
7157
7158
7158
7161
7161
7161
7162
7164
7167
7170
7170
7172
7177
7178
7180
7180
7184
7186
7187
7187
7187
7187
7190
7193
7193
7193
7194
7194
7195
7196
7197
7197
7199
7199
7201
7203
7205
7206
7206
7207
7207
7208
7208
7210
7210
7214
7215
7217
7218
7218
7219
7219
7220
7220
7221
7221
7222
7224
7224
7224
7226
7228
7231
7233
7235
7235
7235
7235
7237
7239
7239
7240
7242
7242
7244
7244
7244
7246
7248
7248
7249
7252
7252
7252
7256
7256
7256
7259
7259
7259
7261
7262
7262
7263
7264
7264
7265
7266
7266
7267
7269
7271
7275
7277
7277
7278
7279
7279
7280
7281
7281
7281
7282
7283
7283
7283
7284
7284
7285
7286
7286
7286
7288
7290
7291
7292
7294
7296
7296
7297
7297
7297
7301
7302
7303
7303
7303
7303
7304
7305
7306
7308
7310
7311
7312
7313
7315
7315
7317
7317
7318
7318
7321
7325
7325
7329
7331
7331
7334
7335
7336
7338
7340
7340
7341
7342
7345
7346
7347
7348
7350
7351
7351
7352
7355
7355
7355
7356
7358
7360
7361
7361
7362
7362
7364
7366
7368
7368
7368
7369
7370
7372
7373
7373
7374
7374
7375
7376
7379
7383
7384
7384
7385
7387
7387
7389
7390
7390
7390
7391
7391
7394
7394
7395
7396
7396
7397
7397
7399
7401
7402
7403
7404
7404
7406
7407
7408
7410
7412
7413
7413
7413
7415
7415
7420
7420
7425
7428
7429
7432
7435
7436
7436
7437
7441
7442
7445
7445
7450
7451
7451
7453
7454
7454
7456
7458
7459
7461
7463
7466
7467
7468
7468
7469
7471
7472
7472
7474
7475
7476
7476
7477
7478
7481
7481
7482
7484
7484
7488
7490
7493
7495
7498
7499
7499
7501
7501
7501
7501
7504
7505
7507
7508
7509
7509
7512
7513
7516
7519
7519
7520
7525
7526
7526
7526
7526
7527
7531
7532
7534
7535
7535
7536
7538
7538
7538
7539
7541
7541
7543
7544
7545
7546
7547
7547
7548
7549
7552
7553
7554
7558
7562
7563
7567
7569
7570
7571
7572
7581
7584
7584
7584
7584
7585
7587
7588
7588
7592
7594
7594
7595
7595
7596
7596
7598
7599
7600
7602
7603
7604
7605
7608
7608
7610
7610
7611
7611
7612
7614
7614
7614
7614
7615
7615
7615
7615
7616
7616
7616
7616
7619
7619
7623
7626
7630
7631
7632
7633
7634
7634
7635
7636
7638
7638
7638
7638
7639
7642
7642
7643
7644
7644
7647
7648
7649
7649
7650
7650
7651
7652
7655
7657
7658
7660
7661
7663
7667
7668
7668
7669
7669
7671
7672
7672
7674
7675
7675
7679
7682
7682
7682
7683
7683
7686
7687
7688
7688
7689
7690
7692
7693
7694
7696
7696
7700
7704
7705
7706
7706
7708
7710
7712
7712
7713
7713
7714
7717
7719
7721
7722
7724
7724
7725
7725
7726
7727
7728
7731
7740
7741
7742
7742
7742
7744
7744
7744
7744
7746
7748
7750
7751
7754
7755
7755
7756
7757
7757
7759
7759
7760
7760
7761
7764
7765
7765
7767
7767
7767
7768
7768
7770
7771
7772
7772
7774
7775
7777
7779
7781
7782
7782
7782
7782
7783
7783
7784
7786
7787
7788
7789
7791
7791
7792
7793
7793
7797
7797
7798
7799
7805
7807
7809
7811
7814
7816
7817
7818
7823
7826
7828
7828
7830
7830
7832
7834
7835
7836
7839
7845
7848
7849
7849
7851
7851
7851
7851
7853
7854
7856
7860
7863
7864
7867
7868
7868
7872
7873
7875
7876
7879
7879
7880
7882
7882
7884
7885
7886
7887
7888
7888
7888
7889
7891
7893
7894
7894
7895
7897
7897
7898
7901
7903
7903
7906
7906
7906
7906
7907
7907
7909
7909
7909
7910
7912
7913
7915
7917
7919
7920
7923
7924
7925
7925
7927
7927
7928
7928
7928
7929
7931
7933
7934
7937
7938
7940
7941
7942
7942
7943
7944
7945
7946
7946
7947
7949
7949
7952
7954
7956
7957
7958
7959
7959
7961
7962
7963
7963
7964
7966
7970
7971
7971
7973
7975
7976
7980
7983
7984
7984
7985
7985
7988
7988
7989
7991
7992
7993
7996
8003
8004
8004
8004
8005
8007
8008
8010
8010
8011
8011
8016
8016
8018
8018
8019
8020
8020
8021
8022
8022
8025
8026
8026
8027
8027
8029
8030
8030
8032
8032
8034
8035
8035
8038
8038
8039
8042
8044
8045
8045
8046
8047
8050
8052
8052
8053
8053
8056
8057
8058
8061
8062
8063
8063
8064
8066
8066
8071
8071
8076
8077
8078
8078
8080
8080
8083
8084
8087
8087
8088
8088
8089
8090
8092
8094
8095
8097
8099
8100
8102
8103
8105
8108
8108
8108
8110
8111
8115
8117
8119
8121
8121
8124
8128
8130
8130
8131
8133
8134
8136
8138
8139
8139
8140
8140
8140
8141
8145
8145
8149
8151
8153
8153
8154
8155
8156
8156
8162
8162
8165
8170
8172
8175
8175
8176
8176
8178
8180
8180
8181
8181
8181
8182
8186
8187
8188
8189
8190
8190
8191
8192
8193
8196
8199
8201
8204
8204
8210
8210
8211
8213
8213
8213
8215
8216
8218
8219
8220
8222
8222
8223
8226
8227
8228
8229
8229
8229
8229
8230
8234
8235
8237
8241
8242
8242
8242
8243
8243
8245
8245
8245
8246
8246
8247
8247
8247
8248
8249
8251
8252
8258
8259
8259
8263
8264
8266
8269
8269
8269
8273
8273
8273
8275
8281
8282
8289
8291
8293
8294
8297
8298
8304
8304
8307
8307
8307
8308
8308
8308
8311
8311
8313
8316
8316
8317
8318
8321
8322
8323
8323
8325
8326
8326
8327
8329
8330
8332
8332
8332
8334
8335
8336
8338
8338
8340
8341
8343
8345
8346
8347
8348
8351
8352
8352
8357
8359
8359
8359
8360
8360
8361
8362
8364
8366
8368
8368
8370
8370
8372
8373
8374
8375
8376
8379
8388
8394
8395
8401
8403
8405
8406
8407
8409
8410
8413
8414
8414
8417
8418
8419
8420
8420
8421
8423
8424
8425
8426
8426
8428
8429
8432
8434
8436
8438
8439
8439
8443
8447
8448
8449
8451
8459
8461
8463
8464
8464
8465
8467
8468
8470
8472
8472
8475
8475
8476
8477
8479
8479
8480
8483
8484
8484
8486
8489
8489
8491
8492
8495
8496
8497
8498
8498
8498
8499
8500
8503
8506
8508
8508
8509
8509
8515
8518
8519
8521
8522
8522
8524
8525
8526
8526
8527
8527
8527
8529
8529
8531
8533
8533
8535
8535
8535
8537
8538
8539
8541
8541
8543
8545
8546
8547
8548
8549
8552
8552
8553
8555
8556
8559
8562
8567
8567
8571
8571
8573
8573
8576
8584
8586
8588
8589
8590
8590
8590
8591
8592
8593
8595
8596
8598
8601
8604
8604
8606
8607
8608
8612
8613
8614
8614
8617
8618
8619
8620
8621
8621
8621
8621
8623
8624
8624
8627
8627
8627
8630
8630
8633
8636
8636
8636
8637
8638
8638
8639
8639
8640
8640
8641
8642
8643
8643
8643
8643
8644
8644
8645
8646
8646
8647
8648
8649
8649
8649
8650
8651
8652
8653
8655
8655
8655
8658
8659
8660
8662
8667
8667
8669
8670
8671
8671
8671
8672
8673
8673
8674
8674
8675
8675
8677
8678
8680
8682
8682
8683
8683
8684
8684
8685
8686
8686
8687
8687
8688
8688
8690
8690
8690
8692
8693
8693
8694
8695
8696
8697
8697
8697
8698
8699
8700
8704
8704
8705
8706
8706
8708
8708
8708
8708
8708
8709
8713
8714
8714
8716
8716
8718
8719
8721
8722
8723
8726
8726
8729
8729
8730
8730
8736
8737
8737
8740
8741
8742
8742
8742
8744
8746
8750
8751
8753
8753
8754
8758
8761
8762
8770
8770
8771
8772
8772
8772
8774
8775
8776
8776
8777
8778
8778
8779
8780
8782
8783
8785
8787
8787
8787
8788
8788
8789
8791
8794
8796
8804
8808
8808
8810
8811
8815
8816
8816
8818
8819
8822
8823
8826
8827
8830
8831
8832
8832
8833
8833
8833
8834
8835
8838
8840
8845
8847
8848
8850
8851
8852
8852
8857
8859
8859
8860
8861
8861
8863
8865
8866
8866
8866
8867
8868
8869
8871
8872
8872
8872
8880
8880
8881
8881
8881
8885
8889
8892
8896
8896
8897
8898
8899
8900
8902
8903
8903
8904
8906
8907
8907
8911
8912
8913
8914
8916
8917
8918
8918
8921
8923
8923
8925
8925
8926
8928
8929
8930
8930
8930
8932
8933
8933
8935
8935
8936
8937
8938
8939
8940
8940
8941
8942
8945
8946
8947
8947
8948
8950
8950
8951
8951
8952
8952
8954
8954
8954
8955
8957
8959
8961
8961
8962
8965
8965
8966
8967
8967
8968
8969
8973
8977
8977
8978
8982
8984
8986
8991
8991
8992
8992
8993
8993
8994
8995
8996
8996
8996
8996
8997
8998
8998
8999
9002
9006
9008
9008
9009
9009
9012
9014
9016
9018
9018
9020
9023
9029
9030
9032
9033
9034
9042
9042
9043
9045
9047
9049
9049
9051
9052
9053
9056
9059
9059
9064
9066
9067
9068
9070
9073
9074
9076
9080
9082
9082
9083
9083
9083
9083
9086
9087
9094
9095
9096
9098
9099
9100
9102
9102
9103
9105
9105
9106
9107
9107
9107
9110
9111
9112
9113
9113
9113
9114
9122
9122
9124
9125
9126
9126
9128
9128
9129
9130
9132
9133
9134
9134
9135
9136
9136
9137
9139
9139
9140
9141
9141
9143
9144
9145
9145
9146
9146
9146
9148
9149
9153
9155
9159
9159
9160
9161
9161
9163
9163
9164
9164
9165
9167
9168
9169
9170
9171
9171
9174
9176
9177
9178
9179
9180
9182
9183
9184
9184
9184
9185
9187
9187
9192
9193
9196
9196
9198
9199
9199
9199
9200
9201
9203
9204
9207
9208
9208
9210
9211
9215
9215
9219
9219
9220
9221
9221
9223
9224
9225
9225
9227
9227
9230
9230
9231
9231
9231
9233
9233
9234
9235
9235
9237
9237
9238
9238
9240
9240
9240
9241
9243
9243
9243
9248
9249
9251
9252
9252
9254
9255
9257
9257
9260
9262
9262
9263
9267
9269
9269
9270
9271
9271
9272
9272
9279
9279
9281
9281
9284
9286
9286
9288
9292
9292
9293
9293
9294
9294
9295
9295
9297
9298
9298
9298
9301
9302
9304
9305
9305
9308
9309
9310
9312
9313
9318
9319
9319
9320
9322
9323
9325
9329
9329
9330
9334
9334
9335
9336
9337
9337
9338
9339
9341
9347
9349
9351
9353
9356
9356
9357
9359
9360
9362
9363
9363
9363
9365
9366
9367
9368
9371
9371
9373
9375
9377
9378
9380
9382
9386
9387
9387
9388
9388
9389
9390
9392
9392
9392
9393
9393
9394
9394
9397
9398
9398
9399
9400
9400
9401
9403
9404
9405
9410
9410
9411
9411
9413
9414
9414
9415
9415
9418
9418
9419
9420
9421
9421
9423
9426
9428
9429
9431
9431
9431
9432
9432
9432
9434
9435
9436
9437
9440
9441
9444
9445
9447
9448
9450
9452
9453
9454
9454
9455
9457
9457
9457
9458
9462
9463
9464
9467
9469
9469
9469
9470
9475
9475
9477
9477
9478
9479
9480
9481
9483
9483
9484
9487
9487
9487
9490
9490
9490
9490
9494
9495
9495
9496
9500
9501
9501
9502
9505
9506
9506
9506
9507
9508
9511
9514
9517
9518
9521
9526
9528
9528
9529
9531
9533
9533
9533
9534
9535
9536
9538
9539
9539
9542
9544
9545
9545
9545
9546
9547
9547
9547
9548
9549
9549
9550
9551
9555
9555
9556
9556
9559
9559
9560
9560
9563
9568
9569
9571
9572
9574
9574
9575
9575
9578
9578
9580
9581
9582
9582
9582
9582
9584
9584
9584
9584
9587
9587
9587
9589
9590
9592
9592
9593
9595
9595
9597
9600
9600
9601
9602
9604
9608
9610
9611
9612
9613
9614
9614
9615
9615
9618
9620
9621
9622
9625
9631
9634
9634
9635
9636
9636
9637
9637
9640
9641
9645
9646
9646
9647
9652
9653
9655
9658
9659
9660
9660
9662
9662
9664
9664
9666
9667
9671
9672
9672
9674
9674
9676
9677
9677
9677
9679
9682
9685
9686
9687
9687
9688
9688
9689
9691
9696
9701
9702
9703
9703
9706
9708
9709
9712
9714
9714
9715
9716
9716
9716
9717
9717
9717
9718
9721
9723
9723
9725
9726
9726
9728
9728
9729
9729
9731
9733
9733
9734
9734
9734
9735
9736
9736
9739
9740
9741
9741
9741
9742
9742
9742
9745
9747
9751
9753
9754
9755
9756
9756
9756
9756
9757
9758
9759
9759
9760
9760
9764
9765
9765
9768
9768
9768
9770
9770
9771
9772
9773
9774
9776
9777
9780
9786
9786
9787
9789
9791
9792
9793
9793
9794
9801
9802
9803
9803
9806
9806
9809
9812
9815
9815
9817
9817
9822
9823
9823
9825
9825
9826
9826
9830
9832
9833
9837
9837
9838
9841
9842
9850
9850
9850
9850
9852
9853
9856
9858
9858
9859
9859
9860
9860
9860
9861
9861
9862
9862
9866
9867
9868
9870
9870
9871
9873
9876
9878
9883
9885
9885
9886
9887
9888
9895
9896
9897
9897
9900
9900
9901
9902
9903
9903
9906
9906
9908
9909
9910
9911
9911
9912
9914
9915
9916
9918
9921
9921
9924
9925
9928
9929
9930
9933
9933
9934
9935
9937
9939
9941
9942
9943
9944
9946
9946
9947
9947
9951
9953
9957
9958
9959
9959
9963
9963
9964
9964
9965
9966
9967
9969
9972
9972
9973
9974
9976
9980
9989
9992
9993
9993
9994
9995
9996
9997
