3
5
7
10
14
14
15
17
18
20
22
22
23
25
25
27
32
33
47
47
47
48
51
51
54
57
57
58
60
61
61
64
67
72
76
76
77
81
82
85
88
91
91
94
95
95
96
97
97
102
102
107
110
111
111
116
118
119
119
125
126
130
131
131
132
132
136
142
145
150
152
152
152
154
154
154
155
156
158
160
172
180
184
185
186
188
188
189
197
199
200
200
204
206
207
213
217
220
221
222
223
226
234
235
237
239
241
246
248
249
251
252
257
259
259
262
264
264
274
274
279
281
281
284
286
287
288
289
289
290
294
295
300
302
303
305
305
307
311
313
314
316
317
321
322
323
323
325
328
336
338
339
340
342
342
343
344
346
351
352
355
356
356
356
357
364
365
370
370
370
372
373
373
373
377
378
379
380
383
388
390
394
396
397
399
403
405
405
409
410
411
411
412
413
419
427
429
430
433
434
434
437
439
441
441
443
443
449
450
451
452
452
458
459
461
462
468
469
472
472
472
472
473
475
475
475
475
476
480
480
484
485
492
492
492
494
497
498
498
500
501
502
502
502
504
505
508
511
512
512
518
519
523
531
533
536
540
540
541
542
546
548
549
551
552
553
553
555
557
558
561
563
564
565
567
568
569
573
576
577
578
578
589
592
596
598
598
599
601
602
603
611
613
613
614
616
620
623
624
629
629
633
633
636
640
647
652
653
657
658
669
671
672
678
678
679
680
683
684
685
687
689
689
691
691
691
694
696
696
697
702
703
706
707
708
709
709
709
713
714
716
717
720
720
721
724
725
727
731
732
733
733
734
736
739
741
746
747
749
752
753
753
756
759
762
763
764
764
766
768
771
771
772
773
779
781
783
784
785
789
792
797
797
797
804
805
805
805
809
810
811
812
812
815
816
819
819
821
821
821
822
823
823
826
829
829
833
833
837
844
845
846
847
853
855
855
859
860
867
868
868
873
875
876
876
878
878
880
881
882
884
885
889
890
895
896
897
903
908
908
909
910
912
914
917
918
918
921
923
924
926
927
928
933
935
940
940
943
944
945
946
947
948
955
958
958
961
964
966
967
968
968
970
972
972
979
981
981
982
984
987
990
990
991
997
998
999
1002
1002
1004
1004
1008
1010
1011
1012
1013
1014
1014
1014
1015
1016
1017
1020
1025
1027
1028
1029
1029
1030
1039
1041
1041
1043
1043
1046
1047
1049
1051
1052
1052
1053
1056
1057
1064
1068
1070
1070
1073
1086
1086
1089
1090
1090
1090
1091
1092
1093
1093
1094
1099
1100
1101
1102
1105
1106
1106
1110
1111
1114
1115
1123
1123
1126
1128
1132
1134
1138
1141
1142
1143
1144
1146
1148
1149
1152
1156
1157
1159
1162
1162
1164
1165
1167
1175
1175
1177
1178
1178
1180
1183
1186
1187
1192
1196
1196
1197
1198
1199
1201
1204
1204
1205
1207
1207
1212
1215
1216
1217
1221
1222
1224
1227
1232
1233
1234
1235
1237
1237
1242
1244
1247
1248
1249
1252
1253
1259
1263
1265
1266
1266
1267
1269
1269
1272
1273
1274
1275
1276
1276
1277
1281
1283
1290
1291
1297
1298
1301
1305
1307
1307
1308
1309
1312
1313
1313
1317
1317
1317
1322
1324
1324
1325
1331
1335
1337
1337
1338
1338
1338
1338
1342
1344
1344
1346
1347
1349
1353
1354
1355
1355
1357
1359
1364
1367
1368
1368
1370
1370
1373
1377
1379
1381
1381
1381
1384
1385
1388
1391
1392
1392
1395
1397
1399
1403
1405
1406
1408
1408
1414
1421
1421
1421
1422
1422
1423
1425
1426
1427
1435
1436
1439
1444
1445
1445
1446
1448
1453
1454
1454
1455
1459
1460
1469
1469
1471
1472
1474
1474
1474
1476
1477
1478
1481
1484
1485
1489
1493
1498
1498
1505
1513
1517
1517
1522
1523
1527
1528
1531
1535
1535
1535
1536
1538
1540
1550
1551
1557
1557
1561
1564
1564
1569
1572
1573
1573
1575
1576
1578
1578
1582
1582
1586
1591
1592
1593
1594
1595
1597
1598
1602
1603
1603
1604
1604
1606
1609
1610
1611
1616
1618
1622
1625
1628
1630
1630
1631
1632
1633
1634
1635
1636
1636
1637
1640
1641
1644
1644
1645
1646
1648
1650
1650
1653
1655
1655
1655
1658
1662
1669
1670
1672
1673
1673
1679
1687
1690
1693
1696
1697
1699
1699
1699
1702
1704
1704
1705
1705
1707
1710
1715
1719
1720
1725
1726
1727
1735
1741
1743
1743
1745
1747
1752
1753
1757
1758
1758
1761
1766
1769
1773
1775
1776
1776
1782
1782
1783
1784
1787
1789
1790
1793
1794
1797
1798
1798
1799
1805
1809
1809
1809
1809
1809
1812
1813
1815
1816
1820
1823
1824
1828
1830
1835
1836
1836
1836
1839
1840
1841
1845
1847
1849
1850
1856
1856
1857
1861
1862
1863
1865
1866
1867
1871
1871
1883
1883
1889
1889
1896
1896
1898
1905
1910
1910
1912
1912
1913
1916
1921
1921
1922
1922
1922
1923
1923
1925
1927
1928
1933
1935
1936
1936
1938
1943
1945
1947
1948
1948
1950
1956
1962
1972
1974
1974
1976
1978
1980
1982
1982
1984
1984
1986
1991
1991
1992
1999
1999
2001
2001
2005
2010
2011
2015
2022
2022
2022
2023
2026
2027
2030
2031
2031
2032
2033
2034
2039
2046
2046
2048
2051
2055
2056
2056
2057
2058
2059
2060
2061
2068
2068
2070
2070
2073
2074
2075
2076
2076
2077
2077
2079
2086
2090
2091
2093
2095
2097
2100
2101
2106
2107
2108
2111
2111
2111
2116
2117
2122
2129
2135
2141
2142
2145
2146
2148
2149
2153
2155
2156
2157
2157
2158
2159
2163
2166
2171
2172
2172
2173
2174
2174
2175
2176
2177
2178
2179
2181
2183
2187
2196
2196
2197
2210
2210
2210
2210
2215
2215
2215
2216
2217
2220
2223
2228
2231
2231
2233
2235
2239
2241
2242
2244
2244
2245
2246
2249
2250
2250
2252
2255
2257
2260
2261
2267
2269
2270
2272
2275
2277
2277
2278
2279
2280
2284
2284
2286
2286
2287
2295
2296
2297
2298
2301
2301
2304
2306
2307
2307
2307
2310
2314
2316
2316
2321
2321
2321
2322
2328
2330
2330
2333
2343
2346
2348
2349
2349
2351
2353
2353
2357
2358
2359
2361
2361
2363
2368
2369
2371
2372
2372
2376
2378
2388
2390
2390
2398
2403
2411
2414
2415
2417
2418
2419
2419
2426
2429
2431
2432
2433
2438
2443
2443
2444
2445
2447
2447
2449
2450
2454
2458
2458
2458
2462
2467
2467
2467
2470
2473
2473
2479
2484
2485
2485
2486
2486
2487
2491
2493
2494
2495
2497
2499
2500
2500
2502
2502
2504
2506
2506
2508
2511
2520
2520
2521
2523
2523
2523
2531
2532
2535
2537
2541
2545
2545
2546
2547
2547
2547
2547
2551
2551
2552
2553
2553
2555
2561
2561
2565
2567
2571
2571
2571
2572
2573
2573
2573
2576
2577
2578
2579
2581
2583
2585
2585
2589
2590
2591
2593
2602
2604
2607
2612
2613
2615
2615
2618
2620
2623
2625
2626
2627
2629
2630
2632
2634
2634
2635
2636
2639
2639
2642
2642
2644
2645
2647
2649
2650
2651
2652
2669
2670
2671
2672
2674
2678
2679
2679
2683
2685
2685
2688
2691
2691
2692
2693
2694
2694
2695
2698
2698
2708
2710
2711
2711
2713
2713
2716
2719
2721
2724
2726
2730
2734
2734
2737
2739
2741
2743
2744
2745
2749
2749
2751
2752
2752
2752
2752
2759
2760
2762
2763
2763
2764
2768
2768
2769
2770
2772
2772
2773
2783
2783
2785
2786
2787
2788
2788
2789
2795
2796
2801
2802
2804
2812
2817
2819
2820
2820
2822
2825
2826
2828
2835
2840
2840
2841
2847
2848
2849
2849
2850
2854
2854
2856
2856
2857
2859
2860
2863
2864
2866
2866
2868
2869
2869
2871
2871
2872
2873
2874
2880
2885
2885
2887
2889
2891
2894
2895
2898
2898
2900
2902
2906
2907
2907
2909
2909
2910
2911
2917
2917
2919
2928
2931
2931
2932
2932
2934
2935
2935
2937
2939
2939
2945
2945
2945
2948
2950
2951
2952
2956
2957
2958
2963
2964
2965
2966
2967
2968
2968
2971
2972
2974
2975
2976
2976
2977
2982
2982
2983
2988
2988
2990
2991
2992
2996
2999
3001
3003
3004
3006
3007
3008
3010
3012
3012
3013
3013
3019
3022
3023
3024
3025
3026
3028
3029
3043
3043
3046
3049
3050
3051
3051
3052
3055
3059
3059
3060
3061
3061
3067
3069
3070
3072
3079
3080
3081
3083
3085
3087
3090
3091
3097
3097
3098
3099
3103
3103
3105
3111
3114
3119
3119
3126
3135
3139
3140
3145
3145
3152
3152
3154
3154
3156
3159
3160
3162
3163
3164
3165
3165
3167
3169
3177
3179
3181
3183
3183
3184
3190
3190
3191
3192
3196
3196
3196
3197
3198
3200
3202
3202
3204
3207
3210
3210
3211
3212
3213
3216
3216
3216
3218
3219
3221
3221
3223
3223
3224
3225
3228
3231
3232
3232
3233
3234
3235
3239
3241
3241
3244
3244
3251
3251
3251
3252
3253
3254
3254
3257
3257
3259
3261
3261
3262
3262
3266
3268
3276
3282
3284
3294
3294
3298
3298
3300
3300
3301
3305
3305
3306
3306
3308
3309
3310
3310
3312
3312
3314
3316
3317
3318
3319
3321
3328
3332
3334
3337
3338
3342
3343
3345
3346
3348
3350
3354
3359
3362
3364
3365
3367
3368
3369
3370
3371
3373
3376
3378
3380
3381
3384
3385
3386
3388
3389
3390
3390
3396
3397
3398
3398
3399
3400
3401
3401
3405
3406
3410
3412
3412
3412
3414
3416
3419
3420
3421
3421
3422
3423
3426
3426
3432
3437
3438
3446
3450
3453
3455
3457
3460
3462
3463
3464
3468
3469
3469
3473
3473
3473
3474
3479
3489
3489
3491
3491
3492
3498
3500
3501
3503
3503
3505
3507
3516
3518
3520
3521
3522
3527
3530
3530
3530
3531
3541
3543
3544
3551
3551
3552
3554
3555
3558
3559
3559
3560
3562
3562
3563
3565
3566
3567
3570
3572
3577
3578
3582
3582
3585
3587
3588
3589
3590
3595
3595
3595
3596
3598
3598
3598
3599
3601
3605
3606
3607
3607
3607
3608
3608
3609
3614
3615
3616
3619
3621
3622
3630
3631
3631
3636
3638
3640
3641
3641
3646
3648
3649
3657
3658
3659
3664
3665
3671
3673
3673
3679
3680
3682
3689
3697
3702
3703
3703
3704
3705
3706
3707
3709
3710
3711
3711
3711
3716
3720
3720
3722
3723
3727
3727
3729
3730
3732
3737
3737
3737
3737
3737
3739
3739
3740
3743
3745
3745
3746
3748
3749
3751
3751
3754
3757
3758
3759
3760
3760
3762
3764
3766
3767
3768
3772
3773
3774
3776
3776
3780
3784
3785
3786
3787
3787
3788
3788
3792
3793
3794
3794
3795
3799
3800
3802
3802
3804
3805
3805
3806
3807
3808
3809
3810
3813
3816
3817
3818
3820
3822
3822
3822
3827
3829
3831
3838
3838
3839
3840
3850
3850
3854
3858
3859
3861
3864
3866
3866
3867
3868
3870
3874
3875
3879
3882
3883
3884
3886
3887
3892
3895
3897
3898
3902
3904
3905
3907
3913
3918
3919
3924
3933
3934
3935
3937
3940
3941
3942
3945
3946
3946
3949
3954
3956
3959
3963
3964
3965
3965
3971
3972
3972
3976
3976
3977
3977
3979
3983
3984
3986
3988
3991
3991
3993
3995
3997
3997
3998
3999
4000
4000
4002
4004
4006
4007
4009
4011
4014
4015
4018
4018
4018
4019
4020
4023
4023
4029
4029
4030
4031
4036
4036
4039
4041
4042
4044
4044
4046
4048
4049
4054
4055
4055
4057
4057
4062
4064
4065
4069
4073
4076
4077
4083
4084
4085
4085
4086
4090
4096
4096
4099
4102
4105
4114
4115
4116
4116
4117
4118
4119
4120
4120
4120
4121
4122
4126
4127
4129
4132
4134
4137
4139
4139
4140
4141
4144
4146
4146
4148
4149
4150
4150
4152
4157
4161
4163
4164
4164
4168
4172
4173
4174
4175
4177
4178
4178
4181
4181
4192
4192
4198
4199
4202
4203
4203
4208
4215
4219
4222
4222
4223
4224
4226
4226
4227
4227
4227
4228
4228
4234
4235
4238
4238
4240
4240
4241
4243
4243
4244
4244
4244
4247
4248
4249
4250
4250
4250
4251
4252
4254
4257
4258
4259
4260
4260
4260
4261
4265
4266
4266
4267
4271
4272
4273
4275
4277
4279
4280
4283
4283
4284
4289
4290
4291
4292
4292
4292
4296
4298
4301
4301
4303
4304
4311
4314
4316
4317
4318
4318
4318
4319
4321
4321
4323
4325
4325
4326
4328
4332
4340
4341
4342
4343
4343
4347
4348
4350
4351
4351
4354
4355
4358
4360
4360
4364
4365
4365
4366
4367
4368
4371
4371
4372
4372
4374
4374
4374
4375
4382
4383
4385
4386
4386
4387
4388
4391
4392
4394
4397
4400
4401
4402
4404
4405
4408
4408
4413
4417
4418
4420
4424
4424
4427
4428
4435
4435
4441
4441
4443
4445
4446
4450
4452
4453
4453
4455
4459
4461
4461
4462
4466
4470
4472
4475
4476
4477
4479
4480
4485
4487
4489
4490
4490
4493
4494
4496
4498
4499
4499
4502
4503
4505
4508
4509
4512
4515
4516
4518
4519
4519
4520
4520
4522
4523
4525
4528
4529
4529
4529
4530
4531
4531
4531
4533
4545
4552
4554
4556
4557
4557
4557
4558
4560
4561
4564
4566
4567
4569
4573
4573
4577
4577
4577
4578
4579
4583
4585
4586
4590
4591
4594
4597
4598
4599
4599
4600
4600
4601
4603
4604
4607
4609
4611
4612
4613
4615
4615
4616
4626
4627
4630
4634
4634
4637
4640
4641
4648
4649
4662
4663
4668
4669
4669
4669
4670
4670
4671
4675
4676
4676
4676
4678
4681
4684
4686
4689
4689
4695
4696
4699
4701
4703
4704
4707
4708
4709
4710
4712
4717
4718
4720
4721
4724
4727
4728
4732
4737
4737
4739
4740
4740
4742
4743
4744
4745
4745
4745
4747
4750
4751
4754
4761
4761
4761
4762
4762
4764
4766
4766
4768
4770
4772
4773
4773
4775
4775
4777
4786
4787
4790
4793
4797
4797
4798
4798
4799
4800
4801
4801
4804
4805
4807
4807
4807
4808
4809
4811
4811
4814
4815
4815
4817
4819
4820
4821
4822
4823
4826
4831
4835
4839
4840
4842
4844
4845
4846
4848
4850
4855
4857
4857
4858
4863
4863
4864
4867
4870
4874
4875
4876
4877
4878
4881
4882
4883
4884
4889
4893
4894
4897
4899
4902
4903
4905
4909
4913
4914
4914
4921
4922
4923
4925
4926
4929
4929
4929
4931
4934
4936
4938
4938
4944
4946
4949
4952
4957
4959
4962
4964
4965
4965
4966
4966
4971
4971
4977
4979
4983
4984
4992
4992
4993
5000
5000
5005
5005
5006
5009
5010
5011
5020
5023
5024
5027
5031
5032
5037
5037
5039
5040
5044
5045
5048
5048
5051
5054
5054
5061
5064
5065
5066
5066
5071
5076
5077
5077
5084
5086
5086
5090
5090
5092
5097
5098
5100
5101
5103
5107
5108
5108
5112
5112
5113
5114
5117
5118
5120
5121
5128
5130
5130
5130
5132
5134
5135
5136
5139
5139
5140
5140
5141
5144
5146
5151
5152
5152
5156
5157
5159
5160
5162
5162
5164
5166
5167
5169
5171
5172
5178
5182
5182
5182
5185
5188
5191
5191
5194
5195
5196
5197
5197
5200
5200
5202
5203
5207
5208
5209
5209
5211
5215
5215
5216
5217
5218
5221
5221
5221
5221
5225
5227
5228
5229
5231
5236
5236
5236
5237
5242
5243
5249
5250
5255
5257
5257
5260
5261
5264
5264
5265
5266
5268
5268
5269
5270
5276
5280
5283
5285
5286
5286
5287
5288
5291
5294
5296
5296
5300
5307
5309
5309
5310
5311
5311
5312
5314
5314
5315
5315
5317
5321
5326
5326
5327
5327
5330
5332
5335
5340
5340
5345
5346
5347
5350
5350
5352
5354
5354
5356
5357
5359
5359
5361
5365
5365
5367
5370
5373
5376
5377
5377
5378
5382
5383
5384
5385
5387
5389
5389
5389
5394
5397
5397
5401
5403
5405
5408
5411
5414
5418
5424
5425
5432
5435
5438
5440
5441
5443
5446
5449
5451
5451
5453
5456
5459
5459
5462
5463
5465
5468
5468
5469
5471
5472
5472
5476
5482
5482
5484
5489
5489
5490
5499
5502
5504
5506
5508
5509
5512
5512
5515
5515
5517
5517
5518
5519
5519
5520
5520
5520
5521
5522
5525
5528
5529
5531
5532
5536
5539
5539
5539
5541
5542
5543
5547
5547
5554
5554
5557
5560
5565
5566
5566
5568
5568
5569
5569
5571
5575
5578
5578
5580
5580
5581
5583
5586
5587
5592
5592
5595
5595
5597
5598
5598
5600
5601
5602
5603
5610
5611
5611
5611
5611
5612
5612
5614
5616
5616
5618
5619
5624
5624
5625
5626
5628
5629
5632
5635
5636
5638
5638
5641
5642
5645
5646
5647
5647
5648
5653
5657
5657
5657
5662
5663
5663
5663
5665
5667
5669
5673
5675
5684
5689
5690
5693
5693
5695
5699
5700
5700
5701
5703
5705
5706
5708
5709
5710
5713
5715
5721
5725
5727
5729
5731
5732
5735
5736
5737
5741
5743
5747
5748
5751
5752
5760
5764
5765
5766
5770
5771
5772
5774
5775
5778
5778
5780
5787
5788
5788
5789
5794
5794
5795
5796
5798
5799
5804
5808
5809
5815
5817
5818
5818
5821
5822
5824
5828
5831
5834
5840
5843
5844
5845
5853
5858
5858
5858
5861
5862
5864
5866
5867
5868
5872
5873
5874
5879
5879
5879
5880
5881
5883
5886
5886
5886
5887
5888
5890
5892
5892
5897
5898
5899
5899
5902
5906
5909
5914
5915
5916
5918
5923
5927
5928
5932
5933
5934
5938
5940
5941
5946
5947
5947
5952
5953
5954
5963
5964
5967
5967
5969
5971
5973
5973
5975
5977
5981
5982
5984
5985
5985
5987
5989
5991
5992
5997
5997
5997
5997
6000
6001
6005
6008
6008
6008
6011
6011
6013
6015
6017
6019
6024
6024
6025
6028
6033
6036
6037
6038
6043
6048
6049
6051
6056
6061
6064
6068
6074
6075
6078
6080
6080
6080
6086
6086
6087
6087
6090
6092
6096
6097
6097
6099
6101
6105
6108
6114
6115
6119
6120
6123
6125
6127
6128
6129
6130
6130
6133
6136
6137
6137
6143
6146
6147
6153
6156
6159
6160
6162
6164
6164
6166
6167
6170
6172
6172
6173
6175
6180
6181
6183
6194
6197
6200
6207
6210
6210
6214
6215
6217
6217
6225
6228
6228
6233
6235
6236
6236
6238
6239
6240
6243
6245
6245
6248
6252
6255
6256
6257
6259
6265
6271
6272
6273
6274
6275
6276
6278
6278
6281
6282
6285
6286
6292
6292
6298
6301
6303
6303
6305
6309
6313
6315
6316
6318
6319
6320
6320
6321
6325
6326
6330
6330
6331
6331
6333
6333
6339
6340
6341
6342
6343
6347
6348
6349
6355
6355
6360
6360
6364
6365
6365
6368
6369
6375
6377
6381
6385
6387
6388
6390
6392
6393
6396
6396
6401
6402
6402
6402
6405
6406
6407
6409
6411
6411
6412
6418
6418
6420
6428
6431
6434
6435
6437
6437
6439
6443
6447
6447
6450
6450
6451
6456
6456
6462
6463
6464
6465
6465
6467
6468
6469
6470
6474
6474
6475
6477
6483
6486
6487
6489
6497
6499
6501
6504
6504
6507
6510
6515
6516
6516
6517
6517
6518
6518
6523
6527
6533
6533
6536
6537
6538
6541
6545
6548
6550
6551
6553
6554
6554
6554
6556
6557
6558
6560
6562
6564
6565
6568
6570
6574
6575
6576
6576
6580
6584
6586
6590
6591
6592
6592
6594
6604
6605
6607
6609
6609
6610
6611
6614
6619
6620
6623
6624
6624
6625
6627
6629
6630
6632
6636
6637
6637
6639
6644
6650
6653
6654
6657
6658
6659
6663
6663
6664
6667
6667
6672
6675
6678
6684
6685
6685
6685
6687
6687
6691
6691
6694
6695
6695
6698
6703
6710
6711
6713
6716
6719
6719
6723
6724
6727
6733
6734
6735
6740
6740
6741
6742
6745
6751
6752
6753
6756
6756
6757
6759
6759
6762
6763
6763
6766
6767
6768
6768
6769
6773
6773
6777
6777
6780
6780
6781
6788
6789
6793
6794
6796
6801
6802
6805
6805
6810
6811
6813
6815
6816
6816
6818
6819
6823
6824
6827
6829
6835
6837
6837
6837
6838
6838
6841
6841
6843
6846
6854
6854
6855
6857
6858
6859
6859
6860
6861
6865
6869
6872
6878
6879
6879
6882
6882
6884
6897
6900
6900
6902
6903
6906
6908
6908
6909
6914
6914
6916
6921
6923
6924
6924
6924
6926
6928
6929
6933
6938
6940
6940
6940
6940
6941
6946
6946
6947
6949
6953
6956
6957
6960
6960
6961
6961
6965
6965
6969
6970
6972
6978
6979
6981
6985
6987
6989
6989
6990
6990
6991
6992
6994
6995
6996
6997
6997
6998
6998
7000
7003
7004
7006
7011
7016
7019
7021
7025
7032
7034
7034
7037
7038
7038
7039
7040
7042
7043
7044
7045
7048
7054
7054
7055
7056
7060
7064
7065
7065
7065
7065
7066
7067
7067
7070
7073
7075
7076
7079
7081
7082
7084
7087
7088
7089
7089
7090
7091
7096
7101
7102
7106
7107
7107
7109
7110
7111
7118
7119
7121
7124
7126
7131
7131
7132
7135
7137
7137
7141
7145
7148
7149
7150
7151
7153
7154
7156
7158
7158
7161
7162
7164
7170
7172
7177
7178
7180
7184
7186
7187
7187
7193
7193
7193
7194
7195
7196
7199
7201
7203
7205
7207
7207
7208
7208
7210
7210
7217
7218
7218
7219
7220
7221
7224
7224
7224
7226
7231
7233
7235
7235
7235
7239
7240
7242
7244
7246
7248
7248
7249
7252
7256
7259
7259
7261
7262
7262
7264
7264
7265
7266
7266
7267
7269
7271
7277
7278
7279
7279
7281
7281
7283
7284
7284
7285
7286
7291
7292
7294
7296
7297
7297
7302
7303
7303
7303
7305
7310
7311
7312
7313
7315
7318
7318
7321
7325
7329
7331
7338
7340
7342
7345
7346
7347
7351
7352
7355
7358
7360
7361
7362
7362
7364
7366
7368
7368
7370
7372
7373
7374
7375
7376
7383
7384
7384
7385
7387
7387
7389
7390
7390
7390
7391
7394
7397
7397
7399
7401
7403
7404
7404
7406
7407
7408
7410
7412
7413
7415
7420
7428
7429
7435
7436
7436
7437
7441
7445
7450
7453
7454
7456
7458
7459
7461
7467
7468
7469
7472
7472
7475
7476
7476
7477
7478
7481
7481
7482
7484
7484
7488
7490
7493
7498
7499
7501
7501
7501
7501
7504
7507
7508
7509
7509
7512
7513
7520
7525
7526
7526
7526
7526
7527
7531
7534
7535
7538
7538
7539
7541
7543
7545
7546
7547
7548
7553
7558
7562
7563
7569
7570
7572
7581
7584
7584
7584
7585
7588
7594
7595
7595
7596
7598
7599
7600
7603
7608
7610
7610
7611
7612
7614
7614
7614
7615
7615
7615
7616
7616
7616
7619
7619
7626
7630
7631
7633
7634
7636
7638
7638
7638
7639
7642
7644
7647
7649
7649
7650
7651
7652
7655
7660
7663
7667
7668
7669
7669
7672
7674
7675
7682
7682
7683
7683
7686
7688
7688
7689
7690
7692
7694
7696
7696
7700
7704
7705
7706
7706
7708
7710
7712
7713
7714
7719
7724
7724
7725
7726
7727
7742
7742
7742
7744
7744
7746
7748
7750
7751
7755
7756
7757
7757
7759
7759
7760
7764
7767
7767
7768
7768
7770
7771
7772
7772
7774
7777
7779
7782
7782
7783
7783
7787
7788
7789
7791
7792
7793
7797
7799
7805
7809
7811
7816
7817
7818
7823
7828
7830
7830
7834
7835
7839
7845
7848
7849
7851
7851
7851
7853
7854
7856
7863
7864
7867
7868
7872
7873
7879
7880
7882
7884
7886
7887
7888
7888
7888
7889
7891
7893
7897
7897
7898
7903
7906
7906
7907
7909
7909
7909
7910
7912
7913
7920
7923
7925
7925
7927
7928
7928
7928
7929
7931
7933
7934
7937
7938
7940
7942
7943
7944
7945
7946
7946
7949
7952
7957
7959
7959
7961
7962
7963
7964
7970
7971
7971
7973
7975
7980
7983
7985
7985
7988
7988
7989
7991
7992
7996
8003
8004
8004
8005
8007
8008
8010
8010
8011
8016
8016
8018
8022
8025
8026
8027
8027
8029
8030
8032
8032
8034
8035
8035
8038
8038
8042
8045
8046
8050
8052
8053
8057
8061
8062
8066
8066
8071
8071
8077
8078
8078
8080
8083
8087
8088
8088
8092
8094
8097
8099
8108
8108
8110
8111
8115
8117
8119
8121
8121
8130
8131
8133
8134
8136
8138
8139
8139
8140
8140
8141
8145
8145
8151
8153
8154
8155
8156
8156
8162
8162
8165
8170
8175
8175
8176
8176
8178
8180
8180
8181
8181
8181
8186
8187
8188
8189
8191
8192
8193
8196
8199
8201
8204
8204
8210
8210
8213
8213
8213
8215
8216
8219
8220
8222
8222
8223
8226
8228
8229
8229
8229
8230
8234
8235
8237
8241
8242
8243
8243
8245
8245
8246
8246
8247
8247
8247
8251
8252
8258
8259
8266
8269
8269
8269
8273
8273
8273
8289
8291
8293
8294
8297
8298
8304
8307
8307
8308
8308
8308
8311
8311
8316
8318
8322
8323
8325
8326
8329
8332
8332
8334
8335
8338
8338
8340
8341
8346
8347
8352
8357
8359
8359
8360
8360
8362
8366
8370
8370
8372
8373
8374
8375
8379
8388
8401
8405
8406
8407
8409
8410
8413
8414
8417
8418
8420
8421
8424
8425
8426
8428
8432
8436
8439
8439
8443
8447
8448
8449
8451
8459
8461
8464
8465
8467
8468
8470
8472
8475
8476
8477
8479
8484
8484
8486
8489
8491
8492
8495
8496
8497
8498
8498
8500
8503
8508
8508
8509
8518
8522
8527
8527
8527
8531
8533
8533
8535
8535
8538
8539
8541
8543
8545
8546
8547
8549
8552
8552
8555
8562
8571
8571
8573
8584
8586
8588
8590
8590
8590
8593
8595
8596
8601
8604
8606
8607
8608
8612
8613
8617
8618
8619
8621
8621
8621
8624
8624
8627
8627
8627
8630
8630
8636
8636
8637
8638
8639
8640
8641
8642
8643
8643
8644
8646
8647
8649
8649
8649
8650
8651
8652
8655
8655
8655
8658
8659
8660
8662
8667
8669
8670
8671
8671
8673
8675
8677
8678
8680
8682
8682
8683
8683
8684
8686
8687
8688
8688
8692
8693
8693
8694
8696
8697
8697
8699
8700
8704
8704
8705
8708
8708
8708
8713
8714
8716
8719
8721
8726
8726
8729
8730
8730
8737
8740
8741
8742
8742
8744
8750
8751
8753
8753
8754
8758
8770
8770
8771
8772
8772
8772
8774
8775
8776
8776
8777
8778
8778
8779
8782
8783
8785
8787
8787
8787
8788
8788
8791
8794
8804
8808
8816
8818
8822
8823
8827
8830
8831
8833
8834
8835
8838
8847
8848
8850
8852
8852
8857
8859
8860
8861
8863
8865
8866
8866
8866
8867
8868
8869
8872
8880
8881
8885
8892
8896
8896
8897
8898
8899
8902
8903
8903
8911
8914
8918
8918
8921
8923
8925
8925
8926
8928
8929
8930
8933
8935
8936
8940
8941
8942
8945
8946
8947
8947
8950
8951
8952
8952
8954
8955
8959
8961
8965
8965
8967
8968
8969
8977
8977
8982
8984
8986
8991
8992
8992
8993
8993
8994
8995
8996
8996
8997
8998
8998
9002
9008
9009
9009
9012
9014
9016
9018
9023
9029
9032
9042
9043
9045
9047
9049
9049
9051
9053
9059
9064
9067
9068
9070
9073
9076
9080
9082
9083
9083
9083
9087
9100
9102
9102
9103
9105
9107
9107
9113
9113
9114
9122
9125
9126
9126
9128
9130
9132
9134
9136
9136
9137
9139
9141
9144
9145
9146
9146
9146
9148
9149
9155
9159
9159
9160
9161
9163
9164
9164
9165
9167
9168
9169
9170
9174
9176
9178
9179
9184
9184
9185
9187
9198
9199
9199
9200
9201
9203
9208
9208
9211
9215
9219
9220
9221
9223
9225
9225
9227
9230
9230
9231
9233
9237
9238
9238
9241
9243
9243
9243
9249
9251
9252
9252
9254
9255
9257
9257
9262
9262
9263
9269
9269
9279
9279
9281
9281
9284
9286
9286
9288
9292
9292
9293
9294
9294
9295
9295
9297
9298
9298
9301
9302
9304
9305
9305
9309
9310
9312
9313
9319
9323
9329
9329
9330
9334
9335
9337
9337
9338
9339
9341
9347
9349
9351
9356
9356
9357
9360
9362
9363
9365
9366
9367
9368
9371
9371
9375
9377
9380
9382
9386
9387
9388
9389
9390
9392
9392
9392
9393
9394
9394
9397
9398
9400
9400
9403
9404
9410
9411
9414
9414
9415
9415
9418
9418
9419
9421
9421
9423
9431
9431
9431
9432
9436
9437
9440
9441
9444
9447
9448
9450
9452
9454
9457
9462
9463
9464
9467
9469
9469
9470
9477
9479
9480
9483
9487
9487
9487
9490
9495
9496
9500
9501
9501
9502
9506
9511
9514
9518
9528
9531
9533
9534
9536
9538
9539
9544
9545
9547
9547
9548
9550
9555
9559
9559
9560
9563
9568
9569
9571
9574
9574
9575
9578
9578
9580
9581
9582
9582
9582
9582
9584
9584
9584
9584
9587
9587
9587
9589
9590
9592
9593
9595
9597
9600
9602
9604
9611
9612
9613
9614
9614
9615
9618
9620
9621
9622
9625
9631
9634
9635
9636
9636
9637
9641
9646
9652
9658
9659
9662
9664
9666
9667
9671
9672
9674
9674
9676
9677
9677
9677
9682
9685
9686
9687
9687
9688
9688
9691
9701
9702
9703
9703
9706
9708
9709
9712
9714
9717
9717
9717
9718
9721
9723
9723
9725
9726
9726
9728
9729
9729
9731
9733
9733
9734
9736
9736
9739
9740
9741
9741
9742
9742
9742
9751
9756
9756
9756
9757
9758
9759
9759
9760
9760
9764
9765
9765
9768
9768
9768
9770
9771
9772
9777
9786
9791
9792
9793
9793
9794
9801
9802
9803
9803
9806
9809
9812
9815
9817
9817
9822
9823
9825
9826
9832
9833
9837
9837
9838
9841
9842
9850
9850
9852
9853
9856
9858
9859
9860
9860
9860
9861
9862
9868
9871
9873
9878
9883
9885
9886
9887
9896
9897
9897
9900
9901
9902
9903
9903
9906
9906
9908
9909
9910
9911
9912
9915
9916
9918
9921
9933
9933
9934
9942
9943
9957
9958
9959
9959
9963
9963
9964
9964
9965
9972
9972
9973
9974
9976
9980
9989
9992
9993
9994
9995
