1
1
1
1
1
2
2
2
2
3
4
4
4
5
5
5
6
7
7
8
8
12
12
12
12
12
13
15
15
15
16
16
16
17
18
18
19
19
20
21
23
24
25
25
27
27
27
28
29
30
30
31
31
32
33
33
34
34
35
36
37
37
39
39
40
40
40
41
42
43
43
44
45
45
45
46
46
47
47
47
49
50
52
53
54
55
55
56
57
58
59
59
61
61
61
61
62
62
63
64
64
64
65
66
66
66
66
69
70
70
70
70
71
72
73
73
73
74
74
75
76
76
78
79
79
79
80
80
81
81
81
82
82
83
83
84
85
85
86
87
87
88
90
92
94
94
95
95
95
97
98
98
98
100
101
101
102
103
104
104
105
105
107
109
109
109
110
110
111
111
112
112
112
113
114
114
117
118
118
118
118
119
120
122
123
123
123
124
125
125
126
126
127
127
128
128
129
129
129
129
130
131
131
132
132
133
133
134
134
134
135
135
136
138
139
139
139
140
140
142
143
144
145
145
145
146
148
148
148
148
149
149
151
151
152
152
153
154
155
155
156
157
158
159
159
159
161
162
162
164
164
167
168
169
169
170
171
171
171
173
173
173
174
175
177
177
180
181
182
183
183
184
185
186
186
186
186
187
189
189
190
190
190
192
192
193
193
193
195
195
195
195
196
196
197
198
198
199
199
200
200
200
200
200
200
202
202
204
204
206
206
207
207
208
208
209
210
211
211
212
212
213
214
214
214
214
215
215
215
215
217
218
219
221
222
223
223
224
227
228
228
229
229
230
230
230
232
233
234
234
235
236
240
240
241
241
241
241
243
244
244
245
245
245
245
247
249
249
249
250
250
251
251
251
252
253
256
256
256
260
263
263
266
267
267
267
268
268
269
271
275
275
275
276
277
277
277
279
279
280
280
281
284
285
285
286
286
286
286
286
286
288
289
289
289
291
293
294
296
296
297
298
300
300
301
301
301
302
302
302
303
303
303
306
306
308
308
309
309
310
310
311
312
312
312
313
313
313
314
315
315
316
316
317
317
318
318
320
321
321
321
322
322
323
323
324
324
324
324
325
325
327
328
329
329
329
330
331
333
334
334
335
335
336
336
336
336
338
338
341
341
342
343
343
343
344
344
345
346
346
347
347
348
349
350
350
350
352
353
353
354
354
356
357
358
358
358
358
359
360
360
360
361
362
362
362
363
363
364
364
365
366
367
369
369
369
369
370
370
370
370
371
372
373
373
374
374
375
375
376
376
377
378
378
379
379
380
382
383
383
384
384
384
385
386
387
389
390
391
392
392
393
393
394
394
394
395
395
399
399
400
400
401
402
402
402
402
406
407
407
408
408
408
409
410
411
411
413
414
416
416
416
417
417
417
417
418
418
420
421
423
423
423
423
423
424
424
425
425
427
428
428
428
429
431
432
434
434
437
438
440
441
442
442
443
443
443
444
444
444
444
445
445
446
446
446
446
446
447
448
449
449
451
451
452
453
453
454
457
458
458
460
460
460
460
461
461
461
462
463
463
464
465
465
465
467
469
469
470
471
471
471
471
472
473
475
476
477
477
477
477
478
478
478
479
479
480
481
483
486
486
487
487
489
489
489
489
493
493
494
494
495
496
496
496
496
497
497
499
499
500
500
501
501
501
502
503
503
503
504
504
506
507
507
507
507
509
510
511
514
515
516
516
517
518
520
520
520
521
521
522
522
523
525
525
526
526
526
527
527
527
527
530
531
531
531
531
532
534
534
534
537
537
540
540
541
541
543
543
545
545
546
547
547
547
548
549
549
550
551
551
551
554
554
554
555
555
555
555
555
556
556
558
558
559
560
560
560
562
563
563
564
564
564
564
566
566
566
567
567
569
570
570
571
571
571
573
573
574
576
576
578
579
579
580
581
581
581
581
582
585
585
586
587
587
588
588
588
589
590
590
591
592
596
597
598
598
598
599
600
600
601
601
601
602
603
604
605
606
607
609
609
610
610
611
611
612
612
612
613
614
615
615
617
617
617
617
619
619
619
620
621
622
622
622
624
624
628
629
629
630
630
631
632
633
634
634
635
635
635
636
637
637
639
641
641
641
642
643
645
646
647
647
649
650
651
651
653
653
653
654
656
656
657
659
659
659
659
659
662
662
662
662
663
663
664
665
665
665
667
668
668
669
670
670
671
671
671
672
675
676
678
679
679
680
681
683
684
684
684
684
684
685
685
685
689
690
690
690
690
691
693
694
694
695
696
696
697
698
698
699
699
699
699
700
701
701
701
702
702
702
703
703
703
705
705
706
706
706
706
706
706
707
708
712
712
713
713
715
715
715
715
716
717
718
720
720
721
721
721
721
723
723
724
725
725
725
726
727
728
728
728
730
731
731
731
731
732
732
732
733
733
734
735
735
738
738
738
739
740
740
741
741
742
743
743
744
744
744
744
745
747
748
748
748
748
749
751
752
752
752
753
754
755
755
755
756
756
756
758
758
759
762
764
764
764
767
767
767
768
768
768
769
769
773
774
775
775
775
776
776
778
778
779
779
779
779
781
782
783
783
784
784
784
785
787
788
788
789
790
791
791
792
793
795
795
800
801
803
804
804
805
805
805
807
809
809
810
811
812
813
814
816
816
816
817
817
818
818
819
820
820
821
821
824
824
825
827
828
828
830
831
831
832
832
833
833
835
837
839
840
840
841
841
845
847
848
848
848
848
848
849
852
854
854
857
857
858
858
858
858
859
859
860
861
861
861
862
863
863
863
863
864
865
865
866
866
868
869
869
871
871
871
871
872
874
874
875
876
879
880
880
881
882
883
884
885
885
886
888
888
889
889
889
890
893
894
894
895
896
896
897
898
899
900
900
904
905
906
907
907
908
908
909
910
910
911
912
912
912
913
915
915
915
917
917
917
919
919
921
921
921
921
923
923
923
924
924
924
925
925
925
925
926
927
927
928
928
928
929
930
930
930
931
931
933
934
937
938
938
938
939
939
940
940
941
942
945
947
948
948
949
949
949
949
950
950
950
951
951
951
952
953
953
953
953
954
954
955
955
956
957
957
959
962
962
963
965
965
966
967
968
970
970
971
972
973
973
973
974
974
974
975
976
976
978
978
979
979
980
980
980
981
981
982
982
983
983
984
986
986
987
987
987
988
988
989
989
989
990
991
993
994
995
995
995
995
997
998
998
1000
1001
1002
1002
1002
1002
1003
1005
1005
1007
1007
1007
1008
1009
1009
1011
1011
1011
1012
1012
1014
1014
1014
1018
1019
1019
1020
1024
1024
1025
1027
1027
1028
1028
1029
1029
1029
1030
1032
1032
1033
1033
1033
1035
1036
1038
1038
1039
1039
1039
1039
1039
1039
1040
1041
1041
1042
1043
1044
1045
1046
1047
1048
1048
1050
1050
1051
1052
1052
1053
1054
1055
1055
1055
1056
1056
1057
1057
1057
1058
1058
1060
1061
1061
1062
1062
1065
1066
1067
1067
1067
1068
1068
1068
1069
1070
1070
1071
1071
1072
1072
1073
1073
1074
1075
1077
1079
1081
1081
1081
1082
1082
1082
1083
1083
1083
1083
1084
1084
1084
1085
1087
1087
1087
1088
1088
1089
1089
1089
1089
1090
1092
1093
1094
1094
1094
1094
1095
1096
1096
1097
1097
1097
1099
1099
1100
1103
1104
1106
1106
1108
1108
1110
1110
1111
1112
1116
1117
1117
1118
1118
1119
1120
1120
1120
1121
1121
1122
1122
1123
1124
1124
1125
1126
1131
1132
1132
1132
1132
1133
1134
1135
1135
1136
1136
1137
1138
1138
1138
1139
1140
1142
1142
1142
1143
1143
1143
1144
1145
1145
1145
1146
1146
1147
1148
1148
1148
1149
1150
1151
1151
1151
1153
1153
1156
1157
1158
1159
1160
1161
1161
1162
1162
1164
1166
1166
1166
1168
1168
1171
1171
1174
1174
1174
1174
1175
1175
1178
1180
1180
1181
1182
1183
1183
1184
1184
1184
1184
1188
1189
1189
1190
1191
1193
1194
1194
1196
1198
1199
1200
1200
1201
1201
1202
1202
1203
1204
1204
1205
1205
1205
1205
1206
1206
1207
1208
1208
1208
1208
1210
1210
1210
1211
1211
1211
1212
1213
1213
1215
1216
1218
1219
1219
1220
1221
1222
1222
1222
1222
1223
1224
1224
1225
1226
1226
1228
1228
1228
1229
1229
1230
1231
1231
1232
1232
1233
1234
1234
1235
1236
1236
1236
1241
1241
1243
1243
1243
1248
1248
1248
1248
1249
1249
1251
1251
1252
1254
1256
1257
1258
1259
1262
1262
1262
1262
1263
1264
1264
1264
1265
1266
1268
1268
1269
1269
1271
1272
1272
1272
1273
1275
1275
1278
1279
1279
1280
1280
1283
1284
1285
1285
1285
1286
1287
1288
1288
1290
1291
1291
1291
1291
1291
1291
1293
1295
1295
1296
1296
1296
1296
1296
1296
1296
1297
1297
1298
1300
1300
1301
1301
1301
1301
1301
1302
1303
1303
1304
1304
1305
1305
1306
1307
1308
1308
1308
1309
1309
1310
1311
1312
1314
1314
1315
1315
1316
1318
1318
1319
1319
1319
1320
1320
1320
1320
1321
1322
1323
1324
1324
1326
1327
1327
1328
1329
1330
1330
1331
1332
1332
1332
1333
1335
1335
1336
1337
1338
1338
1338
1338
1339
1339
1340
1342
1342
1344
1344
1345
1346
1346
1347
1347
1347
1348
1349
1350
1351
1352
1352
1353
1354
1354
1355
1356
1359
1361
1361
1362
1362
1362
1363
1363
1363
1365
1365
1366
1367
1367
1369
1369
1369
1369
1373
1375
1375
1376
1376
1377
1377
1377
1377
1378
1379
1380
1380
1381
1381
1382
1382
1383
1383
1383
1385
1385
1385
1386
1387
1387
1388
1388
1390
1390
1390
1391
1392
1394
1397
1398
1401
1403
1403
1404
1405
1405
1407
1407
1407
1408
1409
1409
1410
1410
1413
1413
1413
1413
1414
1414
1415
1416
1416
1416
1416
1416
1416
1417
1420
1421
1422
1423
1423
1424
1425
1425
1425
1426
1426
1427
1427
1428
1430
1431
1431
1431
1433
1433
1434
1434
1434
1435
1435
1436
1437
1437
1438
1438
1438
1439
1439
1439
1440
1441
1441
1442
1443
1443
1443
1443
1445
1445
1445
1447
1447
1447
1449
1449
1449
1450
1450
1450
1452
1452
1453
1453
1455
1457
1457
1457
1457
1458
1459
1460
1461
1461
1463
1463
1463
1463
1464
1464
1464
1465
1466
1466
1467
1468
1470
1470
1471
1472
1473
1473
1473
1475
1475
1476
1477
1477
1480
1481
1482
1482
1482
1482
1484
1484
1485
1485
1487
1487
1489
1489
1489
1490
1491
1491
1492
1492
1493
1494
1495
1495
1495
1496
1498
1499
1499
1500
1500
1500
1500
1501
1502
1504
1505
1506
1512
1513
1515
1516
1516
1517
1517
1519
1522
1523
1524
1524
1525
1525
1525
1525
1526
1528
1529
1529
1530
1530
1530
1531
1531
1531
1531
1531
1532
1535
1535
1536
1536
1536
1537
1537
1537
1538
1539
1539
1540
1542
1543
1544
1545
1548
1548
1548
1549
1549
1549
1550
1551
1552
1553
1553
1553
1553
1554
1557
1557
1557
1558
1558
1558
1559
1560
1561
1561
1561
1562
1565
1565
1565
1567
1570
1570
1571
1574
1575
1575
1576
1576
1577
1578
1578
1578
1579
1581
1581
1582
1583
1584
1584
1586
1586
1586
1587
1587
1588
1590
1591
1591
1592
1594
1595
1595
1596
1596
1596
1596
1597
1597
1598
1599
1600
1600
1602
1603
1603
1604
1606
1607
1608
1610
1610
1611
1613
1613
1614
1614
1614
1615
1615
1618
1619
1622
1622
1622
1623
1624
1624
1625
1625
1626
1627
1630
1631
1631
1632
1633
1634
1634
1634
1637
1637
1639
1641
1641
1642
1642
1643
1643
1645
1646
1649
1650
1650
1651
1652
1652
1653
1654
1655
1655
1655
1657
1657
1658
1659
1660
1660
1661
1661
1661
1663
1664
1664
1665
1665
1665
1665
1666
1667
1668
1668
1669
1670
1672
1673
1674
1674
1674
1675
1676
1677
1677
1679
1679
1681
1681
1681
1681
1682
1682
1683
1683
1685
1685
1686
1686
1688
1688
1691
1693
1693
1693
1694
1694
1694
1695
1695
1696
1697
1697
1697
1698
1698
1698
1699
1699
1699
1700
1700
1700
1701
1701
1701
1702
1702
1703
1704
1705
1705
1705
1706
1707
1707
1707
1708
1709
1709
1709
1709
1710
1710
1711
1714
1716
1716
1719
1719
1720
1721
1722
1722
1724
1724
1727
1728
1728
1728
1728
1729
1729
1729
1729
1730
1730
1730
1731
1731
1732
1732
1732
1734
1734
1735
1736
1736
1736
1737
1737
1740
1740
1743
1743
1744
1744
1745
1745
1746
1748
1750
1753
1753
1753
1757
1758
1761
1761
1762
1764
1764
1764
1765
1765
1766
1766
1767
1767
1768
1770
1771
1773
1774
1774
1775
1776
1776
1777
1778
1779
1780
1781
1781
1782
1782
1783
1783
1786
1789
1789
1789
1790
1790
1791
1791
1792
1793
1793
1793
1794
1795
1798
1798
1799
1799
1801
1804
1806
1807
1807
1807
1809
1815
1817
1818
1818
1819
1819
1821
1821
1821
1823
1823
1823
1824
1824
1824
1824
1824
1824
1825
1828
1828
1832
1832
1832
1832
1833
1833
1834
1834
1834
1835
1835
1836
1836
1837
1837
1838
1838
1838
1838
1840
1841
1842
1842
1842
1842
1842
1843
1844
1844
1846
1846
1846
1846
1847
1848
1848
1849
1849
1849
1850
1852
1853
1853
1853
1853
1854
1855
1855
1856
1858
1859
1860
1860
1860
1861
1862
1863
1865
1866
1866
1866
1868
1869
1869
1870
1870
1871
1871
1872
1872
1872
1873
1873
1874
1874
1875
1876
1876
1876
1878
1879
1880
1881
1881
1882
1884
1887
1888
1890
1890
1891
1891
1894
1896
1897
1897
1898
1898
1900
1902
1902
1903
1904
1906
1906
1906
1907
1907
1908
1908
1910
1910
1911
1911
1912
1912
1912
1913
1914
1914
1915
1916
1917
1918
1919
1920
1920
1921
1922
1922
1923
1924
1925
1926
1926
1926
1927
1927
1927
1927
1929
1930
1932
1934
1935
1935
1935
1935
1936
1938
1939
1940
1941
1942
1942
1942
1943
1943
1943
1944
1945
1945
1945
1946
1946
1947
1948
1949
1949
1951
1951
1951
1952
1953
1953
1954
1954
1954
1955
1956
1956
1957
1957
1958
1958
1959
1961
1962
1962
1964
1965
1966
1967
1967
1967
1968
1969
1970
1970
1970
1972
1972
1974
1975
1976
1977
1978
1979
1981
1981
1981
1982
1982
1983
1984
1984
1984
1984
1985
1985
1988
1988
1989
1989
1990
1991
1991
1991
1992
1995
1995
1995
1996
1996
1997
1998
2000
2000
2001
2001
2001
2002
2003
2003
2003
2003
2004
2006
2007
2007
2009
2009
2010
2010
2012
2013
2013
2014
2014
2015
2016
2017
2017
2020
2021
2023
2023
2023
2023
2023
2023
2024
2024
2025
2026
2026
2029
2029
2030
2032
2032
2032
2032
2033
2033
2034
2036
2036
2038
2040
2041
2041
2044
2044
2046
2047
2048
2048
2049
2050
2051
2052
2052
2053
2053
2053
2053
2054
2054
2056
2056
2056
2057
2059
2059
2060
2061
2061
2062
2062
2063
2063
2063
2065
2065
2066
2069
2071
2073
2073
2073
2074
2075
2076
2076
2076
2077
2077
2077
2078
2078
2079
2080
2080
2081
2082
2084
2086
2086
2086
2088
2088
2089
2090
2090
2090
2091
2092
2092
2093
2093
2094
2094
2094
2094
2095
2095
2095
2096
2096
2097
2099
2100
2101
2102
2102
2103
2104
2104
2105
2106
2106
2107
2108
2108
2110
2110
2110
2111
2111
2111
2112
2113
2113
2115
2115
2116
2117
2118
2119
2119
2120
2120
2121
2121
2123
2123
2124
2125
2126
2126
2127
2128
2128
2129
2131
2131
2131
2134
2134
2136
2137
2138
2139
2139
2140
2141
2141
2142
2144
2144
2144
2145
2147
2149
2149
2150
2151
2151
2151
2151
2151
2153
2153
2154
2154
2155
2155
2156
2156
2157
2157
2157
2158
2160
2160
2161
2163
2163
2163
2164
2164
2165
2166
2167
2167
2168
2168
2168
2169
2169
2169
2169
2171
2171
2172
2172
2172
2173
2173
2174
2174
2174
2174
2174
2175
2176
2176
2176
2177
2177
2177
2177
2177
2178
2178
2179
2180
2180
2180
2181
2181
2181
2183
2183
2184
2184
2184
2186
2186
2189
2189
2189
2190
2191
2191
2192
2193
2193
2194
2194
2194
2195
2197
2199
2199
2199
2200
2204
2205
2205
2206
2206
2207
2207
2208
2209
2209
2210
2212
2213
2214
2215
2216
2216
2219
2219
2220
2220
2222
2222
2223
2223
2224
2226
2226
2228
2228
2229
2231
2231
2232
2232
2233
2234
2235
2236
2236
2238
2239
2239
2240
2240
2241
2243
2244
2244
2246
2246
2246
2246
2247
2247
2247
2249
2250
2251
2251
2252
2253
2254
2254
2255
2256
2257
2257
2258
2260
2262
2262
2262
2263
2264
2265
2265
2266
2267
2267
2268
2269
2269
2269
2270
2271
2271
2272
2272
2273
2277
2277
2279
2279
2279
2279
2280
2281
2282
2282
2283
2283
2283
2284
2284
2284
2285
2286
2286
2287
2288
2289
2291
2291
2292
2293
2294
2294
2294
2296
2296
2296
2296
2296
2299
2299
2300
2300
2300
2301
2302
2302
2304
2304
2306
2307
2307
2309
2309
2309
2309
2310
2310
2312
2312
2313
2314
2316
2317
2318
2319
2319
2320
2320
2323
2323
2323
2324
2324
2325
2326
2327
2327
2327
2328
2328
2329
2329
2330
2330
2330
2330
2331
2332
2332
2333
2337
2337
2338
2338
2338
2339
2339
2339
2340
2340
2340
2342
2342
2343
2343
2344
2344
2344
2345
2346
2349
2351
2351
2352
2352
2353
2354
2354
2354
2356
2356
2356
2357
2358
2359
2359
2360
2361
2363
2364
2364
2365
2366
2366
2366
2367
2367
2368
2369
2369
2370
2371
2374
2374
2375
2376
2377
2379
2379
2379
2379
2383
2383
2384
2384
2386
2387
2387
2388
2389
2389
2390
2390
2391
2392
2393
2393
2394
2395
2396
2396
2397
2397
2397
2399
2399
2401
2402
2402
2402
2403
2403
2404
2404
2405
2405
2407
2407
2408
2409
2410
2410
2410
2411
2412
2412
2414
2414
2415
2416
2416
2416
2417
2418
2419
2420
2421
2421
2422
2423
2423
2424
2424
2425
2426
2427
2427
2427
2428
2429
2431
2432
2433
2434
2434
2434
2435
2435
2436
2436
2437
2437
2438
2439
2439
2442
2443
2443
2444
2444
2445
2445
2445
2447
2448
2448
2449
2449
2451
2451
2452
2452
2453
2453
2453
2453
2454
2454
2454
2454
2456
2456
2456
2456
2457
2457
2458
2459
2459
2461
2461
2461
2461
2461
2463
2464
2464
2464
2464
2464
2464
2465
2465
2466
2466
2467
2467
2467
2468
2468
2469
2470
2470
2471
2471
2472
2472
2474
2475
2475
2475
2475
2476
2477
2477
2478
2478
2478
2479
2480
2481
2481
2481
2482
2482
2483
2483
2483
2484
2484
2485
2485
2489
2490
2491
2493
2494
2494
2494
2495
2495
2497
2497
2497
2499
2499
2499
2501
2501
2503
2504
2505
2506
2506
2508
2509
2509
2511
2511
2511
2512
2512
2512
2513
2513
2513
2515
2515
2516
2516
2516
2516
2518
2519
2520
2523
2523
2524
2526
2528
2529
2529
2530
2532
2532
2532
2534
2537
2538
2539
2540
2540
2540
2541
2541
2541
2541
2543
2544
2547
2547
2550
2551
2552
2553
2553
2557
2558
2558
2559
2562
2562
2563
2564
2564
2565
2566
2566
2566
2567
2567
2568
2568
2568
2568
2569
2569
2569
2572
2575
2575
2575
2575
2576
2576
2577
2578
2578
2579
2581
2581
2582
2583
2583
2583
2584
2585
2585
2586
2587
2587
2588
2588
2588
2590
2591
2591
2593
2594
2594
2595
2595
2595
2596
2596
2596
2597
2597
2599
2599
2601
2602
2604
2605
2605
2605
2606
2606
2606
2607
2607
2607
2608
2608
2608
2609
2610
2611
2612
2613
2613
2614
2615
2616
2617
2619
2620
2623
2623
2624
2624
2624
2624
2624
2625
2626
2626
2626
2629
2629
2630
2630
2630
2631
2631
2631
2631
2632
2632
2634
2634
2634
2634
2635
2641
2644
2644
2644
2644
2644
2645
2646
2647
2647
2648
2648
2651
2654
2654
2654
2655
2655
2656
2657
2658
2658
2658
2658
2659
2659
2660
2660
2661
2662
2663
2663
2663
2664
2667
2668
2668
2669
2669
2671
2672
2672
2673
2673
2674
2674
2675
2675
2676
2676
2677
2680
2680
2682
2683
2683
2683
2684
2684
2685
2685
2686
2686
2686
2687
2688
2690
2690
2691
2691
2692
2692
2692
2692
2693
2695
2696
2697
2697
2697
2698
2698
2700
2700
2700
2701
2702
2702
2705
2706
2708
2709
2709
2712
2712
2712
2713
2714
2715
2716
2717
2718
2719
2719
2720
2720
2721
2721
2723
2723
2724
2724
2725
2726
2726
2727
2727
2728
2728
2729
2731
2732
2733
2734
2735
2735
2737
2738
2738
2739
2740
2740
2742
2743
2744
2745
2746
2746
2747
2748
2749
2751
2752
2753
2754
2754
2754
2755
2755
2757
2757
2758
2758
2759
2759
2760
2761
2761
2761
2762
2762
2763
2763
2764
2766
2768
2769
2769
2770
2770
2771
2771
2771
2773
2773
2773
2773
2773
2775
2775
2776
2777
2777
2777
2778
2779
2779
2779
2780
2780
2780
2780
2781
2782
2782
2783
2783
2783
2784
2784
2784
2784
2785
2786
2787
2787
2787
2788
2788
2788
2789
2789
2789
2789
2790
2791
2792
2792
2793
2793
2793
2793
2794
2794
2795
2796
2797
2798
2798
2800
2800
2801
2802
2802
2802
2803
2803
2804
2804
2804
2805
2806
2806
2806
2808
2808
2809
2809
2810
2811
2811
2812
2812
2812
2814
2815
2816
2816
2816
2816
2816
2817
2817
2818
2818
2819
2820
2820
2821
2821
2821
2823
2826
2828
2831
2834
2834
2834
2836
2837
2837
2839
2840
2841
2844
2844
2845
2845
2845
2847
2848
2848
2849
2849
2849
2850
2851
2852
2852
2853
2853
2853
2853
2854
2855
2856
2856
2856
2857
2857
2858
2859
2860
2861
2862
2862
2862
2862
2862
2863
2864
2864
2864
2865
2865
2865
2866
2867
2868
2870
2871
2871
2871
2872
2872
2872
2874
2874
2875
2876
2876
2877
2877
2877
2877
2877
2878
2878
2879
2879
2880
2880
2881
2882
2883
2884
2884
2885
2886
2890
2891
2891
2891
2893
2894
2897
2898
2899
2899
2899
2899
2900
2901
2901
2901
2901
2902
2903
2903
2905
2905
2908
2909
2909
2910
2911
2911
2914
2914
2914
2917
2917
2917
2919
2920
2920
2920
2921
2921
2922
2922
2922
2922
2922
2922
2923
2926
2927
2927
2930
2931
2932
2932
2932
2933
2934
2936
2936
2936
2937
2938
2939
2939
2942
2943
2943
2947
2947
2947
2948
2948
2949
2949
2951
2951
2953
2954
2955
2955
2956
2956
2958
2958
2958
2960
2961
2961
2963
2964
2964
2967
2968
2968
2971
2971
2972
2972
2973
2973
2973
2975
2976
2977
2977
2977
2979
2979
2979
2980
2980
2981
2981
2982
2982
2982
2982
2983
2983
2983
2983
2984
2984
2985
2986
2987
2988
2989
2992
2993
2993
2994
2994
2995
2995
2995
2995
2997
2997
2997
2998
2998
2999
2999
2999
3000
3000
3000
3002
3003
3003
3003
3003
3004
3005
3005
3006
3006
3007
3007
3007
3008
3010
3010
3014
3014
3014
3016
3021
3022
3022
3023
3023
3024
3025
3026
3028
3029
3029
3030
3030
3031
3032
3034
3035
3036
3036
3038
3038
3039
3040
3041
3041
3041
3042
3042
3042
3043
3043
3043
3043
3043
3045
3046
3046
3046
3047
3047
3048
3049
3049
3049
3051
3052
3054
3055
3055
3056
3056
3056
3056
3057
3057
3059
3061
3061
3062
3062
3064
3064
3066
3067
3068
3068
3068
3070
3070
3071
3071
3072
3072
3074
3074
3075
3075
3076
3076
3076
3078
3078
3078
3079
3080
3082
3084
3084
3085
3087
3088
3088
3089
3089
3090
3091
3091
3092
3093
3093
3093
3093
3095
3096
3096
3098
3098
3098
3099
3099
3099
3106
3107
3108
3109
3110
3111
3111
3112
3113
3113
3114
3114
3115
3115
3116
3116
3119
3119
3119
3120
3121
3121
3122
3122
3122
3123
3123
3123
3124
3125
3126
3127
3127
3127
3128
3128
3128
3129
3130
3130
3130
3130
3130
3132
3132
3132
3134
3135
3136
3136
3137
3137
3138
3138
3139
3140
3140
3141
3141
3142
3142
3143
3144
3144
3144
3144
3146
3146
3146
3146
3147
3147
3148
3148
3148
3149
3149
3150
3150
3150
3151
3151
3152
3152
3152
3153
3153
3155
3155
3155
3157
3157
3159
3159
3159
3159
3159
3159
3159
3161
3162
3163
3163
3164
3165
3168
3168
3170
3170
3171
3171
3176
3178
3179
3179
3180
3180
3180
3181
3181
3182
3183
3184
3185
3185
3185
3186
3186
3186
3187
3187
3187
3187
3187
3188
3190
3191
3193
3193
3193
3193
3194
3194
3195
3197
3199
3200
3200
3202
3203
3203
3204
3205
3205
3205
3206
3207
3208
3209
3209
3209
3210
3211
3211
3211
3211
3212
3212
3215
3215
3215
3216
3216
3216
3218
3218
3219
3219
3220
3221
3222
3223
3225
3225
3226
3228
3229
3229
3230
3230
3230
3230
3233
3235
3235
3235
3235
3237
3238
3238
3239
3240
3241
3242
3243
3243
3244
3244
3244
3246
3246
3246
3247
3247
3249
3250
3250
3251
3251
3253
3257
3258
3258
3258
3258
3259
3261
3261
3262
3262
3263
3264
3264
3265
3266
3267
3268
3268
3269
3269
3269
3271
3271
3271
3272
3272
3272
3272
3272
3273
3273
3273
3273
3275
3275
3275
3277
3277
3278
3279
3280
3280
3281
3281
3284
3286
3287
3288
3288
3289
3291
3291
3292
3292
3292
3295
3295
3295
3296
3296
3297
3297
3298
3298
3299
3300
3301
3301
3301
3302
3302
3304
3306
3308
3308
3309
3311
3312
3314
3316
3316
3317
3317
3317
3317
3317
3318
3318
3318
3319
3319
3319
3320
3320
3320
3321
3321
3323
3323
3324
3325
3326
3328
3328
3328
3328
3328
3329
3329
3331
3332
3333
3335
3336
3336
3337
3337
3338
3339
3339
3340
3340
3341
3341
3341
3344
3345
3345
3345
3347
3347
3347
3348
3349
3349
3349
3349
3350
3350
3350
3351
3351
3351
3353
3353
3354
3354
3354
3355
3356
3356
3357
3357
3358
3359
3359
3360
3360
3360
3360
3360
3362
3362
3363
3364
3364
3365
3365
3365
3365
3366
3366
3368
3368
3369
3370
3370
3372
3372
3373
3373
3374
3376
3376
3378
3378
3378
3379
3379
3380
3380
3380
3381
3381
3382
3382
3382
3383
3384
3387
3387
3389
3389
3389
3389
3390
3391
3392
3392
3394
3394
3394
3395
3396
3398
3398
3398
3399
3399
3401
3402
3403
3403
3405
3405
3406
3408
3409
3410
3410
3411
3411
3411
3411
3412
3412
3412
3413
3414
3414
3415
3416
3417
3417
3418
3418
3418
3418
3418
3419
3419
3419
3420
3421
3422
3424
3426
3427
3428
3428
3429
3430
3430
3432
3436
3437
3440
3440
3440
3441
3442
3442
3444
3444
3447
3448
3450
3450
3450
3450
3450
3451
3452
3452
3452
3453
3454
3455
3456
3457
3457
3457
3457
3458
3459
3459
3459
3461
3461
3461
3462
3462
3463
3465
3465
3465
3466
3467
3469
3471
3473
3474
3474
3476
3476
3476
3477
3477
3477
3478
3478
3480
3480
3480
3482
3482
3482
3484
3484
3484
3486
3486
3487
3487
3488
3489
3490
3491
3491
3492
3493
3494
3495
3496
3497
3497
3497
3497
3497
3497
3498
3498
3498
3499
3499
3500
3500
3503
3503
3504
3504
3504
3505
3505
3506
3507
3508
3508
3509
3509
3509
3510
3510
3510
3510
3511
3512
3513
3513
3515
3515
3515
3517
3517
3517
3517
3517
3519
3519
3520
3521
3521
3522
3524
3524
3526
3527
3529
3529
3530
3531
3533
3533
3534
3536
3536
3537
3538
3538
3539
3540
3540
3540
3541
3541
3542
3543
3544
3545
3545
3545
3546
3548
3549
3549
3551
3553
3553
3553
3553
3554
3554
3554
3554
3555
3557
3559
3559
3560
3560
3561
3563
3565
3566
3566
3567
3567
3568
3569
3569
3571
3571
3572
3572
3573
3574
3574
3575
3575
3576
3577
3577
3578
3579
3581
3581
3581
3581
3583
3583
3585
3585
3586
3586
3586
3586
3588
3588
3589
3589
3589
3590
3590
3591
3592
3592
3594
3594
3595
3597
3597
3598
3598
3599
3601
3602
3603
3604
3604
3606
3607
3608
3608
3609
3609
3611
3611
3613
3613
3613
3613
3613
3614
3614
3615
3616
3616
3616
3616
3616
3617
3618
3618
3618
3618
3619
3619
3620
3620
3621
3621
3622
3622
3622
3622
3623
3623
3624
3624
3625
3626
3626
3628
3628
3628
3629
3630
3631
3631
3632
3632
3632
3632
3632
3633
3633
3633
3634
3634
3634
3635
3635
3637
3637
3637
3638
3641
3641
3642
3643
3643
3644
3645
3646
3646
3646
3647
3650
3651
3652
3652
3652
3653
3654
3654
3656
3656
3657
3658
3658
3658
3661
3663
3665
3665
3667
3668
3668
3669
3669
3670
3670
3670
3671
3671
3671
3673
3674
3675
3676
3676
3676
3677
3678
3678
3678
3679
3679
3680
3680
3680
3680
3681
3683
3684
3684
3684
3684
3685
3686
3686
3688
3690
3690
3691
3692
3693
3693
3693
3695
3699
3700
3701
3701
3702
3703
3704
3705
3705
3707
3707
3710
3710
3711
3712
3713
3713
3714
3716
3718
3718
3721
3722
3722
3725
3726
3727
3727
3728
3731
3731
3733
3733
3734
3737
3738
3740
3740
3741
3741
3741
3741
3742
3743
3744
3744
3745
3745
3746
3746
3750
3751
3752
3753
3753
3753
3754
3755
3755
3756
3758
3760
3763
3763
3764
3764
3764
3766
3769
3769
3769
3771
3771
3773
3774
3775
3776
3776
3777
3777
3778
3779
3781
3783
3783
3783
3783
3784
3784
3784
3784
3784
3786
3786
3787
3787
3787
3788
3788
3788
3788
3789
3790
3790
3791
3793
3793
3794
3796
3796
3796
3797
3798
3798
3799
3799
3800
3800
3801
3802
3802
3802
3802
3803
3803
3803
3803
3804
3805
3805
3806
3808
3810
3810
3812
3812
3812
3812
3813
3814
3816
3816
3817
3817
3817
3817
3818
3818
3820
3820
3820
3825
3825
3826
3826
3827
3828
3828
3828
3829
3829
3830
3830
3830
3830
3831
3831
3833
3833
3833
3833
3834
3835
3835
3835
3836
3836
3836
3838
3840
3841
3841
3841
3842
3844
3844
3844
3847
3847
3848
3848
3849
3850
3850
3850
3851
3851
3851
3856
3858
3858
3859
3859
3859
3859
3859
3864
3864
3866
3866
3867
3869
3869
3870
3870
3871
3871
3872
3872
3873
3873
3874
3877
3878
3878
3879
3879
3881
3883
3883
3885
3887
3887
3888
3889
3890
3890
3890
3891
3891
3891
3892
3892
3893
3893
3894
3894
3894
3895
3895
3896
3896
3897
3898
3898
3898
3900
3900
3900
3900
3901
3901
3902
3902
3903
3904
3906
3906
3908
3908
3908
3908
3910
3911
3912
3912
3913
3913
3913
3913
3914
3914
3915
3918
3921
3922
3925
3926
3927
3928
3929
3930
3930
3931
3932
3932
3933
3935
3935
3936
3936
3936
3937
3938
3941
3942
3943
3946
3947
3947
3947
3948
3948
3950
3950
3951
3951
3953
3954
3954
3957
3959
3959
3959
3959
3962
3964
3964
3964
3964
3965
3966
3967
3967
3967
3968
3969
3970
3971
3971
3971
3973
3973
3973
3976
3977
3978
3978
3979
3980
3981
3982
3982
3982
3982
3983
3984
3985
3985
3987
3987
3987
3988
3989
3989
3989
3989
3991
3992
3993
3994
3994
3994
3994
3996
3997
3997
3997
3998
3998
3998
3998
4000
4002
4002
4003
4003
4003
4006
4007
4007
4007
4008
4008
4008
4010
4010
4011
4011
4012
4012
4012
4013
4013
4013
4013
4014
4015
4015
4016
4017
4018
4019
4019
4021
4021
4021
4024
4025
4028
4028
4028
4028
4028
4029
4032
4032
4033
4033
4033
4034
4035
4036
4036
4037
4037
4039
4040
4041
4041
4042
4043
4044
4045
4046
4046
4047
4048
4048
4048
4049
4050
4050
4051
4053
4054
4054
4055
4057
4057
4058
4058
4058
4059
4059
4059
4059
4060
4061
4064
4064
4065
4067
4069
4070
4070
4070
4070
4071
4071
4071
4071
4073
4073
4073
4073
4073
4075
4075
4076
4076
4077
4078
4081
4082
4082
4083
4084
4084
4086
4086
4087
4087
4087
4088
4090
4090
4091
4091
4092
4093
4095
4096
4096
4097
4097
4097
4098
4099
4099
4099
4100
4101
4101
4101
4102
4102
4102
4102
4103
4107
4108
4111
4111
4113
4113
4114
4114
4115
4115
4116
4117
4119
4119
4120
4120
4123
4123
4123
4124
4125
4125
4125
4126
4127
4127
4127
4127
4128
4128
4128
4128
4129
4129
4129
4130
4130
4131
4132
4133
4133
4134
4136
4136
4136
4136
4137
4137
4137
4137
4137
4138
4138
4138
4139
4139
4142
4142
4143
4143
4145
4145
4146
4147
4148
4148
4148
4150
4150
4150
4151
4151
4151
4151
4151
4156
4156
4157
4160
4160
4160
4161
4161
4162
4162
4163
4163
4163
4164
4164
4164
4164
4164
4165
4166
4166
4167
4167
4167
4168
4168
4169
4169
4171
4171
4174
4174
4174
4174
4175
4176
4177
4178
4179
4180
4181
4183
4184
4185
4185
4185
4187
4188
4190
4192
4194
4195
4195
4196
4197
4197
4198
4198
4205
4206
4206
4208
4209
4210
4212
4212
4214
4214
4214
4215
4216
4216
4216
4219
4219
4219
4220
4221
4221
4222
4222
4223
4224
4224
4225
4227
4229
4230
4230
4231
4231
4231
4232
4232
4232
4233
4233
4233
4233
4234
4235
4236
4236
4237
4237
4237
4239
4240
4240
4240
4242
4244
4244
4244
4244
4246
4246
4247
4247
4247
4247
4248
4248
4250
4251
4251
4253
4254
4255
4256
4256
4256
4258
4259
4260
4260
4260
4261
4261
4261
4262
4262
4263
4265
4265
4267
4267
4268
4269
4269
4270
4270
4271
4272
4273
4273
4273
4276
4277
4278
4279
4279
4279
4280
4282
4282
4283
4283
4284
4285
4285
4285
4286
4288
4288
4290
4291
4291
4291
4291
4292
4293
4293
4293
4294
4294
4296
4297
4299
4300
4300
4301
4301
4302
4303
4304
4304
4304
4305
4305
4305
4305
4305
4306
4306
4307
4307
4309
4309
4310
4311
4311
4311
4312
4312
4313
4313
4313
4314
4314
4314
4315
4315
4316
4316
4316
4320
4320
4321
4321
4323
4324
4326
4326
4326
4327
4328
4328
4328
4329
4330
4330
4330
4331
4331
4331
4333
4334
4334
4334
4335
4335
4337
4339
4340
4340
4343
4343
4344
4344
4344
4344
4346
4348
4348
4349
4349
4349
4350
4351
4351
4351
4352
4352
4354
4355
4355
4356
4356
4357
4357
4357
4357
4359
4362
4362
4363
4363
4365
4365
4367
4369
4370
4370
4373
4374
4374
4375
4375
4375
4376
4377
4378
4379
4379
4380
4382
4382
4382
4382
4382
4382
4384
4385
4387
4387
4389
4389
4390
4390
4391
4392
4392
4392
4394
4395
4395
4397
4397
4398
4399
4400
4401
4401
4401
4401
4401
4402
4402
4402
4403
4403
4404
4405
4407
4409
4409
4409
4410
4410
4411
4412
4413
4413
4414
4414
4415
4415
4416
4418
4418
4418
4419
4420
4420
4421
4422
4422
4423
4423
4424
4424
4425
4425
4426
4426
4427
4430
4433
4433
4434
4434
4436
4437
4437
4440
4440
4441
4442
4443
4443
4443
4443
4444
4444
4445
4445
4446
4446
4447
4448
4448
4449
4450
4450
4450
4451
4451
4452
4452
4453
4454
4455
4455
4455
4455
4455
4455
4456
4456
4456
4456
4457
4458
4459
4459
4459
4459
4459
4460
4462
4462
4463
4464
4464
4465
4465
4465
4466
4467
4469
4470
4470
4470
4471
4471
4471
4472
4472
4473
4474
4475
4475
4476
4476
4477
4478
4478
4479
4479
4480
4480
4482
4482
4485
4485
4485
4486
4486
4487
4487
4488
4490
4492
4492
4492
4492
4493
4495
4496
4496
4496
4496
4497
4498
4498
4499
4499
4499
4500
4502
4504
4506
4506
4507
4507
4509
4510
4510
4511
4511
4512
4512
4513
4513
4516
4517
4517
4517
4518
4518
4519
4519
4519
4520
4520
4520
4521
4522
4522
4524
4525
4525
4527
4528
4528
4529
4529
4529
4530
4530
4530
4531
4531
4531
4533
4534
4534
4535
4536
4536
4536
4539
4539
4539
4540
4541
4542
4542
4544
4544
4545
4547
4547
4548
4550
4550
4551
4551
4551
4551
4552
4552
4553
4553
4554
4554
4556
4558
4558
4558
4559
4559
4559
4560
4560
4561
4562
4562
4562
4563
4563
4564
4564
4566
4567
4568
4568
4569
4570
4571
4572
4574
4574
4575
4576
4576
4577
4578
4579
4580
4580
4581
4582
4583
4583
4583
4584
4584
4585
4587
4587
4590
4591
4591
4591
4592
4592
4593
4593
4593
4594
4597
4597
4598
4598
4598
4599
4599
4599
4600
4601
4602
4603
4604
4604
4605
4605
4607
4607
4608
4610
4610
4611
4611
4612
4612
4613
4616
4617
4618
4618
4619
4619
4620
4620
4621
4621
4621
4622
4622
4623
4623
4625
4625
4625
4626
4626
4627
4627
4629
4630
4630
4630
4630
4631
4631
4631
4632
4632
4633
4633
4634
4635
4635
4635
4635
4635
4637
4637
4638
4638
4640
4640
4640
4640
4643
4643
4644
4644
4644
4645
4646
4647
4647
4647
4650
4650
4652
4653
4653
4653
4654
4655
4655
4658
4658
4658
4659
4659
4659
4659
4659
4660
4661
4662
4662
4662
4664
4665
4665
4666
4668
4669
4671
4672
4672
4673
4673
4673
4674
4676
4676
4677
4679
4680
4681
4681
4681
4682
4684
4686
4688
4688
4689
4690
4691
4691
4692
4692
4693
4693
4693
4694
4694
4694
4695
4697
4698
4698
4698
4699
4699
4700
4702
4703
4705
4706
4706
4706
4707
4707
4708
4712
4712
4713
4714
4714
4715
4716
4717
4718
4719
4719
4719
4722
4723
4724
4724
4725
4725
4726
4726
4728
4729
4730
4730
4730
4731
4731
4732
4732
4733
4733
4734
4734
4734
4734
4734
4735
4736
4736
4737
4738
4738
4738
4739
4740
4740
4740
4741
4742
4743
4744
4744
4744
4744
4745
4748
4749
4749
4749
4750
4750
4750
4751
4751
4752
4752
4753
4753
4753
4753
4753
4754
4754
4755
4755
4755
4755
4755
4755
4756
4756
4757
4757
4758
4759
4761
4761
4762
4762
4763
4763
4764
4764
4765
4765
4765
4765
4766
4767
4767
4767
4767
4768
4768
4769
4770
4771
4774
4774
4774
4775
4775
4775
4777
4777
4778
4779
4779
4779
4781
4781
4781
4782
4785
4786
4788
4792
4793
4793
4794
4795
4795
4796
4797
4798
4798
4799
4801
4802
4803
4804
4804
4805
4805
4806
4806
4807
4807
4807
4808
4808
4809
4811
4811
4811
4812
4813
4813
4814
4815
4815
4816
4816
4817
4817
4818
4818
4818
4820
4820
4820
4822
4822
4823
4823
4824
4825
4826
4827
4827
4828
4830
4830
4831
4832
4832
4833
4833
4834
4834
4834
4835
4835
4835
4835
4836
4837
4838
4838
4838
4841
4842
4843
4844
4844
4845
4845
4845
4845
4846
4846
4846
4846
4847
4850
4850
4850
4850
4850
4851
4851
4851
4852
4852
4853
4853
4855
4855
4855
4855
4856
4857
4859
4859
4859
4859
4861
4862
4862
4866
4867
4867
4869
4872
4872
4874
4875
4875
4875
4879
4879
4879
4880
4880
4881
4881
4882
4882
4882
4883
4884
4885
4886
4887
4889
4889
4890
4892
4892
4892
4893
4896
4897
4898
4898
4899
4900
4900
4900
4900
4900
4901
4902
4902
4902
4903
4903
4904
4905
4905
4905
4905
4907
4907
4909
4909
4909
4910
4910
4910
4910
4911
4912
4912
4913
4913
4914
4914
4915
4915
4915
4916
4917
4919
4919
4920
4921
4921
4925
4926
4926
4926
4926
4927
4929
4931
4932
4932
4933
4933
4934
4934
4935
4936
4936
4937
4939
4940
4940
4943
4943
4944
4944
4945
4945
4946
4946
4947
4948
4948
4948
4949
4950
4951
4951
4952
4953
4954
4954
4955
4955
4956
4959
4960
4960
4961
4962
4964
4964
4965
4966
4966
4967
4967
4967
4968
4968
4969
4970
4971
4971
4973
4974
4975
4975
4976
4977
4978
4978
4980
4980
4981
4983
4983
4984
4984
4984
4986
4987
4987
4987
4988
4988
4989
4991
4994
4995
4996
4997
4997
4997
4998
4999
5000
5000
5000
5001
5001
5003
5005
5006
5009
5009
5011
5011
5011
5013
5013
5013
5015
5015
5015
5016
5016
5016
5017
5018
5018
5018
5019
5019
5019
5020
5021
5021
5021
5021
5024
5024
5027
5027
5027
5030
5031
5032
5032
5032
5032
5033
5033
5034
5034
5036
5038
5038
5039
5040
5041
5042
5042
5042
5042
5042
5043
5043
5043
5045
5046
5046
5046
5046
5047
5047
5048
5048
5048
5048
5048
5050
5052
5052
5052
5052
5052
5053
5053
5054
5054
5055
5055
5055
5055
5058
5059
5060
5060
5060
5061
5062
5062
5062
5063
5063
5064
5065
5067
5068
5068
5068
5068
5069
5071
5073
5074
5074
5076
5076
5077
5078
5079
5079
5079
5079
5080
5081
5081
5081
5081
5082
5082
5082
5084
5086
5086
5088
5092
5092
5094
5094
5095
5096
5096
5097
5097
5097
5099
5099
5100
5101
5101
5102
5103
5104
5104
5105
5107
5109
5110
5112
5113
5113
5113
5114
5115
5115
5115
5117
5117
5119
5119
5119
5120
5121
5121
5121
5121
5121
5122
5122
5123
5123
5123
5123
5124
5124
5125
5125
5125
5127
5127
5127
5127
5129
5129
5129
5130
5130
5131
5131
5131
5132
5133
5133
5135
5135
5136
5137
5137
5138
5138
5139
5142
5143
5143
5146
5146
5149
5149
5149
5150
5150
5150
5151
5151
5151
5151
5153
5153
5153
5155
5155
5155
5155
5155
5156
5156
5156
5156
5157
5157
5158
5160
5161
5161
5162
5163
5163
5164
5165
5166
5166
5166
5167
5168
5168
5169
5170
5170
5171
5171
5172
5172
5173
5174
5174
5174
5176
5176
5176
5177
5177
5178
5178
5179
5179
5179
5181
5181
5182
5183
5183
5186
5187
5188
5188
5189
5190
5190
5191
5191
5191
5191
5192
5194
5195
5195
5195
5196
5197
5197
5197
5198
5199
5199
5199
5200
5200
5201
5201
5202
5203
5204
5204
5204
5205
5206
5206
5206
5207
5207
5207
5208
5208
5210
5210
5210
5210
5211
5212
5213
5213
5215
5215
5217
5218
5218
5218
5218
5219
5219
5220
5220
5221
5222
5225
5226
5227
5227
5229
5229
5229
5230
5230
5232
5233
5234
5234
5235
5235
5239
5239
5239
5239
5240
5241
5241
5242
5242
5242
5243
5244
5244
5244
5245
5245
5245
5245
5246
5246
5247
5247
5249
5249
5250
5250
5251
5252
5252
5255
5255
5256
5256
5257
5257
5257
5260
5260
5261
5262
5263
5263
5265
5265
5265
5267
5267
5269
5270
5271
5271
5272
5272
5272
5272
5272
5273
5274
5275
5275
5275
5276
5276
5277
5278
5278
5281
5281
5281
5281
5281
5283
5283
5284
5284
5286
5287
5287
5288
5288
5288
5288
5289
5289
5293
5293
5294
5296
5296
5297
5298
5299
5299
5299
5299
5300
5302
5302
5302
5304
5305
5307
5307
5308
5311
5312
5313
5313
5314
5314
5314
5315
5315
5315
5316
5318
5318
5319
5320
5320
5320
5321
5322
5322
5322
5323
5324
5324
5325
5325
5325
5326
5327
5327
5329
5329
5329
5332
5333
5333
5333
5333
5333
5334
5335
5335
5335
5336
5338
5339
5341
5341
5343
5343
5344
5348
5348
5349
5350
5350
5350
5350
5351
5351
5351
5352
5352
5353
5353
5354
5355
5355
5356
5356
5356
5357
5357
5359
5360
5360
5362
5364
5365
5366
5366
5366
5367
5368
5368
5369
5370
5370
5370
5371
5372
5372
5373
5373
5373
5374
5375
5376
5376
5376
5377
5378
5378
5378
5379
5382
5385
5386
5386
5386
5387
5387
5387
5390
5390
5391
5392
5393
5395
5396
5397
5397
5398
5398
5399
5399
5399
5400
5400
5400
5401
5401
5401
5402
5403
5403
5405
5405
5405
5405
5406
5406
5407
5408
5409
5410
5411
5411
5412
5413
5413
5413
5415
5415
5415
5415
5416
5416
5418
5419
5419
5419
5420
5422
5423
5424
5425
5425
5425
5426
5426
5426
5427
5433
5435
5436
5436
5436
5437
5437
5437
5439
5441
5441
5442
5442
5443
5443
5443
5444
5444
5445
5445
5446
5446
5446
5446
5448
5448
5449
5450
5451
5452
5453
5453
5454
5455
5455
5455
5456
5457
5457
5458
5458
5458
5459
5459
5460
5461
5461
5461
5462
5462
5462
5463
5463
5465
5465
5466
5467
5467
5468
5468
5468
5469
5471
5471
5472
5473
5473
5473
5474
5474
5476
5478
5479
5479
5480
5480
5483
5483
5484
5484
5484
5485
5487
5487
5489
5490
5490
5491
5491
5491
5492
5493
5493
5494
5494
5495
5496
5496
5496
5496
5496
5497
5497
5498
5498
5498
5499
5499
5499
5502
5502
5502
5502
5503
5504
5505
5507
5508
5508
5508
5508
5509
5509
5509
5510
5511
5512
5513
5514
5515
5516
5518
5519
5519
5520
5521
5522
5522
5523
5523
5524
5524
5525
5525
5525
5527
5529
5530
5530
5530
5534
5535
5536
5537
5537
5539
5540
5540
5542
5542
5542
5542
5543
5544
5544
5545
5548
5548
5550
5551
5552
5554
5555
5556
5557
5558
5558
5558
5558
5559
5560
5561
5562
5562
5562
5563
5567
5567
5567
5568
5568
5569
5569
5569
5570
5570
5572
5573
5575
5576
5576
5576
5578
5578
5581
5581
5581
5581
5583
5583
5584
5584
5584
5585
5585
5585
5586
5586
5587
5587
5588
5590
5590
5591
5592
5592
5593
5594
5597
5598
5599
5599
5600
5602
5605
5605
5606
5607
5607
5608
5608
5609
5609
5610
5610
5611
5612
5612
5615
5617
5617
5619
5619
5620
5620
5620
5620
5622
5622
5622
5623
5623
5623
5623
5623
5625
5625
5625
5626
5626
5626
5627
5628
5629
5629
5631
5632
5632
5632
5633
5633
5633
5633
5633
5633
5634
5634
5635
5635
5638
5639
5640
5641
5644
5645
5646
5646
5647
5647
5649
5649
5649
5649
5649
5650
5650
5650
5651
5651
5651
5652
5653
5654
5654
5655
5655
5655
5656
5656
5657
5658
5658
5659
5660
5660
5662
5662
5662
5662
5662
5663
5665
5665
5665
5665
5666
5666
5666
5668
5669
5669
5671
5671
5672
5672
5673
5673
5674
5675
5675
5675
5676
5678
5678
5679
5679
5680
5681
5682
5682
5683
5684
5684
5684
5685
5685
5687
5688
5688
5689
5689
5689
5689
5690
5690
5691
5691
5691
5692
5692
5692
5693
5693
5698
5698
5698
5699
5699
5700
5701
5702
5703
5703
5705
5708
5708
5709
5710
5710
5712
5713
5713
5714
5714
5714
5715
5716
5716
5716
5716
5717
5717
5718
5719
5719
5719
5719
5720
5723
5724
5724
5724
5724
5725
5725
5726
5726
5729
5731
5732
5732
5733
5733
5735
5735
5735
5735
5736
5736
5736
5736
5738
5738
5739
5739
5740
5740
5740
5740
5741
5741
5742
5742
5742
5742
5743
5744
5744
5744
5745
5745
5745
5746
5747
5748
5749
5751
5751
5751
5752
5752
5752
5753
5753
5754
5757
5758
5759
5760
5760
5762
5762
5763
5764
5764
5764
5766
5766
5766
5767
5767
5767
5768
5768
5769
5770
5770
5771
5772
5772
5772
5773
5774
5774
5775
5775
5776
5777
5777
5777
5778
5778
5779
5781
5782
5783
5784
5786
5786
5786
5787
5787
5788
5789
5789
5790
5792
5793
5794
5795
5795
5796
5796
5796
5797
5798
5799
5799
5799
5801
5802
5803
5803
5803
5804
5805
5805
5805
5805
5806
5806
5807
5807
5807
5807
5808
5808
5808
5809
5810
5811
5813
5813
5813
5813
5814
5814
5814
5814
5815
5815
5816
5816
5817
5818
5819
5821
5822
5822
5824
5825
5826
5826
5827
5828
5828
5829
5830
5830
5830
5830
5830
5832
5833
5834
5836
5836
5838
5839
5840
5840
5840
5841
5842
5843
5843
5844
5844
5845
5846
5846
5847
5848
5848
5848
5849
5849
5849
5849
5850
5851
5852
5853
5854
5855
5855
5855
5857
5857
5858
5860
5860
5861
5862
5863
5863
5863
5865
5868
5870
5870
5870
5870
5871
5871
5871
5872
5873
5876
5877
5878
5879
5879
5880
5880
5880
5881
5882
5882
5884
5885
5887
5888
5889
5889
5890
5890
5890
5891
5891
5892
5893
5894
5894
5894
5895
5896
5896
5896
5896
5897
5897
5899
5899
5899
5899
5900
5900
5901
5903
5903
5904
5904
5905
5905
5905
5905
5907
5910
5910
5910
5913
5913
5915
5917
5917
5918
5919
5919
5919
5919
5923
5923
5923
5924
5924
5924
5925
5926
5926
5927
5927
5929
5929
5930
5930
5933
5933
5933
5933
5935
5936
5936
5936
5937
5938
5939
5939
5939
5939
5940
5942
5942
5942
5943
5943
5943
5943
5944
5944
5944
5946
5947
5947
5947
5948
5948
5952
5952
5952
5952
5953
5953
5954
5954
5955
5957
5958
5959
5959
5959
5960
5960
5960
5960
5960
5961
5962
5963
5963
5963
5964
5965
5966
5966
5967
5967
5967
5968
5968
5969
5970
5970
5970
5970
5971
5971
5972
5973
5973
5974
5976
5977
5978
5980
5980
5980
5982
5982
5983
5986
5987
5987
5989
5989
5989
5991
5991
5992
5992
5992
5993
5994
5994
5994
5994
5995
5995
5995
5996
5998
5998
5998
5998
6000
6002
6002
6002
6003
6003
6004
6005
6006
6006
6008
6008
6008
6008
6011
6011
6011
6014
6014
6015
6015
6016
6017
6018
6018
6019
6020
6020
6022
6022
6023
6024
6024
6024
6025
6025
6026
6027
6027
6027
6027
6027
6029
6029
6030
6030
6031
6033
6034
6034
6035
6035
6039
6039
6040
6040
6042
6042
6043
6043
6043
6044
6044
6044
6044
6045
6045
6045
6046
6047
6047
6047
6048
6050
6051
6052
6053
6053
6053
6054
6054
6055
6059
6059
6060
6060
6061
6061
6061
6062
6062
6063
6063
6064
6064
6065
6065
6065
6065
6066
6066
6067
6067
6067
6067
6070
6071
6072
6072
6073
6073
6074
6075
6077
6077
6077
6078
6078
6079
6079
6080
6080
6080
6080
6080
6080
6081
6081
6081
6083
6085
6085
6085
6086
6086
6086
6088
6088
6088
6089
6089
6090
6090
6090
6091
6091
6091
6092
6092
6092
6093
6094
6094
6094
6095
6096
6097
6098
6098
6098
6099
6100
6100
6100
6101
6101
6101
6102
6102
6102
6102
6103
6103
6103
6103
6104
6105
6105
6108
6110
6111
6111
6112
6113
6114
6114
6115
6115
6115
6115
6116
6117
6118
6118
6120
6120
6121
6123
6127
6127
6127
6128
6128
6128
6129
6129
6132
6132
6132
6132
6133
6134
6135
6135
6136
6136
6140
6140
6141
6143
6143
6144
6145
6146
6146
6147
6147
6147
6147
6148
6148
6149
6149
6149
6149
6150
6150
6151
6151
6152
6152
6152
6153
6153
6153
6153
6154
6154
6156
6158
6158
6158
6159
6161
6161
6161
6162
6162
6163
6166
6166
6166
6167
6168
6170
6172
6172
6173
6175
6175
6177
6177
6177
6177
6177
6178
6179
6182
6182
6183
6183
6184
6185
6189
6191
6191
6191
6191
6191
6194
6194
6194
6195
6196
6199
6199
6200
6200
6201
6202
6203
6203
6204
6204
6206
6208
6208
6208
6209
6209
6210
6210
6211
6211
6211
6214
6216
6216
6216
6217
6217
6218
6218
6219
6219
6219
6220
6221
6222
6223
6224
6224
6224
6225
6225
6225
6226
6226
6226
6226
6229
6229
6229
6229
6230
6230
6231
6235
6236
6237
6237
6238
6239
6239
6241
6243
6243
6243
6244
6245
6247
6247
6247
6248
6248
6248
6249
6250
6251
6251
6253
6253
6255
6256
6258
6258
6259
6259
6260
6260
6261
6262
6262
6263
6264
6264
6264
6264
6265
6266
6267
6267
6267
6268
6268
6268
6268
6268
6268
6269
6270
6271
6271
6272
6272
6273
6273
6273
6273
6273
6273
6274
6277
6277
6277
6277
6279
6280
6281
6281
6282
6282
6283
6284
6285
6286
6286
6286
6287
6289
6290
6290
6291
6291
6292
6292
6293
6294
6295
6295
6295
6296
6296
6297
6298
6298
6299
6299
6300
6301
6301
6301
6302
6302
6303
6304
6305
6306
6307
6307
6308
6310
6310
6311
6311
6312
6312
6313
6316
6316
6316
6316
6318
6318
6319
6320
6321
6323
6325
6326
6327
6327
6329
6329
6329
6330
6330
6330
6331
6331
6332
6334
6334
6334
6335
6336
6337
6337
6338
6338
6339
6339
6340
6341
6341
6341
6341
6342
6343
6345
6345
6345
6347
6349
6351
6351
6351
6352
6355
6358
6358
6359
6360
6361
6361
6361
6361
6362
6367
6367
6367
6368
6369
6369
6371
6371
6371
6372
6374
6375
6377
6379
6379
6379
6379
6379
6380
6380
6383
6383
6383
6383
6384
6385
6385
6385
6386
6387
6388
6388
6389
6389
6390
6390
6390
6390
6390
6391
6391
6392
6392
6393
6394
6395
6395
6396
6397
6398
6399
6399
6400
6402
6402
6403
6403
6404
6404
6405
6406
6406
6407
6407
6407
6407
6409
6409
6409
6410
6410
6412
6414
6414
6415
6415
6415
6415
6416
6418
6418
6418
6420
6420
6420
6420
6421
6424
6425
6426
6426
6427
6427
6428
6428
6429
6431
6433
6433
6433
6433
6434
6434
6435
6436
6437
6437
6437
6439
6439
6439
6439
6440
6440
6440
6441
6443
6443
6443
6444
6445
6445
6446
6446
6447
6448
6449
6449
6450
6451
6451
6453
6457
6459
6460
6460
6461
6462
6463
6465
6466
6467
6467
6468
6468
6468
6468
6470
6470
6472
6472
6474
6474
6474
6475
6476
6477
6479
6480
6480
6481
6481
6481
6482
6483
6484
6484
6484
6485
6485
6486
6486
6486
6486
6487
6488
6488
6490
6490
6490
6491
6491
6493
6493
6493
6494
6495
6495
6495
6496
6497
6497
6498
6498
6499
6499
6499
6499
6500
6500
6502
6502
6502
6502
6504
6506
6506
6507
6510
6512
6512
6512
6513
6513
6514
6514
6515
6515
6516
6516
6517
6517
6517
6518
6518
6518
6520
6521
6521
6521
6521
6522
6522
6522
6523
6525
6525
6526
6526
6527
6527
6528
6529
6529
6531
6531
6531
6533
6536
6537
6539
6540
6540
6541
6541
6543
6543
6544
6545
6547
6548
6548
6548
6549
6551
6552
6552
6554
6557
6562
6562
6563
6565
6566
6566
6568
6568
6569
6570
6571
6572
6573
6573
6573
6573
6574
6574
6574
6574
6575
6576
6578
6578
6579
6579
6580
6581
6581
6582
6583
6583
6584
6585
6585
6586
6586
6586
6587
6587
6588
6590
6592
6593
6594
6595
6596
6599
6599
6599
6599
6600
6600
6600
6602
6604
6605
6605
6606
6606
6606
6606
6607
6607
6608
6608
6609
6609
6609
6612
6612
6613
6613
6613
6613
6614
6614
6614
6615
6615
6615
6616
6617
6618
6619
6620
6621
6622
6624
6624
6625
6625
6626
6626
6626
6627
6628
6629
6629
6633
6634
6635
6636
6636
6636
6636
6638
6638
6639
6639
6640
6641
6643
6644
6644
6644
6644
6645
6645
6646
6646
6648
6648
6649
6649
6650
6651
6652
6652
6656
6656
6656
6656
6657
6658
6658
6659
6659
6660
6661
6663
6665
6666
6666
6666
6666
6667
6667
6668
6668
6669
6671
6672
6672
6672
6674
6674
6675
6677
6678
6678
6678
6679
6680
6680
6680
6681
6681
6683
6684
6684
6684
6686
6686
6686
6688
6688
6689
6689
6690
6691
6693
6694
6695
6695
6695
6697
6698
6698
6699
6700
6701
6701
6703
6703
6703
6703
6705
6705
6707
6707
6707
6708
6709
6709
6709
6709
6712
6713
6713
6713
6714
6714
6715
6716
6717
6717
6719
6720
6720
6721
6721
6723
6723
6724
6725
6726
6726
6727
6727
6728
6728
6728
6730
6730
6731
6732
6732
6733
6733
6734
6734
6734
6735
6735
6737
6737
6739
6739
6740
6741
6743
6746
6746
6746
6747
6747
6748
6748
6750
6750
6751
6751
6752
6754
6755
6756
6758
6758
6758
6760
6760
6763
6763
6764
6764
6765
6765
6766
6766
6767
6769
6770
6771
6771
6773
6773
6774
6776
6776
6777
6778
6778
6780
6780
6781
6782
6782
6783
6784
6786
6786
6787
6788
6788
6788
6789
6789
6789
6790
6790
6791
6791
6791
6791
6792
6793
6793
6794
6795
6795
6795
6796
6797
6800
6800
6801
6801
6801
6802
6803
6803
6803
6804
6806
6806
6807
6809
6809
6809
6810
6811
6813
6813
6813
6815
6815
6816
6817
6817
6817
6818
6819
6819
6820
6821
6821
6821
6821
6822
6822
6822
6823
6823
6824
6825
6825
6826
6826
6826
6828
6829
6830
6831
6831
6832
6833
6834
6834
6836
6837
6837
6838
6842
6842
6843
6843
6843
6843
6844
6844
6846
6847
6849
6849
6849
6850
6850
6850
6853
6853
6853
6854
6855
6855
6857
6858
6860
6861
6862
6865
6866
6866
6868
6870
6871
6872
6872
6873
6873
6873
6874
6874
6875
6876
6876
6877
6877
6877
6880
6880
6881
6882
6882
6883
6884
6884
6884
6885
6885
6887
6887
6888
6888
6888
6888
6889
6889
6890
6890
6891
6892
6893
6893
6894
6895
6896
6897
6897
6899
6899
6900
6900
6901
6903
6903
6904
6904
6904
6905
6906
6906
6906
6906
6907
6908
6908
6909
6909
6911
6911
6912
6913
6915
6915
6915
6916
6916
6918
6918
6919
6920
6921
6922
6922
6923
6923
6923
6923
6924
6924
6926
6926
6928
6928
6928
6929
6929
6929
6930
6931
6932
6932
6932
6934
6937
6938
6938
6938
6939
6940
6940
6940
6942
6942
6942
6943
6945
6946
6946
6946
6947
6947
6947
6948
6948
6949
6949
6949
6950
6950
6950
6951
6954
6955
6956
6956
6958
6958
6961
6961
6961
6962
6962
6963
6967
6968
6969
6969
6971
6972
6972
6972
6973
6973
6973
6973
6974
6974
6975
6976
6976
6977
6977
6977
6977
6978
6979
6979
6979
6980
6981
6981
6982
6983
6983
6984
6984
6984
6985
6985
6985
6986
6986
6986
6988
6990
6990
6991
6993
6993
6994
6994
6994
6994
6995
6996
6996
6997
6998
7000
7002
7003
7004
7004
7004
7008
7008
7010
7011
7011
7012
7012
7014
7014
7015
7015
7016
7016
7017
7018
7020
7020
7020
7020
7021
7021
7022
7024
7024
7024
7025
7025
7025
7026
7026
7027
7027
7027
7027
7028
7029
7029
7029
7030
7030
7031
7031
7032
7033
7035
7035
7036
7036
7036
7037
7040
7040
7041
7042
7043
7043
7044
7044
7045
7045
7045
7045
7045
7046
7046
7047
7049
7050
7051
7051
7051
7051
7052
7053
7054
7055
7056
7057
7057
7059
7063
7063
7064
7065
7065
7068
7069
7069
7070
7071
7071
7072
7072
7072
7073
7073
7075
7076
7076
7077
7079
7080
7081
7082
7082
7084
7084
7085
7085
7085
7086
7086
7087
7087
7087
7087
7087
7089
7090
7090
7090
7090
7091
7092
7092
7093
7094
7094
7094
7095
7095
7096
7097
7097
7097
7100
7100
7101
7101
7102
7103
7104
7105
7106
7107
7108
7108
7110
7110
7110
7111
7111
7113
7113
7115
7116
7117
7118
7118
7118
7118
7118
7118
7119
7121
7123
7123
7123
7125
7125
7125
7128
7128
7128
7130
7130
7131
7131
7131
7131
7133
7133
7133
7134
7135
7137
7139
7141
7142
7144
7144
7146
7147
7149
7149
7150
7150
7150
7151
7151
7152
7152
7153
7153
7154
7155
7155
7156
7157
7157
7157
7157
7158
7158
7159
7161
7161
7161
7163
7164
7164
7165
7165
7165
7166
7166
7168
7170
7170
7172
7172
7172
7172
7172
7173
7175
7175
7175
7175
7176
7179
7180
7181
7181
7181
7182
7182
7182
7182
7183
7183
7184
7185
7185
7188
7189
7190
7190
7191
7193
7194
7195
7197
7198
7199
7201
7205
7205
7206
7206
7207
7207
7208
7210
7210
7210
7211
7211
7211
7212
7213
7215
7215
7216
7216
7216
7217
7218
7218
7218
7219
7221
7222
7222
7222
7223
7225
7225
7226
7226
7228
7229
7230
7230
7230
7231
7232
7233
7234
7234
7235
7236
7236
7236
7236
7237
7238
7238
7238
7240
7240
7241
7242
7242
7244
7245
7245
7245
7246
7247
7248
7249
7250
7250
7250
7250
7251
7252
7254
7254
7255
7256
7257
7257
7260
7262
7263
7263
7264
7264
7264
7265
7265
7265
7265
7266
7267
7267
7267
7268
7268
7268
7269
7269
7270
7270
7271
7272
7272
7273
7274
7274
7274
7274
7274
7275
7276
7277
7279
7279
7280
7281
7281
7281
7281
7282
7283
7284
7284
7285
7285
7285
7286
7287
7289
7290
7290
7294
7294
7294
7295
7295
7297
7299
7299
7299
7300
7300
7300
7300
7301
7301
7302
7302
7302
7303
7303
7304
7304
7305
7306
7307
7308
7309
7309
7309
7312
7313
7313
7316
7316
7317
7318
7321
7322
7323
7323
7324
7324
7325
7325
7326
7326
7326
7327
7327
7328
7328
7328
7329
7331
7332
7332
7333
7333
7334
7335
7336
7337
7337
7338
7339
7340
7340
7341
7341
7341
7341
7343
7343
7345
7345
7345
7346
7346
7347
7347
7348
7352
7352
7352
7355
7355
7357
7357
7358
7358
7359
7362
7362
7363
7364
7365
7367
7368
7368
7369
7370
7372
7372
7374
7374
7374
7375
7376
7376
7376
7378
7379
7380
7380
7381
7381
7381
7383
7383
7384
7385
7386
7386
7387
7387
7388
7389
7389
7389
7390
7390
7390
7391
7393
7395
7395
7395
7395
7395
7396
7396
7396
7397
7398
7399
7400
7400
7401
7402
7402
7403
7403
7403
7403
7403
7407
7407
7408
7408
7409
7409
7410
7411
7411
7413
7416
7417
7417
7417
7418
7419
7419
7419
7419
7419
7420
7421
7424
7424
7425
7427
7428
7430
7430
7431
7431
7434
7434
7435
7435
7435
7436
7437
7437
7438
7438
7439
7441
7441
7442
7442
7443
7443
7443
7443
7444
7445
7445
7447
7448
7449
7451
7451
7451
7453
7453
7454
7454
7455
7455
7455
7456
7457
7457
7457
7457
7458
7458
7459
7459
7459
7461
7462
7463
7464
7464
7464
7465
7466
7466
7467
7467
7467
7468
7468
7469
7469
7469
7471
7472
7472
7476
7476
7479
7479
7479
7480
7481
7481
7482
7486
7488
7489
7489
7490
7491
7491
7492
7492
7493
7494
7494
7495
7496
7496
7497
7499
7500
7500
7500
7501
7503
7503
7503
7504
7504
7504
7505
7506
7506
7507
7507
7508
7508
7508
7509
7510
7510
7510
7511
7513
7513
7513
7514
7514
7516
7516
7517
7517
7517
7518
7520
7520
7521
7521
7522
7522
7523
7523
7523
7524
7529
7530
7530
7532
7532
7532
7534
7535
7535
7535
7537
7537
7540
7541
7542
7542
7542
7542
7543
7544
7544
7545
7546
7546
7546
7547
7548
7549
7549
7550
7553
7555
7557
7558
7558
7559
7561
7561
7563
7563
7563
7567
7567
7568
7569
7569
7570
7573
7573
7574
7575
7576
7576
7577
7578
7578
7579
7579
7580
7581
7581
7582
7582
7583
7583
7583
7583
7583
7585
7585
7585
7586
7587
7589
7590
7591
7593
7594
7594
7599
7599
7601
7602
7603
7603
7603
7604
7604
7604
7606
7606
7607
7607
7608
7608
7609
7610
7610
7610
7610
7611
7615
7616
7616
7618
7619
7620
7620
7622
7622
7622
7624
7629
7630
7631
7631
7632
7632
7632
7633
7633
7634
7634
7638
7638
7639
7639
7641
7641
7643
7644
7645
7645
7646
7646
7646
7647
7647
7648
7650
7650
7650
7651
7651
7651
7652
7652
7652
7653
7654
7656
7657
7658
7659
7661
7662
7662
7666
7666
7667
7667
7667
7667
7669
7670
7672
7672
7672
7672
7673
7673
7674
7674
7674
7675
7675
7677
7677
7678
7679
7679
7680
7681
7682
7683
7684
7685
7685
7686
7687
7688
7690
7690
7691
7692
7693
7693
7693
7693
7695
7695
7696
7696
7696
7697
7697
7698
7698
7700
7702
7703
7704
7704
7706
7707
7707
7710
7711
7711
7713
7714
7715
7716
7717
7718
7719
7719
7719
7722
7722
7723
7724
7724
7725
7726
7726
7726
7727
7727
7728
7729
7729
7730
7730
7730
7732
7733
7733
7734
7736
7736
7736
7736
7736
7738
7738
7738
7738
7739
7740
7740
7740
7741
7745
7745
7749
7749
7749
7749
7750
7750
7752
7755
7757
7757
7759
7760
7761
7763
7764
7764
7764
7765
7766
7766
7766
7767
7767
7768
7768
7768
7769
7769
7769
7770
7770
7770
7773
7774
7774
7774
7775
7776
7776
7778
7780
7780
7780
7781
7781
7783
7784
7785
7785
7786
7787
7787
7787
7787
7788
7788
7788
7789
7789
7790
7790
7791
7791
7791
7791
7791
7792
7792
7793
7793
7794
7794
7794
7795
7796
7796
7797
7797
7798
7799
7799
7799
7800
7800
7801
7802
7802
7803
7804
7805
7805
7805
7805
7806
7807
7808
7809
7810
7811
7812
7813
7814
7814
7814
7816
7816
7816
7817
7817
7819
7820
7821
7821
7822
7822
7822
7823
7824
7824
7824
7825
7827
7827
7829
7829
7830
7835
7835
7835
7835
7835
7836
7836
7836
7836
7836
7836
7837
7837
7837
7837
7837
7838
7838
7839
7839
7841
7842
7843
7843
7843
7843
7844
7844
7845
7845
7847
7847
7849
7851
7851
7852
7853
7853
7856
7856
7856
7857
7859
7859
7861
7862
7863
7863
7863
7864
7865
7866
7867
7868
7869
7870
7870
7874
7874
7874
7875
7876
7877
7877
7878
7878
7879
7880
7880
7881
7881
7882
7882
7882
7883
7883
7883
7885
7885
7885
7886
7887
7888
7888
7888
7889
7890
7890
7892
7893
7894
7894
7896
7897
7897
7898
7898
7898
7903
7903
7905
7908
7908
7908
7908
7908
7908
7909
7909
7909
7912
7912
7912
7913
7913
7914
7915
7915
7916
7917
7919
7919
7919
7920
7920
7920
7921
7923
7923
7923
7924
7924
7926
7926
7927
7927
7927
7927
7927
7929
7929
7930
7930
7930
7931
7932
7933
7933
7933
7933
7933
7935
7936
7938
7938
7939
7939
7939
7940
7940
7941
7942
7944
7944
7945
7946
7946
7949
7949
7949
7950
7950
7951
7951
7951
7952
7953
7954
7955
7955
7956
7957
7959
7959
7960
7960
7961
7963
7963
7966
7967
7967
7967
7969
7969
7970
7970
7971
7971
7971
7971
7972
7972
7973
7973
7973
7973
7975
7975
7975
7977
7977
7978
7978
7978
7979
7982
7982
7983
7983
7984
7986
7987
7988
7989
7990
7990
7990
7991
7991
7992
7992
7993
7993
7994
7994
7996
7996
7997
7998
7998
7999
7999
8001
8001
8002
8002
8002
8003
8003
8004
8004
8004
8004
8005
8006
8006
8006
8007
8007
8008
8009
8010
8010
8011
8011
8011
8011
8012
8012
8013
8014
8016
8016
8016
8017
8017
8017
8018
8020
8020
8021
8021
8022
8025
8026
8027
8027
8031
8031
8031
8032
8033
8033
8034
8035
8035
8037
8037
8038
8038
8038
8039
8040
8040
8042
8042
8043
8043
8043
8044
8045
8047
8049
8050
8050
8050
8051
8051
8052
8052
8053
8053
8053
8054
8054
8055
8056
8057
8059
8059
8060
8060
8064
8064
8064
8065
8068
8071
8071
8071
8072
8074
8074
8075
8075
8075
8075
8075
8076
8077
8077
8078
8078
8079
8082
8082
8082
8082
8083
8083
8084
8085
8088
8089
8089
8089
8090
8091
8091
8091
8092
8093
8094
8096
8096
8097
8100
8103
8103
8103
8104
8104
8104
8104
8106
8107
8107
8107
8108
8109
8110
8110
8111
8112
8113
8114
8115
8115
8115
8116
8118
8118
8120
8120
8123
8123
8124
8125
8126
8127
8128
8129
8129
8129
8129
8131
8131
8132
8133
8133
8133
8133
8134
8134
8135
8135
8136
8137
8139
8139
8139
8141
8141
8141
8142
8143
8144
8149
8149
8151
8151
8152
8152
8153
8153
8153
8154
8154
8154
8155
8155
8155
8156
8157
8158
8159
8160
8161
8163
8164
8165
8165
8166
8166
8167
8167
8167
8168
8169
8169
8170
8171
8172
8172
8172
8173
8173
8174
8174
8174
8175
8175
8176
8178
8179
8179
8180
8181
8181
8183
8183
8183
8183
8183
8184
8185
8186
8186
8188
8188
8189
8189
8190
8190
8190
8190
8192
8192
8192
8192
8195
8196
8197
8198
8198
8199
8200
8200
8200
8202
8202
8202
8203
8204
8204
8204
8204
8204
8206
8208
8208
8209
8209
8209
8209
8210
8210
8211
8211
8211
8212
8213
8213
8213
8216
8219
8219
8220
8220
8221
8221
8221
8221
8222
8223
8224
8225
8225
8226
8226
8226
8227
8227
8227
8233
8233
8234
8234
8234
8237
8238
8239
8239
8239
8241
8242
8242
8242
8242
8242
8243
8243
8245
8245
8246
8246
8247
8249
8249
8251
8252
8253
8254
8255
8255
8256
8256
8257
8258
8258
8258
8259
8259
8259
8259
8259
8260
8261
8263
8264
8264
8265
8267
8269
8269
8269
8269
8270
8274
8275
8275
8276
8276
8278
8278
8278
8278
8279
8279
8281
8282
8282
8283
8286
8287
8289
8289
8289
8289
8289
8291
8294
8295
8296
8296
8297
8297
8297
8298
8299
8302
8304
8304
8304
8305
8305
8305
8307
8308
8308
8310
8311
8311
8312
8314
8315
8317
8317
8317
8318
8319
8320
8320
8321
8321
8322
8322
8324
8324
8325
8326
8326
8326
8327
8328
8328
8329
8331
8331
8331
8331
8332
8332
8332
8332
8332
8333
8334
8338
8338
8339
8339
8340
8340
8341
8343
8343
8343
8344
8345
8345
8345
8346
8346
8346
8347
8347
8347
8349
8349
8350
8350
8351
8351
8351
8352
8352
8353
8353
8354
8356
8357
8357
8357
8357
8359
8359
8360
8362
8363
8363
8363
8363
8364
8364
8365
8365
8365
8366
8366
8366
8367
8367
8367
8368
8369
8369
8371
8371
8371
8372
8374
8375
8375
8376
8377
8377
8378
8378
8379
8379
8380
8381
8381
8381
8383
8386
8386
8387
8388
8389
8389
8389
8389
8390
8390
8390
8391
8391
8393
8396
8397
8397
8398
8399
8400
8400
8400
8401
8401
8402
8402
8403
8403
8404
8404
8405
8405
8406
8406
8407
8408
8409
8409
8410
8410
8412
8412
8413
8413
8415
8415
8415
8416
8418
8419
8421
8421
8422
8424
8425
8425
8425
8426
8426
8426
8426
8427
8428
8428
8429
8429
8429
8430
8431
8432
8432
8433
8433
8433
8433
8434
8434
8435
8435
8435
8436
8437
8437
8437
8438
8439
8440
8440
8440
8442
8444
8445
8445
8446
8446
8447
8448
8448
8448
8449
8450
8450
8451
8452
8454
8454
8454
8455
8455
8455
8457
8458
8459
8460
8460
8461
8461
8464
8464
8465
8466
8466
8468
8468
8468
8469
8469
8469
8470
8470
8472
8473
8474
8476
8476
8477
8477
8477
8478
8478
8479
8479
8479
8480
8480
8481
8482
8483
8483
8483
8485
8485
8485
8487
8488
8488
8490
8490
8490
8490
8491
8492
8492
8492
8492
8493
8493
8493
8495
8495
8495
8495
8496
8496
8496
8496
8497
8497
8497
8500
8501
8501
8502
8502
8503
8503
8504
8505
8505
8506
8507
8507
8507
8507
8508
8509
8510
8511
8511
8511
8512
8513
8514
8514
8514
8515
8518
8518
8521
8522
8524
8524
8524
8525
8526
8528
8528
8528
8529
8531
8532
8532
8532
8532
8532
8533
8533
8534
8534
8535
8536
8536
8536
8537
8539
8539
8539
8540
8540
8540
8541
8542
8542
8543
8544
8545
8546
8546
8546
8546
8546
8548
8548
8548
8549
8551
8551
8551
8551
8551
8552
8552
8553
8553
8555
8555
8555
8555
8555
8556
8556
8557
8559
8559
8560
8561
8562
8562
8565
8565
8566
8568
8568
8568
8570
8572
8573
8573
8574
8574
8574
8575
8576
8578
8578
8581
8582
8583
8584
8584
8585
8585
8587
8588
8588
8589
8590
8591
8593
8594
8595
8595
8596
8596
8597
8598
8599
8599
8601
8601
8601
8601
8602
8602
8602
8604
8605
8605
8606
8606
8608
8608
8608
8609
8609
8610
8610
8610
8612
8615
8615
8616
8616
8617
8617
8617
8617
8619
8619
8624
8624
8624
8625
8626
8626
8629
8629
8630
8630
8630
8632
8632
8633
8634
8634
8635
8635
8636
8637
8638
8638
8640
8641
8641
8644
8645
8645
8645
8645
8646
8647
8647
8648
8648
8648
8649
8651
8651
8652
8654
8657
8658
8658
8659
8660
8661
8661
8662
8662
8663
8663
8664
8665
8665
8666
8667
8669
8669
8670
8671
8673
8673
8673
8673
8674
8676
8676
8676
8676
8677
8679
8679
8679
8681
8681
8681
8681
8682
8683
8683
8684
8685
8686
8686
8687
8688
8688
8688
8690
8690
8690
8690
8692
8692
8692
8695
8697
8698
8698
8699
8700
8701
8702
8702
8703
8704
8704
8704
8705
8705
8706
8706
8706
8706
8707
8707
8709
8709
8711
8715
8715
8716
8716
8718
8718
8718
8720
8720
8720
8721
8721
8721
8722
8722
8722
8723
8723
8724
8724
8725
8725
8725
8726
8726
8727
8727
8729
8730
8730
8730
8730
8731
8734
8734
8735
8737
8737
8738
8738
8741
8741
8741
8741
8741
8743
8745
8746
8748
8748
8748
8748
8748
8748
8749
8749
8751
8752
8753
8753
8753
8754
8754
8754
8755
8757
8759
8760
8761
8762
8763
8764
8765
8765
8765
8765
8766
8768
8768
8768
8770
8771
8772
8773
8773
8773
8773
8774
8774
8775
8776
8777
8778
8779
8780
8780
8781
8782
8783
8783
8783
8785
8785
8786
8786
8786
8786
8787
8787
8788
8788
8789
8790
8790
8791
8791
8793
8793
8793
8794
8794
8794
8794
8795
8796
8796
8798
8799
8800
8801
8802
8802
8802
8802
8804
8804
8804
8805
8806
8808
8808
8808
8809
8810
8812
8812
8812
8813
8813
8814
8814
8814
8816
8818
8819
8820
8820
8821
8822
8822
8822
8823
8823
8824
8825
8825
8825
8826
8827
8827
8828
8829
8830
8831
8833
8834
8834
8835
8837
8838
8839
8840
8841
8842
8842
8843
8843
8847
8849
8849
8849
8850
8851
8851
8851
8852
8852
8854
8855
8855
8856
8856
8856
8857
8857
8858
8858
8858
8859
8859
8860
8861
8861
8861
8861
8862
8862
8863
8863
8864
8864
8864
8864
8865
8865
8865
8866
8867
8868
8868
8868
8869
8872
8873
8874
8874
8874
8876
8878
8879
8879
8879
8881
8881
8881
8882
8882
8883
8884
8888
8889
8889
8890
8890
8890
8890
8890
8891
8891
8891
8891
8892
8893
8893
8894
8895
8895
8897
8897
8898
8898
8898
8900
8901
8901
8903
8904
8905
8905
8906
8908
8908
8909
8911
8913
8914
8915
8915
8915
8916
8916
8917
8917
8918
8918
8919
8919
8920
8920
8921
8922
8922
8922
8924
8924
8924
8925
8925
8927
8927
8928
8928
8929
8929
8929
8931
8931
8932
8932
8932
8932
8932
8933
8934
8934
8934
8934
8935
8936
8936
8936
8936
8936
8936
8937
8938
8940
8940
8941
8941
8942
8942
8943
8944
8945
8945
8945
8946
8947
8948
8950
8951
8951
8951
8952
8953
8955
8955
8956
8958
8958
8958
8960
8960
8961
8962
8962
8963
8964
8964
8964
8965
8966
8966
8967
8968
8969
8970
8970
8974
8974
8974
8975
8975
8977
8978
8978
8978
8979
8980
8981
8982
8982
8983
8983
8984
8985
8985
8986
8988
8988
8988
8988
8988
8990
8990
8991
8991
8992
8992
8992
8992
8992
8993
8993
8994
8996
8998
9000
9000
9001
9002
9003
9004
9004
9005
9005
9007
9008
9009
9010
9010
9011
9012
9012
9012
9012
9013
9014
9015
9017
9018
9019
9019
9019
9020
9020
9020
9021
9021
9022
9022
9023
9023
9023
9023
9024
9024
9024
9024
9026
9027
9027
9027
9028
9029
9029
9029
9029
9029
9030
9030
9030
9031
9031
9031
9032
9033
9035
9035
9036
9037
9039
9039
9041
9041
9042
9042
9043
9043
9044
9044
9045
9045
9045
9046
9046
9046
9046
9046
9046
9049
9052
9052
9054
9055
9056
9057
9057
9058
9058
9060
9060
9060
9060
9062
9062
9062
9064
9064
9066
9066
9066
9066
9068
9068
9068
9069
9070
9070
9071
9071
9072
9073
9076
9076
9076
9076
9077
9078
9078
9079
9080
9080
9080
9080
9082
9082
9083
9083
9083
9084
9084
9084
9085
9085
9088
9088
9089
9089
9089
9089
9091
9091
9091
9091
9093
9093
9093
9093
9094
9094
9095
9096
9096
9096
9096
9097
9098
9098
9098
9098
9099
9103
9105
9107
9107
9107
9108
9108
9109
9110
9110
9110
9111
9111
9111
9112
9113
9115
9116
9116
9118
9119
9120
9121
9123
9123
9123
9127
9127
9128
9128
9130
9130
9131
9131
9132
9132
9133
9133
9133
9134
9134
9134
9135
9135
9135
9136
9136
9137
9137
9139
9139
9141
9141
9142
9142
9143
9144
9145
9146
9146
9146
9146
9148
9148
9149
9150
9150
9150
9151
9151
9152
9153
9154
9154
9155
9156
9156
9156
9156
9157
9157
9157
9157
9158
9159
9159
9160
9160
9160
9161
9161
9163
9163
9163
9163
9164
9167
9167
9168
9168
9168
9170
9170
9170
9171
9172
9172
9172
9173
9174
9174
9176
9179
9179
9180
9180
9181
9182
9182
9183
9184
9185
9185
9186
9187
9188
9189
9190
9190
9191
9191
9192
9194
9194
9194
9195
9196
9197
9197
9198
9198
9199
9199
9201
9201
9202
9202
9204
9205
9205
9205
9207
9208
9209
9209
9211
9212
9212
9212
9214
9215
9215
9218
9219
9219
9219
9219
9221
9222
9222
9223
9225
9225
9226
9227
9227
9228
9228
9228
9229
9229
9230
9231
9231
9232
9232
9232
9232
9234
9234
9234
9234
9235
9235
9236
9237
9237
9237
9237
9238
9241
9246
9247
9248
9249
9250
9251
9251
9252
9253
9253
9254
9254
9254
9255
9257
9258
9259
9260
9260
9260
9261
9262
9263
9264
9264
9265
9266
9267
9268
9268
9268
9269
9270
9270
9270
9271
9272
9273
9273
9275
9276
9277
9278
9278
9278
9279
9280
9280
9280
9281
9281
9281
9282
9282
9285
9286
9286
9287
9287
9287
9290
9290
9292
9292
9292
9293
9293
9293
9295
9296
9296
9296
9296
9297
9298
9298
9299
9300
9300
9300
9301
9301
9302
9302
9303
9303
9304
9304
9304
9305
9307
9308
9308
9309
9311
9311
9312
9312
9313
9314
9314
9316
9318
9318
9319
9319
9320
9320
9321
9321
9321
9321
9321
9324
9324
9325
9325
9326
9327
9327
9329
9332
9332
9333
9334
9335
9335
9335
9336
9336
9336
9336
9338
9338
9339
9339
9339
9339
9339
9340
9340
9342
9342
9342
9343
9344
9346
9347
9347
9349
9349
9352
9352
9352
9353
9355
9356
9357
9357
9358
9359
9359
9362
9362
9363
9364
9364
9365
9365
9366
9366
9366
9367
9368
9369
9369
9369
9370
9371
9371
9371
9371
9372
9373
9374
9375
9376
9376
9377
9377
9381
9381
9381
9382
9382
9383
9383
9384
9384
9384
9385
9385
9385
9386
9386
9386
9387
9387
9389
9389
9389
9390
9392
9393
9393
9394
9396
9396
9398
9398
9398
9399
9399
9399
9400
9400
9400
9400
9401
9401
9401
9401
9401
9402
9402
9403
9403
9405
9406
9406
9407
9408
9408
9409
9410
9410
9410
9410
9411
9413
9413
9414
9415
9415
9416
9417
9418
9420
9420
9420
9420
9421
9421
9423
9423
9423
9423
9424
9425
9425
9425
9426
9426
9427
9427
9427
9427
9428
9428
9429
9432
9432
9433
9435
9436
9436
9437
9437
9439
9439
9441
9442
9442
9442
9442
9443
9444
9444
9445
9445
9445
9445
9449
9450
9452
9452
9452
9452
9453
9454
9454
9454
9455
9455
9456
9456
9456
9456
9457
9457
9457
9457
9457
9457
9458
9459
9462
9462
9462
9462
9462
9463
9464
9465
9466
9466
9466
9467
9467
9467
9468
9468
9470
9470
9472
9472
9473
9474
9474
9474
9475
9476
9477
9478
9479
9480
9480
9480
9480
9481
9482
9482
9483
9485
9487
9488
9489
9489
9490
9491
9491
9491
9492
9494
9495
9495
9495
9495
9497
9497
9497
9497
9497
9500
9500
9500
9500
9500
9501
9501
9502
9503
9503
9504
9505
9506
9507
9508
9508
9509
9509
9509
9510
9511
9512
9512
9514
9514
9514
9515
9515
9516
9517
9517
9518
9518
9518
9519
9519
9521
9521
9522
9523
9524
9524
9524
9524
9526
9528
9528
9528
9529
9529
9529
9530
9530
9531
9532
9534
9535
9536
9537
9538
9540
9540
9541
9542
9543
9544
9544
9544
9546
9546
9547
9548
9548
9548
9549
9551
9553
9553
9554
9554
9554
9554
9555
9555
9555
9555
9555
9555
9556
9558
9560
9561
9561
9561
9562
9562
9564
9565
9566
9566
9566
9568
9568
9568
9568
9569
9570
9571
9571
9571
9571
9572
9572
9572
9573
9573
9573
9573
9574
9574
9575
9575
9576
9577
9577
9578
9578
9579
9580
9581
9581
9581
9582
9584
9584
9584
9586
9588
9588
9588
9588
9590
9590
9591
9592
9593
9593
9593
9593
9594
9594
9595
9596
9598
9598
9599
9601
9601
9601
9602
9603
9603
9606
9607
9607
9609
9609
9611
9612
9612
9612
9612
9613
9614
9614
9614
9616
9617
9618
9618
9618
9620
9621
9622
9622
9622
9623
9625
9625
9625
9625
9626
9627
9627
9627
9628
9629
9631
9631
9631
9633
9633
9633
9633
9635
9638
9640
9641
9645
9645
9646
9647
9648
9650
9650
9651
9653
9654
9654
9654
9654
9655
9655
9655
9656
9657
9658
9658
9658
9659
9660
9660
9661
9662
9662
9663
9664
9665
9665
9665
9667
9668
9668
9668
9670
9670
9670
9670
9670
9673
9674
9674
9675
9676
9676
9676
9677
9677
9678
9680
9681
9682
9682
9683
9683
9683
9685
9686
9686
9687
9687
9687
9689
9690
9690
9691
9691
9691
9696
9697
9697
9697
9698
9698
9699
9699
9700
9701
9704
9708
9709
9709
9712
9713
9713
9713
9713
9713
9714
9715
9718
9720
9721
9721
9722
9725
9726
9729
9731
9731
9734
9734
9735
9737
9738
9739
9740
9742
9742
9742
9743
9743
9744
9744
9745
9745
9746
9747
9749
9752
9753
9754
9754
9754
9755
9757
9757
9759
9759
9759
9759
9761
9762
9763
9764
9765
9767
9767
9768
9768
9769
9769
9770
9771
9772
9772
9773
9773
9774
9774
9775
9775
9776
9777
9777
9780
9780
9780
9782
9782
9783
9784
9784
9785
9785
9785
9785
9785
9786
9787
9787
9787
9788
9789
9789
9789
9791
9792
9792
9793
9793
9795
9795
9795
9795
9796
9800
9800
9802
9803
9803
9805
9808
9808
9808
9808
9809
9810
9810
9812
9813
9813
9813
9813
9814
9816
9816
9817
9818
9818
9819
9819
9819
9819
9821
9821
9822
9823
9823
9823
9824
9825
9825
9825
9826
9827
9828
9829
9829
9829
9830
9830
9832
9832
9832
9832
9832
9836
9836
9837
9841
9841
9841
9843
9843
9845
9845
9845
9847
9847
9848
9848
9849
9850
9850
9851
9852
9852
9852
9853
9853
9854
9855
9861
9861
9861
9862
9862
9863
9863
9864
9864
9866
9867
9867
9867
9867
9868
9868
9869
9871
9872
9873
9873
9873
9874
9875
9875
9876
9877
9878
9878
9878
9879
9880
9880
9881
9881
9882
9883
9883
9884
9884
9884
9886
9886
9886
9886
9887
9887
9887
9887
9887
9889
9892
9892
9893
9893
9893
9893
9894
9894
9895
9895
9896
9897
9897
9897
9899
9899
9899
9900
9901
9903
9903
9908
9908
9909
9909
9909
9910
9910
9911
9911
9914
9915
9915
9916
9916
9917
9918
9920
9921
9922
9923
9923
9924
9925
9925
9926
9927
9928
9928
9929
9931
9931
9932
9932
9933
9935
9937
9937
9938
9939
9941
9941
9941
9942
9943
9943
9943
9943
9944
9945
9945
9946
9946
9946
9948
9949
9950
9950
9951
9951
9951
9951
9951
9954
9954
9954
9955
9956
9956
9957
9958
9958
9959
9960
9960
9961
9961
9961
9961
9961
9961
9962
9962
9963
9963
9965
9965
9965
9968
9968
9969
9970
9970
9971
9971
9971
9971
9971
9972
9972
9974
9975
9976
9976
9976
9978
9978
9978
9979
9979
9980
9982
9983
9983
9986
9986
9987
9988
9988
9990
9990
9990
9990
9991
9992
9992
9992
9994
9994
9995
9995
9997
9997
9997
9997
9999
