27
31
43
74
76
83
103
131
171
204
214
214
241
313
341
343
367
379
442
460
465
469
495
516
525
602
628
651
651
659
706
713
715
731
731
764
769
820
876
912
921
925
927
952
953
954
973
986
1007
1020
1024
1029
1033
1055
1071
1084
1089
1097
1106
1139
1151
1193
1232
1254
1268
1279
1344
1346
1369
1377
1380
1417
1424
1449
1455
1480
1485
1495
1515
1516
1525
1525
1584
1587
1608
1619
1622
1625
1631
1637
1688
1701
1709
1732
1753
1764
1770
1783
1819
1834
1844
1862
1920
1981
2000
2012
2038
2080
2088
2100
2124
2149
2153
2160
2171
2180
2194
2209
2265
2267
2271
2309
2309
2342
2360
2376
2383
2407
2434
2464
2474
2483
2511
2513
2532
2532
2624
2647
2686
2700
2755
2777
2779
2784
2802
2804
2821
2865
2901
2920
2984
2994
2995
3026
3029
3030
3042
3049
3070
3076
3107
3112
3123
3127
3137
3185
3212
3216
3235
3275
3341
3349
3355
3360
3370
3373
3406
3452
3476
3480
3545
3574
3581
3583
3630
3634
3665
3668
3676
3690
3691
3707
3721
3726
3758
3776
3790
3796
3820
3826
3829
3851
3891
3935
3936
3989
4003
4019
4028
4035
4036
4054
4073
4098
4102
4127
4150
4160
4166
4212
4216
4244
4311
4350
4375
4379
4404
4459
4465
4510
4539
4564
4564
4598
4662
4664
4681
4692
4706
4724
4728
4737
4762
4795
4797
4813
4822
4823
4843
4862
4900
4909
4912
4921
4934
4948
4971
5013
5048
5054
5076
5103
5117
5121
5131
5155
5166
5204
5240
5249
5257
5283
5288
5313
5327
5335
5376
5415
5446
5453
5457
5490
5498
5540
5554
5584
5634
5655
5657
5660
5716
5717
5724
5740
5754
5797
5799
5813
5844
5853
5863
5890
5896
5929
5930
5948
5983
5989
5992
6005
6014
6020
6020
6044
6053
6067
6092
6117
6135
6203
6219
6268
6273
6273
6277
6295
6316
6341
6360
6385
6391
6415
6415
6436
6440
6544
6599
6620
6633
6658
6666
6683
6714
6727
6746
6783
6823
6877
6885
6904
6929
6938
6946
6961
6971
6993
7016
7035
7045
7051
7051
7093
7118
7211
7215
7216
7252
7338
7346
7417
7435
7451
7464
7479
7491
7504
7522
7542
7583
7590
7644
7667
7670
7697
7707
7736
7766
7769
7800
7912
7913
7919
7957
7960
7963
7970
7975
8007
8016
8026
8033
8043
8052
8075
8082
8135
8144
8165
8181
8186
8246
8259
8289
8314
8343
8365
8389
8391
8405
8435
8449
8479
8504
8540
8540
8542
8570
8663
8700
8754
8783
8788
8804
8821
8827
8858
8858
8864
8874
8879
8898
8898
8901
8920
8929
8941
8975
9029
9043
9057
9060
9060
9066
9089
9098
9107
9108
9151
9159
9172
9205
9205
9227
9264
9280
9319
9325
9335
9381
9384
9413
9423
9436
9485
9515
9516
9528
9555
9602
9606
9611
9613
9654
9658
9662
9663
9675
9780
9787
9795
9822
9823
9825
9841
9880
9886
9908
9911
9914
9941
