1
1
1
1
3
4
4
5
6
7
8
12
15
17
19
19
20
27
27
29
31
33
34
35
36
37
40
42
43
43
45
47
49
54
56
61
62
64
66
70
73
74
74
75
76
78
79
80
81
81
82
83
85
87
87
88
90
92
94
95
98
101
103
104
104
105
109
109
113
114
114
117
118
118
118
120
122
123
123
123
124
129
129
131
131
133
134
134
136
138
139
140
145
145
145
148
148
149
152
154
155
155
158
159
161
162
167
169
170
171
171
173
173
181
185
186
186
187
189
192
193
195
195
196
199
200
200
200
202
204
204
206
207
207
208
208
209
212
214
214
214
215
219
227
233
234
240
241
241
245
251
252
256
263
267
268
275
276
279
284
286
286
308
309
312
312
313
314
315
317
318
321
324
329
336
338
341
343
344
349
350
350
352
353
356
358
360
362
362
364
364
366
367
369
370
370
371
373
377
378
379
382
383
387
389
391
395
399
399
400
406
407
414
417
417
418
420
423
423
428
431
432
441
442
442
443
444
444
445
446
446
446
449
451
451
452
460
460
461
461
462
463
465
465
469
469
470
472
475
477
478
478
479
480
481
483
486
486
487
487
489
494
495
496
496
499
501
501
503
506
514
516
516
518
520
520
521
525
526
526
526
527
531
534
537
547
551
555
555
556
558
558
563
564
564
566
566
567
569
570
576
578
581
586
588
596
599
600
601
602
610
612
612
613
615
617
617
619
622
624
628
629
630
631
634
635
639
641
643
646
647
650
651
651
659
659
662
662
663
668
669
675
676
684
684
685
685
690
691
693
699
701
703
705
706
706
706
707
712
713
715
717
724
725
731
731
731
731
733
734
735
738
740
741
742
743
745
752
752
755
756
756
759
764
764
769
769
774
775
776
778
778
781
784
785
791
791
795
801
804
807
809
811
818
820
827
831
831
832
833
837
840
840
841
848
848
848
852
859
859
861
862
863
864
874
876
883
885
886
893
895
899
900
904
907
909
910
912
915
915
917
919
921
921
924
925
925
926
927
930
931
933
939
939
941
945
948
952
953
953
954
955
955
956
957
957
965
965
968
970
970
973
973
974
974
974
976
976
983
986
986
987
988
989
989
995
995
1002
1003
1005
1005
1007
1007
1008
1009
1011
1011
1012
1014
1019
1019
1020
1024
1027
1029
1030
1032
1033
1033
1035
1041
1043
1044
1047
1050
1051
1054
1055
1055
1056
1058
1058
1066
1067
1067
1067
1070
1071
1072
1072
1073
1073
1074
1079
1081
1082
1082
1083
1084
1087
1089
1092
1096
1097
1100
1106
1108
1112
1116
1118
1120
1121
1122
1123
1124
1124
1125
1132
1132
1133
1134
1135
1136
1138
1139
1142
1143
1145
1145
1151
1151
1153
1157
1158
1160
1164
1166
1166
1168
1168
1171
1174
1175
1181
1183
1184
1184
1188
1190
1191
1193
1194
1198
1200
1201
1201
1204
1206
1207
1208
1211
1212
1213
1213
1219
1220
1224
1226
1230
1232
1233
1234
1235
1236
1241
1243
1248
1248
1252
1254
1256
1262
1268
1271
1272
1273
1275
1279
1280
1283
1284
1285
1288
1291
1293
1295
1295
1296
1296
1297
1301
1303
1304
1305
1308
1308
1309
1309
1310
1312
1314
1318
1319
1320
1323
1326
1327
1328
1329
1331
1335
1335
1338
1338
1339
1339
1344
1345
1346
1348
1350
1351
1354
1354
1359
1361
1361
1362
1363
1365
1367
1367
1369
1369
1369
1369
1375
1375
1376
1377
1377
1377
1379
1380
1381
1383
1383
1385
1386
1388
1390
1392
1401
1403
1405
1405
1407
1408
1409
1409
1410
1410
1414
1415
1416
1417
1420
1421
1423
1424
1425
1431
1434
1435
1438
1439
1441
1443
1449
1450
1455
1457
1458
1463
1463
1463
1464
1465
1467
1472
1473
1475
1480
1481
1482
1485
1490
1493
1495
1495
1496
1498
1499
1500
1505
1506
1512
1513
1515
1516
1524
1525
1525
1525
1530
1531
1531
1532
1535
1537
1537
1540
1545
1548
1548
1553
1558
1558
1561
1565
1567
1570
1576
1584
1587
1590
1591
1592
1594
1595
1595
1596
1599
1600
1600
1608
1611
1615
1619
1622
1624
1625
1626
1631
1631
1632
1634
1637
1637
1639
1641
1641
1642
1642
1643
1646
1653
1654
1655
1657
1658
1659
1660
1663
1664
1665
1666
1667
1669
1670
1672
1673
1674
1674
1674
1677
1679
1679
1683
1685
1688
1693
1693
1694
1694
1695
1696
1698
1698
1700
1700
1700
1701
1701
1701
1705
1705
1706
1708
1709
1710
1714
1716
1719
1721
1728
1728
1730
1732
1734
1734
1735
1736
1740
1744
1745
1750
1753
1757
1761
1762
1764
1764
1770
1771
1773
1774
1779
1783
1793
1793
1795
1798
1799
1801
1804
1806
1807
1807
1807
1815
1819
1823
1823
1824
1824
1824
1828
1832
1834
1834
1835
1836
1840
1842
1842
1843
1844
1846
1846
1847
1853
1855
1855
1859
1860
1860
1862
1866
1870
1873
1874
1875
1876
1888
1890
1891
1894
1896
1898
1898
1900
1906
1907
1908
1908
1911
1913
1914
1916
1920
1922
1926
1927
1927
1929
1934
1935
1935
1935
1941
1943
1944
1945
1949
1951
1953
1954
1954
1954
1956
1964
1965
1970
1972
1974
1978
1981
1981
1982
1982
1984
1988
1989
1991
1991
1992
1997
2000
2001
2002
2003
2004
2007
2009
2012
2014
2015
2017
2017
2020
2021
2023
2023
2024
2024
2026
2032
2032
2036
2038
2040
2041
2044
2047
2048
2051
2052
2052
2053
2054
2056
2057
2061
2062
2065
2066
2073
2073
2074
2076
2076
2080
2084
2086
2088
2091
2093
2094
2094
2095
2096
2096
2100
2101
2106
2111
2112
2117
2118
2121
2121
2123
2124
2126
2131
2131
2134
2134
2141
2145
2149
2151
2151
2153
2154
2155
2156
2157
2157
2160
2160
2164
2164
2166
2167
2168
2168
2169
2171
2171
2173
2174
2174
2174
2176
2177
2177
2178
2180
2181
2181
2183
2184
2184
2186
2186
2192
2193
2194
2194
2197
2199
2206
2207
2208
2209
2209
2214
2219
2220
2222
2228
2231
2233
2235
2236
2240
2243
2244
2246
2246
2247
2247
2251
2253
2254
2254
2256
2257
2257
2262
2263
2264
2265
2266
2267
2269
2270
2271
2277
2277
2279
2283
2285
2286
2288
2289
2292
2299
2299
2300
2304
2304
2306
2309
2309
2309
2312
2317
2318
2320
2327
2327
2327
2328
2328
2329
2331
2337
2338
2339
2340
2342
2342
2343
2345
2359
2360
2364
2365
2366
2369
2369
2374
2376
2383
2386
2390
2396
2396
2399
2401
2404
2405
2405
2407
2407
2410
2415
2417
2418
2421
2422
2424
2424
2428
2429
2431
2432
2434
2435
2435
2437
2437
2443
2444
2449
2452
2452
2453
2453
2453
2454
2456
2457
2459
2461
2461
2464
2465
2466
2468
2470
2474
2475
2475
2475
2477
2478
2480
2481
2481
2483
2483
2494
2497
2497
2503
2505
2506
2509
2511
2513
2513
2515
2524
2529
2532
2532
2537
2538
2539
2540
2541
2541
2553
2558
2558
2564
2568
2568
2569
2569
2575
2576
2576
2579
2581
2581
2588
2591
2593
2594
2594
2595
2596
2596
2596
2597
2599
2605
2605
2606
2607
2607
2608
2612
2613
2613
2614
2615
2617
2623
2624
2624
2626
2629
2630
2631
2631
2644
2644
2647
2648
2651
2654
2655
2655
2657
2658
2658
2659
2660
2662
2663
2664
2667
2671
2673
2675
2676
2677
2686
2687
2688
2691
2691
2697
2697
2700
2702
2706
2709
2712
2714
2715
2718
2719
2724
2724
2727
2728
2733
2737
2738
2739
2740
2740
2746
2747
2749
2753
2754
2754
2755
2757
2758
2759
2760
2761
2761
2766
2770
2773
2777
2777
2777
2779
2779
2780
2780
2780
2780
2784
2785
2787
2787
2788
2789
2789
2789
2793
2794
2800
2801
2802
2802
2803
2804
2805
2808
2811
2812
2816
2816
2817
2818
2819
2820
2821
2821
2823
2826
2834
2836
2837
2837
2840
2841
2844
2849
2850
2851
2852
2853
2853
2855
2859
2860
2862
2862
2862
2863
2864
2864
2865
2865
2867
2870
2871
2872
2872
2872
2874
2877
2878
2878
2879
2880
2881
2883
2884
2885
2890
2891
2899
2899
2900
2901
2901
2902
2908
2909
2911
2911
2914
2914
2914
2920
2921
2922
2923
2931
2932
2932
2932
2938
2942
2943
2947
2948
2948
2949
2955
2956
2958
2958
2961
2968
2971
2973
2973
2976
2977
2979
2979
2982
2984
2984
2985
2993
2993
2994
2995
2995
2997
3000
3002
3003
3006
3006
3010
3010
3014
3014
3022
3025
3026
3029
3029
3030
3032
3034
3041
3041
3042
3042
3043
3043
3048
3049
3049
3054
3055
3055
3056
3056
3056
3056
3057
3059
3061
3062
3062
3064
3064
3068
3068
3070
3071
3071
3072
3074
3076
3076
3080
3085
3089
3090
3091
3092
3093
3093
3098
3107
3111
3112
3114
3116
3116
3120
3121
3121
3123
3127
3128
3128
3132
3134
3135
3136
3137
3138
3140
3140
3141
3143
3144
3148
3149
3150
3150
3151
3152
3155
3155
3157
3157
3159
3159
3159
3159
3162
3164
3165
3171
3178
3180
3181
3182
3183
3185
3185
3187
3190
3193
3193
3195
3197
3206
3209
3211
3211
3212
3215
3216
3216
3216
3219
3219
3220
3222
3228
3229
3235
3235
3235
3242
3244
3244
3244
3246
3246
3247
3249
3251
3259
3269
3272
3275
3275
3277
3279
3281
3286
3287
3291
3295
3297
3298
3301
3302
3312
3314
3317
3317
3318
3318
3320
3321
3323
3324
3325
3336
3336
3337
3337
3339
3339
3340
3341
3345
3345
3347
3349
3349
3349
3353
3355
3360
3360
3362
3363
3364
3366
3368
3370
3370
3373
3376
3378
3378
3380
3382
3387
3389
3392
3395
3398
3399
3401
3402
3406
3410
3411
3412
3413
3414
3415
3416
3418
3419
3419
3430
3430
3444
3450
3452
3453
3454
3457
3461
3461
3465
3465
3465
3466
3471
3476
3476
3476
3477
3477
3480
3482
3482
3484
3486
3488
3490
3491
3491
3497
3500
3500
3503
3504
3515
3515
3517
3517
3519
3519
3520
3521
3527
3530
3533
3533
3534
3536
3540
3540
3541
3542
3543
3544
3545
3545
3545
3551
3553
3553
3554
3555
3559
3559
3560
3561
3565
3566
3566
3567
3571
3572
3574
3577
3579
3581
3581
3583
3583
3586
3586
3588
3588
3589
3592
3594
3594
3595
3598
3601
3604
3606
3607
3608
3609
3613
3613
3616
3616
3618
3618
3618
3619
3620
3621
3622
3622
3624
3626
3628
3629
3630
3631
3632
3632
3632
3633
3633
3634
3634
3634
3637
3641
3642
3643
3644
3645
3652
3654
3656
3657
3658
3665
3665
3668
3668
3670
3676
3677
3678
3680
3684
3685
3686
3686
3688
3690
3690
3691
3699
3700
3702
3704
3707
3707
3710
3710
3711
3713
3714
3716
3718
3721
3725
3726
3731
3731
3733
3733
3737
3741
3743
3745
3750
3753
3755
3756
3758
3764
3774
3775
3776
3784
3784
3784
3784
3786
3787
3787
3788
3790
3796
3798
3798
3800
3802
3802
3803
3803
3804
3805
3808
3812
3814
3817
3818
3820
3826
3826
3829
3833
3834
3841
3844
3851
3851
3851
3858
3859
3864
3867
3869
3871
3874
3878
3879
3883
3887
3888
3890
3890
3891
3893
3895
3896
3896
3900
3901
3903
3906
3908
3908
3910
3912
3913
3914
3914
3918
3925
3927
3929
3930
3930
3933
3935
3935
3936
3936
3938
3947
3948
3954
3959
3962
3964
3964
3965
3966
3967
3971
3973
3973
3977
3982
3983
3985
3985
3987
3987
3989
3989
3989
3992
3994
3997
3998
4000
4003
4007
4007
4011
4012
4015
4018
4019
4021
4025
4028
4028
4033
4034
4035
4036
4036
4043
4044
4046
4047
4048
4049
4050
4051
4053
4054
4058
4060
4064
4064
4070
4071
4071
4073
4073
4081
4082
4086
4086
4087
4087
4091
4091
4092
4096
4096
4097
4097
4098
4101
4102
4111
4111
4113
4116
4120
4123
4125
4126
4127
4128
4130
4131
4133
4137
4138
4138
4138
4139
4142
4143
4147
4148
4150
4151
4157
4160
4164
4165
4166
4167
4167
4168
4169
4169
4174
4175
4178
4183
4197
4206
4206
4210
4212
4216
4216
4219
4222
4223
4224
4224
4227
4231
4232
4233
4233
4233
4239
4244
4244
4246
4246
4254
4256
4260
4261
4263
4267
4270
4271
4273
4273
4273
4283
4286
4288
4291
4293
4300
4301
4302
4303
4305
4307
4311
4312
4313
4320
4321
4326
4328
4334
4339
4343
4344
4344
4344
4349
4349
4349
4350
4351
4352
4356
4357
4362
4363
4369
4374
4375
4377
4379
4380
4382
4382
4382
4387
4387
4390
4391
4395
4401
4401
4403
4404
4409
4411
4412
4413
4415
4415
4416
4418
4420
4422
4422
4423
4424
4424
4425
4426
4433
4442
4443
4444
4445
4447
4451
4454
4455
4455
4455
4456
4459
4459
4460
4464
4465
4465
4465
4466
4467
4470
4472
4473
4475
4477
4478
4479
4479
4480
4482
4485
4485
4485
4486
4487
4487
4492
4492
4498
4499
4507
4510
4511
4513
4518
4518
4527
4528
4528
4529
4529
4529
4530
4536
4539
4540
4542
4542
4544
4544
4550
4554
4559
4563
4564
4564
4567
4569
4575
4576
4577
4583
4583
4583
4590
4593
4593
4598
4598
4599
4599
4601
4602
4604
4605
4607
4608
4610
4611
4611
4612
4616
4618
4618
4619
4619
4620
4620
4623
4625
4626
4630
4631
4631
4633
4634
4635
4635
4635
4637
4638
4638
4644
4645
4647
4647
4650
4650
4655
4658
4659
4659
4661
4662
4664
4665
4666
4668
4672
4674
4676
4680
4681
4681
4682
4684
4688
4690
4691
4691
4692
4692
4694
4697
4698
4698
4702
4703
4706
4712
4713
4714
4715
4716
4717
4718
4722
4724
4728
4729
4730
4732
4734
4734
4734
4737
4738
4744
4745
4749
4750
4752
4755
4756
4759
4762
4764
4766
4767
4775
4775
4779
4781
4782
4788
4793
4793
4795
4796
4797
4798
4799
4804
4807
4807
4811
4811
4812
4813
4814
4816
4817
4817
4818
4822
4822
4823
4825
4830
4830
4831
4832
4833
4834
4834
4835
4835
4835
4835
4838
4838
4843
4844
4844
4846
4846
4850
4850
4851
4852
4855
4856
4857
4859
4859
4859
4862
4875
4875
4879
4879
4880
4881
4882
4899
4900
4901
4903
4905
4905
4907
4909
4910
4910
4911
4912
4914
4915
4915
4915
4917
4919
4921
4921
4926
4926
4929
4931
4934
4934
4939
4940
4943
4944
4945
4945
4947
4948
4948
4949
4950
4955
4960
4962
4965
4966
4967
4968
4969
4970
4971
4971
4976
4986
4987
4987
4989
4994
4997
5003
5006
5009
5011
5013
5015
5016
5019
5019
5019
5020
5027
5032
5032
5036
5041
5042
5042
5043
5043
5043
5045
5046
5046
5048
5048
5052
5054
5055
5055
5058
5059
5060
5060
5062
5063
5063
5065
5068
5069
5071
5076
5079
5080
5081
5081
5086
5086
5092
5092
5095
5096
5096
5097
5099
5099
5100
5101
5101
5103
5113
5115
5115
5115
5117
5119
5120
5121
5121
5122
5123
5123
5124
5125
5125
5127
5131
5133
5135
5138
5149
5149
5150
5151
5151
5153
5155
5155
5156
5157
5157
5161
5162
5163
5165
5166
5167
5168
5170
5171
5172
5173
5174
5174
5176
5176
5177
5178
5179
5179
5183
5189
5190
5191
5194
5195
5196
5197
5199
5200
5201
5204
5206
5207
5210
5210
5210
5212
5213
5213
5217
5218
5218
5219
5219
5220
5221
5229
5229
5232
5234
5235
5239
5240
5243
5244
5246
5249
5249
5252
5256
5257
5257
5260
5260
5261
5262
5263
5267
5270
5271
5272
5275
5275
5277
5278
5281
5283
5287
5288
5289
5293
5293
5296
5299
5300
5302
5302
5302
5307
5308
5313
5314
5314
5315
5318
5319
5320
5320
5321
5324
5325
5325
5326
5327
5327
5329
5329
5333
5335
5335
5336
5348
5349
5351
5354
5355
5356
5357
5362
5364
5366
5369
5370
5372
5373
5374
5376
5376
5377
5378
5382
5386
5387
5390
5392
5397
5398
5399
5401
5402
5405
5405
5406
5408
5410
5415
5422
5426
5426
5435
5436
5437
5441
5442
5443
5444
5446
5450
5451
5453
5454
5457
5458
5461
5462
5462
5463
5465
5468
5468
5471
5471
5472
5473
5479
5483
5484
5487
5490
5491
5492
5493
5493
5494
5495
5496
5496
5498
5498
5498
5499
5499
5502
5503
5509
5509
5510
5511
5515
5516
5518
5524
5525
5529
5537
5540
5540
5542
5548
5548
5551
5552
5554
5558
5558
5559
5560
5562
5567
5568
5569
5581
5581
5584
5584
5586
5587
5590
5592
5594
5598
5602
5605
5607
5609
5610
5612
5617
5617
5619
5620
5622
5623
5623
5625
5627
5628
5631
5633
5633
5634
5634
5635
5638
5639
5647
5649
5649
5649
5649
5650
5653
5654
5654
5655
5655
5657
5658
5660
5660
5662
5662
5665
5666
5666
5671
5672
5673
5675
5676
5678
5684
5684
5685
5687
5688
5690
5691
5692
5693
5698
5699
5700
5705
5710
5713
5714
5714
5715
5716
5716
5716
5717
5717
5718
5719
5724
5724
5724
5725
5729
5732
5733
5736
5736
5738
5740
5740
5741
5743
5744
5745
5747
5748
5752
5753
5754
5759
5760
5760
5763
5764
5770
5771
5772
5774
5774
5775
5775
5778
5779
5784
5786
5786
5788
5789
5792
5794
5795
5796
5797
5799
5802
5803
5804
5805
5805
5807
5809
5813
5813
5813
5814
5815
5817
5819
5821
5822
5828
5829
5830
5830
5830
5834
5844
5844
5849
5853
5854
5863
5863
5868
5870
5870
5879
5880
5881
5890
5891
5894
5894
5895
5896
5896
5896
5897
5899
5901
5905
5910
5910
5910
5913
5917
5918
5919
5923
5924
5926
5927
5929
5930
5936
5939
5942
5942
5943
5943
5943
5944
5948
5952
5954
5959
5959
5960
5961
5966
5967
5968
5970
5970
5971
5971
5980
5983
5986
5989
5989
5992
5993
5994
5994
5994
6002
6003
6004
6005
6008
6008
6014
6014
6017
6018
6019
6020
6020
6022
6023
6025
6026
6030
6035
6042
6044
6044
6044
6044
6045
6045
6046
6051
6053
6055
6061
6063
6063
6064
6065
6067
6067
6070
6072
6072
6075
6078
6078
6080
6080
6080
6086
6090
6090
6091
6092
6094
6101
6101
6102
6102
6104
6108
6110
6113
6114
6115
6116
6117
6118
6120
6120
6123
6127
6127
6128
6132
6132
6132
6135
6140
6140
6144
6145
6147
6148
6149
6149
6152
6152
6153
6161
6161
6162
6166
6166
6172
6177
6179
6185
6189
6191
6191
6199
6200
6200
6201
6202
6203
6203
6208
6208
6209
6211
6214
6217
6218
6219
6219
6221
6224
6224
6226
6229
6229
6229
6231
6235
6237
6237
6239
6245
6248
6249
6250
6253
6258
6259
6260
6260
6264
6264
6265
6267
6268
6268
6271
6272
6273
6273
6273
6273
6274
6277
6277
6279
6282
6284
6285
6286
6286
6286
6287
6295
6295
6298
6299
6301
6301
6302
6303
6308
6311
6312
6316
6318
6319
6320
6330
6330
6331
6336
6338
6339
6341
6341
6341
6345
6351
6351
6352
6360
6361
6361
6362
6367
6367
6368
6371
6372
6374
6379
6379
6379
6380
6383
6384
6385
6385
6386
6390
6390
6390
6390
6391
6392
6392
6400
6403
6407
6407
6410
6410
6414
6415
6415
6415
6418
6420
6426
6428
6428
6429
6433
6433
6434
6436
6437
6437
6439
6440
6440
6443
6445
6451
6453
6457
6462
6465
6466
6467
6468
6468
6468
6470
6470
6472
6474
6474
6477
6481
6484
6486
6486
6488
6491
6493
6495
6495
6495
6497
6498
6499
6500
6506
6514
6516
6516
6517
6517
6520
6521
6521
6521
6522
6522
6523
6525
6526
6526
6527
6531
6533
6536
6537
6540
6541
6544
6548
6552
6557
6562
6563
6565
6566
6568
6569
6570
6573
6573
6574
6574
6574
6578
6578
6580
6581
6582
6583
6583
6585
6586
6588
6594
6596
6599
6600
6600
6604
6605
6606
6606
6607
6607
6613
6613
6614
6616
6618
6619
6620
6625
6626
6627
6629
6629
6633
6634
6635
6638
6639
6640
6645
6649
6651
6658
6658
6659
6666
6666
6666
6667
6668
6668
6672
6672
6680
6683
6684
6684
6686
6688
6690
6698
6709
6712
6713
6714
6716
6717
6717
6719
6721
6726
6727
6727
6730
6732
6733
6734
6737
6737
6740
6743
6746
6747
6750
6750
6751
6752
6763
6763
6771
6771
6773
6776
6777
6780
6782
6783
6789
6790
6791
6791
6791
6797
6803
6803
6806
6806
6810
6811
6813
6813
6817
6818
6819
6819
6822
6823
6825
6826
6830
6832
6834
6834
6836
6843
6843
6850
6855
6870
6871
6873
6876
6876
6877
6877
6877
6880
6882
6885
6885
6888
6888
6889
6891
6897
6899
6904
6904
6906
6909
6909
6911
6918
6924
6929
6930
6932
6938
6939
6942
6942
6943
6945
6946
6946
6947
6947
6948
6950
6951
6961
6961
6961
6962
6962
6963
6971
6973
6976
6977
6979
6981
6981
6984
6986
6990
6991
6993
6994
6994
6994
6994
6997
7004
7008
7011
7012
7012
7016
7016
7020
7021
7021
7022
7024
7025
7026
7027
7027
7029
7035
7036
7036
7041
7043
7045
7045
7045
7046
7046
7050
7051
7051
7052
7054
7063
7064
7068
7069
7069
7070
7072
7077
7082
7087
7093
7094
7094
7095
7097
7106
7108
7110
7110
7111
7113
7113
7116
7118
7118
7125
7125
7128
7130
7134
7137
7139
7144
7146
7149
7150
7151
7155
7157
7158
7161
7164
7164
7165
7168
7172
7175
7179
7181
7182
7183
7185
7188
7197
7201
7205
7206
7207
7207
7211
7212
7213
7215
7215
7216
7217
7218
7219
7225
7226
7228
7229
7230
7234
7235
7236
7238
7240
7240
7242
7245
7245
7249
7250
7251
7252
7260
7262
7263
7264
7267
7268
7268
7269
7271
7272
7274
7277
7284
7285
7285
7287
7294
7294
7294
7295
7297
7300
7300
7303
7303
7304
7304
7306
7316
7317
7325
7327
7328
7335
7336
7337
7338
7339
7346
7346
7347
7352
7352
7357
7358
7362
7362
7363
7364
7367
7368
7368
7372
7374
7376
7380
7380
7383
7384
7387
7387
7388
7389
7390
7393
7395
7396
7396
7400
7402
7403
7408
7408
7409
7409
7410
7411
7416
7417
7417
7419
7420
7425
7427
7430
7431
7435
7435
7437
7438
7438
7442
7443
7451
7451
7453
7455
7456
7457
7457
7457
7458
7458
7459
7461
7462
7464
7464
7465
7466
7467
7467
7467
7469
7469
7471
7476
7479
7481
7488
7490
7491
7492
7492
7494
7500
7500
7504
7506
7507
7508
7509
7510
7513
7517
7518
7522
7530
7535
7537
7540
7542
7543
7546
7549
7555
7561
7563
7563
7568
7569
7570
7573
7573
7574
7575
7577
7578
7581
7582
7583
7583
7583
7587
7590
7591
7593
7602
7603
7603
7604
7606
7610
7622
7630
7634
7641
7644
7645
7646
7647
7650
7650
7651
7652
7652
7653
7658
7659
7661
7666
7667
7667
7670
7672
7672
7672
7673
7674
7675
7677
7677
7678
7679
7682
7690
7691
7693
7696
7697
7697
7698
7698
7704
7707
7707
7710
7716
7722
7724
7726
7729
7730
7730
7733
7736
7736
7736
7738
7738
7741
7749
7749
7749
7750
7752
7760
7761
7763
7764
7765
7766
7768
7769
7769
7770
7774
7775
7776
7778
7781
7784
7787
7788
7789
7789
7790
7791
7792
7792
7794
7794
7799
7799
7800
7803
7805
7811
7813
7814
7816
7816
7821
7827
7830
7835
7835
7836
7836
7836
7836
7837
7837
7837
7838
7838
7839
7842
7843
7844
7852
7856
7856
7859
7863
7867
7870
7874
7874
7876
7881
7882
7882
7883
7883
7885
7888
7892
7894
7896
7897
7898
7903
7908
7908
7912
7912
7913
7915
7915
7916
7917
7919
7919
7920
7920
7920
7927
7927
7927
7929
7931
7933
7938
7939
7939
7940
7944
7949
7950
7951
7951
7952
7957
7959
7960
7963
7967
7969
7970
7971
7973
7973
7975
7977
7977
7979
7982
7983
7984
7986
7990
7990
7991
7993
7998
8001
8004
8004
8004
8004
8006
8006
8007
8011
8012
8012
8016
8017
8020
8021
8022
8026
8027
8033
8033
8035
8038
8038
8043
8044
8045
8050
8052
8054
8054
8057
8068
8071
8071
8075
8075
8076
8077
8079
8082
8082
8083
8084
8089
8090
8091
8091
8092
8100
8104
8104
8106
8107
8107
8108
8109
8113
8114
8115
8120
8123
8124
8125
8126
8128
8129
8133
8133
8133
8135
8137
8141
8141
8143
8144
8149
8149
8152
8153
8154
8160
8163
8165
8166
8167
8169
8169
8172
8173
8175
8176
8178
8181
8181
8184
8186
8186
8189
8190
8192
8200
8202
8209
8210
8211
8211
8213
8219
8220
8220
8221
8222
8223
8227
8227
8227
8233
8233
8234
8237
8239
8239
8239
8242
8242
8245
8246
8247
8256
8259
8269
8275
8275
8276
8276
8278
8289
8289
8289
8295
8296
8296
8297
8299
8304
8305
8305
8312
8314
8315
8317
8318
8319
8320
8320
8322
8324
8327
8328
8329
8332
8332
8333
8339
8340
8343
8345
8346
8347
8349
8349
8351
8353
8357
8357
8360
8364
8365
8365
8366
8366
8367
8367
8375
8377
8381
8381
8386
8386
8387
8388
8389
8389
8389
8391
8393
8398
8400
8401
8402
8403
8405
8408
8413
8415
8418
8426
8426
8426
8428
8433
8435
8435
8437
8442
8445
8445
8449
8450
8451
8452
8461
8464
8465
8469
8476
8477
8478
8478
8479
8479
8480
8480
8483
8483
8485
8490
8492
8493
8495
8496
8500
8501
8502
8503
8504
8505
8507
8507
8510
8511
8512
8514
8518
8524
8526
8528
8528
8531
8532
8532
8533
8534
8535
8539
8540
8540
8541
8542
8546
8546
8546
8548
8548
8549
8551
8552
8553
8555
8555
8555
8559
8560
8562
8565
8568
8570
8572
8573
8574
8574
8575
8576
8578
8583
8584
8591
8595
8596
8601
8601
8604
8608
8609
8610
8617
8617
8617
8619
8619
8624
8630
8633
8635
8635
8638
8645
8647
8649
8663
8666
8669
8669
8673
8674
8676
8679
8679
8679
8682
8685
8686
8688
8690
8700
8704
8706
8709
8716
8720
8721
8721
8722
8725
8726
8727
8730
8730
8730
8738
8741
8741
8741
8743
8748
8748
8752
8753
8754
8759
8760
8761
8765
8768
8768
8773
8774
8776
8781
8782
8783
8787
8788
8790
8791
8794
8794
8795
8796
8802
8804
8804
8808
8808
8809
8810
8812
8812
8814
8814
8820
8821
8822
8823
8825
8827
8828
8833
8834
8838
8842
8849
8850
8851
8851
8852
8854
8855
8857
8857
8858
8858
8859
8864
8864
8864
8865
8867
8868
8874
8874
8878
8879
8881
8884
8888
8890
8890
8891
8891
8895
8897
8898
8898
8901
8909
8914
8915
8918
8918
8919
8920
8920
8922
8924
8928
8929
8931
8932
8934
8934
8936
8936
8936
8937
8941
8941
8942
8943
8944
8945
8945
8950
8951
8953
8955
8958
8960
8966
8967
8968
8969
8970
8974
8975
8978
8978
8979
8980
8982
8983
8985
8990
8991
8991
8992
8992
8994
9000
9000
9003
9004
9010
9014
9017
9018
9019
9020
9020
9020
9021
9023
9024
9024
9026
9029
9037
9039
9043
9043
9045
9046
9046
9054
9057
9058
9060
9060
9062
9066
9066
9068
9068
9070
9070
9071
9076
9076
9082
9083
9084
9085
9089
9091
9091
9093
9093
9094
9096
9096
9096
9096
9098
9099
9105
9107
9108
9112
9116
9123
9127
9127
9128
9130
9132
9133
9135
9136
9141
9142
9144
9145
9146
9149
9151
9151
9153
9158
9159
9160
9161
9163
9167
9168
9168
9170
9171
9172
9172
9174
9179
9180
9181
9184
9191
9196
9197
9198
9199
9201
9201
9202
9205
9205
9205
9212
9218
9219
9223
9225
9226
9227
9227
9228
9230
9231
9237
9248
9251
9252
9254
9264
9270
9273
9280
9280
9281
9281
9282
9290
9292
9298
9299
9300
9300
9301
9302
9303
9311
9316
9318
9319
9321
9321
9324
9325
9327
9332
9333
9335
9336
9336
9336
9338
9339
9339
9340
9342
9346
9347
9352
9352
9355
9359
9363
9364
9365
9365
9366
9368
9369
9373
9374
9376
9377
9381
9381
9384
9384
9386
9389
9393
9393
9398
9398
9400
9400
9405
9408
9410
9410
9413
9413
9415
9416
9420
9423
9423
9425
9425
9425
9426
9428
9432
9436
9441
9442
9442
9442
9443
9444
9444
9445
9445
9452
9455
9456
9457
9458
9462
9466
9466
9466
9467
9470
9470
9479
9480
9481
9485
9491
9491
9492
9494
9495
9497
9497
9497
9500
9503
9504
9510
9514
9515
9516
9517
9518
9518
9519
9522
9528
9528
9530
9532
9534
9540
9543
9544
9546
9546
9548
9551
9554
9554
9555
9555
9555
9555
9558
9564
9565
9566
9566
9566
9568
9568
9568
9573
9578
9582
9584
9588
9588
9590
9593
9593
9594
9596
9598
9601
9602
9603
9606
9609
9611
9612
9613
9616
9618
9621
9622
9625
9626
9627
9628
9629
9631
9633
9633
9638
9640
9646
9650
9654
9654
9654
9655
9656
9658
9658
9659
9660
9662
9663
9664
9665
9668
9668
9670
9670
9673
9675
9677
9677
9681
9682
9686
9686
9687
9690
9690
9699
9699
9700
9704
9712
9713
9714
9721
9721
9735
9738
9743
9746
9749
9753
9754
9757
9759
9762
9763
9764
9765
9768
9768
9769
9774
9775
9775
9776
9777
9780
9783
9785
9785
9786
9787
9787
9787
9793
9795
9803
9808
9810
9812
9813
9813
9813
9816
9819
9821
9822
9823
9823
9823
9824
9825
9825
9828
9829
9832
9836
9841
9843
9845
9848
9848
9850
9852
9852
9853
9853
9854
9861
9863
9867
9867
9876
9880
9880
9881
9884
9884
9886
9886
9886
9887
9889
9893
9894
9895
9903
9908
9909
9910
9911
9911
9914
9921
9923
9924
9925
9926
9927
9929
9932
9938
9941
9941
9943
9943
9944
9948
9950
9950
9951
9951
9951
9954
9954
9954
9956
9956
9960
9961
9961
9963
9965
9968
9969
9971
9972
9972
9974
9976
9976
9978
9980
9983
9990
9990
9990
9991
9992
9994
9997
9997
