1
1
5
19
19
27
27
31
33
43
49
54
56
66
70
73
74
76
83
85
94
95
103
104
114
118
129
129
131
131
148
152
154
161
162
170
171
173
186
186
187
195
196
200
204
209
214
214
240
241
275
276
284
313
314
341
343
349
360
367
371
377
379
387
399
399
414
417
428
442
442
444
444
446
446
451
460
465
469
472
475
477
478
483
487
494
495
514
516
518
525
526
526
531
555
564
569
576
601
602
612
612
617
619
622
628
634
639
647
651
651
659
662
675
690
706
706
713
715
725
731
731
735
745
752
764
764
769
778
795
801
820
831
841
859
862
876
886
912
917
921
921
925
926
927
952
953
954
955
957
957
965
973
974
986
986
988
989
1002
1003
1007
1011
1020
1024
1029
1033
1044
1050
1054
1055
1056
1071
1073
1082
1083
1084
1087
1089
1097
1106
1108
1116
1120
1124
1124
1132
1136
1139
1145
1151
1157
1168
1193
1194
1201
1212
1213
1219
1230
1232
1236
1248
1254
1262
1268
1279
1288
1295
1303
1309
1310
1319
1328
1335
1339
1344
1345
1346
1348
1354
1367
1369
1369
1375
1376
1377
1377
1380
1386
1388
1405
1409
1410
1416
1417
1423
1424
1439
1441
1449
1455
1464
1465
1467
1473
1480
1482
1485
1495
1496
1498
1499
1515
1516
1525
1525
1530
1558
1558
1565
1576
1584
1587
1596
1600
1608
1619
1622
1624
1625
1631
1634
1637
1639
1641
1642
1657
1663
1667
1688
1698
1700
1701
1706
1709
1714
1732
1744
1753
1764
1770
1783
1795
1801
1804
1807
1815
1819
1828
1834
1844
1846
1847
1862
1876
1890
1891
1894
1908
1916
1920
1926
1934
1935
1935
1944
1981
1981
1984
2000
2002
2009
2012
2014
2017
2032
2038
2041
2052
2066
2073
2080
2088
2094
2100
2124
2131
2134
2145
2149
2153
2156
2157
2157
2160
2171
2173
2180
2193
2194
2197
2209
2209
2214
2219
2222
2240
2244
2253
2262
2265
2267
2271
2279
2309
2309
2320
2327
2327
2329
2339
2342
2343
2360
2369
2376
2383
2390
2396
2399
2407
2410
2422
2424
2434
2443
2444
2461
2464
2470
2474
2475
2475
2481
2483
2509
2511
2513
2532
2532
2568
2576
2581
2588
2594
2596
2599
2607
2608
2613
2613
2624
2647
2655
2660
2676
2686
2691
2691
2700
2702
2712
2719
2724
2728
2749
2754
2755
2760
2761
2777
2779
2779
2784
2787
2789
2802
2802
2804
2817
2821
2849
2851
2853
2862
2864
2865
2872
2877
2878
2878
2881
2890
2891
2900
2901
2920
2922
2938
2956
2958
2984
2984
2994
2995
3003
3006
3026
3029
3030
3041
3042
3049
3056
3070
3071
3076
3085
3107
3112
3123
3127
3137
3141
3149
3150
3155
3157
3159
3159
3162
3165
3185
3185
3187
3193
3211
3212
3216
3216
3216
3229
3235
3235
3272
3275
3275
3277
3281
3291
3298
3317
3318
3325
3336
3337
3340
3341
3349
3349
3353
3355
3360
3363
3366
3370
3373
3376
3387
3398
3401
3406
3412
3418
3419
3444
3452
3457
3465
3465
3466
3471
3476
3480
3484
3488
3497
3503
3515
3517
3527
3530
3545
3561
3574
3581
3583
3583
3586
3588
3592
3598
3604
3618
3619
3630
3634
3634
3637
3642
3658
3665
3668
3668
3676
3678
3680
3685
3690
3691
3700
3702
3707
3710
3721
3726
3733
3755
3758
3776
3790
3796
3798
3805
3808
3820
3826
3829
3841
3851
3859
3890
3891
3903
3906
3908
3910
3912
3914
3925
3935
3936
3954
3985
3989
3992
3998
4003
4019
4025
4028
4028
4035
4036
4036
4046
4054
4070
4073
4086
4087
4092
4098
4102
4111
4120
4123
4127
4133
4138
4150
4160
4166
4206
4212
4216
4216
4231
4244
4246
4260
4273
4303
4311
4313
4328
4344
4349
4350
4375
4379
4382
4391
4404
4416
4418
4422
4424
4425
4442
4445
4454
4456
4459
4465
4470
4478
4479
4487
4492
4498
4507
4510
4511
4513
4529
4539
4540
4544
4564
4564
4577
4598
4599
4612
4623
4633
4638
4638
4647
4662
4664
4672
4681
4682
4688
4691
4692
4692
4698
4706
4714
4715
4716
4724
4728
4732
4737
4745
4762
4766
4775
4788
4795
4797
4799
4811
4813
4814
4822
4823
4830
4830
4833
4835
4843
4844
4859
4859
4862
4875
4882
4900
4901
4907
4909
4912
4915
4921
4921
4931
4934
4943
4948
4950
4955
4965
4967
4971
5013
5043
5045
5046
5048
5054
5055
5065
5076
5081
5086
5092
5099
5103
5113
5115
5117
5121
5122
5123
5123
5131
5133
5138
5150
5155
5166
5170
5174
5194
5201
5204
5206
5218
5219
5234
5240
5249
5256
5257
5260
5260
5261
5262
5263
5267
5283
5288
5313
5314
5319
5320
5327
5335
5335
5355
5362
5376
5376
5382
5405
5408
5415
5441
5443
5446
5450
5453
5454
5457
5461
5462
5463
5471
5472
5479
5487
5490
5498
5499
5502
5540
5554
5560
5584
5586
5587
5590
5619
5625
5634
5647
5654
5655
5655
5657
5660
5665
5666
5673
5675
5676
5678
5693
5716
5717
5724
5724
5729
5732
5740
5741
5745
5747
5753
5754
5764
5770
5774
5786
5788
5797
5799
5813
5813
5814
5817
5830
5844
5853
5863
5879
5890
5894
5896
5919
5927
5929
5930
5948
5959
5960
5968
5970
5971
5983
5989
5992
5993
5994
5994
6005
6014
6014
6018
6020
6020
6026
6030
6044
6044
6053
6063
6065
6067
6072
6078
6078
6086
6092
6094
6102
6113
6117
6120
6132
6135
6145
6148
6149
6179
6203
6208
6209
6219
6224
6229
6260
6268
6273
6273
6277
6284
6285
6295
6298
6301
6303
6316
6320
6341
6351
6360
6374
6379
6379
6385
6386
6390
6391
6403
6415
6415
6418
6429
6436
6440
6467
6468
6472
6474
6474
6517
6517
6520
6521
6523
6525
6531
6533
6544
6548
6552
6569
6573
6574
6583
6585
6594
6599
6607
6614
6620
6626
6633
6640
6645
6649
6658
6666
6666
6667
6668
6672
6683
6713
6714
6719
6726
6727
6727
6737
6746
6751
6776
6783
6791
6823
6836
6870
6871
6877
6877
6880
6885
6899
6904
6924
6929
6932
6938
6942
6945
6946
6961
6961
6961
6971
6973
6981
6993
7004
7008
7011
7012
7016
7016
7025
7027
7035
7045
7051
7051
7052
7064
7072
7077
7093
7095
7106
7110
7110
7118
7118
7139
7149
7151
7155
7168
7175
7201
7205
7206
7211
7215
7216
7217
7219
7235
7240
7245
7249
7251
7252
7268
7271
7274
7287
7294
7300
7306
7338
7346
7357
7362
7367
7383
7384
7389
7390
7396
7410
7417
7420
7425
7435
7435
7451
7457
7458
7464
7465
7466
7467
7479
7491
7504
7507
7508
7509
7517
7522
7530
7537
7540
7542
7563
7577
7583
7590
7591
7644
7652
7667
7670
7672
7672
7674
7675
7678
7697
7698
7707
7722
7724
7726
7736
7741
7749
7749
7763
7764
7766
7769
7781
7789
7792
7799
7800
7813
7814
7835
7837
7837
7838
7892
7908
7908
7912
7912
7913
7919
7929
7957
7959
7960
7963
7967
7970
7973
7975
7977
7979
7990
8006
8007
8016
8020
8021
8026
8033
8033
8043
8052
8054
8068
8075
8079
8082
8090
8108
8123
8133
8133
8135
8144
8149
8152
8165
8169
8175
8181
8186
8202
8211
8213
8220
8227
8239
8239
8242
8242
8246
8259
8269
8275
8275
8289
8289
8289
8296
8304
8305
8305
8314
8315
8317
8318
8333
8343
8346
8349
8351
8365
8366
8367
8389
8391
8402
8405
8413
8415
8428
8435
8445
8449
8461
8479
8480
8496
8500
8504
8511
8526
8528
8533
8534
8540
8540
8541
8542
8546
8548
8555
8562
8570
8578
8584
8591
8601
8609
8630
8663
8674
8679
8685
8690
8700
8726
8741
8741
8741
8752
8754
8761
8776
8782
8783
8787
8788
8804
8812
8814
8821
8822
8823
8825
8827
8828
8834
8849
8851
8857
8858
8858
8864
8865
8874
8879
8897
8898
8898
8901
8915
8918
8920
8929
8931
8936
8941
8968
8975
8979
8983
8994
9010
9014
9023
9029
9043
9043
9045
9057
9060
9060
9066
9076
9082
9084
9089
9094
9096
9098
9105
9107
9108
9116
9127
9130
9132
9142
9146
9149
9151
9159
9163
9171
9172
9172
9179
9180
9181
9201
9205
9205
9212
9225
9227
9231
9251
9264
9280
9280
9300
9302
9303
9319
9321
9325
9335
9339
9347
9364
9374
9381
9384
9389
9398
9413
9423
9425
9426
9432
9436
9441
9442
9442
9443
9445
9456
9466
9467
9485
9491
9491
9495
9515
9516
9519
9528
9528
9554
9555
9555
9565
9566
9566
9590
9593
9598
9602
9606
9611
9613
9621
9629
9640
9654
9658
9662
9663
9675
9677
9690
9690
9735
9749
9753
9757
9762
9763
9769
9774
9780
9783
9786
9787
9793
9795
9813
9816
9822
9823
9823
9824
9825
9825
9828
9836
9841
9852
9880
9886
9895
9908
9911
9911
9914
9932
9938
9941
9941
9943
9944
9951
9954
9954
9961
9963
9965
9968
