51
61
96
97
132
185
204
213
248
262
274
288
289
316
372
380
433
475
502
505
567
691
749
753
759
764
783
805
819
833
837
845
868
897
928
948
968
970
972
972
981
982
991
1012
1043
1090
1093
1105
1132
1141
1178
1178
1183
1204
1207
1221
1234
1248
1275
1276
1291
1338
1353
1364
1368
1384
1414
1439
1527
1531
1535
1536
1592
1598
1602
1603
1648
1658
1775
1782
1813
1815
1883
1912
1921
1927
1947
1974
1984
2033
2055
2056
2060
2108
2155
2156
2166
2183
2272
2284
2286
2298
2307
2316
2321
2322
2363
2403
2419
2432
2449
2479
2493
2499
2500
2523
2532
2541
2545
2547
2547
2551
2572
2585
2625
2632
2685
2693
2694
2787
2804
2819
2826
2828
2835
2857
2859
2871
2885
2902
2917
2934
2935
2950
2968
2972
2976
2991
3008
3026
3043
3051
3070
3079
3090
3091
3098
3154
3163
3165
3196
3211
3232
3239
3241
3244
3262
3312
3321
3332
3342
3421
3520
3559
3559
3595
3596
3607
3608
3619
3682
3697
3754
3773
3774
3787
3805
3820
3954
3965
3977
4007
4020
4030
4036
4039
4057
4077
4086
4118
4120
4129
4137
4141
4168
4228
4244
4259
4311
4317
4321
4343
4347
4360
4374
4387
4392
4435
4453
4490
4523
4528
4529
4552
4557
4578
4607
4626
4637
4669
4676
4701
4707
4710
4768
4772
4797
4798
4815
4817
4820
4831
4914
4944
4966
4983
5011
5023
5077
5090
5097
5139
5159
5182
5207
5209
5221
5264
5270
5276
5286
5309
5314
5327
5346
5438
5456
5512
5517
5522
5536
5592
5598
5612
5618
5624
5636
5657
5657
5693
5700
5715
5788
5794
5794
5799
5808
5809
5818
5824
5879
5899
5932
5946
5953
5973
5981
5997
6011
6017
6024
6033
6080
6086
6092
6108
6127
6137
6173
6214
6265
6274
6298
6303
6305
6396
6396
6407
6409
6437
6447
6447
6504
6510
6517
6545
6609
6619
6620
6627
6632
6637
6672
6675
6687
6719
6763
6781
6788
6789
6794
6796
6835
6854
6859
6900
6926
6940
6960
6978
7000
7064
7107
7109
7145
7148
7154
7158
7186
7208
7231
7264
7267
7285
7296
7303
7310
7321
7355
7360
7383
7390
7407
7454
7475
7488
7526
7526
7539
7563
7585
7615
7631
7644
7652
7683
7688
7704
7725
7789
7816
7823
7834
7851
7897
7928
7928
7934
7971
7980
7996
8010
8029
8032
8035
8097
8099
8108
8131
8178
8187
8222
8223
8252
8332
8338
8340
8362
8374
8425
8428
8496
8498
8522
8549
8621
8630
8637
8643
8652
8670
8680
8683
8700
8726
8772
8775
8804
8823
8860
8896
8898
8903
8933
8968
8982
9002
9012
9067
9076
9136
9146
9146
9179
9199
9208
9227
9257
9286
9288
9295
9302
9347
9367
9389
9392
9400
9410
9414
9467
9487
9502
9531
9536
9550
9578
9614
9631
9658
9659
9677
9685
9687
9712
9729
9736
9756
9757
9760
9764
9768
9768
9794
9850
9859
9897
9906
9912
9933
9972
