1
1
2
3
4
4
5
6
7
8
10
11
11
11
13
14
14
14
15
16
17
17
18
18
20
20
21
22
22
22
23
23
24
24
25
25
26
27
27
27
30
31
31
31
32
33
37
39
39
39
41
47
47
47
47
48
48
49
51
51
53
53
54
54
55
55
57
57
57
58
59
59
60
61
61
61
61
63
63
63
64
64
66
67
67
68
70
70
71
72
72
73
75
75
75
76
76
77
77
78
79
80
81
82
83
83
83
85
85
86
88
88
88
88
88
90
90
91
91
91
91
92
92
93
94
94
95
95
95
96
96
97
97
97
98
100
101
102
102
102
102
106
107
107
107
108
108
109
110
111
111
112
112
116
117
117
118
118
119
119
119
120
121
122
125
126
126
127
130
131
131
131
131
132
132
134
134
134
136
137
139
139
141
141
142
142
143
145
145
148
148
149
150
150
151
151
152
152
152
152
154
154
154
154
155
155
156
156
157
157
158
158
158
160
160
160
163
166
166
169
172
172
172
173
175
178
178
179
180
181
182
183
183
183
184
184
185
185
185
185
186
186
186
188
188
188
189
190
190
191
191
194
195
195
197
198
198
199
200
200
200
200
203
203
203
204
205
206
207
207
207
208
208
209
209
213
214
215
215
216
216
217
217
217
218
220
220
221
222
222
223
223
224
224
226
226
226
227
228
232
232
232
233
234
235
235
237
238
239
240
240
240
241
243
244
244
246
246
246
246
248
249
250
251
252
252
252
253
253
253
253
254
256
257
257
258
258
258
259
259
259
262
262
262
263
263
264
264
266
270
273
274
274
274
274
274
275
277
279
280
281
281
281
282
283
284
286
286
286
287
287
288
289
289
290
290
290
294
294
294
294
295
295
298
298
300
300
302
303
304
304
304
305
305
306
307
307
307
311
312
312
313
314
316
316
317
317
318
320
320
321
321
322
323
323
325
325
326
326
328
330
331
332
333
333
334
335
336
337
338
338
339
339
339
340
340
341
341
342
342
342
343
344
346
346
349
350
350
351
351
351
352
353
355
355
356
356
356
356
357
359
362
363
364
365
365
365
368
368
369
370
370
370
370
370
371
372
373
373
373
373
374
375
375
375
376
377
377
378
378
378
379
379
380
380
381
381
382
383
383
384
386
388
389
389
390
390
390
391
394
394
394
395
396
396
397
398
399
399
403
405
405
409
409
409
410
411
411
411
412
412
412
412
413
413
414
414
415
417
419
419
420
421
422
423
425
425
426
426
426
427
428
429
430
430
432
432
433
433
433
434
434
434
435
436
437
437
438
438
439
439
441
441
441
441
443
443
446
446
449
449
449
449
450
450
451
451
451
452
452
452
452
453
455
458
458
458
458
459
459
459
461
461
462
462
466
467
467
467
468
468
469
469
470
471
472
472
472
472
472
473
475
475
475
475
476
476
476
477
477
479
479
480
480
480
480
481
482
483
483
484
484
485
485
485
486
487
492
492
492
492
494
495
497
498
498
499
499
499
500
500
501
501
502
502
502
504
505
507
508
511
512
512
513
514
516
517
517
518
519
519
519
521
522
523
523
523
524
524
525
527
528
528
531
531
532
532
533
533
536
536
537
538
538
540
540
541
541
541
542
543
543
544
545
546
546
548
549
549
550
550
551
551
551
552
553
553
553
553
554
555
555
557
557
558
558
559
559
559
561
561
561
563
563
564
564
565
567
567
568
568
569
569
570
571
572
573
573
574
574
575
576
577
577
577
577
578
578
578
578
579
579
583
583
583
585
586
587
587
588
589
592
592
592
594
595
596
596
596
597
598
598
598
599
599
600
601
602
603
605
608
609
609
610
610
610
611
611
611
613
613
614
614
615
615
616
618
618
619
619
620
620
622
623
623
624
624
624
625
625
625
626
627
627
627
629
629
629
629
629
632
633
633
633
633
635
636
637
637
637
639
640
641
642
643
643
644
645
647
647
648
649
649
649
651
652
652
653
654
654
655
656
656
656
657
658
658
659
659
660
660
661
664
665
666
668
668
668
669
671
671
672
675
676
677
678
678
679
679
680
680
681
681
683
683
683
683
684
685
685
686
686
687
687
687
688
688
688
689
689
689
689
690
691
691
691
691
694
694
696
696
696
696
697
697
698
698
702
702
702
703
704
705
705
706
706
707
707
707
708
708
709
709
709
709
711
712
713
713
713
714
715
716
716
717
718
720
720
721
721
722
722
723
724
725
725
727
727
728
730
731
732
733
733
734
735
736
736
736
737
738
739
739
739
741
741
742
743
744
746
746
747
747
748
748
749
749
750
751
751
752
752
753
753
754
754
755
755
755
755
756
757
758
758
759
759
759
759
762
763
764
764
766
766
766
767
768
770
771
771
772
773
773
774
777
778
778
778
779
779
780
780
781
783
784
784
785
785
785
785
786
786
789
790
790
791
791
792
793
796
797
797
797
797
798
798
799
799
799
800
802
802
804
805
805
805
806
808
809
810
811
812
812
815
816
816
816
816
816
817
819
819
819
821
821
821
822
822
823
823
825
826
826
827
828
829
829
830
830
830
831
831
832
833
833
833
834
835
835
837
839
841
842
843
843
844
844
845
846
846
846
846
847
847
849
849
851
853
854
854
855
855
857
857
859
859
859
860
860
861
863
865
865
865
865
865
867
868
868
868
868
869
871
871
873
874
875
876
876
877
877
877
877
878
878
878
880
881
881
882
882
884
884
885
887
887
888
889
889
890
891
894
895
895
896
896
896
896
897
897
900
900
902
903
904
904
905
906
906
906
906
907
908
908
909
909
910
910
912
912
912
913
914
914
915
917
918
918
921
922
923
923
924
924
924
926
926
927
928
928
928
929
930
932
932
933
933
934
935
935
937
938
938
939
939
940
940
940
940
941
942
943
943
944
945
945
946
946
947
947
948
948
948
949
950
952
952
953
953
955
955
956
958
958
958
958
960
960
961
961
961
962
962
963
964
964
966
966
966
967
968
968
968
968
969
970
970
971
971
971
972
972
972
973
973
975
975
976
976
978
979
979
980
981
981
981
981
981
981
982
982
982
984
985
987
987
987
987
988
988
989
990
990
990
991
991
991
992
992
993
993
993
994
997
998
999
999
999
1002
1002
1002
1002
1002
1003
1004
1004
1005
1006
1006
1006
1008
1009
1009
1009
1010
1011
1012
1012
1012
1012
1013
1013
1013
1014
1014
1014
1014
1014
1015
1015
1015
1016
1016
1017
1018
1020
1020
1020
1023
1025
1026
1027
1027
1027
1028
1029
1029
1030
1030
1031
1031
1033
1034
1036
1036
1036
1037
1038
1039
1039
1039
1040
1041
1041
1041
1042
1043
1043
1043
1045
1046
1047
1049
1049
1049
1051
1051
1052
1052
1052
1052
1053
1053
1056
1056
1057
1057
1062
1062
1063
1063
1064
1064
1065
1065
1066
1067
1068
1069
1069
1070
1070
1070
1070
1071
1071
1072
1073
1073
1073
1073
1073
1074
1075
1076
1078
1078
1080
1081
1081
1082
1085
1085
1086
1086
1086
1087
1089
1090
1090
1090
1090
1090
1091
1092
1092
1093
1093
1093
1093
1093
1093
1093
1094
1094
1094
1094
1095
1096
1097
1097
1097
1097
1098
1098
1099
1100
1101
1101
1102
1102
1103
1103
1103
1104
1104
1104
1105
1106
1106
1108
1108
1108
1108
1109
1109
1109
1110
1110
1110
1111
1111
1114
1115
1116
1119
1119
1121
1123
1123
1125
1126
1127
1128
1129
1130
1130
1130
1131
1132
1132
1132
1133
1134
1135
1138
1138
1140
1141
1141
1142
1142
1143
1143
1144
1144
1146
1146
1146
1146
1148
1148
1148
1149
1149
1149
1150
1151
1151
1152
1154
1154
1155
1155
1156
1157
1157
1159
1159
1159
1160
1162
1162
1162
1162
1163
1164
1164
1165
1165
1167
1169
1170
1170
1171
1171
1173
1175
1175
1175
1176
1176
1177
1177
1178
1178
1179
1180
1182
1183
1184
1186
1186
1187
1191
1192
1194
1195
1196
1196
1196
1197
1197
1197
1197
1198
1198
1198
1199
1199
1200
1201
1201
1204
1204
1205
1205
1206
1207
1207
1207
1207
1208
1208
1209
1209
1210
1211
1212
1214
1214
1215
1216
1216
1217
1217
1217
1217
1219
1221
1221
1222
1222
1222
1223
1223
1224
1227
1227
1227
1228
1229
1232
1232
1233
1233
1234
1234
1235
1236
1236
1237
1237
1239
1239
1239
1241
1241
1242
1243
1243
1244
1246
1246
1247
1247
1248
1248
1249
1249
1252
1253
1253
1254
1254
1255
1256
1256
1257
1258
1258
1259
1260
1261
1261
1262
1262
1262
1263
1263
1265
1265
1266
1266
1267
1267
1267
1267
1267
1267
1268
1269
1269
1271
1271
1272
1273
1273
1274
1274
1274
1274
1275
1275
1275
1276
1276
1277
1277
1277
1279
1280
1281
1283
1284
1284
1287
1288
1290
1291
1292
1293
1294
1295
1295
1296
1297
1298
1298
1298
1298
1301
1305
1305
1305
1306
1306
1307
1307
1308
1308
1308
1309
1309
1311
1312
1312
1312
1313
1313
1313
1314
1314
1317
1317
1317
1318
1318
1319
1320
1322
1322
1324
1324
1325
1327
1328
1329
1329
1330
1331
1331
1331
1333
1334
1334
1335
1335
1336
1336
1336
1337
1337
1337
1338
1338
1338
1338
1338
1338
1338
1338
1339
1339
1340
1341
1341
1342
1342
1343
1344
1344
1345
1346
1347
1348
1349
1353
1354
1355
1355
1355
1355
1356
1356
1357
1357
1359
1362
1363
1364
1364
1366
1367
1368
1368
1368
1370
1370
1371
1371
1371
1373
1373
1374
1374
1374
1376
1377
1377
1379
1379
1380
1381
1381
1381
1381
1382
1382
1383
1383
1384
1385
1385
1386
1388
1388
1389
1390
1390
1391
1391
1391
1391
1392
1392
1393
1393
1393
1395
1395
1395
1397
1397
1397
1399
1400
1402
1403
1403
1404
1404
1404
1405
1405
1405
1405
1406
1408
1408
1410
1410
1411
1414
1414
1416
1416
1418
1421
1421
1421
1422
1422
1422
1422
1423
1423
1424
1424
1425
1425
1425
1426
1426
1427
1427
1428
1431
1432
1432
1435
1435
1436
1437
1437
1437
1437
1438
1438
1439
1439
1441
1444
1444
1445
1445
1446
1446
1447
1448
1451
1453
1453
1454
1454
1454
1454
1455
1455
1456
1456
1457
1457
1459
1460
1460
1460
1462
1463
1464
1464
1465
1465
1466
1466
1467
1469
1469
1469
1471
1471
1472
1472
1472
1472
1473
1473
1474
1474
1474
1474
1474
1474
1475
1475
1475
1475
1476
1476
1476
1477
1478
1478
1478
1478
1479
1479
1481
1481
1482
1482
1484
1484
1485
1485
1486
1487
1487
1488
1488
1489
1489
1489
1490
1491
1492
1492
1493
1493
1494
1497
1498
1498
1498
1498
1499
1500
1503
1505
1505
1505
1506
1510
1513
1517
1517
1518
1519
1522
1523
1524
1524
1526
1526
1526
1526
1527
1527
1527
1528
1531
1532
1532
1533
1534
1535
1535
1535
1535
1536
1536
1538
1538
1538
1540
1540
1540
1541
1541
1543
1543
1546
1546
1546
1547
1548
1549
1549
1550
1551
1554
1555
1555
1555
1556
1557
1557
1557
1558
1558
1559
1561
1561
1561
1563
1564
1564
1564
1567
1569
1569
1571
1571
1572
1573
1573
1573
1573
1575
1575
1576
1578
1578
1579
1582
1582
1583
1583
1584
1586
1586
1586
1589
1591
1592
1593
1593
1594
1595
1595
1597
1597
1597
1598
1598
1598
1598
1601
1602
1603
1603
1603
1603
1604
1604
1604
1604
1605
1606
1609
1609
1610
1611
1611
1612
1612
1613
1615
1616
1616
1617
1618
1620
1622
1624
1625
1625
1627
1628
1628
1628
1630
1630
1630
1631
1632
1632
1633
1634
1634
1635
1635
1636
1636
1637
1637
1637
1638
1640
1640
1641
1641
1642
1642
1644
1644
1645
1645
1646
1647
1648
1648
1649
1650
1650
1653
1653
1655
1655
1655
1655
1657
1657
1658
1658
1660
1662
1664
1666
1666
1668
1669
1670
1671
1672
1672
1673
1673
1677
1679
1680
1681
1681
1682
1682
1682
1682
1683
1684
1685
1687
1687
1688
1688
1688
1690
1690
1690
1691
1691
1692
1693
1695
1696
1696
1696
1696
1696
1696
1697
1699
1699
1699
1701
1702
1702
1702
1703
1704
1704
1705
1705
1707
1708
1710
1710
1710
1710
1711
1711
1712
1713
1714
1715
1717
1719
1720
1722
1723
1725
1726
1727
1727
1727
1728
1728
1728
1729
1730
1731
1733
1733
1733
1734
1734
1735
1735
1736
1736
1738
1738
1741
1741
1741
1742
1743
1743
1744
1744
1745
1745
1747
1748
1748
1748
1751
1752
1753
1754
1755
1755
1755
1755
1757
1757
1758
1758
1758
1759
1759
1760
1761
1764
1766
1766
1766
1769
1769
1769
1771
1772
1773
1773
1774
1775
1775
1775
1775
1776
1776
1776
1778
1778
1779
1779
1780
1782
1782
1783
1783
1783
1783
1783
1784
1785
1785
1786
1786
1787
1787
1788
1789
1789
1790
1790
1790
1792
1792
1793
1793
1794
1794
1794
1795
1797
1797
1798
1798
1798
1799
1799
1801
1802
1802
1804
1805
1805
1807
1808
1809
1809
1809
1809
1809
1809
1809
1810
1811
1812
1813
1814
1815
1815
1816
1816
1818
1819
1820
1820
1822
1822
1823
1823
1824
1824
1824
1825
1825
1825
1827
1828
1828
1828
1828
1829
1830
1830
1832
1834
1835
1836
1836
1836
1836
1837
1838
1838
1839
1839
1840
1841
1842
1843
1845
1845
1846
1847
1849
1850
1850
1852
1852
1853
1853
1854
1856
1856
1856
1856
1857
1857
1858
1859
1860
1861
1861
1861
1862
1862
1863
1864
1864
1865
1866
1866
1866
1867
1871
1871
1873
1873
1874
1875
1876
1877
1877
1878
1880
1881
1882
1883
1883
1884
1885
1886
1886
1887
1887
1887
1888
1888
1889
1889
1890
1893
1893
1893
1894
1894
1894
1895
1896
1896
1896
1897
1898
1899
1899
1900
1900
1901
1901
1903
1904
1904
1905
1905
1906
1907
1910
1910
1912
1912
1912
1913
1913
1913
1914
1915
1916
1916
1917
1917
1919
1919
1920
1920
1921
1921
1921
1922
1922
1922
1922
1923
1923
1923
1924
1925
1925
1925
1926
1926
1927
1927
1928
1929
1930
1930
1931
1931
1932
1932
1933
1934
1935
1935
1935
1935
1936
1936
1937
1937
1938
1938
1939
1939
1939
1940
1940
1940
1941
1942
1942
1942
1942
1943
1943
1945
1946
1946
1947
1947
1948
1948
1950
1950
1950
1950
1951
1952
1953
1953
1956
1956
1957
1957
1959
1962
1962
1962
1963
1963
1964
1964
1967
1967
1967
1968
1968
1969
1969
1970
1971
1972
1973
1973
1974
1974
1975
1976
1976
1978
1978
1979
1979
1979
1980
1980
1981
1981
1982
1982
1983
1984
1984
1984
1986
1986
1990
1991
1991
1991
1992
1992
1994
1994
1995
1995
1998
1998
1999
1999
2000
2001
2001
2002
2002
2005
2005
2005
2008
2008
2009
2010
2011
2013
2013
2014
2014
2015
2015
2016
2016
2017
2017
2018
2019
2021
2021
2022
2022
2022
2023
2023
2024
2025
2026
2026
2026
2026
2027
2027
2029
2029
2030
2030
2031
2031
2031
2032
2032
2032
2033
2033
2034
2036
2037
2039
2041
2041
2046
2046
2047
2047
2047
2048
2048
2049
2050
2051
2053
2053
2053
2054
2055
2056
2056
2057
2057
2057
2058
2059
2059
2059
2060
2060
2061
2062
2062
2064
2065
2066
2066
2067
2068
2068
2070
2070
2070
2070
2073
2074
2075
2076
2076
2077
2077
2079
2082
2083
2083
2084
2085
2086
2086
2089
2089
2089
2090
2091
2093
2095
2096
2097
2097
2099
2100
2100
2101
2101
2102
2103
2103
2106
2107
2107
2108
2109
2111
2111
2111
2114
2115
2115
2115
2116
2116
2116
2117
2117
2117
2119
2120
2120
2122
2122
2123
2123
2125
2125
2127
2127
2127
2128
2129
2132
2134
2134
2135
2135
2136
2136
2136
2139
2139
2141
2142
2143
2143
2143
2145
2146
2146
2147
2147
2148
2148
2149
2149
2149
2150
2151
2152
2153
2153
2154
2154
2155
2156
2156
2157
2157
2158
2158
2158
2159
2159
2160
2162
2163
2164
2166
2166
2166
2166
2167
2168
2168
2169
2169
2169
2169
2170
2171
2172
2172
2172
2173
2173
2173
2174
2174
2174
2175
2176
2177
2177
2177
2178
2178
2178
2179
2179
2180
2180
2180
2181
2182
2182
2183
2183
2183
2184
2184
2186
2187
2187
2188
2189
2189
2193
2196
2196
2196
2196
2197
2197
2197
2197
2200
2200
2200
2201
2202
2204
2204
2204
2204
2204
2204
2205
2205
2206
2208
2209
2210
2210
2210
2210
2210
2211
2212
2215
2215
2215
2216
2216
2217
2217
2218
2220
2221
2222
2223
2224
2225
2228
2229
2229
2230
2231
2231
2231
2232
2233
2233
2233
2234
2234
2235
2237
2238
2239
2239
2241
2241
2241
2242
2242
2242
2244
2244
2244
2245
2246
2247
2247
2249
2249
2250
2250
2252
2252
2252
2255
2256
2257
2257
2258
2258
2259
2259
2260
2260
2260
2260
2261
2261
2261
2262
2263
2264
2264
2267
2267
2268
2269
2270
2271
2272
2273
2274
2275
2276
2276
2277
2277
2278
2278
2278
2279
2279
2280
2281
2282
2283
2284
2284
2284
2285
2285
2286
2286
2287
2290
2290
2291
2292
2293
2295
2296
2296
2297
2298
2298
2301
2301
2301
2302
2303
2303
2304
2305
2305
2305
2306
2306
2306
2307
2307
2307
2307
2308
2310
2312
2313
2314
2314
2314
2315
2316
2316
2316
2317
2317
2318
2318
2319
2319
2320
2320
2321
2321
2321
2322
2324
2324
2326
2326
2326
2327
2328
2329
2329
2330
2330
2330
2332
2332
2332
2333
2334
2335
2339
2341
2343
2344
2345
2345
2346
2346
2347
2348
2348
2348
2348
2348
2349
2349
2351
2352
2353
2353
2355
2355
2357
2357
2357
2357
2357
2358
2359
2361
2361
2363
2363
2363
2364
2364
2366
2367
2368
2369
2369
2369
2371
2372
2372
2372
2373
2373
2374
2374
2375
2376
2377
2377
2378
2378
2379
2381
2382
2382
2382
2382
2384
2384
2384
2385
2388
2388
2388
2390
2390
2390
2392
2393
2395
2396
2397
2398
2399
2399
2402
2402
2402
2403
2403
2405
2405
2406
2406
2407
2408
2408
2409
2409
2411
2411
2411
2413
2414
2414
2415
2415
2415
2416
2417
2418
2419
2419
2419
2420
2421
2421
2422
2426
2426
2426
2427
2427
2429
2430
2431
2432
2433
2435
2436
2436
2437
2438
2438
2439
2441
2443
2443
2443
2444
2445
2446
2447
2447
2447
2448
2448
2448
2449
2449
2449
2450
2451
2451
2452
2453
2454
2456
2456
2457
2457
2457
2458
2458
2458
2458
2458
2459
2459
2459
2459
2460
2460
2460
2460
2461
2462
2462
2463
2464
2464
2466
2467
2467
2467
2467
2468
2469
2470
2470
2470
2470
2472
2473
2473
2476
2479
2480
2480
2480
2481
2482
2484
2485
2485
2485
2486
2486
2486
2486
2487
2487
2489
2490
2490
2490
2490
2491
2491
2491
2493
2493
2494
2494
2495
2495
2495
2496
2496
2497
2497
2498
2499
2500
2500
2500
2501
2502
2502
2502
2502
2502
2502
2503
2504
2504
2504
2505
2506
2506
2506
2507
2508
2509
2511
2511
2512
2512
2513
2515
2516
2517
2518
2520
2520
2520
2521
2521
2522
2523
2523
2523
2523
2525
2526
2528
2528
2529
2529
2530
2530
2531
2531
2532
2533
2533
2533
2534
2535
2535
2537
2537
2541
2543
2544
2545
2545
2545
2546
2547
2547
2547
2547
2549
2550
2551
2551
2552
2552
2552
2553
2553
2553
2554
2555
2556
2556
2558
2560
2561
2561
2561
2561
2562
2564
2565
2566
2567
2569
2569
2570
2570
2570
2571
2571
2571
2571
2571
2571
2571
2572
2572
2572
2573
2573
2573
2573
2573
2574
2576
2577
2578
2579
2579
2581
2581
2582
2583
2585
2585
2586
2586
2587
2588
2589
2590
2591
2591
2593
2593
2593
2593
2594
2594
2598
2598
2598
2599
2602
2603
2603
2604
2607
2607
2608
2608
2610
2610
2610
2610
2611
2612
2613
2614
2615
2615
2617
2618
2620
2621
2623
2623
2623
2624
2624
2625
2626
2626
2627
2627
2628
2629
2630
2630
2630
2630
2632
2634
2634
2635
2635
2635
2636
2636
2637
2639
2639
2639
2639
2639
2642
2642
2642
2642
2643
2644
2644
2644
2645
2645
2645
2646
2647
2647
2647
2648
2649
2650
2650
2650
2650
2651
2652
2652
2653
2656
2657
2659
2661
2662
2663
2663
2663
2664
2664
2665
2665
2666
2667
2667
2668
2669
2670
2670
2671
2671
2671
2672
2673
2673
2674
2676
2676
2678
2679
2679
2679
2679
2679
2682
2683
2685
2685
2685
2686
2686
2688
2688
2689
2690
2690
2691
2691
2692
2692
2693
2693
2694
2694
2695
2696
2696
2698
2698
2698
2698
2699
2700
2700
2701
2703
2704
2706
2708
2708
2709
2710
2710
2711
2711
2712
2713
2713
2714
2714
2716
2716
2716
2717
2718
2719
2719
2720
2721
2721
2723
2724
2725
2726
2726
2727
2728
2730
2732
2734
2734
2734
2734
2736
2737
2737
2737
2739
2739
2740
2741
2741
2741
2741
2743
2743
2743
2744
2744
2744
2744
2745
2745
2745
2746
2747
2748
2749
2749
2751
2752
2752
2752
2752
2752
2752
2753
2754
2755
2755
2758
2758
2758
2759
2760
2760
2762
2763
2763
2764
2764
2765
2765
2766
2766
2767
2768
2768
2768
2769
2769
2769
2770
2770
2770
2772
2772
2773
2773
2776
2776
2777
2777
2779
2779
2780
2783
2783
2783
2785
2785
2786
2786
2787
2788
2788
2788
2789
2789
2789
2790
2790
2795
2796
2796
2796
2798
2798
2799
2801
2802
2802
2802
2802
2802
2803
2804
2804
2805
2806
2806
2806
2812
2813
2815
2815
2816
2817
2817
2819
2819
2819
2820
2820
2820
2820
2821
2822
2822
2822
2822
2822
2823
2824
2825
2826
2826
2826
2826
2827
2828
2829
2829
2831
2834
2835
2835
2836
2840
2840
2841
2841
2841
2842
2844
2845
2845
2847
2847
2847
2848
2849
2849
2849
2850
2850
2852
2853
2854
2854
2854
2856
2856
2857
2857
2858
2858
2859
2859
2860
2860
2860
2860
2860
2861
2863
2864
2864
2864
2866
2866
2867
2867
2868
2868
2869
2869
2871
2871
2871
2872
2872
2873
2874
2874
2874
2874
2875
2876
2876
2878
2880
2881
2883
2884
2885
2885
2886
2886
2887
2888
2889
2889
2889
2890
2891
2891
2893
2893
2894
2894
2895
2895
2896
2898
2898
2898
2900
2900
2902
2903
2904
2906
2907
2907
2907
2908
2909
2909
2909
2909
2909
2910
2910
2910
2911
2911
2914
2914
2917
2917
2919
2919
2919
2920
2924
2924
2925
2925
2925
2926
2927
2928
2928
2928
2928
2931
2931
2931
2932
2932
2932
2933
2934
2934
2935
2935
2935
2937
2938
2939
2939
2940
2943
2943
2944
2945
2945
2945
2945
2946
2948
2948
2950
2950
2951
2952
2952
2952
2952
2952
2953
2956
2956
2957
2958
2958
2961
2963
2964
2964
2964
2965
2966
2966
2966
2967
2968
2968
2968
2968
2970
2971
2972
2972
2973
2974
2974
2975
2976
2976
2977
2977
2980
2980
2981
2982
2982
2982
2982
2982
2983
2983
2983
2985
2986
2987
2988
2988
2990
2991
2991
2991
2992
2992
2992
2993
2996
2996
2998
2998
2999
3000
3000
3001
3002
3003
3003
3003
3004
3006
3007
3008
3009
3010
3011
3012
3012
3013
3013
3013
3014
3014
3014
3014
3017
3017
3017
3017
3017
3017
3017
3018
3019
3021
3021
3022
3022
3023
3023
3023
3024
3025
3025
3026
3026
3027
3028
3028
3029
3029
3029
3032
3033
3033
3037
3038
3039
3043
3043
3044
3044
3046
3046
3049
3049
3050
3050
3051
3051
3052
3055
3056
3057
3058
3058
3058
3059
3059
3059
3059
3060
3060
3061
3061
3063
3067
3069
3070
3070
3070
3071
3072
3072
3072
3072
3075
3078
3079
3080
3080
3081
3081
3082
3083
3084
3085
3087
3087
3088
3089
3089
3090
3090
3090
3090
3090
3091
3091
3092
3092
3094
3097
3097
3097
3097
3098
3098
3099
3101
3103
3103
3103
3103
3103
3105
3106
3106
3107
3108
3108
3109
3111
3111
3111
3113
3114
3114
3114
3116
3118
3118
3118
3119
3119
3119
3122
3122
3125
3126
3126
3127
3127
3127
3129
3130
3132
3133
3133
3133
3134
3135
3137
3139
3140
3140
3140
3141
3142
3142
3142
3143
3145
3145
3145
3146
3147
3147
3148
3148
3149
3149
3151
3152
3152
3153
3154
3154
3155
3156
3156
3157
3159
3160
3160
3161
3162
3162
3162
3163
3164
3164
3165
3165
3165
3167
3167
3168
3168
3168
3169
3169
3172
3173
3173
3173
3175
3176
3176
3176
3177
3179
3180
3180
3181
3181
3182
3182
3183
3183
3184
3184
3185
3187
3188
3190
3190
3190
3190
3191
3191
3192
3193
3193
3193
3196
3196
3196
3196
3196
3197
3197
3197
3198
3199
3200
3200
3202
3202
3202
3203
3204
3207
3208
3208
3208
3210
3210
3210
3211
3211
3212
3212
3212
3213
3213
3214
3214
3214
3216
3216
3216
3218
3218
3219
3219
3220
3220
3221
3221
3221
3223
3223
3223
3224
3225
3225
3226
3227
3227
3228
3229
3229
3230
3231
3232
3232
3232
3233
3234
3235
3235
3236
3238
3239
3239
3240
3241
3241
3241
3241
3243
3243
3244
3244
3245
3248
3251
3251
3251
3252
3252
3253
3253
3254
3254
3254
3257
3257
3258
3258
3259
3259
3261
3261
3261
3262
3262
3263
3266
3266
3268
3269
3269
3271
3276
3276
3277
3278
3280
3280
3280
3282
3283
3284
3288
3289
3290
3291
3293
3293
3293
3294
3294
3295
3296
3298
3298
3298
3299
3299
3300
3300
3300
3300
3301
3305
3305
3305
3306
3306
3306
3306
3308
3308
3308
3309
3310
3310
3310
3310
3312
3312
3312
3313
3313
3314
3314
3314
3316
3317
3317
3317
3317
3318
3319
3319
3319
3319
3319
3321
3321
3322
3323
3325
3325
3326
3328
3329
3330
3330
3330
3331
3331
3331
3332
3332
3334
3334
3336
3336
3336
3337
3338
3338
3339
3339
3340
3340
3341
3341
3342
3342
3343
3343
3343
3344
3345
3345
3345
3346
3346
3348
3348
3350
3352
3354
3355
3355
3359
3361
3362
3362
3362
3362
3362
3363
3364
3365
3367
3368
3368
3368
3368
3369
3369
3369
3369
3369
3370
3370
3371
3371
3373
3374
3375
3375
3376
3376
3377
3378
3378
3380
3381
3381
3383
3383
3384
3384
3384
3384
3385
3386
3387
3387
3388
3388
3389
3390
3390
3390
3392
3393
3396
3397
3398
3398
3399
3399
3400
3401
3401
3401
3402
3403
3404
3404
3405
3406
3406
3407
3407
3407
3407
3407
3408
3410
3412
3412
3412
3413
3414
3415
3416
3416
3417
3419
3420
3420
3420
3421
3421
3421
3421
3422
3423
3423
3425
3425
3426
3426
3427
3429
3431
3432
3432
3433
3434
3436
3437
3437
3437
3437
3437
3438
3438
3439
3439
3443
3445
3445
3445
3446
3446
3447
3448
3449
3450
3451
3451
3452
3453
3454
3455
3455
3455
3457
3457
3457
3458
3458
3460
3461
3461
3462
3462
3462
3463
3464
3468
3469
3469
3470
3473
3473
3473
3474
3476
3478
3478
3479
3479
3479
3480
3481
3481
3483
3483
3483
3483
3484
3485
3486
3486
3487
3488
3488
3489
3489
3489
3491
3491
3492
3492
3494
3494
3494
3496
3498
3500
3500
3501
3503
3503
3503
3503
3504
3504
3505
3505
3506
3506
3507
3508
3508
3510
3510
3510
3511
3511
3511
3511
3513
3513
3515
3516
3517
3518
3518
3519
3520
3521
3521
3522
3524
3524
3525
3527
3527
3527
3529
3530
3530
3530
3530
3531
3531
3534
3535
3536
3537
3537
3538
3538
3539
3540
3541
3541
3542
3542
3542
3543
3543
3544
3544
3545
3545
3545
3547
3549
3551
3551
3552
3553
3554
3555
3557
3558
3558
3559
3559
3559
3559
3559
3560
3560
3561
3561
3562
3562
3563
3563
3565
3565
3566
3567
3568
3570
3570
3571
3572
3572
3572
3576
3576
3577
3578
3578
3580
3581
3582
3582
3583
3583
3585
3585
3586
3587
3588
3589
3590
3590
3591
3595
3595
3595
3596
3598
3598
3598
3598
3599
3599
3600
3600
3601
3604
3605
3605
3606
3607
3607
3607
3607
3608
3608
3608
3609
3611
3612
3614
3615
3616
3616
3619
3621
3622
3622
3623
3623
3625
3625
3625
3627
3628
3629
3629
3629
3630
3631
3631
3633
3633
3635
3636
3636
3638
3638
3639
3640
3640
3640
3640
3640
3641
3641
3641
3641
3644
3644
3644
3644
3645
3645
3646
3647
3648
3648
3648
3649
3649
3651
3652
3653
3653
3653
3654
3655
3655
3655
3657
3658
3658
3659
3659
3659
3659
3661
3662
3664
3664
3664
3665
3665
3665
3665
3666
3666
3668
3670
3670
3671
3671
3673
3673
3674
3674
3674
3677
3678
3678
3678
3679
3680
3681
3682
3682
3682
3685
3686
3686
3687
3689
3690
3694
3694
3695
3696
3697
3697
3698
3700
3701
3702
3702
3702
3703
3703
3704
3704
3705
3706
3707
3709
3710
3710
3710
3711
3711
3711
3711
3712
3712
3712
3712
3713
3713
3716
3719
3720
3720
3721
3722
3722
3722
3723
3724
3727
3727
3728
3729
3730
3730
3730
3732
3732
3732
3732
3733
3735
3736
3737
3737
3737
3737
3737
3737
3738
3739
3739
3740
3742
3742
3743
3745
3745
3745
3745
3746
3746
3746
3747
3748
3748
3749
3749
3751
3751
3752
3753
3753
3753
3754
3757
3758
3758
3759
3760
3760
3760
3762
3762
3764
3764
3764
3764
3766
3766
3767
3767
3768
3768
3768
3770
3771
3772
3773
3773
3774
3774
3774
3775
3775
3776
3776
3776
3777
3779
3780
3780
3780
3780
3780
3781
3781
3783
3784
3784
3785
3786
3786
3786
3787
3787
3787
3787
3788
3788
3789
3789
3790
3792
3793
3793
3793
3794
3794
3794
3795
3795
3795
3795
3796
3798
3799
3799
3799
3799
3800
3801
3801
3802
3802
3804
3804
3805
3805
3805
3806
3806
3807
3808
3809
3810
3810
3811
3813
3813
3814
3815
3816
3816
3817
3818
3819
3819
3820
3820
3822
3822
3822
3822
3823
3825
3826
3826
3827
3827
3829
3830
3831
3833
3834
3835
3836
3836
3837
3837
3838
3838
3839
3839
3839
3839
3840
3840
3840
3840
3841
3842
3843
3844
3844
3846
3847
3850
3850
3852
3852
3853
3854
3854
3854
3857
3858
3858
3858
3859
3860
3860
3861
3861
3861
3861
3862
3862
3863
3863
3864
3864
3864
3866
3866
3866
3867
3868
3868
3869
3869
3870
3870
3870
3870
3871
3871
3871
3871
3872
3872
3872
3873
3874
3875
3875
3878
3879
3880
3880
3882
3882
3882
3883
3884
3884
3885
3886
3886
3886
3887
3887
3889
3890
3891
3892
3892
3894
3895
3897
3897
3897
3897
3898
3899
3900
3902
3902
3903
3903
3904
3904
3904
3905
3905
3905
3905
3905
3907
3907
3908
3909
3909
3909
3912
3913
3913
3914
3915
3918
3918
3919
3920
3920
3921
3921
3922
3922
3924
3924
3924
3925
3925
3926
3926
3927
3933
3934
3934
3934
3935
3935
3936
3936
3936
3937
3937
3939
3939
3939
3940
3940
3940
3940
3940
3941
3941
3942
3943
3943
3943
3944
3945
3945
3945
3946
3946
3946
3946
3947
3947
3949
3950
3951
3951
3951
3952
3954
3955
3956
3957
3958
3959
3962
3962
3963
3963
3964
3965
3965
3967
3968
3969
3970
3970
3970
3971
3971
3972
3972
3972
3972
3976
3976
3976
3976
3976
3977
3977
3977
3977
3978
3978
3979
3979
3979
3980
3981
3982
3983
3983
3983
3984
3986
3988
3988
3989
3991
3991
3992
3993
3993
3994
3995
3995
3997
3997
3997
3998
3999
3999
3999
4000
4000
4000
4000
4001
4002
4003
4004
4004
4006
4006
4007
4008
4008
4009
4009
4011
4013
4014
4015
4016
4017
4018
4018
4018
4018
4019
4019
4020
4021
4021
4022
4023
4023
4023
4023
4024
4026
4026
4029
4029
4029
4030
4030
4031
4032
4032
4032
4033
4034
4035
4036
4036
4036
4036
4036
4036
4039
4041
4041
4042
4042
4042
4043
4044
4044
4044
4044
4046
4046
4047
4047
4047
4048
4048
4049
4049
4052
4052
4053
4054
4055
4055
4055
4055
4056
4056
4057
4057
4057
4059
4061
4062
4063
4064
4064
4064
4065
4066
4069
4069
4069
4070
4071
4072
4073
4073
4076
4077
4077
4078
4079
4079
4080
4080
4081
4083
4083
4083
4084
4084
4084
4085
4085
4085
4085
4086
4086
4089
4090
4091
4091
4091
4093
4093
4094
4095
4095
4095
4096
4096
4097
4097
4097
4097
4098
4099
4102
4102
4103
4104
4104
4105
4106
4106
4108
4109
4110
4112
4113
4113
4114
4115
4116
4116
4116
4117
4117
4118
4118
4118
4119
4120
4120
4120
4120
4121
4122
4122
4122
4124
4124
4124
4125
4126
4126
4127
4127
4128
4128
4129
4132
4134
4134
4134
4135
4136
4136
4137
4137
4138
4139
4139
4140
4140
4141
4143
4143
4143
4143
4143
4143
4144
4146
4146
4146
4146
4146
4147
4147
4148
4148
4148
4149
4149
4150
4150
4150
4151
4151
4152
4152
4154
4155
4156
4156
4156
4157
4157
4157
4159
4160
4161
4161
4161
4163
4163
4164
4164
4164
4164
4166
4168
4168
4169
4169
4170
4170
4171
4172
4173
4173
4174
4174
4175
4175
4175
4176
4177
4177
4177
4177
4178
4178
4178
4181
4181
4182
4183
4186
4186
4187
4189
4190
4191
4192
4192
4192
4193
4193
4194
4194
4195
4195
4196
4197
4198
4198
4198
4199
4199
4199
4201
4202
4202
4202
4203
4203
4203
4203
4205
4205
4205
4205
4205
4208
4208
4209
4211
4211
4212
4213
4213
4213
4214
4214
4215
4216
4216
4219
4220
4220
4220
4220
4222
4222
4223
4223
4224
4224
4225
4226
4226
4226
4227
4227
4227
4227
4227
4228
4228
4229
4229
4230
4231
4231
4232
4234
4234
4235
4235
4236
4237
4238
4238
4238
4240
4240
4240
4241
4243
4243
4244
4244
4244
4244
4247
4247
4248
4248
4249
4249
4249
4250
4250
4250
4250
4251
4252
4252
4253
4254
4254
4255
4256
4257
4257
4258
4258
4258
4258
4258
4259
4259
4260
4260
4260
4261
4261
4264
4264
4265
4265
4266
4266
4267
4267
4268
4269
4271
4271
4271
4272
4272
4273
4273
4273
4274
4274
4275
4275
4275
4276
4277
4278
4279
4279
4280
4280
4282
4282
4283
4283
4283
4284
4284
4285
4285
4286
4286
4288
4289
4290
4290
4291
4291
4292
4292
4292
4292
4293
4296
4298
4298
4298
4298
4300
4300
4300
4301
4301
4301
4301
4301
4303
4304
4304
4307
4307
4308
4310
4311
4313
4314
4314
4316
4317
4318
4318
4318
4318
4319
4319
4321
4321
4321
4323
4323
4323
4324
4325
4325
4326
4326
4327
4327
4328
4328
4330
4332
4332
4333
4336
4336
4337
4338
4338
4338
4340
4340
4341
4341
4342
4342
4343
4343
4343
4344
4344
4345
4347
4348
4350
4350
4350
4351
4351
4351
4351
4354
4355
4355
4355
4357
4358
4359
4360
4360
4360
4361
4362
4363
4363
4363
4363
4364
4364
4365
4365
4365
4366
4367
4367
4368
4370
4371
4371
4372
4372
4372
4373
4374
4374
4374
4374
4374
4375
4376
4376
4378
4378
4381
4381
4382
4382
4382
4383
4383
4384
4384
4385
4386
4386
4387
4387
4387
4388
4388
4391
4391
4392
4394
4394
4394
4395
4396
4397
4397
4399
4400
4401
4401
4402
4402
4402
4403
4404
4405
4405
4407
4407
4407
4408
4408
4410
4411
4411
4413
4413
4415
4416
4417
4417
4418
4418
4418
4419
4420
4421
4421
4421
4422
4423
4424
4424
4424
4424
4425
4427
4428
4428
4431
4431
4432
4433
4434
4435
4435
4435
4435
4436
4436
4438
4438
4438
4438
4439
4439
4441
4441
4441
4442
4442
4442
4443
4443
4444
4445
4446
4447
4448
4450
4450
4450
4452
4452
4453
4453
4453
4453
4453
4455
4457
4458
4459
4460
4461
4461
4461
4462
4462
4462
4463
4464
4466
4467
4469
4469
4470
4471
4472
4472
4473
4473
4475
4475
4476
4476
4477
4477
4477
4478
4478
4479
4479
4480
4480
4480
4481
4482
4485
4487
4489
4490
4490
4490
4490
4490
4493
4493
4493
4494
4494
4495
4496
4497
4497
4498
4499
4499
4500
4500
4502
4502
4503
4504
4504
4505
4506
4506
4506
4507
4508
4508
4509
4511
4512
4512
4512
4513
4515
4516
4517
4517
4518
4519
4519
4519
4520
4520
4520
4522
4522
4523
4523
4525
4525
4526
4526
4527
4527
4528
4528
4529
4529
4529
4529
4529
4529
4530
4530
4530
4531
4531
4531
4532
4533
4533
4534
4537
4538
4538
4539
4541
4541
4544
4545
4545
4546
4546
4547
4547
4549
4551
4551
4551
4552
4552
4552
4554
4554
4554
4555
4555
4556
4557
4557
4557
4558
4560
4560
4561
4561
4561
4561
4561
4561
4563
4564
4564
4565
4566
4566
4566
4566
4567
4567
4569
4571
4571
4571
4571
4573
4573
4573
4573
4573
4574
4574
4575
4577
4577
4577
4577
4578
4578
4579
4580
4580
4582
4583
4583
4583
4585
4585
4586
4586
4588
4590
4590
4591
4591
4591
4592
4592
4592
4594
4594
4595
4596
4597
4597
4597
4598
4599
4599
4600
4600
4601
4601
4603
4603
4604
4604
4605
4606
4607
4607
4607
4608
4609
4611
4611
4611
4612
4612
4613
4615
4615
4616
4617
4617
4618
4618
4621
4622
4626
4627
4627
4630
4631
4631
4631
4632
4632
4632
4633
4633
4634
4634
4635
4635
4635
4636
4637
4637
4638
4640
4641
4643
4645
4645
4648
4649
4649
4650
4650
4652
4654
4655
4655
4655
4657
4658
4660
4661
4661
4662
4662
4662
4663
4667
4667
4668
4668
4668
4669
4669
4669
4669
4670
4670
4671
4671
4671
4671
4673
4673
4675
4675
4676
4676
4676
4676
4678
4678
4678
4678
4680
4681
4682
4682
4683
4683
4683
4684
4684
4684
4686
4686
4687
4688
4689
4689
4690
4691
4691
4692
4695
4695
4696
4698
4698
4699
4699
4701
4701
4703
4703
4704
4704
4704
4705
4705
4707
4707
4708
4709
4709
4709
4709
4710
4712
4713
4716
4717
4717
4717
4717
4718
4718
4720
4720
4720
4721
4721
4721
4722
4722
4722
4722
4723
4723
4724
4725
4727
4727
4728
4728
4729
4732
4733
4733
4734
4735
4735
4735
4737
4737
4737
4737
4737
4738
4739
4740
4740
4741
4742
4743
4743
4744
4744
4744
4744
4745
4745
4745
4747
4747
4747
4747
4750
4750
4750
4751
4751
4751
4754
4754
4755
4756
4758
4759
4761
4761
4761
4762
4762
4764
4765
4765
4766
4766
4768
4769
4769
4769
4769
4769
4770
4770
4770
4771
4772
4772
4773
4773
4774
4774
4774
4774
4775
4775
4775
4775
4776
4777
4778
4779
4781
4783
4784
4784
4785
4785
4786
4786
4787
4788
4790
4792
4793
4793
4795
4797
4797
4797
4797
4798
4798
4799
4799
4799
4800
4801
4801
4801
4803
4803
4803
4804
4804
4805
4805
4806
4807
4807
4807
4807
4808
4809
4809
4810
4810
4811
4811
4811
4811
4812
4813
4813
4813
4814
4815
4815
4815
4816
4817
4818
4819
4820
4820
4821
4822
4823
4825
4826
4826
4829
4830
4830
4830
4831
4832
4835
4835
4835
4836
4836
4837
4838
4839
4840
4840
4840
4841
4842
4844
4844
4845
4846
4846
4846
4847
4848
4850
4850
4853
4855
4855
4856
4856
4856
4856
4857
4857
4858
4859
4859
4860
4862
4862
4863
4863
4864
4866
4866
4866
4867
4869
4869
4870
4870
4870
4872
4872
4873
4873
4873
4874
4874
4874
4875
4875
4876
4877
4878
4879
4880
4880
4881
4881
4882
4882
4883
4883
4883
4884
4885
4885
4885
4886
4887
4887
4888
4888
4889
4890
4891
4893
4893
4894
4897
4897
4898
4899
4899
4901
4901
4902
4903
4903
4904
4905
4905
4906
4906
4907
4907
4908
4909
4909
4910
4910
4913
4913
4914
4914
4914
4914
4920
4921
4921
4922
4922
4923
4924
4925
4925
4926
4926
4928
4928
4928
4928
4929
4929
4929
4929
4931
4931
4931
4932
4933
4933
4934
4936
4936
4937
4938
4938
4938
4939
4944
4944
4944
4945
4946
4946
4946
4947
4947
4947
4948
4948
4949
4949
4950
4951
4951
4952
4954
4955
4956
4957
4957
4959
4960
4960
4962
4963
4964
4964
4964
4964
4965
4965
4966
4966
4966
4967
4968
4968
4970
4971
4971
4971
4972
4973
4973
4974
4975
4976
4977
4977
4977
4977
4979
4979
4981
4981
4981
4982
4982
4983
4984
4984
4984
4985
4985
4985
4986
4986
4986
4987
4989
4992
4992
4992
4993
4993
4993
4994
4995
4996
4997
4998
4998
4998
4999
4999
5000
5000
5001
5001
5001
5002
5002
5004
5004
5005
5005
5005
5006
5006
5008
5008
5009
5009
5009
5009
5010
5010
5011
5012
5013
5014
5015
5017
5020
5023
5024
5024
5027
5027
5029
5030
5031
5031
5031
5032
5032
5035
5035
5036
5036
5036
5037
5037
5037
5037
5039
5039
5039
5040
5040
5040
5041
5042
5042
5043
5044
5045
5045
5046
5046
5046
5048
5048
5048
5051
5051
5051
5051
5054
5054
5054
5054
5055
5057
5057
5060
5060
5061
5061
5063
5064
5064
5065
5065
5066
5066
5066
5069
5069
5070
5070
5071
5071
5072
5074
5076
5077
5077
5077
5077
5077
5077
5079
5082
5084
5086
5086
5086
5090
5090
5090
5091
5091
5091
5092
5092
5094
5094
5095
5097
5097
5097
5097
5097
5098
5098
5098
5098
5100
5100
5100
5101
5102
5103
5104
5104
5105
5107
5108
5108
5108
5111
5112
5112
5113
5113
5113
5114
5114
5116
5116
5117
5118
5120
5120
5121
5122
5123
5124
5126
5126
5127
5128
5129
5130
5130
5130
5130
5130
5130
5131
5132
5132
5133
5133
5133
5134
5135
5136
5136
5137
5139
5139
5139
5140
5140
5140
5141
5142
5142
5143
5144
5144
5144
5145
5146
5146
5146
5146
5147
5148
5148
5148
5149
5151
5151
5151
5152
5152
5152
5153
5154
5154
5154
5156
5156
5156
5157
5157
5159
5160
5160
5161
5162
5162
5162
5162
5163
5164
5165
5165
5166
5166
5167
5168
5169
5169
5169
5170
5171
5171
5172
5172
5172
5175
5175
5176
5176
5177
5178
5182
5182
5182
5183
5184
5184
5185
5185
5186
5187
5187
5187
5188
5189
5189
5191
5191
5191
5193
5193
5194
5194
5194
5195
5196
5196
5196
5197
5197
5197
5197
5199
5200
5200
5201
5202
5202
5203
5205
5205
5207
5208
5208
5208
5209
5209
5210
5211
5211
5215
5215
5215
5215
5216
5217
5218
5219
5220
5220
5221
5221
5221
5221
5225
5226
5226
5227
5227
5227
5228
5228
5229
5229
5230
5230
5231
5231
5233
5233
5234
5236
5236
5236
5236
5236
5237
5237
5238
5241
5241
5241
5242
5243
5244
5245
5245
5247
5248
5249
5249
5249
5249
5250
5252
5252
5252
5254
5255
5255
5256
5257
5257
5257
5260
5260
5261
5261
5263
5263
5263
5263
5264
5264
5264
5265
5265
5266
5266
5266
5266
5268
5268
5269
5269
5270
5270
5270
5270
5270
5272
5273
5273
5276
5276
5276
5277
5279
5279
5280
5280
5280
5283
5283
5283
5284
5284
5285
5285
5286
5286
5286
5287
5288
5291
5292
5293
5293
5294
5294
5294
5294
5295
5296
5296
5296
5297
5297
5298
5298
5300
5300
5303
5304
5305
5307
5307
5308
5309
5309
5310
5311
5311
5311
5312
5313
5313
5314
5314
5314
5315
5315
5315
5315
5317
5319
5320
5321
5323
5323
5326
5326
5326
5326
5326
5327
5327
5327
5330
5330
5331
5332
5333
5334
5335
5336
5336
5337
5338
5338
5339
5340
5340
5341
5341
5341
5341
5342
5342
5343
5345
5345
5346
5347
5347
5347
5349
5350
5350
5351
5352
5354
5354
5355
5356
5356
5357
5357
5357
5359
5359
5360
5360
5361
5361
5361
5361
5361
5362
5365
5365
5366
5366
5367
5368
5368
5368
5370
5371
5371
5372
5373
5374
5374
5375
5375
5376
5376
5377
5377
5378
5379
5380
5382
5382
5383
5384
5385
5386
5387
5387
5387
5389
5389
5389
5390
5392
5394
5396
5396
5397
5397
5397
5397
5398
5399
5400
5401
5401
5402
5402
5403
5403
5405
5405
5406
5406
5407
5408
5411
5411
5412
5413
5413
5413
5414
5416
5417
5417
5418
5418
5419
5419
5419
5420
5420
5423
5423
5423
5424
5424
5424
5425
5425
5425
5425
5426
5426
5427
5428
5428
5428
5429
5430
5430
5431
5432
5432
5432
5433
5433
5435
5436
5437
5438
5439
5440
5440
5440
5440
5440
5441
5442
5442
5443
5443
5443
5446
5449
5450
5451
5451
5452
5453
5453
5453
5454
5456
5457
5457
5458
5459
5459
5459
5460
5461
5461
5462
5462
5463
5464
5464
5465
5467
5467
5468
5468
5469
5470
5471
5471
5472
5472
5472
5473
5474
5476
5476
5477
5478
5479
5482
5482
5482
5483
5484
5484
5484
5484
5489
5489
5489
5489
5490
5491
5491
5494
5495
5497
5498
5498
5499
5499
5500
5501
5501
5502
5502
5502
5503
5503
5504
5504
5504
5504
5504
5505
5506
5506
5508
5508
5508
5509
5510
5510
5511
5512
5512
5512
5513
5513
5514
5514
5515
5515
5515
5516
5516
5517
5517
5517
5517
5518
5519
5519
5519
5520
5520
5520
5520
5521
5521
5522
5522
5522
5523
5525
5525
5525
5525
5526
5528
5528
5529
5529
5529
5531
5532
5533
5534
5534
5535
5535
5535
5536
5537
5537
5538
5539
5539
5539
5539
5541
5541
5542
5543
5543
5544
5544
5546
5547
5547
5547
5547
5548
5549
5549
5551
5551
5551
5552
5554
5554
5554
5554
5556
5556
5557
5557
5557
5557
5558
5559
5559
5560
5561
5562
5564
5565
5566
5566
5566
5567
5568
5568
5569
5569
5571
5571
5573
5574
5574
5575
5575
5576
5576
5578
5578
5578
5579
5579
5579
5579
5579
5580
5580
5580
5580
5581
5581
5583
5585
5585
5586
5587
5587
5589
5590
5590
5590
5592
5592
5592
5592
5592
5593
5593
5593
5593
5594
5594
5594
5595
5595
5595
5595
5596
5597
5598
5598
5600
5601
5601
5601
5602
5602
5603
5604
5606
5610
5610
5610
5611
5611
5611
5611
5611
5612
5612
5613
5614
5614
5614
5614
5616
5616
5617
5618
5618
5618
5619
5619
5622
5622
5622
5623
5624
5624
5625
5626
5627
5627
5628
5629
5629
5631
5631
5631
5632
5632
5633
5635
5635
5636
5636
5638
5638
5638
5639
5641
5641
5642
5645
5646
5646
5647
5647
5648
5648
5651
5651
5653
5653
5654
5654
5654
5655
5655
5656
5657
5657
5657
5658
5660
5662
5663
5663
5663
5665
5666
5666
5667
5669
5669
5669
5670
5671
5672
5673
5675
5675
5675
5676
5676
5678
5679
5680
5681
5683
5684
5684
5684
5684
5685
5685
5686
5686
5688
5689
5689
5690
5690
5693
5693
5695
5696
5698
5698
5699
5699
5700
5700
5700
5701
5701
5702
5702
5703
5703
5704
5704
5705
5706
5707
5708
5709
5710
5710
5713
5713
5713
5714
5715
5715
5718
5721
5722
5722
5725
5727
5727
5727
5727
5729
5729
5729
5731
5731
5732
5733
5733
5734
5735
5736
5736
5737
5737
5737
5738
5738
5741
5741
5742
5743
5743
5744
5744
5747
5748
5749
5749
5750
5750
5751
5752
5752
5752
5753
5753
5754
5757
5757
5758
5758
5760
5760
5761
5762
5762
5764
5764
5765
5765
5766
5766
5767
5767
5768
5768
5770
5770
5771
5772
5774
5775
5775
5775
5776
5776
5778
5778
5778
5778
5780
5780
5780
5782
5783
5786
5787
5787
5788
5788
5788
5788
5788
5789
5789
5791
5793
5794
5794
5794
5795
5795
5795
5795
5796
5798
5799
5800
5800
5801
5802
5802
5802
5804
5808
5808
5808
5809
5812
5813
5813
5813
5813
5815
5815
5817
5818
5818
5819
5819
5819
5821
5821
5821
5822
5823
5824
5824
5826
5827
5827
5828
5828
5829
5831
5831
5831
5831
5832
5832
5833
5833
5833
5834
5835
5837
5838
5838
5839
5840
5840
5841
5841
5842
5843
5843
5844
5845
5847
5848
5848
5848
5849
5849
5850
5852
5853
5853
5853
5856
5857
5858
5858
5858
5858
5859
5859
5859
5860
5860
5860
5861
5862
5864
5864
5865
5866
5867
5868
5868
5869
5871
5872
5873
5873
5874
5875
5878
5879
5879
5879
5879
5879
5879
5880
5881
5881
5882
5883
5884
5885
5885
5886
5886
5886
5886
5887
5887
5888
5889
5889
5889
5890
5890
5890
5892
5892
5893
5896
5897
5897
5898
5898
5899
5899
5902
5902
5904
5905
5905
5906
5906
5907
5908
5909
5910
5914
5915
5916
5916
5918
5918
5920
5922
5923
5923
5923
5923
5924
5925
5926
5926
5927
5928
5928
5929
5930
5931
5931
5932
5933
5933
5934
5934
5938
5940
5940
5940
5941
5941
5942
5943
5946
5946
5947
5947
5949
5950
5951
5952
5953
5953
5954
5954
5954
5955
5956
5956
5956
5956
5957
5958
5958
5960
5961
5962
5963
5963
5963
5964
5964
5965
5965
5967
5967
5967
5968
5969
5970
5971
5973
5973
5974
5975
5977
5979
5980
5981
5982
5982
5983
5984
5985
5985
5986
5986
5987
5987
5987
5988
5989
5989
5991
5992
5992
5993
5994
5996
5997
5997
5997
5997
5997
5998
6000
6000
6000
6001
6001
6002
6003
6005
6006
6007
6007
6008
6008
6008
6010
6011
6011
6012
6012
6013
6013
6014
6014
6015
6015
6016
6016
6017
6019
6019
6020
6020
6021
6022
6022
6022
6023
6024
6024
6024
6025
6025
6027
6028
6029
6029
6030
6032
6033
6033
6033
6034
6036
6036
6037
6037
6038
6040
6040
6041
6041
6042
6043
6044
6047
6048
6048
6048
6048
6049
6050
6050
6051
6051
6053
6054
6056
6056
6057
6057
6061
6061
6061
6062
6062
6063
6064
6067
6068
6069
6069
6070
6072
6074
6075
6075
6077
6077
6078
6078
6080
6080
6080
6083
6083
6083
6085
6086
6086
6086
6086
6087
6087
6087
6089
6090
6090
6092
6092
6092
6093
6096
6097
6097
6097
6097
6098
6099
6099
6101
6101
6101
6101
6104
6105
6106
6108
6108
6110
6111
6111
6111
6113
6113
6114
6114
6114
6114
6115
6115
6115
6117
6118
6119
6119
6120
6120
6121
6123
6123
6125
6125
6126
6127
6127
6128
6129
6130
6130
6130
6130
6130
6131
6132
6133
6133
6135
6135
6136
6136
6137
6137
6138
6138
6138
6139
6141
6141
6142
6143
6143
6144
6146
6146
6146
6146
6146
6147
6147
6148
6149
6149
6150
6150
6151
6152
6153
6153
6154
6155
6156
6156
6157
6158
6158
6159
6160
6161
6162
6162
6162
6162
6163
6164
6164
6164
6164
6166
6167
6168
6169
6169
6170
6170
6171
6171
6172
6172
6172
6172
6173
6174
6175
6177
6177
6178
6179
6179
6180
6180
6180
6180
6181
6181
6182
6183
6184
6185
6185
6185
6187
6188
6189
6192
6192
6192
6194
6194
6195
6196
6197
6197
6197
6198
6198
6199
6199
6200
6200
6201
6202
6203
6203
6205
6206
6206
6206
6207
6207
6208
6210
6210
6211
6212
6212
6213
6213
6214
6214
6214
6214
6214
6214
6215
6215
6215
6216
6217
6217
6217
6217
6219
6222
6222
6223
6223
6225
6225
6228
6228
6230
6231
6232
6233
6233
6233
6235
6236
6236
6236
6237
6237
6238
6238
6238
6239
6239
6239
6240
6240
6242
6243
6243
6244
6245
6245
6246
6246
6248
6248
6251
6251
6252
6252
6254
6255
6255
6255
6256
6256
6257
6257
6258
6258
6259
6261
6264
6265
6265
6265
6267
6267
6269
6271
6271
6271
6272
6273
6273
6274
6275
6276
6276
6278
6278
6280
6281
6282
6282
6283
6285
6286
6286
6287
6287
6290
6292
6292
6292
6292
6293
6294
6295
6296
6298
6298
6299
6299
6300
6301
6302
6302
6303
6303
6303
6304
6305
6306
6307
6308
6308
6309
6309
6309
6311
6311
6311
6312
6313
6313
6314
6315
6316
6318
6319
6319
6320
6320
6320
6320
6321
6322
6325
6325
6326
6326
6326
6327
6330
6330
6330
6330
6331
6331
6333
6333
6333
6338
6339
6339
6340
6340
6340
6341
6341
6342
6343
6344
6346
6346
6347
6347
6347
6348
6349
6349
6350
6351
6353
6355
6355
6355
6355
6356
6359
6360
6360
6360
6362
6363
6364
6364
6364
6365
6365
6365
6366
6366
6367
6367
6367
6368
6368
6369
6373
6375
6375
6376
6376
6377
6380
6380
6380
6381
6381
6383
6384
6385
6386
6387
6388
6390
6391
6391
6392
6393
6393
6396
6396
6397
6397
6399
6401
6402
6402
6402
6402
6403
6403
6403
6405
6406
6407
6407
6407
6407
6407
6407
6408
6409
6411
6411
6411
6411
6412
6413
6414
6416
6416
6417
6417
6418
6418
6420
6420
6421
6424
6425
6426
6427
6428
6428
6428
6428
6429
6429
6430
6430
6430
6431
6432
6434
6434
6435
6435
6435
6436
6436
6437
6437
6437
6439
6439
6440
6443
6444
6447
6447
6447
6448
6448
6448
6449
6450
6450
6451
6452
6452
6453
6453
6453
6454
6454
6454
6456
6456
6457
6458
6460
6462
6463
6463
6464
6464
6465
6465
6467
6468
6469
6469
6469
6470
6470
6471
6472
6473
6474
6474
6475
6476
6476
6476
6476
6476
6477
6477
6478
6479
6480
6481
6482
6483
6483
6485
6485
6486
6486
6487
6487
6489
6491
6492
6493
6494
6495
6497
6498
6499
6499
6500
6501
6501
6502
6502
6502
6503
6503
6504
6504
6505
6505
6505
6506
6507
6508
6509
6509
6510
6510
6511
6512
6514
6515
6515
6515
6516
6516
6516
6516
6517
6517
6518
6518
6518
6518
6518
6519
6519
6521
6521
6522
6523
6524
6525
6527
6527
6527
6533
6533
6533
6533
6533
6534
6536
6537
6538
6539
6539
6540
6541
6541
6541
6544
6545
6546
6548
6548
6548
6549
6550
6551
6551
6551
6552
6552
6553
6554
6554
6554
6556
6556
6556
6557
6558
6558
6558
6558
6560
6562
6562
6562
6562
6563
6563
6564
6564
6565
6568
6568
6568
6569
6569
6570
6571
6572
6573
6573
6574
6574
6575
6576
6576
6577
6577
6577
6578
6579
6580
6580
6580
6581
6582
6582
6583
6584
6585
6586
6586
6590
6590
6591
6591
6592
6592
6593
6594
6594
6596
6597
6597
6598
6599
6599
6600
6601
6602
6602
6604
6605
6606
6606
6606
6606
6607
6607
6607
6607
6608
6608
6609
6609
6609
6610
6611
6613
6613
6613
6614
6614
6615
6615
6616
6617
6617
6618
6619
6620
6623
6623
6624
6624
6624
6624
6625
6627
6628
6629
6629
6630
6631
6631
6632
6633
6633
6636
6636
6637
6637
6639
6640
6643
6643
6644
6644
6644
6646
6646
6646
6647
6647
6647
6650
6651
6651
6652
6653
6653
6653
6654
6654
6657
6658
6658
6659
6659
6660
6660
6661
6663
6663
6663
6664
6664
6665
6666
6666
6667
6667
6671
6671
6671
6672
6673
6675
6675
6677
6678
6678
6678
6679
6682
6683
6684
6685
6685
6685
6686
6687
6687
6687
6687
6688
6688
6689
6690
6691
6691
6691
6694
6695
6695
6696
6698
6698
6701
6702
6703
6703
6704
6705
6706
6706
6707
6707
6707
6708
6709
6710
6711
6711
6712
6713
6713
6714
6714
6715
6716
6716
6717
6717
6717
6718
6719
6719
6719
6720
6722
6723
6723
6723
6723
6724
6724
6724
6726
6727
6727
6731
6731
6731
6731
6733
6733
6733
6734
6735
6735
6735
6736
6736
6738
6739
6739
6739
6740
6740
6740
6741
6742
6743
6743
6744
6745
6745
6747
6747
6748
6751
6751
6752
6752
6753
6755
6756
6756
6756
6756
6757
6757
6757
6759
6759
6759
6760
6761
6762
6762
6763
6763
6764
6766
6767
6767
6768
6768
6769
6769
6769
6769
6770
6773
6773
6774
6774
6775
6777
6777
6777
6780
6780
6781
6782
6785
6786
6786
6788
6789
6789
6791
6791
6792
6792
6792
6792
6793
6794
6796
6798
6801
6802
6802
6803
6805
6805
6807
6807
6809
6809
6810
6811
6811
6812
6812
6813
6813
6815
6815
6816
6816
6816
6817
6818
6818
6818
6819
6819
6821
6821
6822
6822
6823
6823
6823
6824
6824
6825
6825
6825
6827
6827
6829
6829
6830
6830
6831
6832
6835
6835
6837
6837
6837
6837
6838
6838
6841
6841
6841
6842
6843
6844
6845
6846
6846
6848
6848
6848
6849
6849
6849
6850
6850
6853
6853
6853
6854
6854
6855
6855
6856
6857
6857
6858
6858
6859
6859
6860
6860
6861
6863
6863
6865
6868
6869
6869
6870
6870
6872
6872
6872
6873
6873
6875
6875
6876
6876
6877
6878
6879
6879
6881
6882
6882
6882
6883
6883
6884
6885
6886
6890
6894
6894
6894
6895
6897
6897
6900
6900
6901
6902
6902
6903
6904
6905
6905
6905
6906
6907
6908
6908
6908
6909
6909
6909
6910
6913
6913
6914
6914
6916
6917
6918
6921
6921
6922
6923
6923
6924
6924
6924
6924
6924
6925
6926
6926
6926
6927
6928
6928
6928
6929
6929
6930
6931
6931
6932
6933
6933
6938
6938
6939
6940
6940
6940
6940
6941
6941
6942
6943
6943
6946
6946
6946
6946
6947
6948
6949
6950
6950
6951
6952
6953
6954
6955
6955
6956
6957
6958
6958
6960
6960
6960
6961
6961
6962
6962
6963
6964
6965
6965
6965
6966
6968
6969
6969
6970
6970
6972
6972
6973
6974
6974
6974
6975
6975
6978
6978
6978
6979
6979
6981
6982
6982
6985
6985
6986
6987
6988
6989
6989
6990
6990
6991
6991
6992
6994
6994
6994
6995
6996
6996
6997
6997
6997
6998
6998
6999
7000
7001
7003
7003
7003
7003
7004
7004
7005
7006
7007
7009
7009
7011
7012
7014
7015
7016
7018
7018
7019
7019
7019
7020
7021
7025
7026
7026
7028
7028
7032
7032
7033
7033
7034
7034
7034
7035
7036
7037
7037
7038
7038
7038
7038
7039
7039
7040
7040
7040
7042
7043
7043
7044
7045
7046
7046
7047
7048
7048
7048
7050
7051
7051
7051
7052
7054
7054
7054
7055
7055
7056
7056
7056
7058
7059
7060
7063
7063
7064
7064
7064
7065
7065
7065
7065
7065
7065
7066
7066
7066
7067
7067
7067
7068
7069
7069
7069
7070
7071
7071
7072
7072
7073
7073
7075
7075
7076
7076
7078
7079
7079
7080
7081
7081
7082
7083
7083
7084
7084
7085
7085
7085
7086
7086
7087
7087
7088
7088
7088
7089
7089
7090
7090
7091
7091
7092
7093
7094
7096
7096
7096
7097
7098
7099
7099
7101
7102
7102
7102
7102
7103
7103
7106
7107
7107
7107
7108
7108
7109
7109
7109
7110
7110
7110
7110
7111
7111
7111
7111
7112
7113
7113
7114
7117
7118
7119
7121
7121
7121
7122
7122
7123
7124
7124
7125
7125
7126
7126
7127
7128
7128
7129
7129
7130
7131
7131
7131
7132
7132
7134
7135
7136
7136
7136
7137
7137
7138
7139
7139
7140
7141
7142
7143
7143
7145
7146
7148
7148
7149
7149
7149
7150
7151
7152
7153
7153
7153
7154
7154
7156
7157
7158
7158
7158
7159
7160
7161
7161
7161
7162
7163
7164
7166
7166
7167
7167
7168
7169
7169
7170
7170
7170
7171
7172
7174
7175
7175
7177
7178
7179
7179
7180
7180
7180
7181
7182
7182
7183
7184
7184
7184
7186
7186
7186
7187
7187
7187
7187
7187
7188
7190
7190
7191
7193
7193
7193
7193
7194
7194
7194
7194
7195
7195
7195
7196
7196
7197
7197
7199
7199
7199
7200
7200
7201
7201
7203
7203
7203
7205
7206
7206
7207
7207
7208
7208
7208
7208
7210
7210
7213
7214
7214
7215
7216
7217
7218
7218
7219
7219
7220
7220
7220
7220
7221
7221
7221
7222
7222
7224
7224
7224
7224
7224
7225
7225
7226
7226
7227
7227
7228
7228
7229
7231
7233
7234
7234
7235
7235
7235
7235
7237
7237
7239
7239
7240
7242
7242
7244
7244
7244
7244
7244
7246
7247
7247
7248
7248
7248
7249
7252
7252
7252
7252
7252
7254
7256
7256
7256
7259
7259
7259
7260
7260
7260
7261
7261
7262
7262
7263
7264
7264
7265
7266
7266
7267
7267
7267
7267
7269
7271
7271
7273
7273
7275
7275
7276
7277
7277
7278
7278
7279
7279
7280
7280
7281
7281
7281
7281
7282
7282
7282
7283
7283
7283
7284
7284
7284
7285
7285
7286
7286
7286
7288
7288
7289
7290
7290
7290
7291
7292
7293
7294
7296
7296
7296
7296
7297
7297
7297
7297
7298
7298
7298
7300
7301
7301
7302
7302
7303
7303
7303
7303
7303
7304
7304
7305
7305
7306
7308
7308
7310
7310
7311
7311
7312
7313
7313
7315
7315
7317
7317
7318
7318
7319
7320
7320
7321
7321
7322
7325
7325
7328
7329
7330
7331
7331
7332
7334
7334
7335
7336
7338
7338
7339
7339
7340
7340
7341
7341
7342
7343
7343
7343
7345
7346
7346
7347
7348
7349
7350
7350
7350
7351
7351
7352
7352
7353
7355
7355
7355
7356
7356
7358
7360
7360
7360
7360
7361
7361
7361
7362
7362
7364
7365
7366
7366
7368
7368
7368
7368
7369
7370
7370
7371
7372
7373
7373
7373
7374
7374
7374
7375
7376
7376
7376
7377
7379
7379
7382
7383
7383
7384
7384
7385
7385
7387
7387
7387
7387
7388
7388
7389
7390
7390
7390
7391
7391
7392
7393
7394
7394
7395
7395
7396
7396
7397
7397
7399
7399
7401
7401
7402
7403
7403
7403
7404
7404
7405
7405
7406
7406
7407
7408
7409
7410
7410
7411
7412
7412
7413
7413
7413
7413
7415
7415
7416
7419
7419
7420
7420
7423
7425
7426
7428
7429
7429
7432
7432
7432
7434
7435
7436
7436
7436
7436
7437
7437
7438
7439
7439
7440
7441
7442
7445
7445
7446
7446
7447
7448
7449
7449
7449
7450
7450
7451
7451
7452
7453
7454
7454
7455
7455
7456
7458
7458
7459
7460
7461
7463
7463
7464
7465
7466
7467
7468
7468
7468
7469
7469
7469
7469
7471
7472
7472
7474
7474
7474
7474
7475
7475
7476
7476
7477
7477
7478
7478
7479
7481
7481
7481
7482
7483
7484
7484
7484
7485
7486
7486
7488
7488
7490
7492
7493
7493
7495
7495
7497
7498
7499
7499
7499
7499
7501
7501
7501
7501
7501
7503
7504
7504
7504
7505
7507
7507
7508
7509
7509
7509
7510
7511
7511
7511
7512
7513
7513
7514
7515
7515
7516
7516
7518
7518
7519
7519
7520
7521
7522
7524
7525
7525
7526
7526
7526
7526
7527
7530
7531
7531
7531
7532
7534
7535
7535
7535
7535
7536
7538
7538
7538
7539
7541
7541
7541
7541
7542
7543
7543
7544
7544
7545
7545
7546
7547
7547
7548
7548
7549
7549
7549
7551
7552
7552
7553
7553
7554
7554
7554
7555
7558
7558
7559
7559
7562
7563
7563
7565
7566
7567
7567
7568
7569
7570
7570
7570
7571
7571
7572
7572
7574
7575
7576
7577
7580
7580
7581
7581
7584
7584
7584
7584
7585
7587
7588
7588
7588
7588
7589
7590
7590
7591
7591
7592
7592
7594
7594
7594
7595
7595
7595
7596
7596
7596
7596
7596
7598
7598
7598
7599
7600
7600
7600
7600
7600
7602
7602
7603
7603
7604
7604
7605
7607
7607
7608
7608
7609
7609
7609
7609
7610
7610
7611
7611
7611
7611
7612
7614
7614
7614
7614
7615
7615
7615
7615
7616
7616
7616
7616
7616
7617
7617
7618
7619
7619
7619
7619
7620
7620
7623
7624
7625
7625
7625
7626
7627
7627
7627
7629
7629
7629
7630
7630
7630
7631
7631
7632
7632
7633
7634
7634
7634
7634
7635
7636
7638
7638
7638
7638
7638
7639
7641
7642
7642
7643
7643
7643
7644
7644
7645
7645
7647
7647
7648
7649
7649
7649
7649
7649
7650
7650
7650
7651
7651
7652
7652
7652
7652
7655
7655
7657
7657
7657
7658
7659
7659
7660
7661
7661
7661
7662
7662
7663
7665
7667
7667
7668
7668
7668
7669
7669
7671
7671
7672
7672
7673
7674
7674
7675
7675
7676
7679
7680
7680
7680
7681
7682
7682
7682
7682
7682
7683
7683
7683
7684
7686
7686
7687
7687
7688
7688
7688
7688
7688
7689
7689
7690
7690
7691
7691
7692
7692
7692
7692
7692
7693
7694
7696
7696
7696
7696
7699
7700
7700
7701
7701
7702
7702
7704
7705
7705
7705
7706
7706
7707
7708
7710
7712
7712
7713
7713
7714
7714
7716
7717
7719
7719
7719
7721
7722
7722
7724
7724
7725
7725
7725
7726
7727
7728
7728
7728
7729
7730
7731
7731
7733
7736
7736
7736
7738
7739
7740
7741
7742
7742
7742
7743
7744
7744
7744
7744
7745
7746
7747
7747
7747
7747
7748
7748
7748
7749
7750
7750
7751
7751
7751
7753
7754
7755
7755
7756
7756
7756
7757
7757
7759
7759
7760
7760
7760
7761
7764
7765
7765
7765
7765
7766
7767
7767
7767
7767
7768
7768
7770
7771
7771
7772
7772
7774
7774
7775
7775
7775
7776
7777
7777
7777
7779
7779
7781
7782
7782
7782
7782
7782
7783
7783
7784
7785
7786
7787
7787
7788
7788
7789
7790
7791
7791
7792
7793
7793
7793
7794
7794
7794
7795
7797
7797
7798
7798
7799
7801
7803
7805
7807
7807
7808
7808
7809
7809
7810
7810
7810
7811
7814
7814
7814
7816
7816
7817
7818
7818
7822
7823
7823
7823
7825
7826
7826
7826
7827
7828
7828
7828
7830
7830
7830
7831
7832
7834
7834
7835
7835
7836
7838
7839
7839
7839
7840
7843
7844
7845
7846
7848
7849
7849
7850
7850
7851
7851
7851
7851
7851
7852
7853
7854
7856
7857
7860
7862
7863
7863
7864
7867
7868
7868
7869
7869
7870
7871
7872
7873
7874
7875
7876
7878
7878
7879
7879
7879
7880
7882
7882
7882
7883
7884
7884
7885
7886
7887
7887
7887
7888
7888
7888
7888
7888
7889
7889
7891
7891
7892
7892
7893
7893
7893
7894
7894
7895
7897
7897
7898
7901
7901
7903
7903
7904
7906
7906
7906
7906
7907
7907
7907
7909
7909
7909
7909
7909
7910
7911
7912
7912
7913
7915
7916
7917
7918
7919
7919
7920
7920
7920
7921
7922
7923
7924
7925
7925
7926
7927
7927
7927
7927
7928
7928
7928
7928
7929
7929
7929
7929
7931
7932
7932
7933
7934
7935
7935
7936
7936
7937
7938
7939
7939
7940
7941
7942
7942
7942
7943
7943
7943
7944
7944
7945
7946
7946
7947
7949
7949
7949
7950
7951
7951
7952
7952
7952
7953
7954
7954
7954
7955
7956
7957
7957
7957
7958
7959
7959
7959
7960
7961
7962
7962
7963
7963
7963
7964
7964
7965
7965
7966
7967
7968
7970
7971
7971
7972
7973
7973
7973
7975
7975
7976
7978
7979
7979
7980
7980
7980
7980
7981
7982
7982
7983
7984
7984
7984
7984
7985
7985
7985
7986
7987
7987
7988
7988
7988
7988
7988
7989
7991
7991
7991
7991
7992
7992
7993
7993
7995
7996
8000
8003
8004
8004
8004
8005
8005
8007
8007
8007
8007
8007
8008
8008
8008
8009
8010
8010
8010
8011
8011
8011
8012
8013
8015
8015
8016
8016
8016
8016
8017
8017
8018
8018
8018
8019
8019
8020
8020
8021
8022
8022
8022
8024
8025
8025
8025
8026
8026
8027
8027
8027
8029
8029
8030
8030
8031
8032
8032
8032
8034
8035
8035
8035
8036
8037
8038
8038
8039
8041
8042
8043
8044
8044
8044
8045
8045
8046
8046
8047
8047
8049
8049
8050
8052
8052
8052
8053
8053
8056
8057
8058
8059
8060
8061
8062
8063
8063
8063
8063
8064
8064
8066
8066
8066
8068
8069
8070
8071
8071
8073
8073
8076
8076
8076
8077
8078
8078
8078
8079
8080
8080
8082
8082
8082
8083
8083
8084
8085
8086
8087
8087
8087
8088
8088
8088
8089
8089
8090
8092
8092
8092
8093
8094
8095
8096
8097
8098
8098
8098
8099
8100
8101
8102
8103
8103
8105
8107
8108
8108
8108
8108
8108
8110
8111
8111
8113
8113
8114
8115
8117
8119
8119
8121
8121
8121
8123
8124
8125
8126
8127
8127
8128
8128
8130
8130
8130
8131
8133
8134
8136
8137
8138
8138
8139
8139
8139
8139
8140
8140
8140
8140
8141
8142
8142
8144
8145
8145
8145
8146
8146
8148
8148
8149
8151
8152
8152
8153
8153
8154
8154
8155
8155
8156
8156
8156
8156
8159
8160
8160
8161
8161
8162
8162
8165
8165
8167
8169
8170
8170
8171
8171
8172
8172
8173
8173
8173
8175
8175
8176
8176
8176
8177
8177
8177
8178
8178
8179
8180
8180
8181
8181
8181
8181
8182
8183
8185
8186
8186
8186
8186
8186
8187
8188
8189
8190
8190
8191
8192
8193
8196
8198
8199
8199
8200
8201
8202
8204
8204
8205
8205
8205
8206
8208
8210
8210
8210
8211
8211
8212
8212
8213
8213
8213
8214
8215
8216
8216
8216
8218
8218
8219
8219
8219
8220
8220
8222
8222
8222
8223
8224
8225
8226
8226
8227
8227
8228
8229
8229
8229
8229
8230
8233
8234
8235
8237
8237
8240
8240
8241
8242
8242
8242
8243
8243
8244
8245
8245
8245
8246
8246
8247
8247
8247
8248
8248
8249
8249
8249
8249
8251
8252
8252
8252
8255
8255
8255
8257
8257
8258
8259
8259
8259
8262
8263
8263
8264
8266
8267
8269
8269
8269
8271
8272
8272
8273
8273
8273
8275
8275
8278
8278
8281
8281
8282
8284
8285
8285
8287
8289
8289
8291
8292
8293
8293
8294
8295
8296
8296
8297
8297
8298
8300
8302
8302
8303
8303
8303
8304
8304
8304
8305
8306
8307
8307
8307
8308
8308
8308
8309
8311
8311
8311
8312
8313
8313
8314
8316
8316
8316
8316
8316
8317
8317
8318
8320
8321
8321
8322
8322
8322
8322
8323
8323
8323
8323
8325
8326
8326
8326
8327
8327
8328
8329
8330
8330
8330
8332
8332
8332
8334
8335
8336
8336
8338
8338
8339
8339
8340
8340
8340
8341
8343
8344
8344
8345
8346
8346
8346
8347
8348
8348
8348
8351
8352
8352
8353
8357
8358
8359
8359
8359
8360
8360
8360
8360
8361
8362
8364
8365
8365
8366
8368
8368
8368
8368
8370
8370
8370
8371
8371
8371
8372
8372
8373
8373
8373
8374
8375
8375
8375
8375
8376
8376
8378
8379
8381
8383
8383
8383
8386
8386
8386
8387
8388
8394
8395
8398
8398
8400
8401
8403
8403
8404
8405
8405
8406
8407
8409
8409
8410
8413
8414
8414
8415
8416
8417
8417
8418
8419
8420
8420
8420
8421
8422
8422
8423
8423
8424
8425
8426
8426
8426
8428
8428
8429
8429
8432
8433
8434
8434
8435
8436
8438
8439
8439
8439
8441
8441
8442
8443
8446
8446
8447
8448
8449
8451
8451
8454
8455
8456
8456
8457
8459
8461
8461
8462
8463
8464
8464
8464
8465
8465
8466
8466
8467
8468
8470
8471
8471
8472
8472
8475
8475
8476
8476
8477
8479
8479
8479
8480
8481
8481
8483
8484
8484
8484
8484
8484
8485
8486
8486
8488
8489
8489
8490
8491
8492
8492
8493
8495
8496
8497
8497
8498
8498
8498
8498
8499
8500
8501
8502
8502
8503
8504
8504
8506
8507
8507
8508
8508
8508
8509
8509
8511
8511
8514
8515
8515
8518
8519
8519
8520
8521
8521
8522
8522
8522
8522
8523
8523
8524
8524
8525
8526
8526
8527
8527
8527
8527
8529
8529
8530
8530
8531
8533
8533
8534
8535
8535
8535
8535
8537
8538
8538
8539
8540
8540
8540
8541
8541
8542
8543
8543
8545
8545
8545
8546
8547
8548
8549
8549
8550
8550
8551
8552
8552
8552
8552
8553
8554
8555
8555
8556
8558
8559
8561
8562
8562
8565
8566
8567
8567
8570
8570
8571
8571
8571
8572
8572
8573
8573
8574
8575
8575
8576
8576
8578
8578
8580
8581
8582
8584
8584
8585
8586
8586
8587
8588
8589
8589
8590
8590
8590
8591
8592
8592
8592
8593
8593
8594
8595
8595
8596
8597
8598
8599
8601
8601
8604
8604
8605
8605
8606
8606
8606
8607
8608
8608
8612
8613
8613
8614
8614
8617
8618
8619
8620
8621
8621
8621
8621
8621
8623
8623
8624
8624
8624
8624
8626
8626
8627
8627
8627
8627
8628
8630
8630
8630
8630
8631
8631
8633
8633
8634
8636
8636
8636
8637
8638
8638
8639
8639
8640
8640
8641
8642
8643
8643
8643
8643
8643
8643
8644
8644
8645
8645
8646
8646
8647
8647
8648
8649
8649
8649
8650
8650
8651
8651
8651
8652
8652
8653
8653
8655
8655
8655
8655
8657
8658
8659
8660
8661
8662
8665
8666
8667
8667
8667
8669
8670
8671
8671
8671
8671
8671
8672
8673
8673
8673
8674
8674
8674
8675
8675
8677
8677
8678
8679
8680
8682
8682
8683
8683
8683
8684
8684
8684
8685
8685
8685
8686
8686
8687
8687
8688
8688
8688
8688
8689
8690
8690
8690
8691
8692
8692
8693
8693
8693
8693
8694
8694
8695
8696
8696
8697
8697
8697
8698
8699
8700
8700
8701
8702
8703
8704
8704
8705
8706
8706
8706
8707
8708
8708
8708
8708
8708
8708
8708
8709
8713
8714
8714
8714
8716
8716
8716
8717
8718
8718
8719
8721
8721
8722
8722
8723
8723
8724
8724
8725
8726
8726
8729
8729
8730
8730
8730
8731
8735
8736
8736
8737
8737
8740
8741
8742
8742
8742
8742
8744
8745
8745
8746
8746
8748
8750
8750
8751
8752
8753
8753
8754
8757
8758
8758
8758
8761
8762
8763
8766
8766
8767
8767
8768
8770
8770
8770
8770
8770
8771
8772
8772
8772
8772
8773
8774
8775
8776
8776
8776
8777
8778
8778
8779
8779
8779
8780
8780
8782
8783
8783
8783
8784
8784
8785
8785
8787
8787
8787
8788
8788
8788
8789
8789
8789
8791
8793
8794
8795
8796
8797
8799
8804
8804
8804
8805
8807
8807
8808
8808
8808
8810
8810
8811
8814
8814
8814
8814
8815
8816
8816
8816
8817
8818
8818
8819
8820
8822
8823
8824
8826
8827
8828
8830
8831
8831
8832
8832
8832
8833
8833
8833
8834
8834
8834
8835
8835
8836
8836
8836
8836
8837
8838
8838
8838
8840
8840
8845
8847
8848
8848
8850
8850
8850
8850
8851
8851
8851
8852
8852
8852
8857
8857
8858
8859
8859
8859
8860
8861
8861
8861
8863
8863
8864
8864
8865
8865
8866
8866
8866
8867
8867
8868
8869
8870
8870
8871
8872
8872
8872
8872
8874
8879
8879
8880
8880
8881
8881
8881
8881
8883
8885
8889
8889
8890
8890
8891
8891
8892
8892
8892
8893
8894
8895
8896
8896
8897
8898
8898
8899
8899
8900
8901
8901
8902
8903
8903
8904
8906
8907
8907
8907
8908
8909
8909
8910
8910
8911
8912
8912
8912
8913
8913
8914
8914
8916
8916
8917
8917
8917
8918
8918
8918
8918
8921
8922
8923
8923
8924
8924
8925
8925
8925
8925
8926
8928
8929
8929
8930
8930
8930
8931
8932
8933
8933
8933
8933
8933
8934
8935
8935
8935
8935
8936
8936
8936
8937
8938
8939
8939
8940
8940
8940
8940
8941
8941
8941
8941
8942
8945
8946
8946
8946
8947
8947
8947
8947
8948
8948
8950
8950
8951
8951
8952
8952
8953
8954
8954
8954
8954
8954
8955
8957
8957
8959
8959
8960
8961
8961
8961
8961
8961
8962
8963
8964
8965
8965
8966
8966
8967
8967
8968
8969
8970
8971
8973
8973
8975
8976
8977
8977
8977
8978
8979
8982
8983
8984
8985
8986
8986
8991
8991
8992
8992
8992
8993
8993
8994
8994
8994
8995
8996
8996
8996
8996
8997
8997
8998
8998
8999
8999
8999
9000
9002
9002
9003
9004
9006
9006
9007
9008
9008
9009
9009
9011
9012
9012
9013
9014
9015
9016
9016
9018
9018
9018
9018
9020
9022
9023
9023
9026
9027
9029
9029
9029
9030
9032
9033
9034
9034
9034
9035
9035
9036
9036
9036
9036
9037
9038
9040
9042
9042
9043
9044
9045
9045
9045
9046
9047
9047
9049
9049
9049
9051
9051
9052
9053
9053
9054
9056
9059
9059
9061
9061
9062
9064
9066
9067
9068
9070
9070
9070
9070
9071
9073
9073
9074
9074
9074
9076
9076
9078
9078
9080
9080
9082
9082
9083
9083
9083
9083
9086
9086
9086
9087
9091
9092
9094
9095
9096
9097
9098
9098
9099
9099
9100
9102
9102
9103
9105
9105
9106
9106
9107
9107
9107
9108
9109
9110
9111
9111
9112
9113
9113
9113
9114
9116
9119
9120
9122
9122
9122
9124
9124
9125
9126
9126
9126
9127
9128
9128
9129
9130
9130
9130
9130
9132
9132
9133
9134
9134
9135
9135
9136
9136
9136
9136
9137
9138
9138
9139
9139
9140
9141
9141
9141
9141
9143
9144
9144
9145
9145
9146
9146
9146
9146
9146
9147
9147
9148
9148
9148
9149
9152
9153
9153
9154
9154
9155
9159
9159
9160
9161
9161
9163
9163
9164
9164
9165
9165
9167
9168
9168
9169
9170
9171
9171
9171
9173
9174
9174
9176
9176
9176
9177
9178
9179
9180
9181
9181
9182
9182
9183
9184
9184
9184
9185
9186
9187
9187
9192
9192
9193
9196
9196
9196
9197
9198
9198
9199
9199
9199
9199
9200
9201
9202
9202
9202
9202
9202
9203
9204
9204
9205
9205
9206
9207
9207
9208
9208
9208
9209
9209
9210
9211
9211
9214
9215
9215
9217
9218
9218
9219
9219
9220
9220
9221
9221
9222
9223
9224
9225
9225
9226
9227
9227
9228
9228
9229
9229
9230
9230
9231
9231
9231
9233
9233
9233
9234
9234
9234
9235
9235
9236
9237
9237
9237
9238
9238
9239
9240
9240
9240
9241
9241
9243
9243
9243
9243
9243
9245
9245
9245
9246
9247
9247
9248
9249
9250
9250
9251
9252
9252
9252
9254
9255
9255
9255
9257
9257
9258
9259
9259
9260
9260
9261
9261
9262
9262
9262
9263
9263
9263
9264
9267
9267
9267
9268
9269
9269
9269
9269
9269
9270
9271
9271
9272
9272
9272
9273
9277
9277
9279
9279
9279
9280
9281
9281
9281
9282
9284
9284
9285
9286
9286
9288
9289
9292
9292
9292
9293
9293
9293
9294
9294
9294
9295
9295
9295
9295
9296
9297
9298
9298
9298
9298
9300
9301
9301
9302
9304
9305
9305
9306
9308
9308
9308
9309
9309
9310
9312
9312
9313
9313
9314
9315
9318
9318
9319
9319
9320
9320
9321
9322
9323
9325
9325
9329
9329
9330
9330
9331
9332
9334
9334
9334
9335
9336
9336
9337
9337
9338
9339
9341
9341
9342
9343
9343
9346
9346
9347
9348
9349
9349
9351
9353
9353
9353
9353
9355
9356
9356
9357
9358
9359
9360
9362
9362
9363
9363
9363
9364
9365
9366
9366
9366
9367
9368
9370
9370
9371
9371
9372
9373
9374
9375
9377
9377
9378
9378
9379
9380
9382
9382
9383
9385
9386
9387
9387
9387
9388
9388
9388
9388
9388
9389
9390
9391
9392
9392
9392
9392
9393
9393
9393
9394
9394
9394
9396
9397
9397
9398
9398
9399
9399
9399
9399
9399
9400
9400
9400
9400
9401
9401
9403
9403
9404
9405
9405
9405
9406
9407
9408
9408
9409
9410
9410
9411
9411
9411
9413
9413
9414
9414
9415
9415
9415
9415
9416
9416
9417
9417
9418
9418
9419
9419
9420
9421
9421
9422
9423
9423
9423
9424
9425
9425
9426
9427
9428
9429
9430
9431
9431
9431
9432
9432
9432
9433
9434
9434
9435
9436
9436
9436
9437
9437
9438
9439
9439
9440
9441
9444
9445
9445
9446
9447
9447
9448
9448
9448
9449
9450
9451
9451
9451
9452
9453
9453
9454
9454
9454
9454
9455
9457
9457
9457
9457
9457
9458
9459
9459
9460
9461
9462
9463
9464
9465
9467
9468
9468
9469
9469
9469
9469
9470
9470
9471
9472
9475
9475
9476
9476
9477
9477
9478
9479
9479
9479
9480
9480
9481
9482
9483
9483
9484
9484
9485
9486
9487
9487
9487
9488
9489
9489
9489
9490
9490
9490
9490
9491
9494
9494
9495
9495
9495
9496
9497
9497
9499
9499
9500
9500
9501
9501
9502
9504
9505
9505
9506
9506
9506
9507
9507
9508
9508
9509
9511
9512
9512
9513
9514
9514
9515
9516
9516
9517
9518
9521
9523
9526
9528
9528
9529
9531
9532
9532
9533
9533
9533
9534
9535
9535
9536
9537
9538
9539
9539
9542
9542
9544
9544
9545
9545
9545
9546
9547
9547
9547
9547
9547
9548
9548
9549
9549
9550
9551
9555
9555
9556
9556
9557
9559
9559
9559
9560
9560
9561
9563
9566
9566
9566
9568
9569
9569
9571
9571
9572
9572
9572
9573
9574
9574
9575
9575
9578
9578
9580
9581
9582
9582
9582
9582
9582
9583
9583
9584
9584
9584
9584
9584
9587
9587
9587
9587
9589
9590
9591
9591
9592
9592
9593
9595
9595
9595
9597
9598
9598
9600
9600
9601
9601
9602
9604
9604
9607
9607
9608
9608
9610
9610
9610
9610
9611
9611
9612
9612
9613
9614
9614
9615
9615
9615
9618
9618
9619
9620
9621
9622
9625
9625
9626
9628
9628
9630
9631
9631
9632
9634
9634
9634
9634
9635
9635
9636
9636
9636
9637
9637
9637
9638
9639
9640
9641
9645
9645
9645
9646
9646
9646
9647
9651
9652
9652
9653
9655
9655
9655
9658
9658
9659
9659
9660
9660
9661
9662
9662
9662
9662
9664
9664
9665
9666
9667
9667
9667
9670
9670
9671
9671
9672
9672
9672
9672
9673
9674
9674
9676
9677
9677
9677
9678
9679
9680
9680
9680
9681
9682
9682
9682
9684
9685
9685
9686
9687
9687
9687
9688
9688
9689
9689
9690
9690
9691
9691
9691
9692
9692
9694
9695
9695
9696
9697
9697
9701
9701
9702
9702
9703
9703
9703
9704
9706
9707
9707
9708
9709
9709
9709
9712
9713
9714
9714
9715
9715
9715
9716
9716
9716
9716
9717
9717
9717
9717
9717
9718
9720
9720
9721
9722
9723
9723
9725
9726
9726
9727
9728
9728
9729
9729
9731
9732
9733
9733
9733
9734
9734
9734
9735
9735
9736
9736
9739
9740
9740
9741
9741
9741
9742
9742
9742
9745
9745
9745
9746
9746
9747
9749
9751
9753
9753
9754
9755
9756
9756
9756
9756
9756
9757
9758
9759
9759
9759
9760
9760
9760
9761
9763
9764
9765
9765
9766
9766
9767
9768
9768
9768
9768
9769
9770
9770
9770
9770
9770
9771
9772
9772
9773
9774
9776
9776
9777
9777
9780
9780
9781
9781
9785
9786
9786
9787
9787
9788
9788
9789
9789
9791
9791
9792
9793
9793
9794
9796
9797
9797
9799
9800
9801
9802
9803
9803
9803
9806
9806
9808
9808
9809
9809
9809
9811
9811
9812
9815
9815
9817
9817
9817
9819
9821
9822
9822
9822
9823
9823
9825
9825
9826
9826
9830
9831
9832
9832
9833
9834
9834
9835
9837
9837
9838
9838
9841
9842
9843
9843
9846
9847
9848
9849
9850
9850
9850
9850
9850
9851
9851
9852
9852
9853
9854
9855
9856
9856
9857
9858
9858
9858
9859
9859
9859
9860
9860
9860
9860
9861
9861
9861
9861
9862
9862
9862
9863
9863
9863
9864
9864
9865
9866
9867
9868
9868
9868
9869
9870
9870
9871
9871
9871
9872
9873
9873
9873
9874
9875
9876
9878
9882
9883
9885
9885
9886
9886
9886
9887
9887
9888
9889
9889
9890
9895
9895
9896
9897
9897
9897
9899
9900
9900
9901
9901
9902
9903
9903
9903
9905
9906
9906
9906
9906
9908
9909
9910
9911
9911
9911
9911
9912
9913
9914
9914
9915
9916
9917
9918
9918
9918
9921
9921
9922
9924
9924
9924
9924
9924
9925
9925
9927
9928
9929
9930
9930
9933
9933
9934
9934
9935
9936
9936
9937
9939
9941
9942
9942
9943
9944
9946
9946
9947
9947
9949
9949
9950
9951
9951
9951
9951
9951
9953
9953
9955
9957
9958
9958
9959
9959
9959
9960
9961
9962
9963
9963
9963
9964
9964
9965
9965
9966
9966
9967
9967
9969
9969
9970
9971
9972
9972
9973
9974
9974
9976
9978
9979
9980
9987
9989
9989
9990
9990
9991
9992
9993
9993
9993
9994
9994
9995
9996
9997
9998
