6528 601 2952 9729 7706 7712 2185 3914 3251 1270 3604 9467 629 4727 1013 2572 9068 7780 5504 4470 1968 1021 6419 1895 8269 7904 3429 8933 1464 8172 5791 3749 2924 849 9885 2126 4822 311 7897 8333 6269 5614 2247 2306 668 5494 7611 6867 4430 662 46 5230 5074 8622 7982 4987 5786 5551 8126 7593 5638 4123 1352 445 4444 4093 5861 2215 8599 952 3226 1953 5496 3812 9263 5665 2786 3238 1690 513 2306 8796 6942 8483 893 5051 1762 8107 3628 1451 8299 8039 5150 5894 5429 6028 8239 4118 7079 7281 
1153 3920 150 4273 5245 6227 2822 195 2175 8379 5905 9558 3395 6463 4821 3154 2676 7949 4814 8174 5916 1153 6814 8905 7107 5853 5702 6036 6839 2673 1319 1830 3662 3265 9845 3306 4803 2943 2732 9759 2097 8112 6026 2339 1072 3220 5103 8384 4705 1296 2039 3674 3554 8988 3772 8348 9727 6307 2330 202 3762 5180 4294 722 9697 721 2107 6888 887 6221 4331 5000 1441 9785 1951 9443 9057 341 2102 8756 5940 8941 307 6378 5056 8999 2991 9412 4303 2739 607 8121 6017 2256 5509 1446 9783 8840 3804 9521 
8249 3005 5388 4025 1889 3551 4569 8417 7590 7585 284 8719 158 5976 9035 6998 9078 2968 4722 6949 2961 5459 9818 1775 2494 3313 7831 4766 2579 3084 5685 3302 7544 9079 34 8856 2798 1474 6440 9800 4095 5656 8953 3199 6892 2962 1287 4083 8396 8840 4953 5216 2494 3129 8566 1970 7844 662 1872 6498 8519 8717 1192 1523 4078 1623 1209 5556 3989 4407 991 3797 7187 2440 6626 480 2077 6733 4587 4278 4394 1372 3044 3886 759 3342 4503 2467 9843 7251 6913 7839 8407 4223 456 9011 1039 1373 4908 3645 
3656 7593 9892 1805 11 2500 5595 7341 3150 5060 6327 9683 4554 6211 3227 9196 3033 4649 5042 1206 3042 2595 7741 1352 4366 328 4542 6938 8691 3433 5712 1461 3397 6176 1431 3421 8168 7223 7350 1242 9058 8881 1717 2635 1984 5086 2355 9342 2441 4808 6846 1740 179 9985 9785 1784 709 380 8082 9353 3934 351 4112 3875 5635 9133 5764 5960 6612 7406 983 556 1264 4649 1417 5098 6888 6278 4106 2755 3918 2070 1947 9709 3684 2670 8462 7244 742 6445 6711 4722 101 2665 3866 241 1956 5146 2702 7811 
2357 5486 8079 7392 5523 6728 4450 5695 8319 3838 5260 9972 8701 629 968 6549 2802 9420 5029 3869 1429 5887 5781 6235 4457 8094 7865 4154 2000 7000 2020 1127 2450 8280 9902 7014 2578 3048 453 6361 2719 6242 5034 8549 2245 2241 2591 8893 7711 7545 7313 2922 8809 3546 2346 5352 7584 5095 4333 8769 5706 567 4907 1356 5009 5355 1010 5471 3049 357 3809 8543 9488 4622 5742 8536 367 8579 8136 8418 2620 4577 7328 2293 5431 4773 8601 590 8133 2693 7374 7595 1184 2002 3872 8481 4456 1862 6297 6649 
8565 7822 4985 1291 4704 8478 6620 7793 1689 2364 3622 656 9656 6994 605 3359 4198 7877 6733 849 7722 6779 920 8588 1738 6171 3568 8479 5402 3685 5666 341 7547 7059 1710 4144 2657 7559 2918 155 3444 7427 5011 9094 8334 577 6113 659 2403 4193 6686 5123 1149 5401 7083 5692 7312 2633 5516 5421 4136 4065 6435 9246 7613 7591 6583 8777 5321 2440 4406 8082 4557 9321 8172 2306 5022 3227 9538 3124 2443 4939 2848 2749 3560 7588 2764 5419 1720 8067 1290 3001 6420 8380 3795 9958 2457 1258 1894 129 
2210 610 3008 7878 4204 4260 6873 4845 8068 4643 5510 9231 4711 1556 6499 6692 5388 1466 5340 5307 3959 7737 72 5599 3286 1351 8732 7144 1522 9188 9477 6432 6400 9876 551 4589 7482 8592 375 4892 7218 6512 598 4991 3743 7918 7576 1025 1776 8122 6017 2640 7521 2969 4932 5480 5917 6671 657 61 117 2118 4795 7795 1337 776 983 7908 9832 2563 4645 29 288 7905 9803 9654 2567 9297 4945 5941 7973 8001 4893 1232 5520 832 6310 875 9978 5249 1529 3509 9780 7144 2932 8018 9959 724 1997 2262 
8059 5496 5671 7335 28 4158 7315 2993 3794 2122 1887 2114 9660 3792 1924 5961 6922 3717 6792 793 520 3582 9740 3671 7929 6768 247 1309 772 2462 8360 207 7648 7712 2441 659 5139 892 4158 3890 5968 7579 5900 9801 8286 9593 5968 3368 4907 3423 6391 7951 3030 8062 6637 7849 7168 3 545 4210 9983 6355 9709 4305 756 6105 5275 8391 8417 5760 983 9164 1035 5935 9554 3158 3987 4468 7839 9473 7878 7522 994 8678 1897 2393 5121 9808 7669 787 4313 3334 1469 6859 3357 1894 3255 3897 2586 6212 
5998 2526 2379 5686 7831 9768 4330 386 558 6226 2383 7048 1288 4174 8821 8679 5782 2254 20 2287 8280 4880 2501 2183 8509 6108 6326 6646 8362 6282 8333 4776 1282 8952 4826 9134 5847 9745 9925 2777 8625 1885 4325 6159 9983 2798 1837 9105 4634 1263 4075 6514 8175 9047 4329 1764 6212 9316 4953 2010 4041 3091 3685 7373 9810 6422 2429 6067 5668 3948 4873 3425 5108 9698 2034 7573 1976 8420 3607 4234 630 9545 2254 2182 2402 7588 6816 1386 7989 2714 2638 1958 1633 171 8925 3072 6752 7820 137 442 
3696 3630 4976 3378 4538 518 9719 4687 8736 4484 2733 2801 494 131 7827 6376 461 1001 7502 3510 4202 7169 4821 5816 3776 2188 5796 2475 5069 3858 2966 7930 2588 5478 5682 1987 6454 3779 7399 1035 2539 360 8165 3456 719 9372 7070 8606 8804 2909 8652 5428 5474 7491 2841 6530 9135 3398 7237 1337 6213 7635 9052 2205 892 4780 7271 894 6648 2857 334 9052 1117 5694 2974 701 7740 7605 8030 4830 4261 9699 7128 3034 418 8355 9753 4533 9898 3035 2171 6247 6903 6275 2628 535 7513 4493 3667 5585 
4347 4180 3656 1963 7477 5146 5535 7656 890 2049 4400 9240 1756 865 8997 1740 1282 5896 1333 508 3652 4315 1105 3109 1286 9540 8715 7414 8136 2127 2654 6702 5021 4585 4988 8771 7528 6380 7819 1564 4833 3848 3774 9782 8905 734 2650 5157 7552 4248 3486 3502 4815 8132 9887 5636 8462 8866 6640 8254 3792 4631 643 513 3128 4555 7806 3238 587 7396 872 5691 8236 5825 105 4533 7750 3512 9013 9941 7259 4395 5804 8840 8024 632 5792 9250 666 8761 4665 5579 639 6811 3876 2046 6295 8033 8325 9195 
3088 1644 952 490 4384 9680 8856 8951 9794 1616 6840 3069 7382 6548 4335 9064 2694 1146 7680 4423 8104 4989 190 7594 7020 8613 7060 3881 194 9777 9076 6428 5513 2048 810 2666 6961 5777 3693 2752 5917 2522 4781 7920 9668 745 3381 5349 3025 4254 2394 5676 7690 2371 9645 6690 7492 457 1398 8392 777 1741 5221 5434 5965 2625 1636 1931 2267 1922 9427 5917 9098 6712 9842 2099 6748 5895 5101 5115 4341 2136 3732 4101 6139 1883 1814 9203 4056 9618 1779 1865 3313 6191 5025 6397 7839 8382 569 9035 
2076 8759 9673 8783 2690 196 6651 9887 4852 6578 6652 1640 5359 9446 3148 3922 2559 9556 635 9625 5797 4125 2003 2038 5183 3731 2079 4142 2109 3957 1430 8511 5996 659 9795 4830 3906 8316 9497 668 4162 2905 7854 3105 2702 4623 720 2226 1541 6595 5478 5343 5296 3327 3243 8610 3936 3091 9412 8219 7348 1860 2132 8103 2318 2519 1073 2929 2924 5759 2687 3198 7328 684 6092 1174 1825 8435 9546 5970 5412 8025 2056 5736 370 7402 14 5148 7067 1613 4556 3599 6856 4044 3389 9954 8268 2168 4327 713 
9579 9309 1035 1919 7703 4299 6084 9606 930 3979 9188 1479 3717 35 228 4537 1331 8536 6645 4929 211 99 135 2433 8034 8435 5840 242 4318 3827 5613 424 4138 9141 2434 9945 9400 3193 2536 9729 1403 801 6561 6921 7888 2028 2258 3652 9723 4924 8656 4108 2022 9047 7080 9293 3220 4356 9296 4400 8456 3987 6323 748 2179 6482 9170 4767 9327 2437 6092 7809 8666 5919 855 8026 660 4708 2909 4959 7376 9561 8064 7228 7090 2013 9247 5384 119 5527 6797 323 6561 2155 7506 7966 8489 6354 240 9292 
7895 6953 3162 3276 9981 8557 9417 3888 5597 8100 3847 6258 61 3006 3319 3275 9325 6530 6668 4807 3739 4731 6693 1663 5208 2088 916 5621 5875 1854 1314 8836 7243 8905 6566 8044 1922 461 9689 7796 2200 5087 9377 4819 4962 2895 7079 7910 396 8100 7038 3884 8585 6699 9678 7165 3022 3059 7886 6489 108 2638 2281 6064 4516 3076 7160 4261 233 148 7610 4970 8221 28 130 3792 4939 8380 8671 3632 9105 9621 1363 6533 5 297 906 2473 9049 9407 6807 8189 1093 9059 847 8734 5197 2898 8646 1801 
4211 6336 4358 9800 7864 3666 1721 2742 6567 4398 410 3022 1251 1190 5328 1617 9508 2597 3508 4030 8604 2659 399 1872 6022 6526 8701 5479 5930 6022 9887 867 1413 6376 9138 4855 4049 740 5777 4303 7638 9945 4974 252 1004 3340 9886 3111 1975 8986 3095 2714 7514 7063 345 2235 8694 951 3740 6055 7099 1254 5478 186 8424 7156 8589 3037 4990 9238 3631 5512 3367 4960 4339 9605 5267 9894 4236 8744 8351 2597 106 1631 4347 9612 8227 8464 2775 9718 2079 8412 1025 1598 4863 9497 1373 5028 4309 1912 
2021 9902 6770 5692 5416 1406 6836 8521 1493 7523 5225 1976 8429 8048 2705 6882 5627 6103 9324 1261 1043 6887 9340 1037 2034 7936 1846 1422 2375 3575 7140 4421 4351 1489 8616 7316 7446 3397 658 890 149 4046 9886 7049 6721 5271 7898 8196 8536 403 5387 1010 8347 4864 1079 3201 4015 3336 5687 1123 3652 4153 3328 9381 5819 9855 1452 5498 6879 8387 5045 5448 1844 8029 3601 3605 3682 3545 2025 6093 6471 6064 3765 6830 1011 3851 9960 2109 3154 9093 9930 1492 4226 7058 160 527 9789 55 6179 7733 
9540 8360 3643 2905 190 487 3700 8617 2464 5740 7976 6976 8928 3549 3701 5605 1765 6809 1956 7828 1295 6108 4635 9785 5769 6889 3465 4618 9343 9960 42 1953 9037 6005 2777 2947 459 6765 7516 3373 2136 6481 9590 7526 5210 1700 345 5305 1372 255 4113 7056 3697 8880 7963 7940 4529 9062 2821 2663 7471 2977 2399 5988 9078 3713 3383 3858 2577 207 8861 5160 1321 5573 3186 8937 1993 9511 7651 5432 5870 5640 6770 2171 7385 6916 7075 7877 5603 1705 4475 2330 586 7941 1633 7185 729 5110 9285 6124 
8515 9174 6261 8139 1138 7773 9204 3336 2720 5585 9124 3516 4502 6624 4503 9421 4635 2192 9638 6614 2683 6645 9151 1685 6604 5474 4113 9792 6504 7809 1117 3722 9014 484 2335 2871 3115 8707 7372 11 7473 1769 4167 2007 9146 8788 7212 8820 851 2558 2780 7591 6473 6119 7440 4864 6925 2658 4454 439 7286 3829 8779 1623 5944 6898 8058 4566 445 3799 1501 3339 3560 821 8901 7979 1862 9951 7026 8409 2852 6380 3459 6531 6508 4593 1098 4470 9417 5305 8455 8906 9334 8203 4839 2572 9116 4242 608 7503 
3677 90 1143 3877 2891 9955 6726 1066 1999 6026 6548 6031 8707 2099 6898 5351 2501 4218 8256 4867 4855 9641 1226 3655 3898 9302 4566 4821 2690 7155 9608 3685 1927 6040 897 2507 7733 1401 202 6443 6493 6716 7365 967 2154 9392 6950 7471 8429 4109 5970 1737 2576 1855 5924 3647 1036 9900 5051 2622 5960 3682 6871 8243 1376 4233 3880 4695 7690 10 8141 9813 81 1131 4170 9221 4741 3398 3285 8662 6937 8021 6911 2247 6721 540 9224 5757 9526 8100 4645 430 5421 4973 8369 8430 263 2365 4535 4977 
880 9233 3082 7930 3235 3356 3495 9560 8441 1951 6967 9760 6156 7668 7364 1677 6118 7122 2436 3847 9677 1230 8252 7893 483 7798 1625 8806 9818 2687 9067 6428 4972 9556 8921 7693 3987 5601 710 4288 5638 2455 4775 4228 306 4539 1984 9595 4236 6071 2222 1099 371 4548 7044 618 66 4871 6245 110 9719 6648 2204 8141 455 4485 4232 8991 229 9879 123 251 4746 5987 3629 9123 4257 8691 6435 985 489 7243 9865 8122 6879 3288 5509 6876 3407 9884 8798 3653 5361 3870 840 3915 2356 1220 8698 4201 
2609 8764 3916 8377 2451 311 4534 5585 2837 7749 2598 8846 6674 4857 3970 6068 4069 2328 1041 6688 9196 1044 6175 3893 9248 5353 6362 4050 4311 8523 7809 7488 6984 1575 1811 6611 6076 3566 212 6996 4181 3629 420 4575 9636 7913 446 4842 7726 7451 3029 1043 4261 4350 8650 3363 183 8835 5992 206 822 4541 9707 744 549 324 393 1110 6795 4454 914 3957 3035 9438 5788 5292 8995 1975 3937 8639 6009 6572 5528 9768 5023 5151 7806 9041 8153 663 4302 2703 19 160 2598 3719 9251 4015 1750 1669 
2726 7825 5942 5981 2250 183 9401 34 5311 795 2851 1138 3650 6272 1971 9605 4280 5919 3649 1508 252 683 8378 4346 6512 6486 8330 5360 3217 8830 1867 2418 6965 7717 5564 7748 2362 5115 9204 457 1380 165 5865 6113 7234 4090 268 261 4812 5592 2754 8786 7374 9410 7962 618 7782 3119 1889 5718 1813 8639 6067 5270 1056 6033 5328 2912 5216 8539 5340 1259 4643 4049 2455 8412 8965 697 6793 5858 2832 3613 8981 3241 806 2358 5174 5930 9847 6894 5593 6803 3250 8534 1873 1693 4371 494 1037 9186 
1556 8027 3195 3500 8237 3196 1969 8506 1668 2347 9790 4531 2210 3312 1754 696 4289 8851 653 6434 229 4308 6255 9653 9394 9370 582 8460 9647 9271 1183 492 234 5991 1320 7095 1511 6257 3417 820 4138 6321 9226 1262 328 4779 8516 2269 6128 6203 1657 5913 2435 4874 5464 2796 146 9632 2312 362 2427 3909 3195 5356 8833 4596 3809 2231 1017 3787 1602 8414 748 2539 8954 2665 2925 6846 5336 9875 4570 3925 7794 3442 38 3854 7408 3209 4202 4630 8057 2187 6039 6161 3407 3858 6165 8715 9895 5086 
1754 3149 5917 8207 7824 7446 7829 2621 628 1835 7155 5349 795 6930 3600 592 4199 2040 8336 8192 5171 7728 8312 1909 4233 1014 4359 8661 2087 6441 443 7201 7570 1274 3657 1991 2021 7255 629 9547 3273 8714 2177 9349 1160 1350 8841 857 6820 2630 1258 1697 1457 6117 4729 8522 571 2296 341 9705 8060 8574 8739 6423 9264 9482 2029 6013 1863 8381 3430 1239 4476 6712 4465 7782 2924 7980 8167 7477 7168 9871 6627 9315 398 3253 5619 1119 8235 5142 3258 7640 9527 211 2750 3453 4470 5516 3343 8272 
6147 2312 748 5898 2177 9969 7829 2524 1870 7923 358 7545 7809 7766 206 2733 2566 909 6221 1870 7570 9710 2141 8522 77 6252 1960 9817 8744 8368 4959 6309 5235 6265 540 3996 2411 7414 9717 7576 4136 3518 9293 5173 445 6415 4743 3806 358 6646 9239 703 3310 7285 75 2805 1781 1142 728 57 7316 5136 9695 3812 5428 3641 8631 5733 2048 765 451 3971 9394 685 6136 4221 651 6980 8926 6246 9626 936 8000 6112 4466 6873 7783 7903 4137 4593 8117 1675 4113 8184 237 60 6103 7915 3103 111 
2674 854 779 4762 1015 4802 316 2812 924 8723 6222 2430 5676 888 7819 125 9396 1887 9876 4996 9492 7331 9807 6760 1481 8437 3632 7542 7349 6984 622 5791 4738 5432 8114 4985 5757 6164 1088 7600 5785 8938 1889 9674 584 6184 5150 6461 107 1419 4906 975 2441 9260 3710 1602 1444 2254 1974 6049 5260 780 4902 2909 9181 1003 510 8793 8131 9095 6992 407 2598 2152 4861 6738 8642 7811 8761 2268 7202 291 4936 6758 5696 7311 1614 4111 7924 2342 552 2104 5267 9191 8039 9414 1399 7395 4640 7471 
4131 1179 4717 835 8765 6677 1411 632 4788 2487 1087 9282 375 2620 2788 9817 8768 5278 5687 3643 4588 5404 8536 4725 3403 4192 5600 8871 1390 1577 8139 4914 4234 6796 3754 1692 7966 6087 3884 923 1425 6137 1550 4619 6173 4794 5805 7223 4519 2757 37 3718 4351 4718 6869 1972 6187 1554 3760 5378 6084 1336 7811 6065 4217 4655 7269 371 9265 1532 8664 1266 9182 3669 4521 8043 5435 2767 4788 863 3476 4420 365 8505 7025 6556 7064 8581 6981 1475 1433 2831 5808 5638 4538 9711 2674 1280 8282 496 
6857 5242 8894 1642 7730 3498 9151 7300 8236 9643 8891 7415 6538 850 6037 1562 2904 9335 8373 4192 4067 5612 1967 3364 6161 285 9130 6612 6749 345 1058 8177 9664 7709 3605 8757 839 5861 5311 9447 5356 1584 9536 4263 155 2914 8112 8911 89 3687 9637 4215 7033 5436 3858 7981 8174 9469 6160 3052 3619 2682 899 9222 3459 8582 4133 8261 8074 3886 5329 4677 5023 7822 6560 1736 2713 6969 3345 7587 7535 4943 673 1886 3963 7939 2 8336 8683 1000 3426 4798 4384 2701 710 7629 8139 7159 8070 6927 
1825 8186 2534 2325 7158 6469 1761 2027 2114 3519 5321 1422 863 1953 1473 9366 9528 7314 6152 2792 3434 7027 7982 7895 5073 1354 9416 3191 9991 6466 9050 943 2573 6234 1822 8977 4292 5421 1741 2942 5851 1627 1329 2733 5975 328 8841 225 7240 3561 4411 31 4329 117 3082 9708 729 309 3992 1432 6637 6119 3290 4265 384 326 1197 8752 8734 6253 9781 485 8104 5853 987 9698 8209 3831 424 1408 4925 2439 4480 6806 3424 3526 2240 8577 1241 6855 9214 758 6635 9394 375 8179 281 467 2880 633 
9037 1404 3565 9394 5154 7423 7862 1609 5544 2196 9069 4607 2870 4965 8276 1042 4475 9569 7607 3647 9911 9298 3232 2905 5525 5260 4342 4204 6819 2810 8936 6140 3762 6901 4814 3313 3919 5465 3858 2951 8636 8643 1269 5524 4701 619 3482 6379 8896 4320 2377 6050 7536 3629 6859 8167 5263 6575 1013 2832 2554 7117 325 7779 2565 2876 6668 9635 2299 6873 6957 8268 1540 7776 7678 9283 4236 8432 4156 7782 4303 852 3234 8526 8205 98 5251 1224 7586 7534 1901 8391 2303 5170 8199 646 3315 1098 2926 4463 
3214 5509 7056 9701 9647 3511 9541 4335 7420 4287 2735 1 7950 8296 8456 4834 5820 8536 3373 5043 8425 8449 5728 9325 1660 1465 8483 4833 9314 1627 2356 7993 7949 8806 5504 9312 5361 6177 3769 5509 4711 2490 1479 2577 3335 1613 6341 8296 2815 1306 345 5056 550 5729 3459 14 8371 398 4138 5705 9455 8816 6275 9297 9942 5088 6783 5032 1071 7670 9655 7706 2436 4048 6450 5673 748 9669 1541 8775 7274 1263 5333 6889 1207 8120 2654 9875 4359 7768 1846 5745 2429 9493 6808 7596 4646 8360 2244 3741 
6976 8572 1102 8176 9473 87 7945 3343 4977 1114 388 1619 4856 3292 3903 5499 2016 5267 6378 7987 2109 1899 1737 3024 324 2501 1319 8697 7018 341 6837 3560 1542 1294 436 4044 3624 1979 7041 5769 9187 5863 9220 6654 9798 6780 6684 705 5950 5637 2847 4650 4817 8525 8934 5971 1214 1850 6917 1065 6310 4678 9821 37 3022 1091 8928 6793 878 3484 4451 1841 3923 2914 6750 4324 8248 8749 7312 2542 5543 4623 9326 5700 678 7774 7403 626 4101 1298 5530 1434 1423 3885 2487 2302 7318 7574 8078 6924 
4867 4628 2494 1116 7555 5538 490 7324 4821 6833 5826 7744 4026 7388 2734 7026 5118 9756 4202 8355 1487 5473 6943 2337 3594 5668 4056 5254 6453 7257 9775 532 3038 6067 3445 5247 4573 6694 1644 3837 1029 1342 783 4494 1596 2792 9429 9220 1194 5527 8888 1006 2798 1548 6516 4848 3408 2092 8156 6403 8445 2859 6262 6318 5256 3502 7275 3925 2340 7215 4903 6190 8013 6626 5622 9472 8840 9294 9646 9352 1883 1070 1475 2329 8382 7199 7855 7594 7725 4914 5767 6376 9946 7402 2794 2407 2966 6666 6085 4660 
1638 7516 4737 9897 5531 5700 4666 8214 4130 4866 4275 3282 7082 7599 309 4941 2468 6767 2569 8804 1193 1501 5397 6483 3196 8503 6402 2295 2056 3313 6123 8036 3973 7386 9813 1899 7974 299 2072 1298 3946 125 9360 524 1853 3531 8333 7046 2049 7458 5416 2173 2903 6471 7700 3859 3336 2332 5068 1501 3325 4205 3331 6296 53 8212 1602 5915 5708 3972 6444 4101 5432 5326 6029 7711 7598 8523 4068 946 4293 2009 4715 5817 7769 8629 315 6539 2249 7048 491 9701 9060 3732 2181 5183 8698 8336 9190 2055 
1386 2605 1872 3898 8733 6383 9351 5677 6655 8243 4928 4220 4385 8136 2645 7894 7194 2365 7325 8010 2554 5467 2001 2390 7933 8318 301 4989 7569 7164 1799 8022 5485 4924 5424 4329 1830 1406 517 1415 9249 1008 5418 2463 9320 7563 4387 3832 8339 5350 9226 935 7156 5136 7258 2303 8787 6524 896 2373 1291 1388 744 3532 6829 2656 7574 8853 8994 1584 1398 7710 1578 3463 24 5718 7539 5890 3745 422 5401 2537 5381 5962 4332 3968 3727 1988 4173 6258 5586 6607 391 9969 6505 2029 5643 3453 9932 1486 
5689 6184 2514 7229 2488 9581 9701 7400 7897 7927 348 2342 8530 1686 3992 838 5566 6162 2125 2874 3433 5181 2812 671 3382 6003 1478 4335 959 7510 65 3702 1652 1067 3794 5891 6686 5855 8916 1185 91 6989 6660 8605 5283 7398 2270 5625 2635 2138 1345 1977 1778 2719 6628 3008 6953 5601 1314 3902 5300 1347 8902 7945 8974 3458 3659 710 7396 8501 7159 6583 4856 2973 733 3544 4969 3701 5723 6241 4055 1418 6726 7999 6657 6762 7442 7301 1877 1294 8291 1075 8302 5133 827 3688 2294 9056 1639 9633 
2434 7517 4760 794 9103 4089 7497 9488 8949 5938 6429 2681 4499 6562 9178 2704 2395 5841 7641 2805 3174 7738 3044 76 3136 5612 5418 1445 4232 1586 2471 6363 8237 2113 2393 5591 425 8486 4345 3662 3520 5832 6303 2151 2926 293 3587 658 1957 4900 4490 6657 5063 5333 9734 1952 655 367 8834 6223 4472 6868 9734 2957 8857 7494 7120 4021 8352 423 7266 6149 7825 9399 6731 1030 2486 4040 1751 2221 7268 3701 890 8318 7955 9509 546 6560 7962 2698 6573 6513 653 154 6990 7179 2133 9045 5084 7698 
3044 4875 1625 5483 4349 5516 1655 587 3164 677 4982 6075 1635 2604 3667 529 6514 2192 5165 1503 7605 1127 6867 192 4488 784 4592 6515 776 2379 8635 8175 6441 5145 2886 6394 8437 4146 1932 1404 1990 4892 5273 6938 2044 2306 366 1571 536 3393 5612 7430 9423 7392 9399 7508 7579 8172 1453 881 262 7746 4672 2771 1303 9078 2572 1817 3048 1702 3283 6802 5931 5963 4140 6570 408 9673 1672 3901 6964 4352 3275 167 2386 6817 3839 4233 7811 6521 2070 813 4370 3466 9721 6675 9221 6588 9441 6626 
7435 8662 291 1206 5434 9687 4138 8345 3346 3977 8591 4210 2439 3542 9417 4582 4372 2764 292 6059 2488 781 3106 4179 5627 2834 6506 337 9368 6938 6634 2799 6002 388 3587 2035 6855 5732 169 2000 7690 9649 2310 4618 4897 3895 4373 4058 7180 7751 7056 7030 6762 1517 3597 2985 6454 7296 3212 5433 8217 9691 674 6580 5602 2061 1334 4252 1056 6260 7582 7435 6508 2735 9000 8775 6866 9742 4703 8295 6177 7292 4895 9256 941 2180 9374 5524 6397 9726 8080 4736 6758 5076 6670 3379 1850 6695 8619 3399 
3169 1064 5319 4520 4930 7063 8535 2300 4796 7246 571 1055 4988 2804 5723 2374 772 4005 694 5810 1857 2662 4343 6569 4899 2134 8498 8229 4501 10000 7430 6759 9554 5872 1588 5817 9772 1835 558 6897 7474 1683 5046 8514 1733 2489 5370 8062 1459 2030 4581 2316 475 6677 6445 4385 2146 7925 8627 8386 2061 2328 7132 3830 3339 6213 481 2361 3654 2326 5080 9964 1852 744 5593 2152 9327 626 8203 1274 8334 4683 4103 2472 70 6576 4061 3563 9548 9860 3822 5008 7064 9634 7067 565 4090 1975 4203 4031 
7307 5661 1548 6771 3849 2738 3492 1918 3084 1032 2647 6379 2860 3041 7657 2600 1567 3344 3275 9798 9301 9249 8451 2898 6097 6618 2881 8625 3560 7819 2839 7895 7218 9531 8767 6757 7393 4391 3942 4999 509 7806 4140 6040 4791 8157 2046 3293 4120 1581 4380 3110 7408 9612 6466 6607 423 1306 2828 624 6286 8005 2495 4548 723 9708 1860 5734 8774 7069 62 2044 7003 8100 5093 1630 4045 7477 3385 3311 4140 4209 1236 2476 5785 1045 3896 1994 2910 1937 9920 9114 9648 5628 5645 4795 546 6765 7555 4869 
1864 7658 3098 8789 3176 7169 2231 3678 8122 1148 5256 3309 1196 6000 964 815 201 8669 2020 1806 1526 1463 7987 7339 7584 9041 8233 6281 9335 5903 2019 3977 426 1266 5465 9977 1956 2677 2155 7281 5444 7373 6652 3041 2481 864 4243 8315 2236 330 3388 963 3137 1943 828 8589 98 9269 660 7354 9749 6037 7373 9858 6094 7358 2868 2699 2657 2733 5438 5423 8165 9519 4806 527 5187 1965 7579 7408 7927 303 8442 6323 6964 7063 5739 2036 2926 6864 7565 5126 9424 3057 5672 5165 5218 5339 9438 1449 
6817 782 8859 8521 5005 9120 7660 8827 524 8578 477 2828 7389 534 3825 6421 7251 901 9427 4743 9038 5071 3051 7991 8803 6413 7824 844 9340 7757 5654 644 7400 4658 9764 4027 2618 1870 4973 5996 1595 6940 3294 7920 3468 5821 2392 2919 8448 8428 5681 9259 1126 7138 2548 7843 5169 9045 2963 7739 8139 7306 2624 2132 8117 6532 7482 7544 6602 6420 5876 8669 5297 5062 3385 6229 8946 789 3421 5331 4759 8029 9192 5068 1260 2271 8106 3506 3510 9964 4401 3990 6711 3790 6269 4449 7893 432 3928 1706 
9768 9428 458 860 6995 6588 7452 1673 1759 8467 8648 7424 6175 744 9191 7067 9966 6411 4680 759 4688 4576 8153 7953 304 5853 5376 5826 508 69 7114 7771 1672 5753 1646 2129 6146 8668 9265 2862 4987 3870 9543 3885 7694 8195 4903 1249 2250 7177 1105 9893 2593 536 5331 1820 1478 4169 7080 9449 7553 9601 8878 90 7960 7857 2398 5286 6088 8944 7274 5001 869 879 9217 3240 3623 5922 4085 9513 4530 9923 7622 3853 9535 3609 3209 6956 7110 9584 2058 2728 1089 7450 3972 9484 9926 4295 9078 1841 
4358 9295 1204 2415 801 1750 9596 8990 2677 671 6152 1902 4545 2158 759 8101 6626 7424 2382 8743 271 1984 8988 9254 898 4780 2249 4338 2426 2893 7864 1165 4897 2088 2727 3302 2786 9287 8033 2802 4774 406 4753 9624 6725 8068 154 9208 9652 9955 180 3152 6630 8610 4035 5801 4408 6520 5403 6497 2514 4558 1504 7456 371 3042 8310 6397 2879 3934 3031 3718 7425 3689 8590 584 6868 7332 3525 7567 849 9284 5244 7540 8539 4953 3565 4771 6365 2552 2674 6280 5501 6426 8620 6672 4738 6374 3079 5738 
934 6075 4145 2316 1552 9869 9733 3975 2099 2327 3603 4406 6703 760 278 1960 5121 3351 2383 2938 4576 1677 6122 5158 473 8509 5977 9834 1817 1246 7100 6960 4059 6294 3525 1692 9128 6513 1868 7158 6263 5945 3317 9339 4425 2188 433 8501 5585 6298 3997 5297 726 5623 7325 7975 8618 7443 6371 6127 3602 982 3189 3445 104 5104 8390 5668 3727 9136 1555 5199 182 7872 8920 2129 3060 123 1014 9608 9414 324 8258 3064 262 7046 6272 7151 4959 2911 9542 9153 5139 4746 5693 959 8731 1944 999 2323 
5011 6763 1748 4227 9270 6732 6630 2648 7138 2443 9835 9629 2544 4719 3853 9445 4383 8983 1494 3075 4453 1375 98 8111 984 3307 5223 9856 4011 7023 7436 7180 6199 4915 5532 8403 5123 168 2177 8941 7946 938 3000 3480 3508 3448 5779 1370 2349 9150 2319 4620 394 2787 5022 7358 6441 7252 9625 7314 8784 6966 5652 8789 1264 9447 4866 7719 4942 3790 8972 6530 9321 290 2802 7054 6932 8683 9536 9703 4653 1865 3453 326 8619 4272 923 1952 4292 5371 437 4218 3750 4957 5468 3785 9984 2874 1835 9546 
5091 9929 4490 7576 6844 4344 6414 8806 7848 3978 7155 758 8894 5914 2865 7014 3427 3075 3249 9505 9038 5269 259 4613 6079 8443 4689 7340 7044 8051 9797 7680 516 1023 7814 8420 3444 8322 1270 1100 230 1365 8721 5839 3875 8407 2337 8380 5447 1435 9449 5836 928 4359 7642 1537 6606 8625 4028 8681 6845 4829 6159 1946 4810 9934 7240 8500 2956 7881 8022 2548 7524 1502 3649 8806 7061 9475 7148 451 6232 3881 4371 4376 4666 3337 1569 726 8722 7797 8612 9257 8209 9078 4835 1251 292 2355 7202 7755 
10000 5778 8449 4221 2500 6892 6779 563 8469 4096 2398 1980 4348 8609 720 5225 9565 7640 5232 6049 7658 2622 6922 5417 458 7958 7885 7808 718 8889 5644 6309 8072 9337 5763 9364 9501 3384 510 9580 6152 2100 8999 4045 7454 5518 1933 2766 4653 6514 4627 4082 942 1798 8821 1540 4922 5725 5682 6965 2222 7564 9002 4518 1621 2963 6302 7414 5276 1611 6448 9585 2977 4697 5979 5917 8530 4891 2591 8355 9867 2942 240 5077 6502 3273 211 27 2543 1115 7504 7959 1082 9830 1144 5778 7747 9824 1612 7723 
