713 5262 5910 554 5392 5587 8547 4974 2806 8985 3425 6984 7041 412 3849 
5588 94 7155 9345 198 9560 7468 9543 900 5389 2890 6092 3789 2221 8451 
9782 8498 451 6806 6755 3826 5214 3578 8698 4043 7236 6912 7311 8507 2298 
9420 960 3388 2753 8734 2176 3054 4623 3110 3842 4817 1136 5953 5315 4988 
8699 578 930 1778 7574 2187 6293 7761 3669 1710 9605 3368 7820 9192 5758 
5376 3122 130 4703 8617 6777 363 5212 4555 2273 6413 2391 4625 1673 7333 
5124 9072 3585 7556 3295 843 5447 5240 8794 38 8079 1235 6600 1587 3353 
2868 2458 2019 3472 2257 2035 3371 2078 8617 3511 6682 6478 9778 170 2480 
4214 7366 705 5181 9799 6752 2340 5494 7262 7264 9714 4656 8475 8670 4311 
4927 8378 2105 990 3397 4947 2806 6384 4959 3184 4806 3848 8922 8387 8563 
