8197 5934 3757 6644 6078 3340 4467 1736 6181 2797 5751 7295 8531 8342 8472 6232 8374 7809 5625 2386 2680 1906 2802 7991 5742 941 6727 3476 1783 8260 2520 1998 2891 5839 2271 7467 1809 6538 3996 3574 7345 9692 7560 1555 2050 
1190 3360 8061 1614 3252 2689 9645 6950 7232 1570 3125 6887 2052 6568 3667 8444 2779 324 5411 4986 600 7673 3162 5015 2607 4029 2732 8408 1256 9374 336 3454 3134 4765 57 7031 7476 5408 2962 8496 4544 2740 6297 1109 2164 
7201 6256 4032 6503 3927 1030 6643 4556 155 4923 6035 6757 4813 3310 6104 2737 6981 9736 3694 4123 4271 3883 8896 4532 4454 7879 9269 4645 4801 5606 3450 1979 3365 8363 9965 9575 2264 2629 7649 7523 5341 488 9445 3865 9556 
8509 6208 7433 4088 477 4434 4726 2169 4455 8736 6856 1163 2163 1616 6312 7644 867 5908 4170 5589 4883 5232 5748 8887 8737 3406 4554 5563 5047 3306 5129 2669 6858 9648 4405 755 7182 9067 4893 7113 8870 1499 9458 9089 3978 
5156 3436 7837 3769 1302 2806 8139 3236 5117 6118 7568 1276 837 9108 4560 2650 5638 2865 5427 4061 1165 9674 2555 3266 3888 9080 1390 1803 2041 8544 6093 9877 410 9330 1109 7119 9955 7255 8652 5355 7617 7187 5865 2582 1200 
9327 2746 7381 9577 2356 8710 9005 6504 6472 5437 9584 2669 2671 1007 2442 8526 9853 8044 1615 9087 4040 8268 8639 7981 2548 2765 764 764 3501 1826 595 5007 5568 1840 1078 8135 7799 9705 6056 4429 1287 8212 7851 3788 4155 
2338 7026 4211 6711 6494 5821 5675 4677 4496 3045 6566 2130 2421 9947 5870 1845 6923 6761 4238 7591 6557 6237 2192 2935 8218 6125 3559 9133 5086 3878 6359 508 1586 1929 731 7705 315 5100 708 1981 1833 3816 6165 1338 699 
6111 7460 9612 9708 9224 8041 7258 7845 1676 4860 7921 8655 1013 3461 8122 7257 8454 9281 7376 842 8919 318 2441 689 7941 1752 7221 535 6801 3231 6899 4709 8301 9494 6654 956 2749 7554 1901 9013 121 9044 8910 2069 1671 
6254 6611 6058 7844 5266 7480 3028 9842 3591 9653 362 9773 9416 610 3757 3861 2609 2967 6064 4153 7069 1607 2840 9772 3861 643 9975 3992 5869 8898 9486 8223 4300 291 2848 5981 6180 5148 7207 3301 5449 102 8985 5237 8258 
397 8440 4321 9206 3604 4820 9537 5637 8215 2695 448 8319 4432 7902 9564 875 2686 6578 6694 9286 4651 7473 2177 6767 3898 2845 7526 7372 3895 2322 3022 8068 9399 4818 4249 3820 5530 5157 8682 2903 1654 9898 4583 4607 2693 
2264 7435 9682 56 9350 1099 90 6706 5631 1775 3013 8115 5158 1761 8465 3926 1133 3708 1751 9788 1541 5552 424 799 4570 7729 3290 2832 9580 5442 9589 9502 2730 8296 3079 988 7970 1602 876 5938 8471 6645 9980 5090 7578 
7001 5485 6473 4821 2225 8477 6347 5847 5820 8145 8453 4409 1791 5260 6666 354 7604 8676 6936 1812 7600 9497 5926 833 8006 4962 6131 9898 4608 2049 1332 8722 8338 6416 3220 3889 9741 6595 2778 8006 2942 1474 2289 2743 2738 
1063 1858 2274 7440 3468 8642 5980 1635 6281 3773 8225 3795 1941 4542 2544 492 1940 5736 6658 830 3846 4113 7242 3733 4658 4908 8431 5488 4332 9512 6931 22 5186 3355 2344 1314 9038 4216 8529 9081 3367 3677 8966 4577 5657 
8694 9649 798 3196 5309 1868 1779 9401 5962 742 3070 6901 4212 1511 4604 7356 6064 2770 4744 7829 4677 7551 3250 948 1576 1310 7074 844 1765 8874 9167 7545 126 9072 6006 4940 8036 6648 3014 356 5119 9013 7118 6132 699 
3206 2856 4495 5922 7146 6426 623 8520 5370 7671 5891 5423 4833 3751 8150 5248 6275 25 8182 9919 7808 6355 634 2915 9619 8341 6708 6864 2855 8414 9775 2936 6548 8014 5999 7833 214 7623 9919 5580 4222 3657 2005 9402 530 
9743 4245 390 2820 5611 160 5541 3134 1171 205 7191 7600 2195 8107 976 5003 703 4815 6037 9209 4999 1245 4567 9649 3944 5292 8083 7859 7290 1268 7539 9485 2268 4682 6873 6480 919 7767 5648 7646 8821 2406 4099 6367 5554 
3315 4732 9909 2599 2986 1904 6793 1177 7340 4343 7373 3890 2455 5038 3333 551 2031 772 1618 2875 2003 4341 1399 1683 8482 8070 8920 4646 1081 6537 3732 331 3945 1615 5418 4477 8287 6778 1682 6847 7636 5777 411 7528 5485 
1991 3394 8926 7062 8126 6988 5559 7782 9199 4958 7796 5732 6395 7792 5594 1192 8223 8967 8938 3171 650 524 9509 6664 4551 2841 8884 49 9940 8578 6415 2396 6727 7770 7876 5543 2293 4107 3738 4763 7668 5312 4588 8706 7885 
8519 9435 1768 5177 1255 1629 9451 4397 7522 5702 3435 127 5710 6979 709 3172 8055 8393 1650 2968 3374 2843 6893 234 4180 5704 4396 1184 6925 2259 3541 7218 1836 8199 3077 8345 8705 4955 8614 4392 9309 6992 1951 2960 623 
1027 8192 2748 5432 8294 7976 7805 3017 5912 9250 8297 6068 9445 3427 9025 4638 5528 4868 7124 5547 9245 7810 5382 5998 4 8046 2009 8332 5416 3260 1550 6961 7528 9209 1264 1732 9891 1672 8088 9100 4546 6550 2337 6698 9607 
2558 2100 5272 4411 5915 573 3973 179 3663 9138 2602 3501 3969 7076 4224 6746 6555 7161 1870 7859 9600 8736 6307 1646 8889 602 8217 451 5272 5853 811 9397 3860 3942 9619 1291 769 5586 2944 2383 6697 7654 6065 4815 5617 
4668 5511 8110 8017 5958 1781 7152 497 1449 5803 8789 5704 3407 1444 29 6850 9269 6217 2736 7399 1790 1316 7776 9909 5276 9992 8162 2447 1883 5203 5860 429 9478 7037 2678 6505 8407 1396 1564 3439 8548 8015 9763 759 8110 
2196 3948 8082 9657 6069 7995 8452 1054 9626 9038 8932 6054 2101 4471 621 1981 6464 1930 2572 2277 9044 4361 6750 6695 4303 8900 6520 4818 714 7277 2111 4908 5060 4740 8876 5582 3641 6951 9800 9297 5064 7574 513 7110 9143 
1535 5004 7247 3461 4278 4594 5823 6774 1891 2567 6503 5953 5295 1775 5102 6780 6760 3901 9561 5596 4125 8678 3595 7467 2501 6677 8243 6110 9926 1134 5132 6840 2478 9180 1650 1297 3296 3570 6750 4025 1971 7135 7946 2514 5760 
4833 5267 8949 8095 9344 2876 6525 4706 5644 7519 6044 1941 985 387 6321 9606 9310 5443 4290 9599 7492 7716 5794 9302 7016 5902 2532 8934 8264 9588 7537 6394 9148 3749 1605 740 3022 8061 696 722 1296 4085 4102 839 18 
1498 7707 2966 5753 2529 6139 2174 7142 2527 4616 5506 7572 7477 440 4939 1579 6594 3072 6850 4633 760 1091 5814 6440 5954 4732 8305 4009 2376 3579 1538 9683 5538 370 7346 9062 9851 4385 7080 4080 1560 8050 5652 7211 956 
3164 2721 9847 7785 3428 7562 2676 6099 921 920 9124 6987 7974 7224 4424 1471 8638 4532 2872 1099 8092 7020 3438 9915 3771 4367 4839 7595 6337 1708 5047 6497 451 6985 4318 5597 8636 7058 5969 4584 8553 5118 8231 3610 4571 
1777 4945 6656 4359 3212 2916 9707 1676 2921 2066 680 9161 7255 5616 577 3627 9244 3519 825 8840 4382 969 8185 8895 9931 7463 1027 8416 6095 3165 4658 2660 8554 8550 1005 821 5255 6725 6182 3596 1756 7859 9654 2596 7241 
6898 6379 6839 9567 4949 377 6497 804 6454 1354 8793 6815 7330 4806 5 6445 8471 2390 4567 313 7082 3938 4373 5629 6141 2452 8268 174 7650 3399 4118 7424 3410 9451 9780 5824 6571 9125 6266 6245 6839 7328 5095 3343 8733 
6808 9780 1962 8805 8340 4237 8004 3216 2236 6661 7692 7306 159 5504 5770 1914 4229 8532 7914 7237 1518 499 2697 886 6119 9824 6438 5969 4066 1781 2591 3809 6641 5650 4443 9146 2378 1568 1739 201 9550 9357 332 5740 8403 
