3245 4225 4917 6185 1421 7678 7333 8183 8201 1465 2969 55 5977 8954 7324 2517 2446 6147 6459 5935 3251 1248 5185 6276 3527 5217 7597 9674 3096 9992 6230 5545 7336 9052 3534 2404 1349 3663 3282 359 8496 9511 2992 3695 6228 4601 2957 3400 9614 2157 1558 7927 501 6103 2315 7908 7609 2104 6413 3747 1870 4057 7509 3719 7563 9485 9159 8041 5320 9701 2608 1172 4953 6992 5466 255 3993 2368 4200 9611 
6627 6155 1380 9391 6375 8252 4419 9308 9690 5951 156 7302 7303 9096 4423 3683 885 144 7447 8503 2303 501 8896 8847 1357 6219 8992 4861 2791 6463 8620 3949 4258 7961 8456 2848 9625 1746 7154 2004 4753 4052 5642 221 7412 7744 341 6917 133 775 7307 157 7062 2022 5120 4823 5547 9770 7229 1659 2149 4833 7091 6830 7591 4549 7683 316 5440 7952 4314 6084 2708 8161 4755 6704 1998 1134 1905 6512 
6606 190 1521 1146 999 7147 8766 2915 1926 8064 4043 9698 2401 4310 2021 9682 1721 8208 1518 9679 7163 2823 6297 519 1768 6052 2149 6533 1743 9965 7333 7711 3886 9005 5832 6182 323 8638 6449 2277 3422 2657 9115 9426 3837 2013 4289 4391 4220 7265 8830 9163 5488 4725 778 9151 4836 611 1963 9768 1544 8752 3047 8769 1522 4090 3729 3671 3749 1078 6779 1426 7707 8446 8370 7398 5848 9116 6051 8676 
467 4828 6849 7024 5607 3633 950 5497 4397 1550 2887 4382 2995 6098 5882 4081 5135 2393 7988 9219 2293 1191 850 7399 9278 1470 8519 2885 8972 11 2122 1884 2630 2276 8184 7858 1595 1957 5704 3770 3911 7742 2241 2128 8418 9356 7554 4516 1513 2360 1450 6494 2828 3310 1964 9749 293 7949 4454 1927 579 5766 3929 8556 717 6516 4056 4791 943 4601 2482 2174 936 1748 4531 416 4420 9937 5995 3670 
8008 905 6883 828 9344 4128 2276 2494 5944 2070 2989 9273 2603 376 9698 9004 3561 1924 7780 1792 483 583 298 8533 550 5529 5136 731 9080 9797 7958 5132 5696 8180 3658 7715 9026 8527 5237 956 9518 5938 3355 5302 9679 6223 4759 4182 3979 5603 1747 2634 1102 3743 3252 8848 1784 6690 2776 2771 9576 3362 2273 384 6747 1426 8483 5734 4757 2268 5560 7060 753 4190 3256 9033 967 565 2281 6972 
9965 1616 2782 5911 5662 9332 9966 6169 2852 8637 3406 9602 5489 4915 6672 1774 6429 1788 5570 5804 8786 4538 3915 8080 1560 9667 4225 3761 9127 3454 8348 416 8524 6418 515 8464 1774 8249 7236 8238 7044 747 1526 3892 3563 2956 7516 6495 5553 2692 6828 3691 6340 588 1520 1103 2341 4021 3680 4548 6103 1852 6656 2675 7480 1709 4524 4214 9725 6832 4937 9775 1057 6353 4534 7736 7938 2807 5934 5324 
2100 1377 7521 448 5968 5125 9793 400 309 8997 1444 1790 4264 2679 2586 1785 6946 916 1843 7305 8297 7945 2614 3792 5853 6102 5914 9954 8560 3567 7417 7844 1505 1026 7078 9659 7427 2419 550 9304 8406 6925 6575 4874 8480 6538 3980 6899 8857 382 904 3572 197 233 4961 8085 7165 1975 8474 823 2743 7473 6246 57 4092 6682 8620 5903 6239 4788 1181 6836 8890 383 2249 5697 8264 4363 664 2782 
7792 626 4308 9989 4303 1320 8294 2 750 2263 2893 3248 7597 5038 2060 644 4566 6639 6127 1099 2844 4073 3193 3775 5161 9111 5324 7564 1480 984 1347 6899 6004 2952 8343 7479 532 5278 3205 4025 373 3866 6619 4370 6644 1271 2628 1685 6287 4144 1413 9580 6618 2023 6406 6541 3715 9130 5238 7397 4237 8424 512 8847 4124 7019 5940 70 9922 7898 5804 4758 1650 8775 1748 9057 3481 912 9826 7659 
4864 6818 6696 7160 4985 6642 3607 2237 2234 7694 771 1982 9699 7573 9187 1977 1661 9156 2087 6881 2458 5034 8287 9184 3334 9385 7174 9035 4864 899 4686 7056 2035 4331 3545 2665 8580 9612 5863 5377 2865 8162 1564 1601 2467 6141 7356 5729 5991 6017 4711 9084 2821 8373 1764 2560 260 8120 9522 7478 1152 3712 9957 397 8649 6365 3309 2044 4434 111 8302 862 3918 3540 9378 2972 9189 5365 6569 9523 
3854 4013 1939 4742 167 7817 2762 3698 3755 333 5721 8170 5143 5208 2926 3053 6733 4006 3032 1716 2156 7930 8777 5880 9812 5644 2015 6006 4123 8457 7807 1758 2049 9935 8013 8010 8755 4871 9766 4279 1472 2293 177 1740 8110 3256 2277 3187 3186 5944 5964 5930 8129 1290 5872 10 1781 1761 2820 9247 5414 1770 1644 1619 6039 7787 2859 3096 2997 7688 8565 9128 8559 4443 5790 7632 9928 8679 3930 2566 
2545 8799 2468 3579 7235 5946 4094 1163 8271 8237 9559 5326 2396 8404 5483 8668 2595 5653 3912 7685 8261 9268 1004 2618 7400 2753 5009 259 7893 8205 9043 5892 205 8805 6419 6931 3833 3291 3620 698 3851 3143 5851 2051 4207 7067 3201 2220 8073 5038 6027 4381 6846 2196 7717 237 1891 3268 3405 4367 9991 459 5450 5965 4049 8276 9897 654 2775 4462 9321 1748 1265 9965 4804 5086 7485 3572 2906 9215 
1689 1806 9584 166 7361 2611 4400 9145 7892 1021 3364 5212 4801 9560 3685 8677 6699 7516 6406 7762 5868 2789 5293 5590 6286 5395 5587 5283 2316 1056 5677 4032 5078 6140 5747 8090 1051 2174 3859 689 8637 2282 5415 2494 1902 9131 3022 6969 2052 1851 3291 23 1866 7154 8630 9923 8825 1782 4887 1846 9157 4221 8904 2250 4282 7335 6360 3590 2625 3958 5226 7204 7735 9650 2685 4030 675 2657 2337 7577 
7518 2536 5960 6699 6743 4077 8843 1067 2811 6498 4166 192 629 1297 5260 3256 5709 4598 3639 7105 4973 5821 7312 3408 1183 4177 9892 6810 8709 9656 4191 5650 9077 5877 8577 6614 1700 5697 2438 7680 8795 9135 3387 961 8094 3332 8153 3446 8244 348 2412 6245 2554 4976 4461 3482 131 1895 4573 6931 8558 5484 5615 1457 2839 404 4668 9316 8741 8189 2817 7460 9621 6804 2567 2573 194 3821 9853 8320 
1911 514 821 266 1962 3522 3843 8903 4137 8640 7757 3210 5504 5748 4592 5102 6974 3783 9091 6070 1012 434 2704 2611 6647 1286 403 5812 7243 5225 3605 7585 2633 4394 5985 8249 4389 5784 8557 3372 7509 3393 2360 1378 6879 7491 5435 6404 2328 5989 7427 3614 5315 4589 4414 3074 8823 1788 6757 4887 5202 8823 890 604 3791 8939 4234 5773 9968 9540 1937 9308 4465 6375 1403 4579 8812 2444 6193 9453 
5346 4488 1894 3997 3094 9161 2493 2650 2297 8558 9288 8426 2879 6441 8438 5829 1219 9058 645 3253 7960 3467 6508 3880 9301 4024 7906 5952 5910 7042 1243 3443 461 4956 8508 194 4733 3995 1368 7922 2307 9345 1285 5144 4810 3974 9272 4793 7008 5969 7146 8308 865 572 8969 1317 6439 5373 1721 9807 807 8928 6330 1600 5519 5938 1035 3716 6578 3404 2942 2173 147 2013 6494 5313 4108 5062 722 126 
6863 6918 7630 7004 921 8495 6171 433 3044 5561 4525 8777 9058 4085 7502 5672 9966 9840 7698 651 9251 1770 748 2339 3057 9062 1802 2493 3811 7714 5246 1365 6262 7756 7755 8936 8403 3766 4271 6147 1584 5738 4820 9816 8825 279 981 8127 7071 3999 9354 3998 808 3628 7781 7644 4004 5784 3331 1229 2184 6789 7332 9256 2808 474 2885 3438 8284 9656 4626 2108 5546 6560 7273 3541 168 4553 6271 8094 
4536 2872 3525 4077 2154 7573 7253 2020 9295 6709 7316 6404 1538 3301 2354 5734 6968 5736 2140 89 7455 1699 6026 8776 7638 5502 5304 5752 5996 934 7174 9497 8211 9648 8901 7882 2056 4441 6873 139 2624 5436 2472 8328 7229 6726 4161 3951 3338 8694 3968 4700 2186 2964 8009 5942 1440 570 2217 8294 6662 4077 1932 3631 8855 614 6645 7925 6377 9091 2041 5099 7382 3702 2966 9545 765 5315 1259 7974 
9217 4012 3603 7901 955 6055 2402 9646 4604 3228 1079 956 822 8304 7281 3678 927 9455 4704 9264 3296 1401 8933 1888 3706 5178 6070 1920 6935 7494 5438 7824 7541 7878 2351 4024 4842 2895 4529 7342 3577 1558 8828 5810 1715 1850 390 831 5652 8839 8307 4647 1047 4737 5217 5801 9610 1278 6828 898 247 8858 1723 8974 4639 1851 4116 6255 1958 2457 1735 3812 706 7304 5646 6275 4041 2655 4696 2969 
8918 6063 1597 3510 1596 2535 9435 3708 6539 8042 2244 2771 9490 1028 5042 1463 7842 4173 3963 2990 9428 3959 1691 1415 3969 229 7473 5259 1434 4356 7295 9486 93 7392 168 3993 1498 8901 7413 6825 3580 368 7945 3394 5684 7760 3326 4877 7771 3938 5654 8563 3667 2409 6957 3089 2972 1253 741 6715 9132 1526 5406 8336 2386 8033 3289 8947 7886 1359 3093 294 7222 5580 2240 3475 6001 6663 1696 4628 
9535 8411 3819 2049 1810 7956 9922 6259 9972 9810 58 944 7853 5283 9852 8006 3894 8000 4856 8944 3498 2448 2678 7090 6724 2011 7632 3783 9287 64 944 8766 8262 6421 2422 7299 6090 4457 8637 4735 6242 5521 5975 3255 2911 4934 2634 4438 397 4506 1744 9883 404 2526 4756 2772 3387 1412 9722 879 8271 350 3959 1563 4178 763 2408 4433 3440 3876 3935 6328 9266 2042 2511 8566 6961 5777 3485 7411 
4974 4639 4195 6093 883 4230 1680 218 7772 7962 4626 5050 1019 7521 7609 1276 549 9484 4868 7933 4582 5381 3359 3859 3391 7580 1803 2767 3579 1551 1931 2688 9520 5354 9948 6946 4858 3252 3814 6781 847 5372 3246 801 7494 2230 2116 3587 282 9074 8368 7295 1979 6008 317 5712 9719 8536 7104 6638 1697 8818 521 8513 9458 9249 1070 9704 53 7980 3869 7555 3690 5229 7124 8083 2447 6349 3105 9717 
6220 3463 7980 5983 8359 300 5383 1200 456 2070 476 3499 4120 4097 2481 9012 5071 7829 5348 1146 401 5720 8577 4223 6177 2008 4877 3023 677 5836 8985 1893 1671 7364 3438 5017 1995 8792 9387 2839 7724 8743 2043 7790 947 7903 6667 3231 5607 1405 211 6640 9038 118 2878 8119 9422 2297 6437 215 6115 8884 6015 3216 8648 6687 1671 9805 7426 9433 1479 6690 4716 7743 6752 309 1039 9824 862 2891 
6494 4582 4462 368 3486 5919 457 6630 3834 4007 3407 278 4867 9299 2812 8611 7793 5620 1165 8201 4829 4405 9406 9690 7739 8063 1818 6497 7225 6133 891 9738 2761 10 810 2728 805 1717 7437 3787 1264 7729 6458 5894 1478 852 695 2317 3987 5157 9818 1466 4738 6892 7355 9696 9833 8306 8492 2010 6838 391 9896 9380 2683 9476 6854 3271 8706 1836 4559 470 3950 9215 8536 8431 6828 6482 6053 2755 
7937 3802 9979 2774 5555 4412 157 3348 3115 8052 2837 4473 2388 4267 1481 659 1201 5947 7681 9923 2960 8103 3792 7458 2391 8976 8700 6977 5309 5239 8642 2406 6140 558 7482 9702 7432 6083 8407 7464 441 9121 4176 4762 9464 1837 8275 3449 9811 4465 7157 1988 3648 6126 9704 7784 5605 8276 297 7048 6561 6019 707 6003 9323 8980 2039 8395 496 3725 5758 9155 45 3171 9881 2660 851 3253 4214 764 
9487 648 9815 8209 4922 6603 5994 4842 7354 2662 4612 9433 6137 9382 2819 6858 8393 3249 861 2891 703 9969 660 9160 8914 288 1123 2194 7211 2235 8956 9025 755 6103 4416 3732 8107 7845 311 8296 5166 1683 5228 3696 4345 8163 3679 2400 5518 8626 966 7053 7568 2898 8337 3071 371 6815 8926 2578 4632 3265 3791 8470 7267 2779 6230 4713 6429 3928 8712 8939 3729 8698 5071 3174 8711 9082 2307 5433 
9511 1046 5209 8089 9971 2163 1900 7266 7890 5442 6803 6508 7405 5526 7747 7480 8883 4040 3570 5861 6815 4554 9484 1896 2855 2482 846 1813 2119 1374 1843 2579 5185 7611 7557 4552 5549 1752 5169 7674 936 4264 4764 7713 3636 9507 6436 9180 8198 3798 5975 1930 9786 5840 5060 7057 5474 9942 2411 2005 7461 2451 1414 2181 7095 9587 2591 9613 1892 9494 7757 9257 952 5088 8382 6143 5952 9803 2633 2877 
8514 7130 3189 2156 9445 4302 7977 9559 7784 3957 4304 6988 7778 9520 9651 4958 5635 8442 2955 854 6969 7812 2063 8208 7610 7025 9689 8882 3529 7867 4829 2666 8341 8067 2661 36 2228 595 9824 6576 88 9142 4858 8416 4824 8900 8858 8238 1782 7788 6495 8278 3707 2695 8347 2642 7620 939 9883 2006 8668 5851 3796 9678 2555 1781 3894 4246 1247 4731 1880 219 57 5733 7164 4898 7694 1085 2121 2500 
8646 9214 4634 1274 1707 5543 8989 8522 8954 1314 8288 8493 9305 6877 9391 1695 1621 8892 8179 8244 5043 236 7837 1152 1923 5549 960 7123 3336 9600 327 8046 7182 8192 8742 9747 9391 7984 4669 1645 2199 3125 9145 583 6995 8935 9030 7095 6388 901 4953 6862 6873 5517 442 9461 2261 7592 2251 9676 2242 8705 6911 4090 3718 7499 6538 7626 609 8528 6247 2798 5507 1586 7794 3197 2874 2912 7305 8300 
7340 8175 4207 512 9107 3168 8733 4447 6258 6715 5913 4464 2773 6350 1194 1303 843 4749 315 6842 5284 3257 9607 6878 2539 5667 1963 3539 4299 407 1521 6850 7437 6755 422 5265 4721 9278 6066 7341 1791 5663 3860 5272 1310 6150 6970 2563 3422 4647 138 2614 8508 9527 4769 9593 5463 6456 2236 5096 504 3580 6711 2612 9835 3513 8308 9387 3410 6604 2381 5345 9756 1594 3007 2567 8821 4511 1807 8487 
4370 7030 170 4132 3854 5920 8025 5490 4050 4541 3997 2608 2322 3508 2781 6320 812 7128 9243 4067 8131 6440 9551 1977 428 5786 9640 9035 8782 7756 3906 567 3526 532 6373 3494 6606 8475 7943 7978 4164 9197 2895 8770 1113 3267 940 8369 1221 5595 846 1258 5654 9674 6680 6612 4582 7018 6310 6074 9963 6597 8552 6726 6747 1793 3731 9483 6896 2115 6172 2854 1675 3234 6307 1584 7324 8643 5914 6078 
9174 3158 4289 2950 1798 3761 4111 5219 6169 5501 42 3683 3476 2141 4784 6586 7895 7353 8879 593 4828 4932 6895 1740 4668 3838 4976 7983 9041 445 7499 8333 5693 244 4207 8472 2765 6725 6894 6080 3497 7950 9922 1939 1963 1052 7547 9351 1045 7959 1248 6094 7147 7914 7891 8528 8967 7114 1765 2481 3544 3831 9747 6209 2398 1336 3912 8634 8626 8555 3411 7843 424 446 4704 3182 8224 8068 5663 7296 
753 6501 3591 9417 8071 2860 8514 5509 1058 8769 7869 5020 7403 4742 2205 9431 3876 8366 7884 9379 2776 4624 5330 2753 9760 3191 5181 544 2558 4580 6620 9794 1544 913 1870 9962 9345 3225 3599 6488 9946 7754 8675 9033 7262 1103 2277 577 5052 9422 3999 4392 6037 5813 472 3029 7451 9193 1082 9776 4446 8304 2547 8195 975 7953 1891 2949 8371 7943 5989 6959 5480 4384 7417 3484 7288 6364 3576 2794 
8529 7114 2916 753 9526 7553 2770 2986 3820 5152 7339 9737 862 4300 2095 6421 9338 3670 1459 9550 2583 2935 3048 2572 8434 9009 5695 5400 9429 9773 9823 499 6691 179 3795 554 418 1624 2630 3142 6590 1490 8222 9994 3239 6259 6287 796 6235 6378 5569 7837 9693 1440 5608 6119 4027 8138 7611 2853 3219 6253 9147 1800 264 1170 1030 6475 7482 3951 6295 8466 4841 8862 3716 1890 3343 7318 5293 1557 
9288 3776 3260 2796 4629 93 8271 474 7358 9383 3910 4537 4945 2131 479 9987 2116 4456 7551 8218 6525 4777 3556 7407 8893 6663 8899 6873 1732 3287 1400 9066 5135 9059 7889 2504 3474 1777 4061 8920 4699 4951 8469 3216 336 1016 5461 2299 7098 3168 6447 196 3048 9444 2405 1108 7908 1070 4964 3333 7535 3076 6918 8690 4546 6747 734 7601 320 7161 3718 3407 2412 4762 4305 5355 8011 7034 7907 9067 
1533 3547 6344 81 819 3616 2683 7798 9910 5740 8065 2790 7854 3249 9401 4045 3141 7258 1703 3633 8999 7523 6116 2831 7623 343 6005 2683 2683 455 703 5366 3105 6188 9496 4338 4797 984 9392 6570 8246 3263 3313 2677 7640 5071 6658 5403 1652 3530 6656 984 8498 610 4817 8161 1603 3503 3501 9779 590 4545 4888 9094 8191 4632 2660 7106 6719 1114 5830 9068 8849 3192 4069 3560 899 4980 6277 9324 
7504 9004 301 8803 9811 3232 4528 985 7072 809 1873 8896 1806 5298 4139 2215 3068 6896 2954 378 2862 2622 8567 7587 1284 5062 6755 831 1697 2023 4763 2447 3416 4855 2544 6259 4378 1665 592 1756 8892 4222 4419 1560 711 1961 223 7603 3731 3931 3025 8260 491 8424 3602 1468 6054 8964 6982 9838 1869 9692 4417 8155 8256 688 6847 35 3909 9987 1438 9868 4580 4279 1181 9811 7705 9079 3781 7897 
7259 2330 1399 1584 5608 3586 6857 6304 7247 9743 4191 9335 4193 4283 5892 3171 7983 2520 3306 9856 538 9149 9014 3312 6360 6062 9130 9206 5510 7981 7922 8008 7375 9028 2667 3750 3224 1229 2138 2611 9742 6761 7480 5000 1402 84 2537 7676 9569 7719 2589 5928 1794 7459 5260 3890 344 1392 6260 2608 4023 9234 7894 6041 9319 5951 3285 7812 7614 7056 1588 6988 4638 3610 6118 7907 1294 2206 151 6589 
605 5205 232 5633 7291 9024 8873 2000 9084 3138 3037 2968 3042 2497 1870 3161 4930 6044 3584 217 9438 634 5552 6156 3317 5909 8094 931 6701 442 4960 383 4110 584 4853 6698 8610 5311 8189 560 3167 8593 6722 7044 7739 1510 3090 7915 8596 8082 9302 2770 937 1967 8732 7726 5228 408 7391 4194 4964 1406 5705 8076 114 9215 1585 5807 5865 6195 3053 7663 4820 9527 3434 4125 2606 9716 4194 4332 
976 730 8787 728 2267 9725 7953 4112 5137 2164 7880 6657 8678 3532 4314 8588 399 6937 6818 7013 1672 4165 3443 8060 5335 2915 4858 7606 167 1791 1488 2870 7469 8349 3105 8791 7860 1235 2136 1213 9305 8232 4586 8868 9519 3680 524 8753 132 5567 911 2478 5879 602 7414 6423 9574 2766 4234 3996 8520 8612 9400 5555 2715 8149 3745 7169 8284 4912 9241 6934 6402 7700 9282 9846 5628 9388 274 4530 
3978 9537 2725 9307 9308 1002 5398 4712 859 9115 1433 8407 1382 9221 2183 347 8311 5276 103 8158 5813 4829 544 3993 6243 1831 4071 7927 9587 5081 9422 8483 4172 5992 422 94 8727 4593 6073 1315 7883 3823 2708 8860 2550 200 8217 4352 3723 9789 3928 4524 786 5755 3839 4570 2878 5998 8158 8801 3922 1595 1585 3593 1572 4585 6857 8020 7628 3483 7242 259 3884 3900 773 6771 4661 2462 6654 1254 
