5155 3002 8208 3662 970 9934 4408 9099 5806 7508 8132 7318 5661 5375 6851 2019 8163 3347 4812 8767 8727 1707 8539 2862 2115 4460 2018 6657 448 5648 3689 5841 7494 3303 844 4333 2604 8358 8533 7940 5866 5422 9482 5427 2920 5622 167 227 3807 4269 4527 8809 2792 3247 7441 166 4289 8127 2010 7612 4919 1800 965 6969 4854 3173 5857 3440 1261 7599 9300 4083 781 4271 2654 49 5394 3347 9156 4222 9212 4401 5482 1940 8980 4940 804 200 8708 2966 9685 2206 2097 7537 7281 9619 3467 9328 9962 4752 393 7592 8960 9263 805 7276 4459 2698 5455 790 
9711 9994 6352 2847 2346 9118 9795 8519 7183 7688 7944 9529 3807 2048 1352 3962 2360 4937 6282 4097 8101 1801 9587 4995 2728 9808 7185 400 1396 1824 4779 2520 1479 9977 9981 8777 8827 4878 8915 2995 6634 983 9410 3658 6170 4900 3782 4801 9123 7894 1085 5341 2284 9583 1947 2901 2382 8999 5061 7769 5182 2498 1920 9046 8418 6730 9611 2461 3940 6593 7375 9983 3082 7330 2345 8030 2136 8786 156 7454 3761 8368 8026 5409 4550 2392 6072 3415 1237 6472 6190 2476 4085 5974 7530 9231 4509 6022 7547 4399 4982 5066 3238 4582 6289 8670 2060 7770 5278 1973 
1821 6183 2596 6249 2972 9511 7966 5720 4592 8329 7051 9880 4622 8637 54 6691 9132 5514 5230 1584 1019 9669 3864 9677 9351 738 5242 1763 7975 1763 704 8003 3095 3548 6931 4896 9494 9184 4556 6764 8080 3753 2337 6862 9187 6117 8841 8583 9649 762 4646 5367 2274 1061 631 2127 7286 2427 7775 6744 990 883 6696 1419 5756 1228 5135 5298 9581 1207 9714 5202 5003 9316 3110 741 1381 4035 8155 9886 8666 8825 7321 7720 7655 4671 8749 9604 7557 9275 7881 2904 560 2799 5528 8411 275 5329 8232 6030 5796 1142 3927 3045 3046 6822 4829 4061 8501 7389 
8511 8330 3755 7281 7267 8367 7301 4732 4858 8343 4794 9882 2934 8466 9561 9842 4999 8795 8261 8976 322 6204 921 9597 7354 5926 4921 9213 5353 4465 288 1676 4214 9389 9972 1319 6722 6574 563 7533 1671 4126 4255 7845 3907 5554 3084 5122 6659 2661 4061 902 6382 8087 1159 4678 2512 4246 4954 8210 8870 5091 8113 650 7635 4522 1626 9024 5803 8147 8489 8841 9340 9355 7536 9325 7104 4422 8509 3307 1536 528 1018 5741 1674 6028 9740 8625 9059 5084 1220 1673 9921 2425 4955 3735 1900 1496 9479 1808 4941 7748 3899 2914 6655 7738 8854 5255 53 7480 
7895 7254 3028 6819 304 211 281 4945 5421 3840 5440 374 9043 8250 928 9081 285 5218 6864 7224 251 3362 3827 9810 1510 3214 9443 1142 1059 7175 2281 4940 922 6794 6067 5916 3215 6593 6265 3825 3006 5247 3077 5203 4834 2690 5628 5105 6172 7051 5338 7148 4664 2835 1627 3457 5187 6439 9506 3776 7506 5242 8196 370 8828 7440 2593 6259 9861 2175 471 4860 4284 9348 4799 1866 6902 4546 3661 1256 1372 4464 3205 3229 4386 8137 8851 8660 3202 492 2788 9568 9039 7063 3964 2355 5858 8842 3785 3568 4360 1503 4056 7676 5980 1906 1225 2187 9816 6445 
3047 4400 5675 7705 373 2741 6635 9694 7072 3388 7567 6563 9339 5585 91 1499 2006 2447 4730 2578 1700 5454 6331 9627 3056 1294 4931 7015 9312 5280 2043 2765 520 5681 4597 3069 1153 2835 1359 5270 9955 3732 8284 9223 2466 8711 6062 6768 5878 7272 8918 6049 861 5996 6929 1470 2891 8817 7665 7729 2784 945 1017 4710 4490 4790 6084 3366 8654 1925 9212 5627 6933 5154 4426 454 4014 7431 4498 196 5375 9958 6756 7740 2719 8409 8057 3531 8126 3302 2362 2231 6829 1403 9219 7419 6987 4743 1781 4565 9529 5516 1216 7915 9423 1952 7179 4541 2135 5267 
7155 4960 6150 4152 6324 5185 3864 3322 9313 7837 1940 6435 2594 2853 4761 4153 7684 4406 2806 8309 1340 6530 3724 1164 6207 7827 4727 530 6415 974 1363 7857 248 807 9934 1570 1440 5128 9915 4709 4325 3060 7428 3536 9319 9468 2499 5017 4084 8098 4462 1151 8422 2867 1795 2369 2026 4726 5221 3770 1523 5350 3377 5267 9727 1684 92 9038 7114 6175 2522 9613 891 2234 1259 341 2223 5804 381 4153 2709 6840 2072 3928 7733 4971 3924 2846 9036 8692 8177 2373 7169 9065 4212 8439 8914 5140 2152 2970 2755 7332 7805 1675 1089 8948 9998 9013 7745 9261 
9820 464 1095 1911 1770 4599 8 9744 6790 9541 3658 38 1171 7628 3672 7599 5956 4078 5554 3801 4293 281 2361 2523 7426 714 56 9603 9985 5050 835 304 4956 1541 7917 7135 8907 9997 335 3581 8068 9549 5142 3210 9654 7882 5965 3817 9065 873 6566 2790 3021 4655 4486 3386 4759 3730 4858 9790 7846 9130 6830 5771 5640 7777 685 337 372 9461 3101 5865 6573 7028 8262 5577 4036 6538 7358 3053 7706 7480 7910 1291 8219 6394 9581 6264 7258 9133 5753 7264 2024 5833 9631 8931 1633 1998 299 6340 8497 7002 9007 5082 7851 3391 8498 7575 4287 1222 
9317 9745 4018 1315 6214 6645 5474 28 180 1124 2877 1375 9555 5423 368 7181 1327 3382 5895 6275 8629 480 10 3496 2781 69 6976 2281 954 8771 8440 3378 4972 4994 9560 7586 512 6935 7103 254 4545 9172 3484 9135 5064 4244 9588 5856 9959 5015 7536 7048 8387 6206 9433 3909 1157 7916 6587 3535 3978 9361 7671 5155 7448 9126 9452 5839 6999 7600 3529 8859 37 5323 6077 5395 3851 8177 5863 5246 3904 6010 2472 7490 9334 7719 2736 4468 2738 1935 1171 9437 4780 5838 9798 997 3788 2451 2263 5720 3984 3687 4321 9074 1602 8044 6749 6592 3132 6421 
6848 6661 2046 2569 5648 2233 7436 7219 964 61 1463 6869 2434 3241 689 4452 7100 588 6597 5303 2783 9872 8737 4605 7928 7475 7616 482 2533 5850 4573 785 6986 6104 2672 7286 5614 8606 2309 1970 5364 624 4216 9480 8843 4409 8689 5907 6447 7497 6692 2019 6484 6763 6793 2049 2590 5119 3269 2702 8482 3816 194 4068 7201 178 8999 434 850 9738 7986 9783 4046 1005 1696 3704 3581 6686 3585 8180 7979 9387 8109 2634 2040 7707 3061 2427 1412 5738 4944 4098 8587 1831 3639 1903 3998 3512 4838 4703 9970 9164 3111 4859 5586 327 4720 8589 7001 6876 
8585 8866 9001 1340 1763 9693 6742 1946 3721 7919 1095 7832 3551 8136 716 8348 4552 1095 5583 2896 8231 5925 8942 3230 5946 5759 3826 2702 6149 9080 3526 6009 6175 392 4689 8797 9745 693 2593 9811 8719 4983 970 6189 7459 8655 3552 6206 4798 3944 8465 9599 7902 507 5365 987 9596 1853 7753 5551 9440 5396 2641 5994 6092 1647 7128 8703 6286 8540 2203 2961 8665 4515 8324 1148 5782 6354 3781 7853 9813 2096 4112 1062 3016 6142 221 3596 2051 1207 4562 4521 1254 2860 4617 263 1810 6012 5163 9202 2037 118 6619 9609 769 3103 1332 4567 2746 9968 
6073 8367 4098 5750 1453 2585 2278 477 3530 7592 2972 4551 4494 8723 3753 8556 1438 9643 841 7749 5397 9046 9408 7692 1120 3311 3802 6154 3639 6016 1345 416 9121 7734 637 6782 6584 387 5362 6761 6068 1966 2395 3050 6178 5187 4193 3202 7734 3917 2514 5139 5909 6260 7517 3525 2559 4733 8127 102 536 8490 6079 2525 5221 4310 2654 5478 3027 2896 4355 6541 4234 8623 3830 990 1817 8968 1518 9850 9381 1582 2463 8183 3191 7493 7024 8684 2319 8376 1283 8754 283 2724 1458 4282 3905 393 4975 262 2878 3458 7385 2395 489 6549 6680 1121 5730 1484 
6705 3841 7042 3394 7891 1306 8426 1999 6669 8421 5957 8363 1820 5779 3799 7110 5162 9191 5712 3569 5269 2618 855 9183 1291 7091 2768 9806 8991 2430 1725 9150 902 7077 5510 432 3754 5589 2147 5836 9448 7840 753 3032 4160 6455 8717 2719 1457 5673 126 4038 342 585 6549 3435 2152 2468 4683 7417 7050 3098 5404 2574 7685 2177 1130 4946 7920 5762 2095 454 9825 810 1935 2990 6846 1288 3096 675 1264 1192 6883 3847 746 12 9336 780 1388 1193 5448 1946 4286 5638 4508 5042 1943 5288 1287 5885 299 2299 2629 1434 6328 9243 5776 9612 9657 7816 
9971 3283 3461 3503 8453 7431 722 4539 8760 5223 5675 7660 474 3516 2950 3790 9423 9812 8399 1648 4684 9140 2159 1054 1535 5669 8185 8626 704 1324 2928 1144 6794 3280 5583 9502 7427 4494 4498 5981 6125 6218 6075 1759 1705 6512 1128 3370 5314 6561 3560 3736 1547 3642 197 2747 7355 970 1211 8780 828 633 2220 4538 8328 8335 1169 2506 8619 7083 9811 4968 9817 3454 3954 101 5382 2192 3929 1232 4503 5108 8013 2021 7451 4819 2570 6607 7494 9207 8006 4198 8451 8974 5545 9148 6206 1285 4508 2467 8510 627 7692 8431 2037 73 37 7288 186 5439 
3611 3437 5052 9974 1806 9952 1451 7961 239 9100 356 3348 1700 2060 5607 124 5192 1930 9898 987 5802 5694 3691 4044 6832 1970 4186 3180 5404 945 2585 4721 5773 1489 5824 3272 3947 637 9358 1538 3561 3307 316 5819 2571 4411 6489 9356 8270 2274 7849 2698 6446 7590 9823 3303 4877 4903 894 5976 9019 8391 7759 589 2991 6141 5622 9889 9027 2438 208 793 4607 5078 5275 9974 4908 7737 7509 2157 80 8862 4572 1831 8819 6817 1651 713 4460 4780 3382 884 7488 2122 5889 586 952 238 3785 1959 2476 5075 5694 2756 4916 8330 5737 9362 4962 8957 
3244 1698 7370 2476 9355 3631 4754 3784 8091 9058 4154 9745 6878 5194 8368 8275 8130 840 4731 8063 8788 5426 7532 6747 8014 6048 5687 5965 2531 2991 2966 8852 3167 1648 8640 3032 4039 8222 8556 1782 4119 8421 5887 667 3391 2886 202 1657 2027 7804 406 4534 8937 8490 9507 4171 7543 8523 7367 9748 4637 5569 6511 7406 4686 5989 9161 3066 1520 8763 403 6562 7107 8701 5678 2487 6083 2420 4612 1326 7797 2014 9848 7856 9174 5642 5143 6537 3107 2480 1242 9802 4347 5331 6288 7266 302 9777 562 2741 7167 526 4257 3437 1359 2934 7872 9931 4788 1627 
5526 5434 8939 9067 2559 9340 5680 9391 7468 3642 6137 3772 583 1867 4629 9256 1077 2444 6818 1131 7468 9580 750 5104 1551 5968 6569 8312 604 4621 4847 3740 7719 3644 3690 1710 7147 9719 657 6791 2603 6637 8039 4275 7047 2250 1918 9947 9764 4343 3890 6536 6016 5152 3948 2812 349 2746 7176 4764 1817 3938 9831 9214 8245 9192 7237 1521 5322 9764 2489 8862 3951 6239 4076 1947 7369 642 9313 5586 5439 1659 6176 8258 1741 5028 4936 5490 3086 713 253 1305 9896 2046 3271 5482 4590 4811 4580 7365 2311 1786 7750 421 5262 8611 2262 2079 6042 1767 
9021 2907 4488 9288 1326 5581 8510 1021 6252 716 1061 684 225 3511 4591 3860 7122 5763 1595 9531 3326 1728 6006 7781 2971 2779 7477 6376 4168 1200 8563 1865 7218 7347 7877 2619 978 4496 4847 1689 9163 8753 5869 657 8693 5407 1865 3421 88 5879 8680 4982 6482 7591 3098 9842 4315 4271 9109 8925 661 4675 1931 7453 1052 3302 3830 2154 1845 1929 1802 8057 6081 2620 1652 6993 5218 6215 4387 684 7211 9051 1131 7468 3 5927 9950 5688 2084 2331 8574 8634 2047 5191 5915 8836 3056 8507 322 2200 6282 3019 84 3027 6601 6610 5706 6660 1089 4853 
6155 133 5682 2632 2452 3944 7780 5875 8841 3725 4426 6784 4896 4086 7795 1092 5984 8798 6695 4882 4711 2154 6024 8617 9152 5191 3974 6004 1091 210 3419 879 5678 1345 7687 5597 8310 1384 1546 7085 4386 3373 304 5405 4639 6953 9151 8206 2084 9506 1768 1383 2768 9106 3615 4481 220 2036 6753 2726 777 2643 9456 4708 2561 9500 2440 3588 77 8338 547 7337 6278 3797 9213 2005 2908 3355 6574 1305 9651 8949 1533 9277 1786 8831 7100 8630 615 5447 9773 147 4015 6774 2568 1792 2993 7478 4124 2403 8031 7491 1196 8986 1042 9017 7779 6616 439 8817 
1839 5252 9084 4003 7548 109 7039 6613 5996 2769 6547 7033 6252 4623 3039 2505 388 3852 9405 1791 2410 5650 8921 6476 4184 8950 3916 517 8766 2219 1749 4569 1307 850 6262 1687 9439 9981 8441 4905 8633 1117 7480 6858 4083 8477 3150 9795 4197 6039 2462 3519 3229 2083 6864 7688 1652 907 5941 2105 1836 987 9247 7951 7828 1866 5956 8637 7063 2052 8195 5554 6544 6743 4824 1695 5717 8727 4117 9451 1366 4427 2273 4348 9771 5195 9985 7719 8294 8223 8768 1730 2919 1969 4887 1752 5927 2729 5605 4475 1947 1614 5074 4444 2160 1914 3833 5953 5771 79 
9187 9284 4783 9330 7699 3302 3418 8833 8369 8747 3705 8045 1727 5425 2033 879 8068 5667 7121 5866 912 7023 1980 6943 7142 4543 5870 913 8447 6807 4546 8934 1968 695 1513 5074 2991 6150 6438 7820 4022 5745 8402 9093 4905 3760 9449 6136 8433 3084 7979 2841 7467 2613 9659 7006 9043 201 4984 6681 3817 7039 448 6538 9244 1860 243 3827 4398 5780 7650 3808 9028 3317 9283 854 893 5560 3178 3076 1427 2449 9537 2245 7228 5681 3458 6947 1943 6590 3835 7046 5214 1015 7905 9465 8326 9835 1681 5929 7788 2621 8488 1837 7814 5214 4025 7808 5241 9625 
3524 7902 591 8519 9728 4180 9896 5386 6050 1387 7175 4285 6377 7578 6578 5243 6891 332 8679 6938 565 9027 6696 8523 9873 8174 8875 587 1122 5267 7946 789 8990 543 5983 5573 6480 3208 5990 8432 5700 157 6540 6100 6004 9770 8262 9847 9793 40 4363 5208 9835 370 8929 3152 5989 7978 2899 6702 5635 2808 1951 948 3684 9606 4145 5023 7971 3369 7071 3697 5212 8437 5050 7705 769 9291 3997 5192 6372 9747 8466 7228 5736 8611 8193 7161 4653 8973 3817 8553 4713 7776 8302 9353 6488 9280 6077 3586 3868 9272 1001 1382 5578 5484 9517 9722 6998 7348 
655 3014 8109 3970 788 3708 3020 634 8818 1675 3991 7565 6910 8781 47 132 9469 4514 811 7637 2114 2096 4189 537 9626 6752 4251 3892 2744 4510 472 8726 9208 9539 9049 5827 1587 8326 1359 4643 645 1024 8477 8964 8494 9825 8397 8443 5770 943 6940 7450 9154 9533 6441 923 2175 7739 4188 7137 365 8087 2842 7835 4945 9573 5054 4349 9605 3619 782 9422 6988 7962 4001 354 5363 5114 5563 8456 1912 4670 5551 6624 2122 1997 5765 5244 5765 5156 3034 5732 3857 573 1897 9328 1017 5391 183 1359 7902 7596 6693 9323 7317 2950 9988 769 826 2264 
5229 9314 7005 1202 9372 9685 7214 3025 2211 8970 2406 7704 2931 6202 3798 6574 9961 5787 6479 6931 4745 985 4933 3791 1886 3888 4642 1863 3756 6624 339 8937 8322 5816 3759 2622 4208 5650 6048 7933 7114 9314 1649 9087 857 3821 3991 8339 5545 4163 1922 4072 3086 9597 6007 3544 3110 2492 6784 7156 7309 8881 5390 5442 4223 5655 3444 2529 6249 742 2262 1604 6760 7765 6192 2926 5868 6192 6395 3914 8852 1363 5030 4276 2194 2370 2706 9028 1320 7405 4508 8301 3447 7238 5390 1486 4360 1289 9847 8704 6063 3791 4923 6156 5461 8402 5978 6748 2587 6064 
2056 2557 9915 5511 731 2836 9221 8157 9078 4854 1076 3954 7495 4801 3694 9312 7762 4361 4456 6152 2226 9284 5821 8474 4966 7571 6860 2509 6877 8534 1664 744 911 9312 4040 6506 319 2278 67 1920 2658 8623 1471 2980 9651 1182 11 8638 2922 3317 6391 2039 2459 5540 4456 5586 6654 8873 6502 7067 8354 5182 2198 2627 613 2843 3498 3321 7510 2951 6237 9250 4226 661 4631 7566 3381 2773 1899 7119 8800 1988 8247 6509 6909 5735 7962 5926 9079 8616 1012 5627 905 7865 1525 9582 330 7581 484 7956 6898 5249 5393 4659 9940 26 7003 7986 4097 5347 
3453 6783 8275 644 8452 283 2643 9933 4279 1315 5564 2689 8201 6013 8512 2697 9573 7139 5120 7234 270 1706 4815 576 348 2197 674 4744 8907 3474 9109 3588 2429 5247 643 3402 7002 9455 6753 9842 9695 3658 67 1182 8223 6002 6982 7680 5857 1931 1840 3199 8589 9072 1618 9473 2745 5249 6782 4166 2531 9938 2918 5046 917 3921 8383 9052 1258 4386 6404 9886 293 4379 320 9083 6615 2349 1603 1191 1624 1501 1006 6325 5677 9834 5832 6818 7824 904 9129 3175 8499 5524 5037 618 471 6346 7447 7620 3523 6381 1982 6016 575 2813 9884 1836 898 9259 
3238 5606 6790 8130 9581 2854 275 527 6201 1954 4325 6138 4438 9316 2035 2110 2693 7753 2242 8780 2482 3567 1385 941 5689 2882 8935 2212 9459 7383 7093 9021 8295 2901 7112 9339 7485 4511 7714 5597 2221 7860 5474 2888 1758 8962 8861 9572 5921 6886 7024 394 3487 1332 5069 8254 3582 8537 5995 4223 2758 6527 7374 9723 256 5522 6098 1328 8632 6005 1024 1333 5413 363 4376 3056 2602 6292 2791 3811 5331 4370 7490 7668 9330 2628 435 3252 4870 6909 8831 7719 2276 9828 5088 9 6150 8107 9162 6525 7822 3704 2055 7530 6582 6555 4124 3079 8463 397 
9019 5009 3889 8875 9803 703 9156 6078 6490 1496 4435 226 6098 4689 83 3356 4650 1763 4179 3616 2886 3136 7217 1953 9224 4798 2871 8286 7973 253 3983 6925 4279 6135 8295 2946 7198 4455 949 6081 6297 7121 3370 7238 8489 2275 5832 2849 8689 9366 5398 1200 165 6088 8938 58 4180 8633 5782 1628 9481 1798 9120 69 2537 4632 2173 6374 8372 2179 5996 1456 4991 2045 4393 3540 1631 1994 5454 3797 2958 9287 228 9684 1737 8739 8195 7035 2554 5308 8530 2054 6450 101 4684 8433 4967 8723 7997 9744 6945 1300 6987 8824 7175 8844 9942 8850 5785 5330 
4580 9119 6135 408 3241 8451 8736 7587 8324 3484 4721 9278 6565 6999 7270 306 8172 6945 527 145 5964 5605 1200 868 3180 3254 796 6762 6353 9914 5185 1264 8901 1692 5801 3666 1551 4215 9204 2849 3329 5407 9896 8219 6036 7294 8105 6553 4296 990 9159 7827 6030 3239 4211 7952 1325 1649 2900 3974 2479 2968 9517 2133 2550 9529 3562 4195 6737 3184 4711 6103 6662 8985 7909 3668 6221 7265 1100 8831 2473 2997 3082 7154 2452 9530 7228 7834 5342 5055 4096 4631 6515 1631 3557 4690 6380 1845 7664 8779 2661 8475 2998 2865 3195 5819 6734 8381 2595 3661 
1038 3541 4995 6346 6331 2661 8675 3281 9877 5490 3700 3591 8912 1011 8730 2741 2287 8130 6303 1352 4386 7756 2031 3752 5593 1830 3193 8911 2025 7881 3040 9174 8984 3328 2716 2924 4568 9819 6671 1945 256 5936 9205 7039 260 6620 6253 7005 2710 8322 6178 6309 5518 2105 1226 2113 5572 3692 530 3993 9722 9299 8309 980 1029 2223 3367 4160 2182 8788 5084 4634 9651 6602 1561 7779 7509 3584 7834 7447 8899 745 962 7 128 4957 7552 1350 1676 6325 9543 8268 122 8052 5529 5777 5828 595 5769 4663 3641 4302 9882 3682 9042 1365 6365 497 9360 6327 
1590 8633 7901 8262 8061 45 7601 3666 6903 317 2732 3719 1826 4590 2781 2446 4296 6880 229 4460 1855 830 2659 9444 4854 689 7075 7046 4084 2829 6054 1118 6932 5658 1376 4691 8919 2953 8224 4518 4195 4310 3669 5993 6081 6035 3996 9458 4811 1625 3411 9595 2378 425 7337 2395 3130 9565 1936 1333 6534 140 1082 3131 2572 6309 2646 6825 3119 4534 3131 9640 1444 7588 7162 2594 9324 5577 1750 8459 4992 9132 7697 8557 7317 7916 7672 2041 6336 9564 507 3000 6700 7484 5580 6898 1785 6245 4280 9121 925 625 3562 3094 3747 8026 141 3972 6955 4847 
4907 6510 1231 7643 6475 6540 513 2227 7999 2539 7125 4322 4391 3833 3020 7287 8838 1870 7250 735 4963 1837 3430 817 935 9123 1392 400 1090 8797 5445 241 845 9059 1968 9349 8130 433 3427 4877 804 5679 2953 2765 3906 2422 4178 8148 2344 1823 9050 3362 3595 809 7838 8399 4715 2164 3280 593 1847 2555 1696 7280 6203 5916 8715 5569 2757 9236 1815 8285 3902 7252 8467 408 8669 9284 7867 7111 1200 8970 1732 7520 3976 9730 3119 1421 2700 595 3383 4866 3900 9044 5913 8902 813 3684 7122 7153 9497 9722 9861 3765 7642 4633 4667 6335 5315 2037 
5247 6119 8051 901 5458 4901 2348 1971 1450 3187 1010 1820 1483 3388 1587 8860 9340 6674 9217 6931 378 2727 2824 6835 4642 7861 9712 1147 2796 733 6066 3961 5282 1188 3282 3660 2131 2199 223 6054 4862 2762 9870 8881 2486 6098 910 1912 4428 8977 4376 3212 8668 9443 3158 35 2920 2747 611 7736 9807 1041 5809 2895 3012 2383 3244 9320 2092 9137 8696 9911 3852 2365 2696 9291 7711 4619 6317 6495 9870 6329 9685 1683 8973 3186 1266 7223 9763 22 9176 9630 9303 1652 7586 5718 2062 7815 3289 1026 348 7160 6234 1641 2953 1266 3970 2348 1081 3455 
6658 3415 8893 7324 178 4315 2681 4500 7440 6787 2564 1399 3568 2118 3070 4485 3769 2346 3832 5932 9256 947 6217 8287 3238 8827 823 7684 5310 6981 6533 9191 2490 5187 2651 3804 3965 6728 2547 8663 3172 9487 4058 8854 6149 5501 9440 6321 1983 6848 5266 9199 7662 4473 6500 1559 3602 6172 7036 9416 1643 8385 284 5721 5373 6409 857 644 5106 3875 3655 8711 7269 9536 9037 8766 8359 5458 9727 4375 7239 4492 5312 2960 1602 4585 9300 106 6684 4729 4815 4266 2919 2552 7051 7675 1591 1010 5627 9737 8493 5535 3743 4409 3988 435 6837 9095 3875 9140 
3188 389 1034 968 149 6402 8059 9106 6880 6609 3606 7189 2948 1793 9311 966 6095 4337 3134 6650 3217 4057 4163 7500 9716 6737 5797 3201 6859 5698 3503 3910 8814 6795 9021 9090 2686 793 5995 2721 734 3725 572 5855 3097 4231 1742 1385 6208 8637 2375 2872 4551 2115 7551 6197 8095 4608 2500 2812 6002 4199 7973 254 363 9784 5921 9123 1193 3948 1224 9260 4619 938 9765 3654 5461 701 6768 9605 3586 7912 5800 6974 7599 8723 9336 3928 7075 4522 6613 1652 7056 8864 124 9228 4565 6206 9491 698 6909 9502 6747 6958 8948 2617 3007 8900 7424 7763 
2602 3337 6312 7731 6390 3935 3490 821 1493 3422 5724 230 3442 7514 5382 4152 3110 6432 8059 2592 3491 3084 2727 5743 9982 9175 4705 6690 386 3393 7970 1316 9072 7394 1779 5301 2676 6167 1700 8474 8330 2595 3544 9565 3792 4088 9948 6253 5121 7806 8924 4048 3344 2118 5899 5313 6331 9487 4925 9397 8889 6219 7084 276 2370 5316 7958 1721 9412 2143 711 5997 7461 7441 5945 5288 2815 3805 1664 7792 2224 6148 1613 3516 7320 1889 5200 9684 4205 4802 7005 8218 3750 702 5032 2255 6083 1407 6293 1116 590 5697 9221 5183 8383 9302 6997 324 2816 6178 
4131 5191 9345 6207 9610 1867 7347 9856 9642 8209 5316 3467 6880 7899 4642 6518 9818 8941 5759 4921 8867 1107 8193 7153 2203 8941 6262 6090 5685 6841 302 7885 6502 4717 6969 7445 6386 8439 988 6419 2771 9140 8991 3566 6621 8087 6275 3402 5520 7215 3452 4540 1784 8870 2255 9974 4903 1877 452 7241 9956 1087 5633 4507 9564 6570 3273 5825 5860 6345 408 1908 8212 4171 5331 3622 1413 9774 3499 212 2033 6252 7913 2664 3770 954 928 6893 9106 4275 9176 4446 2093 2319 9892 2195 9673 9017 8232 5375 1931 8462 9628 2800 7373 204 5856 7692 6303 8588 
9697 9527 3252 3100 4252 3434 5180 4693 2799 2906 5083 8551 6789 2347 869 468 3422 6571 7754 2235 5087 858 6875 9294 6010 3704 6954 6688 4260 3060 6657 1503 5867 8928 6248 9014 6013 5620 334 9103 6839 6212 4055 9792 4884 3555 8062 610 5497 9581 4175 5354 2365 3103 3032 7471 9504 787 2310 3010 832 2422 1025 4184 2537 1488 2597 1360 8744 2795 9639 8768 7973 3374 7189 3612 2661 4260 8403 3256 4830 9985 221 9979 2488 3010 6750 8907 9565 3841 7437 2869 261 5595 3682 380 2772 3701 8113 1560 7163 7874 5300 2038 4697 9858 2034 1772 2148 6106 
406 3204 7842 3825 5312 535 6140 5711 9282 7004 8724 8318 8757 2952 7952 3092 3487 3260 5287 6148 1183 6320 7433 1144 1571 2517 4168 3468 9817 7944 614 4484 7057 2435 6818 8842 9237 325 5766 8887 4643 4957 689 9167 4376 924 14 8599 9961 283 4310 3515 698 501 9028 9566 3321 1587 1659 5915 9918 4407 5052 3661 349 2676 2410 1682 8344 7664 5323 6543 9457 6423 3397 5842 6671 2750 68 7291 5963 2383 8542 1189 7541 813 8639 7085 5164 3916 807 6759 9895 8519 2772 7822 8868 2404 6018 2811 9160 7198 1985 4227 9962 2352 9525 3746 8112 7975 
1462 1063 206 74 8841 8110 4450 100 3309 9311 1243 7045 4894 5119 4663 3184 9303 7893 8318 9161 9618 9402 4819 843 4441 1016 8241 7101 2323 2154 838 1474 9527 3726 8268 1981 2843 3373 2867 3133 2210 9780 8333 9644 2253 4391 1026 5914 5291 4307 7780 3194 1494 3267 9443 8560 4519 8058 7039 8545 7833 3828 5993 8114 8893 3065 9093 8853 2464 3155 4792 6060 4229 6259 3319 8493 2075 5447 753 6433 6876 7642 23 5084 6063 3024 5017 5197 7975 6770 6999 6995 4861 2741 4845 9780 4857 252 8885 916 4924 9634 2108 4979 131 8953 8882 4052 3618 7247 
8618 7251 6352 418 9602 124 6291 881 8998 9700 2688 6934 6268 1158 2778 4052 8088 4566 3257 7525 5818 1951 8957 4802 4847 4846 1867 6143 4260 9413 1621 1975 7041 8277 8309 7281 6735 5447 3664 8362 4749 391 7841 8269 951 5346 4577 6131 8682 6559 8570 3053 9440 1644 6046 4104 6788 4579 2627 5483 6833 7111 899 3942 6217 5263 5969 4950 2660 1359 5142 5662 4496 4708 6231 2460 7448 440 2997 720 8638 5079 1809 6686 6964 7253 3833 9661 9446 3577 3622 4952 9058 9543 366 4064 5594 3781 8947 5171 1591 9814 7628 6678 5050 3998 8816 3098 4366 8563 
1061 8954 3084 5965 4242 7189 581 6451 1059 1628 8880 7496 5451 4629 7002 4037 4843 7706 6877 6921 1085 5378 9095 7664 6273 1615 3635 4653 7024 5304 9937 1740 2925 2669 4469 6780 475 2219 8008 1703 429 9568 9280 4397 1860 9356 565 2924 2767 2703 9496 4338 5614 610 3433 8868 2272 7769 7932 4554 7202 2170 7867 5731 4264 4216 2031 8507 1861 4020 3213 7572 4786 1243 9112 1346 8343 3838 9457 7364 897 2062 9614 4211 5871 3878 1491 6133 5876 4893 2275 1704 3512 5196 9445 1377 8208 4008 7812 8589 2812 5716 6170 8792 6228 2808 7821 7393 5973 6994 
16 1566 2977 5270 701 4930 1770 3241 6230 6436 359 7489 8422 2216 831 8139 6856 3332 5605 4724 998 8221 7562 7808 8897 9103 2295 7254 3549 2272 5737 4796 4512 1472 1554 970 1146 561 2841 8791 4477 1801 3153 5347 6629 6768 2679 884 5021 9994 6172 3548 285 4395 8579 7237 1103 4872 8928 8095 3437 1701 9967 805 8351 8669 9585 8929 8973 1619 2518 4755 7707 9307 1769 1056 2454 4696 5878 2481 5918 9756 9173 7365 1789 899 8391 9930 2244 7633 708 7048 4441 4591 3279 3313 3820 3213 8562 353 653 726 8947 8473 4791 6122 9364 9326 1206 2463 
5291 4825 4801 9224 721 6694 3785 8853 8248 2619 4558 9441 72 530 270 724 6605 4580 6756 755 4286 4092 5845 2594 5526 95 9073 4530 528 5687 264 8372 2414 2130 335 746 8786 2519 6956 2259 9002 9012 247 7031 827 4781 6746 3787 2129 5125 4025 1287 1055 640 2744 1207 3372 7763 2213 8817 4620 4291 8546 5133 3385 5826 3262 539 6976 9960 5642 6377 9304 4263 5354 9783 8927 2702 5979 3247 9847 7490 8013 8965 6985 8141 1169 5165 6729 2677 8087 8871 9838 5051 4883 5317 3171 6476 3756 2113 134 7802 1948 7076 308 3965 882 9847 623 8369 
2594 9706 4949 6508 1058 6187 3897 1450 5144 6576 5620 5839 2267 105 339 1240 3554 3380 5791 1007 8051 1486 1295 6345 2131 5138 3926 5217 6871 8738 4097 815 2711 940 1073 9956 2394 6081 4530 4111 6199 2985 4899 5103 7665 9424 2162 3043 2782 9319 1681 7750 3762 981 512 7524 6080 5523 4701 2904 4676 9580 4333 5290 8945 657 8738 7718 8436 6750 5953 3381 6427 9535 6784 21 8689 723 3452 4517 3384 9815 7935 9407 2150 1099 6866 6260 6863 1909 4607 571 2102 3017 5693 1333 6073 8842 5570 4274 4963 3659 2707 8281 115 3414 1043 1811 904 2933 
5564 397 1781 3251 8179 702 5302 6808 2790 2830 4833 4224 2057 2635 2899 5647 8750 1494 7779 9870 1589 2018 2142 8394 7290 5580 2458 427 6333 9615 3197 8273 3184 7371 5957 1878 2993 3562 106 7156 4876 9059 8612 5674 1307 5105 5259 1799 1429 9318 5052 6551 6137 9427 7349 7581 9250 549 9694 5630 2498 7134 3413 1226 6029 6125 1229 8478 7103 8453 625 9355 1647 6067 2810 9263 7259 9318 4681 3285 6780 8110 1875 2878 3620 2877 574 4068 9473 7299 1517 1135 3217 326 4316 919 9668 5256 7638 7692 6999 3463 699 7631 6573 4874 4009 2874 4880 2941 
35 9643 7714 1966 2986 6784 8311 6581 328 6901 2737 6308 5710 475 4719 6178 3443 3675 7108 4213 279 9937 3950 6330 2255 8406 2165 1784 7233 6025 6710 2517 1664 4582 7334 9210 4424 9159 469 9379 6237 5602 1382 8988 4281 3102 6972 4985 6792 6814 9285 9022 5763 6018 9424 792 9235 6873 6422 2132 5601 3835 8620 8020 3110 480 5424 8964 7213 7840 5858 2196 8550 6146 9410 7312 6420 5877 5876 915 2067 4376 9388 3442 7552 4617 5968 4957 7248 842 5467 7775 391 934 2643 6037 7768 307 6414 8553 6652 1010 5122 563 1015 8454 8952 3795 4587 3827 
7624 8960 6425 631 1674 5156 9293 1833 313 3579 4525 2962 3452 2012 8344 8288 3495 6024 986 7741 5609 1070 2402 8374 7700 9449 8732 232 7204 7096 4651 237 5480 4283 366 5703 8334 1995 2497 9426 2395 7701 6002 9946 7648 3636 8383 3819 5428 7177 324 2901 9622 4583 9915 7417 1350 1735 8152 9019 7892 8647 3476 6884 3661 3178 7234 7631 2760 1353 3798 754 7977 8818 9897 5116 5494 568 2094 7465 3658 9550 9474 3126 6251 910 9585 6199 6610 9674 9064 7611 8971 6272 2276 4944 3737 8198 8661 872 4902 7688 3345 546 2002 8337 6869 6469 6349 6159 
6157 2027 5594 162 1807 3218 5284 1169 7713 9546 9966 6415 9315 7693 3163 633 9468 5684 2292 7458 5428 198 539 6716 9999 7001 7781 3191 3036 8391 8737 9595 7642 8807 9826 1025 6087 4182 6801 2057 5590 4273 6168 8635 8202 8412 8559 6692 8968 3964 6760 9217 799 629 5096 3932 7015 580 3110 1024 3596 4544 4421 4316 4916 2784 7118 5194 5832 9315 9958 2636 8434 4106 3322 5212 9941 5415 2648 4569 74 8067 3706 2215 2984 9181 6879 7143 9080 6763 893 8027 9117 619 4060 7657 9040 1807 498 4710 6656 2962 1852 3612 3195 672 2509 5064 6303 315 
7036 9152 7502 8909 5156 435 9357 6251 7761 2158 5244 2110 3627 7630 7338 8976 3398 8759 6866 5894 9274 3712 3776 3265 361 1297 7035 1578 5841 7689 9486 7436 1663 6388 3526 365 324 43 1118 6071 3270 2203 5018 7289 792 6207 506 4303 5879 6802 5069 8003 2128 8124 7394 3982 6845 5895 8745 5576 8946 4996 2010 1628 5525 789 8371 2794 2006 7637 2659 6737 6305 6927 5688 4675 9015 4919 440 5434 3218 9482 3807 8591 2637 4828 370 5423 6826 5561 9169 2821 2873 6341 5173 6592 1400 3608 1527 7970 3016 3444 1746 9122 1706 7292 5588 3848 5145 2404 
6043 5502 6658 1792 8752 1250 9025 4897 3923 1846 6739 687 2463 84 8777 4316 1343 6931 3498 8093 2533 6718 2862 6575 738 155 4643 9834 6187 4208 3883 7435 7605 5260 2932 890 7771 6491 618 7038 3704 9108 7235 3501 175 3900 4965 3218 6441 1929 4195 2102 7149 9997 5867 6767 5318 3370 4612 7773 3347 9407 3248 5531 8542 8200 2402 8633 3800 7131 8871 1348 9849 8578 5725 9209 1660 5336 7283 3715 2481 7968 8703 230 6785 9875 3336 2735 878 4874 3443 8949 8551 7300 8829 4665 7289 4027 6163 8031 7770 5023 2402 2564 8322 1117 1426 9891 5913 841 
9293 8993 6705 4745 4835 9673 6064 5698 1296 9109 5467 8686 3913 5189 501 6409 1546 8595 4495 5296 1368 3593 7407 3801 5991 2232 6076 4348 2216 2652 7082 2720 5887 6143 8725 4437 8191 2264 266 4693 9121 1777 1591 3399 8406 6114 8852 9325 8143 9063 7625 5887 5635 8019 6293 201 4880 3329 1922 9647 8288 5874 2820 8245 6491 9704 5935 1364 1436 2826 685 7517 6338 3985 2258 7938 6140 8339 2993 2539 1520 4080 6867 3908 1254 3842 5390 5489 2248 2145 9991 3186 4121 8727 6329 824 6707 8658 9436 2439 9527 4293 8052 878 5259 1206 2231 2584 873 5665 
3783 8289 1041 4132 3589 8486 7562 251 3031 8143 5244 4449 8379 3797 4663 8519 5519 276 9211 9203 1732 667 8207 5070 7408 3005 8222 5339 4352 4247 1451 9013 2486 4905 8869 686 3145 2527 4775 4991 8925 3965 1631 4973 3159 102 4214 2431 2613 5102 6994 8042 8538 8520 4206 6947 2583 462 7125 2036 268 8619 5953 2052 4160 4932 7185 3761 425 3495 9994 1004 904 4568 1589 3061 6655 8959 2872 4308 8037 2900 6941 8608 5775 445 4225 3831 4961 2988 7579 7888 1736 5495 8814 5114 958 3061 2448 8848 4412 5221 1700 9779 1821 9024 2477 5074 3187 8042 
4142 4260 9640 9525 9951 3157 6805 3783 9448 9619 2835 6915 147 4704 7464 5686 2691 1673 9649 943 7742 8310 93 6787 8428 6983 3470 9681 6724 3129 8606 5333 5373 66 5455 1399 1640 5336 1571 8403 4527 8178 406 9241 5618 6575 8044 7428 9081 1623 6129 8562 3280 5234 5854 8908 5029 4213 6626 9866 6211 93 8133 1386 8632 7023 7916 9923 7191 195 8024 4616 6771 9272 6010 2810 4741 901 5417 9791 4738 7728 8069 9761 9654 2749 1926 4451 5388 8823 7309 3884 8801 2139 3555 323 3502 798 8579 9082 2440 8174 8359 772 9289 1533 1533 7574 4823 9905 
6263 12 9291 1241 1634 9140 370 7866 3335 9377 242 4403 3069 9587 6925 4523 9689 7336 1346 3087 1191 2564 7054 2812 4068 9663 756 999 7779 17 6863 748 8706 4697 8910 7640 4112 6432 4428 1772 8245 8157 939 8393 4527 6882 7966 9832 5898 1850 474 4185 9133 2874 8337 6372 4521 7616 2234 8433 7052 4467 9707 6098 6243 9553 4827 2458 9401 6144 9914 5823 5260 5504 9515 3053 4966 2513 5708 8832 5153 543 274 2060 3239 9287 4119 6832 5767 9454 4656 7373 3304 1470 5449 8494 8258 3999 1057 3921 2145 1147 1469 7239 1097 3419 9749 8349 1334 1685 
