8113 3266 2775 8177 2193 10 6418 4142 921 5943 7133 9182 2354 8620 7653 7146 5722 964 8977 9660 9080 3745 4136 9168 6276 3894 7820 4015 3721 1705 4655 888 3550 1786 3725 465 6612 5269 5806 4913 
8292 7233 617 8787 9410 6408 9738 2944 6701 9067 2778 4123 2381 7804 9521 5496 5002 9972 4657 4202 4191 6645 7278 7536 5895 5985 2369 6017 8856 6646 7429 7774 8420 1426 5716 3170 9593 1827 8819 428 
6849 7524 7370 7434 3613 9610 3953 9700 1413 4914 3720 5678 7194 9454 5108 8999 1422 5567 5693 1745 9293 2454 6999 9768 2202 9826 9825 7275 6708 7403 8776 6185 6745 7433 323 7327 2229 8331 126 8409 
3861 261 5577 8716 215 2420 1810 5218 7436 803 4635 9212 5328 4712 1693 1440 6849 4207 8830 1997 4369 259 2495 4122 1655 7220 5853 6177 8410 6152 3795 3521 4619 3444 447 9681 7389 9555 5774 3152 
4725 5741 9396 8299 2300 8480 7810 8965 3324 9690 3903 7599 1152 1929 5900 3204 7166 8313 1246 8424 238 8158 2298 7121 9832 806 7648 1489 3436 5576 8842 5045 1058 65 5361 6168 4888 8456 6633 2688 
7408 1041 9169 3599 5571 1393 3253 1363 250 1299 5717 5811 8590 2471 676 5658 4435 4628 4567 5524 7775 7289 2536 2872 8447 9854 2445 8036 7896 444 7189 7926 8431 9893 8003 8871 6415 5627 4078 5256 
6914 2837 1305 610 8782 4917 8011 7699 160 4927 7954 4961 2288 8397 9283 2516 1285 8946 1061 7398 226 5584 5890 4659 2658 6839 3712 7557 5160 8335 5550 782 9656 130 1033 6130 1497 4117 3931 2472 
2054 7729 1354 6098 9447 5296 3833 8724 50 1487 4207 6077 3041 5849 7081 9340 6910 5563 88 4011 2966 4798 5258 1777 7698 715 1482 5989 2276 2593 5591 283 4282 3878 3519 5434 8973 7323 9274 6319 
4776 8545 9403 3681 7281 4387 657 9235 1443 2020 5885 1935 415 6458 6010 4124 3594 8887 9318 8637 95 387 3483 2268 8091 8059 7942 150 8166 4502 2194 8797 9986 6862 5621 6643 7221 6030 2936 9740 
2923 1758 3856 7102 2091 3652 4108 806 3334 7223 1877 6608 2291 3945 1605 2559 7645 5252 9745 3667 6984 6138 3097 5491 1606 6841 8655 2531 6367 9880 6771 8217 8452 4946 5896 1937 7321 9503 4855 2224 
5947 425 3419 99 4358 1707 1416 9412 6908 6928 9614 2725 6002 6767 5711 3029 9217 1860 7360 2467 6315 5925 7926 1290 8716 2965 7198 5689 2690 7920 1623 71 3699 4109 6799 7417 3336 7788 82 8012 
5716 6411 8753 6800 1145 9490 1925 72 6590 9393 7035 8766 3735 9030 1999 8637 9276 7744 5089 6451 562 4470 9358 7498 2330 9072 7067 2944 8070 568 8404 5335 6836 1909 5389 6107 1765 8690 6159 5193 
5863 7911 4959 4913 2449 7013 1870 1654 6594 6064 9848 5079 3221 9824 6573 8284 4346 5535 6118 1783 4268 3505 5193 5850 8484 8456 5936 8168 1380 5458 4213 1922 8955 2436 9990 9739 742 9794 8666 9574 
8325 8272 1732 6968 7532 2906 3342 6649 9799 2439 2923 1515 5429 4051 5478 9595 3150 6143 8078 4780 9201 3415 2579 2256 5056 2464 1391 7900 5597 1148 3631 2043 2768 6610 8400 1992 6916 6657 4972 7162 
4732 7335 9500 6267 5736 2324 9065 8147 6363 2725 2795 7219 9281 5791 2945 2722 3681 9417 9958 8545 7256 5544 3997 8460 4588 9327 3137 8371 4516 7378 7897 7949 6298 4545 6786 3193 7947 3603 201 2275 
4522 6008 7992 379 5637 3388 1430 7002 656 2520 6211 9364 7780 1299 6684 6953 9029 8709 4635 8365 9821 1973 4788 4310 7750 5454 4810 5006 5717 4233 7799 7456 8704 1643 8969 3714 469 3021 6941 5887 
5432 1177 6123 770 8353 9164 3448 4061 9760 641 936 6234 6874 7598 8603 6993 1205 8673 5083 6957 6556 9491 7355 7965 3677 4873 1232 587 9536 7003 7206 5971 7869 2481 3788 4892 9825 6607 9398 9179 
4121 473 6151 5806 3705 9741 8910 3062 2564 8846 5113 7328 5908 1290 6670 949 9526 9982 4745 7103 9942 6477 4213 1234 628 8001 484 9884 1392 548 7525 6296 8253 3022 8933 5610 9627 2223 370 4897 
5419 3732 3261 9498 6417 1418 5491 4399 5939 2276 7825 6871 5983 6669 1361 2988 7381 3948 7907 108 5167 9474 1084 1933 3610 6325 5857 1698 1175 9561 6 2589 8930 7699 7849 9197 2698 4226 3949 5131 
5933 1033 5988 8359 7140 4791 1528 1065 3862 4832 1378 8653 8599 6879 903 3236 7507 768 4553 4555 8873 9844 5134 2205 9311 312 1394 8029 8784 9795 8172 6808 139 5404 4237 7353 2314 9331 4162 9401 
