1337 1432 2904 770 3510 4477 8299 9648 7695 3456 3694 9891 7860 6882 232 8091 9895 278 1428 7783 3697 676 7575 6020 3063 4629 8598 4232 1458 6046 
5088 633 6075 4369 9128 3417 5541 271 8170 7155 7192 8816 7495 9091 7084 3820 604 4260 9523 5863 3264 1671 7451 3798 6792 4745 7580 2265 9428 7793 
1884 6748 4061 2230 8797 5893 8346 1881 7238 925 5366 8063 3388 3270 7347 2146 524 7596 5600 410 6788 2953 204 1152 8018 840 2855 2309 1624 6673 
2440 5651 483 2227 7032 3720 9403 577 2265 8950 3785 4070 6332 1171 4521 9364 2997 7224 5473 8496 7726 8437 9241 8136 6655 3345 8583 6390 9968 4944 
6022 1608 8582 4988 6510 3713 2290 610 8424 248 1480 855 3519 6864 4394 669 3425 3183 3265 1520 6901 295 2308 4092 5979 3533 2240 6606 3814 7321 
1007 4338 1660 8932 8665 7748 8408 1791 2680 3415 1830 1139 6733 4252 2508 3160 5187 1485 2249 3629 4008 174 7138 9564 8081 7176 4967 7211 6286 8157 
2342 3522 1401 1180 5981 8141 3975 3008 5648 7702 3030 8958 1616 4993 4720 7233 7541 1169 3819 715 1114 1609 1067 5802 5309 1036 5574 8040 1369 4733 
9465 54 4678 2201 1750 1801 8514 9693 6017 9389 7271 6760 7549 8439 832 5163 9444 9759 1871 1866 7311 2149 4892 7938 7320 2824 4116 8131 4108 4645 
5975 3280 4555 8822 2159 7741 4801 8917 5881 1883 2254 8607 3063 8282 2140 8627 667 5205 9592 3208 8492 2046 5065 7124 3206 4805 7161 1436 5207 23 
9669 9197 8227 3824 544 9456 6799 222 5493 6262 3875 1264 5943 6990 8789 870 5009 4993 3539 6836 2140 9987 2330 8376 605 94 5963 5396 5871 5411 
7096 4087 7482 5948 4598 2675 9857 5001 6868 7 7513 8870 9457 8003 7425 7432 9343 2201 5396 8575 4908 1900 8966 5646 478 1443 2320 8476 234 6578 
4282 9354 573 122 7914 4292 9870 4687 6804 8319 1079 1435 6052 3861 355 3990 9516 9751 6082 3181 8075 5793 7951 285 4299 6153 1677 5076 4327 4830 
6182 5617 3873 6211 4135 4044 7819 1278 6332 6343 8477 4385 9799 7718 9273 2945 2601 6462 4927 939 8927 8750 7033 8867 3838 7957 4686 4062 1526 1352 
4688 8008 5879 9185 5251 3944 8087 5804 7024 1166 7883 754 1417 2288 9613 2926 6520 9510 824 6887 2253 269 5138 9297 2305 8859 4995 2711 7277 3012 
5906 3401 7410 3831 6340 519 777 9756 7770 7937 7678 4243 6021 3266 9603 2973 3777 3272 2407 8271 3431 7475 9394 6686 1330 7431 397 7394 6051 6449 
7539 8518 1511 784 4066 9526 6814 6329 8122 4447 8150 7593 6528 9330 4853 9770 3753 234 2108 1202 8837 3980 8609 1047 1480 1976 2987 8939 8795 6152 
1850 7098 8662 8787 6843 8861 5666 6949 7597 4963 7650 4669 2640 6109 75 6555 8622 7307 2444 2954 662 8088 7270 3316 8813 5830 8549 6663 478 9919 
2543 6113 9574 481 6117 3872 8847 7730 5610 5445 3862 8809 3437 2904 7642 6211 4720 8467 1078 7518 7954 3843 5190 3590 6202 7403 5717 7389 9135 8046 
4252 5260 3344 8138 6936 872 960 8450 3034 1760 1225 5859 7487 4970 3401 8017 5520 6029 5253 9890 7362 697 7163 6240 4525 1043 627 8381 9850 4689 
9831 7421 2406 1871 3974 3393 8121 2683 6042 3531 8087 8734 1235 5659 9361 9917 7362 4025 3770 7090 729 8926 2917 15 2827 4699 4533 955 870 1312 
