8824 6499 3940 2269 5526 29 3552 2930 1479 2356 8521 6713 2314 4117 8818 6916 1774 5837 4319 6619 9487 9285 4497 8558 1678 4916 4515 3274 7715 5588 2062 8427 8155 5608 1262 6916 7053 8076 9715 7310 5791 8130 5996 1397 7249 8132 2019 3151 3007 3427 3478 385 8760 3725 6954 4152 8303 7190 5228 8688 5912 4848 6183 2442 3097 3464 794 6757 1269 9095 2053 906 576 1551 1923 7800 4049 1341 3183 7809 1247 8497 8022 2907 3735 927 6799 6391 495 9993 
9705 2199 9208 1185 1803 778 9900 7459 8380 4579 644 7565 3938 66 4302 8542 3193 5169 6850 1831 4851 2395 8027 3861 9583 8484 7131 9818 2397 9963 9047 6032 6630 2410 9885 824 7303 1275 3246 5268 7993 5511 694 7109 9134 5010 6581 5971 7389 762 6340 3386 8091 6225 7317 5561 5573 8031 9643 2099 4944 1861 906 333 4703 91 3875 8511 6120 6971 493 8650 9395 4936 2244 7309 7001 5148 5310 8559 3913 4990 9669 8823 8638 5754 1638 6134 6513 9143 
292 7974 5023 2200 5886 2945 2114 5333 8299 8946 8042 6666 9067 4581 6686 5619 2256 4858 3637 5891 3215 5523 3634 5640 9310 4978 7552 3599 6696 7309 7815 1144 8597 5391 4652 9791 4885 6503 2697 6204 8696 8916 3514 8540 4859 4554 6802 2429 6404 2140 4511 8451 8012 4134 6557 7697 503 1288 6085 3434 1555 6377 1740 2543 7609 7808 8768 925 9838 5360 1226 1068 8404 3842 5473 616 6215 2405 6775 2581 311 6748 3348 9922 1303 3484 668 6210 2636 4829 
1122 9435 6676 917 2201 8285 1264 347 7852 6840 9466 1949 9925 7711 1170 6290 5899 5353 621 7517 28 7308 5096 8799 5094 4137 1555 6316 246 6899 2271 6856 567 4880 1141 3208 1739 3558 1691 1637 9340 6408 787 8864 9891 9947 2435 8545 7921 5685 6360 1148 118 6150 3983 6901 9 7585 3342 3470 2795 5512 183 1367 5609 184 5705 1499 7349 431 1037 3214 4808 1268 6457 184 4290 7282 2115 8181 4744 5323 2365 8483 887 8873 3358 3665 9585 3005 
850 1511 4140 1910 8616 4337 9884 3554 2461 881 2647 7685 7382 6374 2812 267 8419 6662 5453 7935 4259 4794 233 3229 1946 1605 1797 8134 4362 9194 7676 8994 2960 3909 8399 6759 4388 5594 8871 3456 2196 1233 4186 8218 3403 9373 3849 1910 6715 4564 4522 1251 4116 9511 3040 9499 2549 6500 5989 8237 1535 7824 2828 4059 7239 1444 1817 9920 538 813 4475 4135 5249 4057 680 680 3599 6004 8407 6988 6735 3377 1111 2284 3933 7157 9361 1288 1656 294 
4405 8729 2216 4510 9102 9272 5401 7882 6462 7620 7880 7668 9880 2525 866 6494 3464 9174 908 476 6989 4165 6137 7651 6906 8163 8661 2004 3727 5820 6806 832 328 8061 5414 7027 3296 7587 3444 310 5263 7631 7219 6525 4503 9655 666 7408 5349 4060 3934 5348 3225 2881 339 2235 6528 518 6174 1880 9845 5905 4486 8294 1525 9359 8044 682 2457 3719 2183 8614 7095 7645 1115 1581 1076 2766 60 5849 8538 9802 8847 7057 4773 3673 3040 2035 7434 113 
4705 3189 7181 7213 7025 3724 796 7175 8672 6920 6517 3625 5689 6080 26 2242 5579 1909 2982 5164 1661 6722 6998 1509 6162 4433 5408 8341 6354 8421 7134 6379 2798 126 1492 4931 9798 6145 1909 6351 6846 9749 4676 253 4935 288 6094 6222 7531 3521 1531 7344 919 6387 3644 4853 8404 3376 2118 2793 4243 9508 9750 9684 8498 78 685 1701 6074 1644 5169 4923 3370 6361 7585 6870 9866 5044 4150 3313 9234 1923 1358 7740 8423 8678 2510 3536 3503 8848 
4404 8655 1192 6290 3082 5784 5104 6279 9211 3963 8853 3627 4134 8193 9754 9927 5164 7083 3010 1657 6287 9130 476 79 7468 1969 9651 9466 7526 6083 203 1827 7518 2370 599 6705 6296 7361 8386 270 2993 1119 339 3072 9454 9294 9769 8650 4116 3825 6774 9745 7974 3238 1653 1854 1693 8356 8711 4297 5828 7355 6179 8505 2474 8528 8073 5543 2673 8554 8672 8644 4677 3641 3830 3080 325 5098 5960 3084 8080 3912 4882 6653 3818 846 3363 9484 5508 1034 
4349 8267 9839 4337 5631 4093 5766 7491 3549 5404 5569 1127 5275 13 6867 4747 3142 5423 9669 610 6324 4550 973 7327 380 8296 8962 9607 448 2630 5416 7244 7221 6334 2904 7876 9137 4838 3055 4486 4646 1683 30 4164 2028 5732 9468 8700 7854 3793 6108 4947 6785 3382 8964 4953 4034 6429 4156 6243 8154 1964 2570 1697 2901 238 5683 4185 2748 4341 84 7291 5223 4599 5504 2777 8015 8587 3963 1909 3572 5626 1770 1961 7356 7412 59 1054 9185 2210 
6672 2836 2444 4743 3208 3015 8723 26 4296 3330 5435 4260 8758 256 678 361 1464 9850 6525 3781 2102 1460 7548 1311 2412 1100 1742 3032 9220 2063 8481 7032 3046 5179 946 5967 9429 7362 7577 8972 9251 6081 9231 4645 4580 9490 8029 9912 6127 9182 2207 42 2360 3525 4436 467 2825 8082 2230 1703 8603 2559 3342 4782 576 5640 8686 39 2032 2661 1465 2514 6334 2736 8211 4057 2886 8296 3120 3343 6597 5227 1782 7304 1407 1356 2315 8890 7539 1489 
2799 8775 3030 2394 9860 3991 8373 3504 7940 2602 4559 7391 2879 376 6551 6499 5554 9523 8269 228 5787 7013 2460 2078 4621 5582 3956 1901 6131 2658 2196 1296 2099 2280 6447 4363 2917 1537 6192 3543 3865 2689 4887 208 7606 8926 5063 2709 7078 4695 9063 3092 9063 6069 5782 8358 4279 2464 9007 6470 6925 7067 4940 7837 6806 8673 7921 823 8369 2585 6992 651 4746 1013 1110 8379 9442 3293 4599 3070 4458 6580 8486 264 8228 4939 3343 3915 6406 4924 
1213 2748 7606 3473 374 104 8226 4382 7557 3939 7929 4222 4539 6653 7189 3443 4218 8538 9908 9701 3006 2065 3465 9360 4576 8069 830 7220 931 9388 603 5328 9030 6382 5885 9310 9880 4271 4681 8765 5423 4421 9780 1471 6895 1757 715 3446 3894 1196 7915 6972 6130 731 4800 6246 9002 5374 2575 4946 9069 2540 6918 3844 5128 4044 3744 6266 8582 755 1433 1357 1922 2161 2087 891 4946 1470 2884 6434 7493 479 8390 2485 5009 5060 4996 2424 8270 4834 
1203 4025 9501 9418 2083 7474 6754 8251 9329 9631 6511 1986 2063 4255 7454 7929 1215 2294 5993 3002 8609 4424 9140 5112 8203 6909 1456 4541 1813 7910 5489 6308 3194 4283 6864 6076 2193 2773 1439 3604 7743 9513 3820 6644 7630 4850 2453 3602 3340 9338 1391 1690 156 1497 6274 8774 9306 7571 4370 4359 2733 8312 8891 2608 7400 7961 1743 4750 5417 1651 9718 6020 2339 890 5801 7952 3648 9771 8760 4716 828 8641 3407 8113 7669 1209 347 9353 3859 5196 
2155 7170 7599 7724 4713 7046 8867 8616 6147 4075 1294 7288 2167 3046 8491 2535 310 1930 4404 6462 6570 7009 8471 2833 827 6391 6137 4442 4117 1397 6893 9306 1482 8788 9202 6893 7335 600 9605 8206 6752 89 1410 2086 7383 3765 2122 9302 6492 4447 3433 7302 793 92 4661 322 6064 3570 136 115 7336 8914 9475 2633 4425 390 7207 7762 5415 1940 3296 5121 1725 2922 6655 957 4320 69 7491 8880 2365 1808 7452 9113 5070 9904 2399 4542 1581 6894 
7646 3802 2598 655 6742 6116 594 15 2742 1419 1983 288 4477 8914 7991 2432 5085 271 4099 9528 6147 1892 6231 55 329 8579 7976 1276 537 2369 8099 7663 4373 3616 69 246 3126 208 2819 3520 5080 2134 9677 7322 7020 9653 151 471 6939 9649 4202 5714 1044 8405 4899 3014 1973 8003 7742 7653 2629 2359 7685 3285 5255 2824 3057 2190 5212 9584 261 5707 7423 9646 2090 4549 8630 2705 4471 229 1116 9687 5731 7815 6927 8093 1365 7720 352 6283 
7151 5464 4211 6136 2336 8034 7107 6796 963 4143 8115 1316 4591 5714 1980 9564 2767 252 3814 7962 1462 1812 364 870 4717 1956 9364 1475 8820 1099 9525 6240 1596 6812 8069 9799 5410 1659 2260 4507 5652 673 2381 2348 1709 487 5766 6899 343 7226 9937 6057 4423 1469 2242 637 5462 1463 1921 6826 9431 3878 7476 3996 9971 347 165 6631 7268 7930 6346 4592 5000 1054 453 9017 4355 7839 9724 9766 4027 8638 2948 9159 5806 1170 8554 2422 7368 9480 
5455 2916 8157 2368 4841 4 8640 8591 3498 6936 4359 1370 1432 7452 2025 2472 6870 3813 2864 9716 3339 3716 6281 8135 8448 6583 4584 8670 8578 5451 9297 1058 3063 5543 247 2697 4594 8770 6846 6194 9242 8042 3658 388 7014 2831 120 1972 4983 1541 6839 6970 7803 9195 8723 1643 8891 3728 6298 7066 6237 7945 7432 328 8854 2794 5673 2022 6151 8407 8078 4339 1275 6701 2894 6910 6523 4526 706 9956 5726 1852 6161 7085 7140 3631 2281 3010 6915 8140 
7487 1497 1833 8529 8133 4886 1430 5957 5258 3626 8533 8965 6845 8450 7516 2489 8684 6656 2457 8154 1230 6240 8879 9354 458 7570 446 9902 2400 6157 706 2900 1370 6346 274 3606 326 2226 3603 5166 4527 5856 2234 1803 5791 8114 7475 5838 1260 5896 6858 2174 4505 1476 9386 6392 6495 2997 4527 3259 8261 7115 8082 5195 6510 250 1544 5393 5134 6842 4625 1652 9822 2665 3360 9252 5385 7199 2096 4168 2468 2502 3220 9115 3029 793 2893 491 7345 3087 
1522 3742 4480 7036 4794 6255 2491 655 7040 5991 4612 4563 2720 2797 1054 9978 2936 1972 159 8305 7381 4875 5759 434 6094 4449 5359 238 9348 5839 8007 259 2531 5768 9812 7921 2447 9610 643 3967 1072 4250 2597 2162 2827 4640 5866 1636 6267 943 9853 4502 7868 5002 6715 8008 5854 192 9098 1608 2225 3172 6883 9310 1308 8990 166 8725 9505 3699 3793 2062 5081 544 3913 5906 8229 6101 6119 4215 4451 1352 3195 227 4655 3267 6218 9014 4026 4830 
1803 5889 7255 3200 2530 4629 1567 3390 8411 3454 6110 6103 222 8391 2446 6022 9180 5525 4682 1972 7205 5718 2232 1257 5335 6585 5921 2039 880 6929 2455 2017 429 6933 8807 7647 7748 9019 3843 6077 6486 7127 8888 8624 8869 9435 5080 4826 3819 8339 3505 9896 5944 1245 1859 1472 8023 4617 3095 1804 8665 1991 8947 6331 357 6943 579 8086 5702 9621 8838 2158 5808 8322 6444 8 6285 1526 467 2747 2876 4378 7213 5429 2553 2521 1438 4168 173 3043 
615 150 9398 4263 8657 237 6811 7973 7708 9813 4970 7621 4739 9939 8193 6626 7453 2913 5837 853 8583 1323 2172 1516 152 3299 7751 8527 9732 8583 4274 9763 361 6694 427 4049 1957 737 6548 9070 9483 6478 4631 1367 8997 157 6636 9478 1055 3910 8507 3542 9338 8291 119 6727 4754 295 5814 8699 5160 8532 673 2023 9023 636 2665 6770 3508 2093 9200 7624 9624 1825 2031 9723 3358 8360 6451 1926 2170 457 6627 4118 5565 7144 3350 2556 4800 6781 
9371 9443 5976 176 1730 3147 2263 2893 145 9113 5007 3460 236 9778 7353 7578 7309 3176 6125 3840 7619 8095 5924 7568 1627 9635 1368 7297 8837 3197 5275 9572 3412 1580 116 5531 4833 2776 4696 1757 1049 7101 7784 4265 8303 9752 8033 8702 2087 8947 9581 7802 4270 4764 7120 2702 1666 857 7294 5903 4059 5873 353 3352 9338 8511 3501 1423 1092 8817 5326 8693 4548 8834 8793 4233 9706 1302 7374 9186 481 2682 9752 5349 510 1106 9537 6278 9994 7072 
1049 4706 3844 3869 7884 2221 8167 4275 598 1604 518 7073 5680 6497 5171 9402 8597 3435 9023 2728 8379 8462 9376 2354 9611 2267 1416 8831 2805 5258 5627 9612 7211 1025 2729 9142 3967 9875 6682 4127 1663 8717 4231 484 13 7681 2020 8525 2754 1683 4640 5513 442 6541 5663 4846 1013 2375 9795 241 5955 2756 5459 8089 1291 2802 7327 7307 8600 4734 9851 4095 5280 7300 1037 9794 9882 5358 2467 5238 9507 2186 9900 3717 7426 6118 323 1449 676 2437 
7497 1056 167 6262 1403 5304 1851 5561 8342 2622 1802 9935 527 3409 7680 1080 2427 4222 8199 499 9398 9694 563 294 7490 9174 7340 2871 8197 4551 2711 1752 2966 7196 9539 6973 7336 7730 9025 2656 3342 4145 7942 1147 128 1350 3392 2311 390 5107 7590 7161 7560 9568 3004 475 8371 1605 406 7952 2986 9107 1685 1489 5871 557 113 7841 2221 3772 4798 634 6018 8715 1279 2967 1260 2225 2821 5527 7980 9223 3998 7528 3314 9418 5979 9905 725 9394 
8889 616 7995 1576 9694 6695 2500 5354 3332 5919 7188 8647 3693 6586 6570 7764 8843 5824 1942 1368 2108 6349 5834 5915 3873 7976 8662 1004 4801 2269 765 4063 8052 9967 6499 8081 9840 4103 3725 4663 8087 6331 3792 2001 9541 663 1283 7838 5422 7092 6548 1222 6131 4029 6224 4189 6939 5619 7084 3834 3134 99 7921 2380 819 8649 8747 2916 6490 6435 6774 7813 6619 3576 8776 9675 2804 7432 6144 5259 2067 474 5995 2546 9449 845 2926 5411 9759 5732 
3134 993 9024 838 8920 6874 8719 2390 1121 7218 6785 433 4567 9007 5406 3972 7824 4918 6262 7902 3954 8460 7980 8240 7376 1118 8753 1135 3870 5787 1145 2944 4442 2790 7899 6323 6576 5 7906 3248 6845 401 7584 4357 1250 7361 7762 1454 9146 8509 1852 9523 1909 5696 6818 7801 526 3070 6115 2497 192 852 4150 8161 3134 6393 2935 8219 7369 2582 1140 6288 7522 3605 5328 3348 9088 287 2691 4721 714 3599 184 2826 8595 9517 4071 8675 1784 1098 
5095 2799 418 2103 5550 7369 2318 3697 6890 4174 9855 5308 8841 5355 7117 4825 1166 7605 700 6172 1770 9354 5020 3167 9083 5118 6831 9276 2836 6890 6408 2107 9354 9415 8485 9928 3011 9425 3179 4413 7151 4688 3783 4412 8846 5828 998 1648 1588 2622 1980 7368 4413 4409 4493 124 4001 7760 5959 3799 8335 479 5250 584 1996 6663 7625 3258 8732 5649 1113 5265 1499 832 1056 7616 7017 323 9807 4635 3333 7706 5575 1889 2386 7577 6611 3013 6617 8 
3604 3469 5661 6342 9447 4153 7041 9594 8733 9798 6336 6143 4935 3224 9646 3673 3067 4624 5909 2946 9192 5234 3298 3914 5981 9726 2508 9392 5825 7082 7861 6408 7195 4679 403 8145 4489 1226 9732 3058 5432 4037 6937 7123 3959 2316 7077 2955 2688 5872 173 4790 4906 3178 3094 9033 3346 4966 8264 2330 9214 5913 2734 7210 9188 6847 3343 4014 8483 6040 3974 4554 6350 6645 2992 687 8850 3952 2657 3466 9815 5018 3693 6169 6881 9484 8794 9967 4832 7807 
8365 4431 7517 2805 4039 778 9287 9122 1393 2546 6026 4517 2779 7159 7730 5378 5280 3297 4828 6415 1358 3338 4529 8187 8707 8591 7203 6385 2970 3887 7640 8454 9405 3183 6657 9446 577 976 9054 598 5401 6063 7659 7147 640 5274 8861 2728 5081 2551 7248 1622 2484 9827 3481 5712 6844 7470 1316 8046 7543 5534 4755 4618 7860 9743 6954 828 8792 8428 984 7570 721 4704 9204 5680 2245 5011 8185 9703 9576 5793 3565 4781 7754 6193 7655 6433 2886 8590 
1742 715 4096 4352 2660 3540 9282 320 9812 5644 5111 6839 1097 2942 395 6123 9867 3530 4480 2814 9190 8623 2718 3886 7334 1012 249 4227 7218 5957 3567 7067 5583 1523 9919 665 6754 8358 5508 4992 3067 7990 8957 3372 6005 4909 872 3132 6679 748 3564 3595 7262 3738 3962 5495 2390 9242 640 9893 7846 5462 3938 8292 8086 5702 8735 8348 7156 115 6570 6153 3500 8346 8037 6230 4176 7025 9188 2331 3154 2259 2408 121 1728 3154 2947 7139 1995 8128 
9922 842 3688 4306 9598 516 5993 6556 9842 8405 741 5056 7576 8975 5805 8938 6917 8503 6655 5469 4506 5302 1188 2086 2300 6230 5846 4891 175 2266 4557 2593 1069 7316 7202 6691 773 6421 1655 8928 9660 6545 501 9814 1198 735 2185 7168 7224 9735 8375 4517 3114 1028 5747 5521 7118 3842 4984 5454 3206 3910 9519 8725 8245 9226 3864 4644 7620 7346 1458 4450 6895 8999 2014 5644 8866 2746 4315 466 3858 5138 9933 7835 7696 4064 5267 1168 5376 7426 
4732 2853 7596 8892 9497 5173 5891 1075 6800 7914 753 7383 5980 7036 1221 4745 6555 8907 921 7986 5124 9965 7295 7378 5412 4011 1799 7993 9669 5313 8854 9067 4914 5574 1238 9058 7075 4246 9647 5099 7970 982 5537 5254 632 3837 992 6377 3664 2868 154 3727 8072 3959 1727 8158 3337 3695 9429 2052 3215 816 1027 3063 8859 5220 7100 3267 8294 7247 2577 8230 7735 8072 7056 7343 1009 1531 3941 2033 6210 9160 4085 7358 4183 7396 7696 4120 3232 214 
6945 3909 9612 3331 2083 640 1971 1690 5108 9821 1593 1030 2885 8297 8207 9267 3275 7141 4100 8548 9795 6760 1273 7711 7801 7484 966 6412 2822 5287 4938 5161 2187 54 7045 3162 4649 9380 1018 4748 7006 3507 7095 8901 611 6592 8690 4579 8230 7274 5495 8918 7320 7692 8389 8480 6837 9873 3003 9038 9757 4949 914 5579 9149 3796 9916 5169 4286 9384 6925 3227 2112 2104 7939 979 6114 9964 5194 1480 1941 8047 7870 6394 8677 7171 2036 6774 6916 3499 
32 1594 356 7504 9329 8009 5821 7285 2316 8379 9164 6941 444 630 9181 6278 6517 239 3446 6452 8998 4602 1480 6777 9420 9356 4649 6271 1060 1670 6860 7920 2242 7752 1174 6623 6289 904 2774 3432 3392 4285 4736 3308 7780 6944 131 9697 8511 1657 1898 6811 3622 9479 384 1951 1868 9358 6782 8498 7443 1713 4361 7093 1774 6751 1116 1905 9944 4026 2797 4620 2586 5899 5155 7486 7564 6798 6770 2927 2371 6811 8203 2991 2096 892 1441 6519 9805 9883 
2200 4200 8468 264 6797 9014 7236 8185 2653 8969 9717 6022 5903 9788 8337 1163 1136 1840 7490 9723 7058 1410 7345 8325 899 4226 8065 1182 5103 9621 6780 1190 4824 6749 9532 421 2833 1557 5005 3715 3449 3219 2001 1944 309 5899 2378 1355 2160 7865 2234 5631 255 8203 6334 4155 79 3427 533 1586 960 8454 3121 6344 1603 9543 1594 6544 5141 5000 1249 2279 8310 6886 2220 605 6837 2302 8357 2010 1597 1863 9903 8920 8187 9535 8483 3979 7701 6490 
3814 9305 6364 892 3066 3236 4710 6689 8009 1162 7933 2226 7239 8296 4339 3141 7291 3352 8182 2405 248 2266 3518 8470 7891 3766 5215 1744 8854 4658 2352 5136 4062 7924 8902 4935 5218 8968 234 2637 8831 795 9687 6064 1695 7230 6080 3292 1297 1534 4732 2288 972 9657 1167 7334 5527 457 9557 7258 8807 1329 786 5401 1372 4665 6363 4641 3029 4511 9021 8953 4193 1544 734 7660 5245 6423 3960 8142 9791 9837 5355 5624 3469 7813 6326 3693 9917 9888 
5529 9247 9321 8795 648 311 6933 6268 5115 8427 7233 2391 7587 490 9253 8165 2702 4999 8019 6554 3351 9221 7838 8909 6608 7036 5592 2903 7314 5904 8614 9779 1177 3742 5729 7903 7508 161 1765 3818 7965 554 3822 6153 2659 4571 1979 6685 2959 9383 4291 3857 3381 6315 8011 320 1222 3543 3929 440 6249 8857 8574 5856 1444 5737 2842 5139 4080 1237 540 6893 1853 5895 9510 5781 8990 3672 4944 2278 268 2280 7509 9391 8854 3377 7946 1498 4873 3229 
9024 211 774 2603 1693 2153 4718 6958 7227 4900 5041 2533 9886 940 4467 7084 812 3019 2523 3885 5133 4748 8163 1790 5997 2021 5899 4186 4710 9931 3539 7738 652 8836 1618 5830 54 1472 2936 7258 8868 993 5741 9168 3760 6759 1952 4376 6115 9532 7521 1372 2913 881 4086 5820 4250 1167 1710 6287 8230 6030 592 4040 1075 1260 3844 9387 4869 7746 4361 5326 1230 7677 1215 6078 8475 8507 8022 2105 1550 3285 3170 1023 5624 5312 38 8060 3443 3951 
7009 1932 5427 2333 2608 8357 8698 7566 601 558 9391 2260 3890 287 5977 4647 4178 40 397 3085 8864 7504 6528 6454 5555 518 3870 5628 6552 4525 6432 9485 8921 6533 8918 9624 3052 8834 8403 3229 993 8997 4655 2773 1714 8302 833 4921 2571 3520 5784 482 416 8044 6886 3769 8373 2556 6680 1727 3909 2231 5400 350 6455 178 1143 2316 6067 3580 7903 331 132 4719 2525 286 1923 1704 1893 3652 4815 8762 5382 6796 5115 2301 7215 5033 5922 2135 
2624 7373 16 8073 9450 3497 6074 5969 6001 6876 6948 9715 2010 918 9151 1490 6421 4380 1199 299 3110 9319 4413 8707 3869 5506 9693 6463 7337 1733 1334 4068 1352 8439 1309 6348 4522 8825 6945 4033 6216 6322 1582 2740 4417 4181 6933 2344 3988 1894 327 5048 4232 2256 1417 1595 9661 2525 4892 65 6417 7788 3243 9800 8540 8962 145 4582 5992 7566 8483 2778 7870 9615 2778 9087 4324 129 1806 742 5353 8022 5135 8992 7767 6950 3956 6401 4730 9855 
2442 6219 1860 2107 7333 5427 3015 5676 3312 3983 1535 7885 6456 9119 1709 3678 5468 5995 1789 6293 6765 6584 320 6457 8533 290 4000 5009 4958 5654 5321 9559 3086 7319 1701 8709 3987 9983 8037 9043 2058 1017 7160 3414 2974 1103 9573 3084 451 9484 2712 2296 5669 1881 1809 6294 9008 4388 5131 4238 6148 5432 10 4619 7791 5683 9448 4570 9181 1096 5413 4549 188 5442 1129 1686 7590 9115 9102 6181 8459 6755 9135 9821 2007 9228 7487 8952 4325 6004 
3510 2410 3691 4914 4580 5981 387 7455 9295 8845 5247 4509 8835 1520 81 9379 3921 3367 8134 8479 6043 3491 589 6365 7669 4079 1788 1696 9726 6427 9392 8559 5412 8361 2650 2693 9698 8714 869 4058 6350 7596 8069 6461 4070 4990 2732 9954 3321 3313 1973 4007 661 9345 7962 7858 283 3498 2946 6042 4466 2170 4205 4792 9926 8064 7204 3218 4279 6783 795 760 7097 6831 4564 2196 3822 7621 1085 9748 8218 4797 6214 2269 1277 9420 7139 3155 8495 3614 
8241 4113 7944 3151 5241 8702 6632 3766 2208 7563 7233 6056 1372 5906 3685 7924 9814 9328 8367 2239 8108 7511 8178 7984 4700 8432 4486 958 6658 1457 2276 6444 1385 7546 2952 3914 9870 9437 232 409 3659 1949 7861 7411 5470 4847 2999 1014 7982 6906 3033 4938 7535 8015 1434 6436 7963 8447 1133 1205 187 415 9268 4449 4701 2132 5817 7963 9491 8047 748 8120 6607 8403 9680 3486 2204 61 9968 136 9426 6755 5563 723 8203 3703 7599 2179 1181 9667 
2497 9010 3302 2161 7632 7681 9031 8563 6908 8616 1611 3282 1183 7003 9210 4208 9997 7560 8924 3685 4805 9985 2170 440 9424 4355 471 1717 1138 9609 4310 8869 9176 3755 8232 6658 6867 6488 9221 5319 1474 2337 8569 4093 1449 6660 5300 102 9378 6737 1521 6369 4120 3967 9664 8032 6441 7020 6723 650 7448 3844 2735 640 5150 2666 9340 6701 1153 9090 2936 5203 6667 3274 4377 2367 1601 2040 7201 4 4456 6202 4979 4546 4812 79 6512 5247 2672 9159 
9071 6743 2977 4449 136 2141 2487 6573 2343 6014 9653 4885 26 2463 588 8576 9258 8479 5253 3194 7077 360 7704 3522 8408 2712 7461 6349 3987 7309 9455 97 3881 8880 4075 1403 1287 2691 7448 6015 5319 4741 7829 8631 5547 1164 5463 5029 5305 382 4433 4716 9135 2575 5332 8352 6878 8315 4357 563 3039 70 1264 1587 9600 2195 7967 3815 1696 9930 1608 7080 7582 5600 5577 7560 5603 2250 2559 1352 8425 3243 1389 2514 3147 3017 2734 4682 3197 8488 
2276 8263 9737 3642 2711 1660 8090 4594 4444 9897 5461 7322 3732 7820 5368 2178 5524 9334 8541 465 8031 8818 7561 715 8931 7478 4201 326 6134 5305 3160 6399 2719 4106 8840 5130 2490 9228 1213 3824 272 3764 7491 5640 4389 3318 1620 2227 4959 4735 9412 846 1747 4571 2810 6761 446 4999 5509 8449 9766 6122 369 5455 1444 5375 4879 6665 79 6597 3415 9312 1927 6315 4624 9646 8044 1236 1272 1169 1493 9281 4299 1498 9167 5255 3339 3203 2733 7537 
8851 4939 5552 8981 2877 421 8960 1930 3825 8077 2777 4398 9923 9801 8523 6964 1508 6850 5071 1120 1088 3443 8879 2948 6011 6294 9796 4986 3416 2154 7681 7983 6660 4009 7786 4996 219 2384 9542 5346 2867 1277 5173 2652 8456 2829 3471 7626 9234 8956 9078 700 2074 8396 9931 7049 5639 8953 9618 3525 9342 2123 2505 1555 7567 8660 3017 8454 8466 1243 9153 6047 9749 5497 8845 6148 4011 3311 362 532 5877 3755 747 2696 1693 2438 1642 6976 1777 1571 
9025 8917 6022 4031 4230 9829 9414 6923 4914 3318 4054 9866 7880 1205 9535 443 779 9842 1494 2683 5789 3889 5873 3018 1308 7919 6765 3126 6812 6414 1268 7 9022 7611 9028 4897 1099 1534 6359 6826 523 3795 3624 5673 9356 6452 644 3272 1649 1664 9460 8053 8917 3226 2254 7499 8051 2309 7350 7199 9558 2927 3792 9661 883 5454 4323 9109 4455 2868 7764 3607 6117 3382 5486 689 675 4621 9664 7630 3195 3669 5876 1904 7184 8283 6911 4020 3122 4385 
2014 2018 2132 9479 5641 6982 8604 1453 2923 1847 4558 165 2350 1803 8523 1263 3127 5310 7934 3925 290 1290 868 2321 3683 7618 2644 2078 2543 8228 2015 9639 5125 2974 5752 9774 4819 9220 7462 4164 147 2648 5780 1043 19 9738 157 1199 6331 4588 917 3991 4809 1312 3553 2050 8997 3576 7327 6889 392 3139 6253 9483 2089 2642 3735 3622 8297 6897 9610 4959 5458 6918 7972 5507 5000 5790 6609 2146 2082 1032 1971 9649 6718 7516 5739 1249 300 5599 
4610 1156 9129 4163 9630 297 4106 6060 2193 6540 9727 7323 5851 630 7584 3982 8779 5068 9664 2811 3343 8424 692 4389 4528 8264 9474 5781 401 7594 569 6041 3612 8071 9099 3975 7909 5695 1327 3802 6812 582 2979 3027 7993 6570 7373 3092 7147 477 2258 7308 4501 6733 6765 4270 8173 5142 8168 1937 2576 6687 6493 7018 763 7363 8131 1547 1547 2069 7906 5941 1680 8433 6929 5040 7930 5369 8356 1754 1663 911 9711 9301 4263 4165 3726 9361 7968 6073 
7101 4042 5721 1219 4067 9278 1848 6628 7276 9850 598 8726 4372 5176 7456 887 9898 4610 4772 403 3513 8405 447 9269 6556 8791 4222 22 830 9628 7828 2482 2727 2916 6369 2872 7191 3432 7510 4144 3500 7967 2194 1486 3761 3979 6849 7756 2325 9951 1570 2197 1192 8686 7579 6920 246 3043 638 4917 5207 1753 6596 2208 1622 1598 2094 5831 7233 6932 3096 5291 5459 6237 7124 8875 7377 1874 9530 7565 4586 9748 1871 4035 8578 9564 9063 4352 5389 8155 
8476 1954 8649 9091 5503 3182 5650 3093 2223 1861 9466 7713 3420 4413 4898 1778 3010 7200 7694 8009 6781 6577 6235 1535 3091 2167 787 852 57 4416 9165 4037 382 7710 5874 2549 5536 2038 9769 1956 1290 6929 8556 3036 2348 6473 1472 5943 6305 6412 2264 7436 8226 9124 9300 8032 7024 6835 7495 7100 4815 9286 7229 7392 3077 2623 8570 3714 9269 2120 681 6790 4819 4882 8988 6143 4987 15 9194 1384 2116 1139 6155 8782 2889 999 8258 2582 8 1333 
8649 9959 2228 9726 615 5704 9036 4182 5138 8788 5973 195 5012 7270 3783 6727 5750 4379 2290 7883 7064 223 3468 4932 4741 2746 8807 5433 1882 8308 7698 4355 5284 7805 3174 1384 3266 4338 3044 3961 6147 813 5415 9505 9252 338 2406 4125 310 1457 3308 8708 1985 4314 5605 6721 8795 4752 9111 5693 9071 1864 5247 8770 5813 7361 2320 4985 7437 898 451 870 5692 7734 9667 64 8476 317 4028 9210 8255 6922 274 4655 769 8337 4501 1418 3560 3781 
5578 6013 4896 742 152 3126 6385 6493 3718 3325 5055 9424 169 9392 8746 6443 3466 8124 1168 6627 2242 3784 7863 2746 4992 169 6253 3477 3840 7900 7112 2520 1491 5250 2740 8084 6508 7053 5565 2010 9677 517 7978 5147 2524 1663 8785 2194 5169 7299 8797 4774 5573 660 5578 147 8689 6057 5660 6427 2474 4397 9938 2611 7554 3606 8144 8563 9903 280 6888 8877 5945 8417 4103 1824 8635 1617 2692 2636 6081 1397 9667 7755 3209 870 1544 6999 6690 8630 
9457 8845 394 5488 4008 1013 3307 4171 7120 1045 9868 3153 8170 394 880 9311 657 9898 6329 5240 8050 4719 8929 9891 7554 2655 8786 9352 2194 3066 4087 2873 7276 7343 2858 8850 3961 5431 19 3847 3924 6430 2279 8636 2147 9858 3203 8497 5909 1239 1241 1857 4901 4507 7869 1881 4074 2059 8595 5386 5549 2059 7346 3214 671 2366 4643 3121 8306 5258 1899 2692 1487 7852 9228 8875 9311 6386 8263 5318 9086 9250 8294 5865 9341 1179 1679 9249 7070 2292 
5344 9205 743 4877 7269 5068 8707 2490 4696 81 7340 8085 3374 3260 6379 2449 4760 6299 5684 3078 9254 8127 8272 7732 1598 6657 2150 9798 7665 5897 9719 8518 8498 7706 1012 9462 8838 4312 1615 6276 4203 1143 5533 5489 9470 3579 7886 5465 5461 1155 3421 8848 2935 5477 1954 1169 7743 1019 6118 4269 9588 8875 1718 1497 7382 9432 2707 2727 5476 8642 4049 781 5060 6067 8553 6709 7057 9639 9855 1887 9320 6256 5915 6380 8679 1270 1555 4233 7394 4723 
8402 1303 9510 3378 1363 7660 668 1176 7684 9776 543 9570 4049 919 7481 2221 8508 5710 4919 2072 1493 8699 576 5647 8296 1388 7097 504 2445 8776 7686 688 1384 3248 9960 3831 7307 5294 8512 9661 578 417 90 6114 5493 5884 8359 9387 7162 6045 293 6372 619 9039 152 8520 9297 9108 3436 2475 9805 2741 9605 7903 3081 8435 3917 2083 8973 7498 5464 1936 2758 1882 3672 792 319 3261 9136 969 8407 9540 8640 1001 3624 6363 2314 4154 7832 2338 
9899 6674 2827 8838 2180 6058 9387 9260 7423 5149 5940 3258 5586 9233 8015 9867 5692 7113 3829 7926 2050 3233 1111 5925 336 5287 9676 1383 9697 9344 5714 8798 8497 3806 7210 3799 4294 8178 9995 1357 1550 2999 3027 3546 6977 8239 345 1666 3401 849 5925 7879 489 6568 7314 6224 177 5052 2390 8958 7032 9932 9565 6540 5161 3327 7877 1945 206 4702 8137 9960 4780 2496 669 7578 8781 305 1469 3210 4165 3570 7499 2751 517 1083 1888 7434 7808 510 
9619 5100 7804 3957 1323 6356 2193 8129 4503 4234 7683 4418 6102 7028 1962 2313 3528 8031 7900 893 171 6314 5007 6003 3137 7427 2239 7720 8319 8306 9516 4548 2668 7470 4288 7099 1071 6371 2448 1906 1725 6865 2784 5392 2850 9557 8396 1626 5962 9095 3172 6526 1667 2754 5308 4772 5011 1755 6304 2101 5045 5657 4665 9919 9234 5 3518 780 2124 6671 1541 5677 6400 5923 9256 249 8085 2078 5546 889 287 9534 9862 9702 4556 8751 6800 6337 3598 2703 
5631 3683 5810 2494 7859 6171 6554 6493 606 4531 6453 1520 146 6786 1221 7360 8840 1583 5240 3866 1633 9776 1455 7407 6850 7701 2986 7645 6230 3035 5983 9146 7565 4472 83 7249 171 51 3977 9743 2988 3804 6002 5267 4570 3073 4476 7678 1543 6053 9582 4697 4893 5480 45 305 2944 7108 5465 3580 802 762 9948 6327 3195 5528 9588 1317 1852 9907 4499 1248 8586 9177 9487 4426 7371 2803 531 8770 6936 9689 5015 6585 7459 4978 2093 2320 955 3273 
