2895 4416 2048 3547 1340 8412 4790 3190 1123 2765 9953 2005 2017 6322 9897 9653 8243 7348 4817 8375 539 9698 4304 8734 5209 7292 7578 8508 3247 4150 9139 8389 4220 5669 4575 3961 771 8480 4697 9602 7392 8337 1125 8579 155 4439 4833 6475 1034 651 5310 1303 7800 3964 7548 7129 6343 7156 4665 3308 9685 8924 613 7011 4839 8 1561 501 9098 5699 2241 6910 4986 9725 6063 3909 1736 1619 3990 8908 5230 6914 8579 4636 9051 5381 3924 6306 2778 462 8301 8879 9450 8703 1351 1405 4010 4123 9597 6859 7663 6760 232 2067 6283 
5630 6259 3912 4884 6670 3270 7224 9364 8898 280 1675 6942 5386 5965 9820 1661 9990 4720 4197 8181 1862 5862 1539 3696 2582 1555 2750 2068 6914 738 2884 3017 978 514 5294 5593 5519 5482 4579 8723 7178 6120 4339 4044 4796 4326 9815 2837 9876 2893 7850 3330 2826 6074 204 1553 1874 2186 3139 3271 6850 8300 8947 5821 5063 3216 8543 308 5487 8942 1672 6824 7180 9456 7331 4418 7085 8053 6090 3806 6633 5702 8335 4323 2528 1237 736 7820 7559 5216 4160 7440 3951 2942 2035 6075 5290 9927 772 1740 7339 6636 5326 9592 679 
8708 2498 8348 2960 44 5885 3454 2763 1693 9700 4579 4500 9932 3573 3435 3076 7088 2134 7565 9578 2426 2416 2544 8607 2582 9660 961 9159 2271 8636 6277 8773 9798 8040 4064 1422 687 298 2489 418 8300 4023 2745 737 7965 9528 3868 9159 4789 7545 951 7794 9483 5278 7729 4166 5936 4936 7278 984 705 1485 7229 6354 2920 6525 3640 8918 8723 2005 3716 5658 2970 7399 6025 3336 7940 6456 243 2619 8164 5581 1754 1675 2631 9549 1572 6943 2421 8909 2311 3274 980 5542 2128 3094 5405 4827 728 5973 6546 6210 1245 5610 5360 
7487 7481 8584 5444 4321 7555 3134 4519 3226 6723 995 4019 9800 8789 1440 203 4107 3559 6155 7392 3867 5627 7653 3012 7042 5137 707 2430 3585 2622 7261 3557 5436 7590 9812 4626 5290 2222 2353 59 1855 1598 5270 7644 1199 4811 9085 6956 9679 2265 9407 1166 7089 5024 7686 4096 7865 6979 9931 4424 2586 5684 4937 4748 7608 8063 2240 1795 4212 9644 6777 3258 2809 8249 8282 5807 4888 5439 3916 1261 2060 695 220 4629 3512 4813 2408 4224 2736 732 9393 5076 2073 4842 9569 9547 312 7378 7566 4854 4640 5371 7598 2016 935 
6196 9753 4355 3209 8831 4385 9490 8614 44 1827 2167 8634 7080 2547 6176 5984 9361 2467 9326 295 9144 1731 915 4924 2883 5916 7080 3009 2767 4252 9477 1184 8723 6054 7195 9763 9640 7650 256 6698 6149 2349 1229 6845 9621 6912 7207 9382 8990 2877 7034 5671 6861 77 1605 4865 5800 334 1263 3214 5819 3576 1999 2905 2760 3564 3191 5961 7003 3049 7794 1325 6231 5700 4437 2625 5152 8771 7239 2231 3493 6976 694 2266 451 7151 9869 9763 9849 5613 4141 6190 9811 196 2768 5261 1672 3327 7383 4815 9293 2766 1969 2215 7403 
6534 1837 9718 1432 6406 8462 5353 8399 9081 1619 1159 7744 9181 1895 6249 1375 6863 81 2997 120 4094 1366 9781 6403 8688 13 9807 9302 2462 2586 2095 7191 6299 2585 5961 9949 8006 8695 5829 4955 5522 8652 3482 5778 782 6846 5756 6939 1418 1120 4868 2460 5933 1262 7150 4150 1592 9691 224 5416 1076 6268 8277 9477 5097 8116 8237 390 4377 6218 1667 6986 195 412 4086 8352 5331 6815 845 9845 4447 3524 9760 1227 5321 2686 886 9216 947 675 4086 826 3288 5773 259 5778 6116 5321 3027 5348 5005 965 7862 1434 5227 
8609 8828 3933 1109 7107 6436 4114 8951 4203 1305 3155 2090 5423 1922 1120 9806 8223 5179 5306 128 3618 4378 4993 1529 3779 9772 9625 8752 4056 8420 6222 9737 5385 7546 2310 5652 4477 3950 2980 3756 6984 8541 7024 7690 7911 117 678 6983 1071 9320 1478 2155 1680 2498 661 6657 8580 4185 9758 3810 9625 3666 4817 8325 11 3722 7553 6107 390 7024 1279 4691 8684 691 4516 7660 3745 2889 5935 3297 1230 7377 8154 9079 2492 6864 1484 1021 3884 1538 2061 5573 1189 2970 1395 7443 2455 2584 1281 2985 6924 1987 1044 6075 3029 
8819 4896 3884 8004 7801 8972 7125 1739 7646 8181 5542 5218 8590 991 4782 5486 7805 380 1114 2590 2352 9122 6252 8103 8446 2289 6243 2656 2520 6971 7708 1815 6881 2526 1985 9652 9037 2964 6301 5225 9501 2929 6542 5783 6093 1585 8931 4066 7543 8933 2703 7498 3410 1655 5283 4539 3836 3475 4103 3182 7872 940 8763 7348 889 3209 3542 584 4646 972 9112 2370 6413 6825 4071 6868 6777 622 1762 1415 8277 8387 4872 3366 1523 7803 9779 3198 6891 3179 3294 5561 1632 5393 9580 5169 2790 4336 5004 6821 5842 8909 9859 4707 5320 
1382 9035 5136 6489 7844 6260 1157 9041 2747 238 6455 2107 2801 7631 2423 3687 390 4755 3478 3232 5304 6145 1431 7698 8393 4458 8644 4815 4775 4386 1403 3521 923 7450 2112 5647 1243 3916 6897 9865 5907 7305 7127 9841 4698 8578 4413 4324 7050 6318 9462 489 8557 8379 1845 3808 1215 2946 6762 3120 7146 8004 2132 5550 9671 8929 5663 6120 1547 300 808 692 752 1638 9008 747 5332 9283 9534 6224 3690 3564 5766 8064 3627 9344 4960 5094 9641 413 9027 2660 8053 2106 4924 1457 6812 1234 6917 6777 8389 562 1840 560 94 
7092 4843 5044 468 5806 9471 9946 8682 9537 5087 6795 1602 9606 142 6832 5141 4340 2361 5940 5107 1494 5039 8450 1178 6086 3023 1877 1766 6690 4149 3311 1326 9111 7461 3839 7714 3528 1228 1093 6801 9156 2739 4232 9424 9191 9157 6426 4780 1949 4646 7697 7073 1983 7288 9631 5158 9542 3512 75 6016 7819 3875 740 197 3459 9230 5897 652 7615 6101 58 6001 7734 1701 3067 3843 4800 2041 7286 9379 5822 6898 5351 2339 7274 9605 7859 2537 1314 215 6919 3503 9378 6947 3321 2911 5473 5702 9348 7542 3031 722 5792 9122 6529 
9818 9354 4079 2905 3291 7792 9451 3867 4616 9318 6565 1904 7164 4981 4198 5247 3424 4257 9016 4032 9786 2898 6034 1636 7934 2161 5011 9990 1797 962 3582 6689 7489 367 9176 7100 2624 6972 8361 8545 1160 4894 6352 1070 2549 4921 6101 745 6186 3724 2928 9353 6575 4332 6886 9939 9129 737 745 6111 5589 5739 1516 7779 4167 5662 9159 7298 4150 4762 6620 5228 4394 7423 3271 2290 335 2396 5043 2828 3837 6809 7794 7492 4866 8741 943 2032 287 5402 3435 1776 4760 6497 1871 5359 4591 5930 8640 4126 2259 6941 8532 747 9059 
5683 3421 6119 4732 7872 2610 4536 8180 4163 1170 1729 251 4127 3131 9044 5976 5667 2287 1714 9887 6405 2835 946 5110 7524 812 2541 5780 841 9906 4821 6275 9136 8973 9255 8862 1744 4949 8443 320 5162 511 9748 9301 1676 3586 5642 8457 3994 2193 9819 505 7644 280 9795 340 2238 5514 9438 2774 2174 8121 9518 7061 8183 3103 3551 8478 2504 3132 8497 8197 2134 574 6069 6638 210 2847 4303 460 8270 9356 9490 604 3387 1694 3181 405 9327 3830 5732 7842 6915 1207 3154 9039 1377 8320 5676 6010 520 1956 8995 5766 4052 
8482 5992 2068 423 550 9887 4457 907 9785 3654 2079 358 6355 1450 6279 4328 5823 9863 3506 318 6686 7097 7833 4366 8631 5869 3512 6259 6146 5753 9228 1092 8543 5826 9810 5020 6204 7231 6231 3391 4805 7948 3062 6752 8912 8091 619 9475 6183 1523 1565 4291 5996 1720 9987 2788 7902 6981 2884 2284 3394 1677 3443 2784 8169 5806 1027 7734 2716 6125 1582 3907 7543 79 1129 8626 7632 4644 3976 424 8238 3811 2891 31 1029 9938 993 1374 7880 3501 1414 1253 9703 2060 4171 3918 9303 3324 8879 6578 1579 4867 3415 808 7579 
1878 4616 7516 9091 6664 192 996 2284 8609 3238 6487 6835 5476 6947 4238 3110 6272 9430 3257 5572 6264 1637 7018 7807 8861 407 4718 3855 7976 3281 9303 112 8755 188 3285 7580 8 6034 9713 6908 7933 6278 8551 3371 8551 416 6898 9668 4595 2729 8790 7486 905 4613 5879 9146 2862 8095 5502 5973 1942 1051 4293 1275 4056 6702 4850 5794 586 1142 747 3238 1896 1426 6615 5703 9889 982 7136 9714 3088 7435 8927 4612 8777 5413 4217 6718 1059 583 9130 514 9314 9794 4579 7824 6698 4159 3538 2039 1335 3712 2950 2451 6145 
9400 3814 8477 4417 5869 5777 7286 6861 4713 1753 6343 3595 7480 3099 5896 1532 1323 8738 9990 9753 1161 6375 4662 8962 9230 3966 7528 5221 3886 7884 2667 4269 4990 2950 4884 6225 1751 2407 6761 4703 741 4524 1890 4578 6791 7233 4513 518 7562 136 3357 2213 69 7014 4588 1911 1291 3940 5870 5405 3209 8071 6181 5363 7390 5157 3405 8896 8042 5763 5562 1970 8203 5716 6281 2683 6467 1846 6243 6379 1790 3215 6985 3833 5894 8782 1625 5368 5420 2050 3291 3467 6357 3779 8466 6254 1864 6654 61 5003 762 2530 9715 5006 2627 
5604 5422 5256 963 4441 6528 8582 9870 8265 5984 540 7029 6483 4887 3722 7902 9463 706 7965 9096 6599 2563 5043 3105 2717 4736 7611 1969 5002 1953 3927 4095 6216 5791 8855 681 8019 4086 7634 7501 4743 2424 7673 4166 7979 33 6884 7969 8616 746 1764 3164 4073 554 7239 8633 6677 983 329 9824 2633 2703 8478 7240 2039 8730 1060 8112 9521 7377 6647 4568 1571 3505 3260 4331 7861 5906 5729 5946 8901 8024 8895 9701 5241 9392 1168 7421 1800 2886 2892 9714 675 9030 2522 7840 1464 1835 3755 8271 7460 3879 4358 2883 9094 
5437 5527 915 5606 2674 530 7493 6708 2079 9354 7224 2063 7012 9133 2466 416 7347 3539 1640 6800 2080 7812 6961 9782 6365 909 8488 3755 5942 6295 6125 3445 1180 2013 1121 1667 6218 5901 1429 9410 6146 6742 3331 2239 3480 3885 5060 8707 3214 2708 3045 2962 3191 8916 3311 8785 4342 6098 9035 3177 6753 2228 5305 2109 3232 603 7452 4599 1818 7243 4270 9619 723 9323 278 1717 7386 8555 3870 5100 8142 8430 9538 1705 3205 505 3546 2345 1006 8337 2620 9685 2966 3349 7576 2260 6754 4390 6429 7366 8076 5073 7280 8801 1948 
1790 5542 7094 3732 2348 4368 7990 911 2315 6593 8725 4533 598 908 5774 8925 6372 8111 9119 7493 4089 1093 2534 3892 9300 3046 1707 2490 4633 83 6123 2669 8023 4507 7659 8617 1484 1307 3963 4211 9239 5635 8076 1543 357 7973 3531 3931 9011 4871 3196 3509 8348 362 5108 7674 6390 511 3654 9172 870 2846 4812 924 9032 3976 3495 2314 3815 5404 6203 448 215 125 8491 1332 1271 3937 5421 8902 2567 2307 2775 2369 3672 6343 6782 4668 5313 5382 1170 5655 8673 9994 5790 1993 2227 4962 4515 8468 5084 7584 7907 163 3171 
5135 3964 1906 8155 38 883 590 6338 4798 1272 6270 6837 9867 7936 2978 5439 2212 6411 9747 5813 1063 9028 5659 4006 4167 4037 3989 2454 495 1802 1499 4089 295 9214 9881 6802 485 5478 4606 4257 1723 776 2572 2157 7770 3550 8654 5907 3226 9231 2109 7031 9278 3218 2029 8968 3214 1154 4758 636 2444 192 4928 2905 593 1667 8061 1147 7007 5883 8026 6667 3280 1542 8753 2518 8271 9232 9340 3097 4148 3499 3641 7803 9264 5127 5004 524 1028 2940 3357 6800 5269 9225 6931 5096 8703 9267 5404 4000 2890 8567 6844 3868 1865 
693 1498 2574 920 8830 1157 7610 7154 3403 799 1783 7218 3741 116 4177 4098 9529 1155 6375 9351 3211 6951 4382 8460 7086 8781 8925 6554 7344 3764 2191 7766 262 5774 424 3400 6296 9374 2836 5250 908 3264 3395 5780 2710 7464 3611 5740 157 2348 1406 6165 9224 9896 9617 2320 734 4085 5926 3979 2151 7341 319 5607 1583 7505 5661 3412 6056 453 62 3514 8266 8346 3855 6293 1709 2774 5159 2105 9232 6180 1819 2068 7758 3584 3892 1491 940 9467 2287 1093 1941 2320 9192 4226 2978 3481 7593 7608 8993 2305 7450 3269 3271 
4255 870 9012 7153 8317 5841 8927 6516 3054 4535 3290 2816 4936 4772 8382 6555 7172 7205 3035 4306 5127 832 9601 5601 7792 9360 3381 924 7765 344 4313 755 832 5487 5600 8247 9983 6090 6316 7819 754 5116 3926 3046 2304 1979 3555 5752 3577 6376 7077 7587 6771 2847 3621 6007 7609 58 7235 5964 7992 209 547 791 3371 1762 8147 7633 3718 4046 2273 1378 2281 1291 9113 46 9910 32 7130 2620 6047 6257 5761 7825 3694 200 4646 5938 8450 4080 9752 9569 5218 6264 5914 9168 3062 1286 8353 8194 9234 8471 357 5818 3542 
1620 1877 9901 3777 2711 1678 1627 7529 1713 8602 1963 2774 4683 9987 7760 1934 5004 9939 2833 2572 5446 1734 3763 7318 7338 6266 7556 2243 2669 9336 1641 7020 6668 1343 5128 166 1562 2545 3221 6341 3750 2911 2460 3437 3447 2799 6343 7954 5552 1124 391 5473 392 1503 1269 832 8044 1498 6791 3831 2015 9275 7475 1152 8659 60 3061 1122 8178 7463 2081 9612 9195 1391 5640 7213 7952 7078 4579 4821 1804 5773 6680 4614 3708 5105 7134 4278 512 5060 6253 1091 2531 5923 355 2057 5679 5687 8041 3054 5638 7882 1391 253 266 
3737 816 2270 9973 8119 5558 72 8673 6632 4843 1996 190 8988 8392 865 8302 3025 6472 5774 5527 4080 1210 2938 7585 5546 5880 9379 7588 5482 6128 2086 4459 586 9770 1857 9566 8675 4773 6281 9538 8619 8419 4632 9049 2351 7970 1177 9667 9531 1177 2229 2602 9586 9783 8950 2591 5604 2442 4702 3151 1537 8821 4643 6513 4545 8799 5539 1981 4659 3867 772 4902 1253 3111 1834 1888 2680 2442 97 9122 4625 3222 1094 4205 9943 7156 5314 8651 187 4685 7622 8290 3650 2197 7828 9330 3111 374 3887 5579 2034 7748 2404 2289 8406 
6331 3173 4051 6141 453 1670 4448 1723 3112 9919 5999 7197 5775 1174 416 22 6248 2659 306 7582 2918 2905 4834 2133 797 800 6554 3409 7813 8581 8711 9440 7943 3534 6074 6727 6403 7716 4286 4193 8997 5005 7470 458 3392 5630 2851 814 1641 9712 1774 9027 1892 5146 6565 1560 758 4660 6366 764 3988 3408 9568 269 1894 7044 8398 2703 8475 3419 7411 3397 1345 3854 8185 8058 5493 9699 6704 8126 9821 334 1885 9504 608 530 5224 835 6351 4516 6217 8378 7632 5862 1993 9825 8002 906 4944 2285 1616 1045 5436 9212 6431 
1602 6529 2028 3616 2812 4111 5778 1616 3551 1042 4964 3847 9451 4906 9282 2606 2262 8266 6434 6528 7852 2589 2102 6819 5628 7526 3355 1304 9766 4195 6150 9134 352 4034 9996 2782 1542 3776 6295 979 5659 691 1446 8791 1253 1568 6180 8235 8383 6654 7689 1777 3267 8583 8903 2952 3412 3912 6416 1364 5149 2475 8332 991 6344 3906 3050 7444 4539 8416 496 3991 1153 5691 842 9957 5537 2509 4865 6612 1116 4041 4354 1780 2813 1610 2254 5100 2160 7911 9354 6525 5552 4806 7079 7466 2368 1431 6768 1834 7450 2768 2811 8134 852 
8403 9181 5049 9522 5211 1676 556 3468 4991 9870 1908 9996 7799 4788 2917 2464 9969 2931 2528 5282 3373 9594 8643 7682 4587 9635 8011 6330 5434 6213 3151 274 7044 6458 1178 5962 8284 777 5006 3033 5679 1320 962 647 5646 6692 7399 3846 8599 9099 2067 8755 2900 8479 4835 1523 7147 8238 1528 3289 6213 3368 4272 917 2699 2532 6062 2420 949 2250 4965 1690 7537 888 395 4241 5931 2020 1783 7360 6946 5488 539 443 9461 4826 8514 7801 1007 2254 6479 6119 9434 6072 6249 5618 8279 1375 5306 320 5533 9928 5548 1128 8951 
2905 1722 9906 6955 1659 3860 2557 1935 5710 4454 7055 5771 7893 4968 1475 830 2893 7463 2640 2324 430 5403 9672 2042 8877 4416 9042 9835 1291 5260 6831 3907 8636 4814 772 5810 1419 1821 1093 1413 2391 7874 8347 8129 1012 6038 8093 6923 8646 2480 8481 3317 3230 6585 888 8151 4160 2138 4567 8892 9999 9588 6303 4269 399 7311 7026 6171 5270 4168 5627 1073 9293 1536 9772 1357 272 433 5709 1521 3894 9493 1887 4456 2263 6957 8457 1739 7672 5217 7269 4185 4901 4523 1018 9856 5492 5772 4125 3689 471 3567 343 9543 8665 
8386 2619 5153 1157 7996 6033 2734 91 4574 7570 3741 7602 8436 6753 5246 6566 8084 7970 2160 7792 9891 3029 4480 4005 5291 5383 8041 1525 3214 964 2345 1288 6051 4222 405 3548 1360 9491 2345 2837 9626 7392 6650 5568 4763 277 4637 4849 2310 848 6504 3279 7744 6450 7717 5372 4628 9911 9717 311 7076 9815 6946 4787 3238 3539 4471 8361 7376 3262 4864 3207 9161 2956 196 4461 2249 5742 1484 5743 4946 5155 1868 3650 9096 2036 4478 2329 7781 9034 3392 2323 9953 4989 8291 2457 330 9286 1616 3853 7207 7160 9552 4574 8523 
4825 9222 643 8593 3145 7178 7899 2745 6851 2092 753 9246 2590 3850 4284 8897 8359 1380 9338 2659 3611 93 8499 6146 6267 6565 9101 2886 3106 4 5464 5060 1962 9529 272 4396 9857 9463 5589 6242 8230 8050 3342 4070 2143 904 3798 7393 1791 8809 4478 3787 9775 3977 5512 7472 5122 4417 4709 446 2463 3191 4341 90 2298 9237 9940 2672 4199 2696 6022 1452 9886 9634 6638 9679 5339 2591 9565 3726 4502 7359 1113 312 3977 8413 5756 4035 3133 7591 6250 8921 8379 7020 1970 2981 6465 6966 2265 40 3707 6143 5824 7168 9715 
4479 3572 8009 6442 1690 6808 7885 697 3063 2693 9492 948 2383 681 6076 7967 5251 7609 5249 3470 9606 1932 767 7348 6238 3088 8588 9505 8569 869 2620 355 5394 2945 3980 6501 4298 6053 1546 2273 3471 6106 7784 6775 3562 7334 2155 3051 1515 5526 4585 7259 2418 2512 1131 6899 2041 575 7465 7260 492 9442 7757 512 522 9796 1963 3460 2955 3349 7695 8120 6856 7156 7103 1458 2896 5521 211 7956 5673 5714 4685 104 6987 5821 1205 7888 2646 7200 451 7516 1373 7571 5805 6613 9828 922 5311 2710 3845 8166 8456 7189 6234 
7866 808 8031 2961 794 1062 1115 2555 4791 9482 1026 4262 9948 655 1627 6385 6619 4330 775 7412 2733 9775 7684 6539 3225 499 7940 3205 3489 7488 4264 5500 508 4359 2339 5906 6764 403 4783 3457 9876 141 6141 8303 3386 8019 575 3547 6718 3727 8567 7474 1430 6834 7286 4922 7879 2565 6731 5750 8075 5339 4664 2094 7868 7860 9497 5002 9560 54 2393 7339 2669 1766 3716 5050 3550 1728 9166 367 950 3333 1591 1450 3448 2652 1955 2128 4426 3082 1755 3357 1565 4296 8559 6190 5606 4924 6327 1231 643 698 2844 8235 6292 
2854 4756 8174 4372 9131 6762 2197 5940 4733 609 1522 9918 4164 6050 1887 5445 9725 1679 7756 9705 5655 4711 6898 4194 3054 7835 3301 3471 9255 9496 5446 3267 1930 2878 2677 3479 379 7732 9106 7419 8714 8981 8702 8281 1130 3142 21 8372 7711 3041 61 1465 2560 1386 2940 7142 838 3224 9273 7781 8179 5175 1155 5343 1735 7997 4479 6215 413 7251 5952 515 4760 8707 3302 2080 2108 5397 4799 216 2957 6567 2572 8349 3401 6767 4761 3160 4458 2424 736 1788 8398 6055 4810 5954 8760 3302 137 881 2271 6806 2970 7032 8063 
6269 9094 1024 4140 8781 5296 3460 1052 3621 2014 7734 1482 1459 5498 7623 668 3353 695 9600 5687 381 1878 6070 3203 3578 9902 3424 3456 9926 3834 9797 14 39 9192 9470 264 962 827 683 1125 9568 5850 4890 7083 7030 7010 6403 9922 2266 6930 638 6860 6532 6654 6119 9506 132 4870 8448 2870 2428 9238 5944 8428 3551 4071 5146 6780 3309 3909 5036 7292 5931 5972 7561 2411 2007 168 422 1005 3469 7436 9503 936 3817 3296 7204 9842 5240 4909 5159 3177 5327 8426 1577 4208 9946 1696 4044 4924 2575 8149 7313 746 7983 
9030 1158 4034 284 5125 1435 5155 8516 2881 4268 985 7287 3577 5809 4491 7136 3286 3455 3196 8087 9973 1903 3972 3540 1155 637 3124 8138 1499 2209 3163 4515 3699 5359 8485 4747 1022 2279 9911 1970 8384 1608 6768 3782 3111 864 3768 4880 1566 5969 477 7480 1322 9865 8132 8715 9545 4743 4445 2501 5430 5955 1422 2053 8588 4048 3040 8857 8713 6188 3402 4321 2418 5246 9819 9693 4313 2543 6109 9789 2149 2493 403 3526 761 9091 7505 2796 6420 6890 1124 777 9310 475 4569 9743 6124 8450 2412 3313 2367 9949 2679 5689 259 
8559 1584 812 9537 3701 4213 6104 1554 1318 1255 6892 837 486 2868 4725 5264 856 5646 7458 7850 3871 4399 9577 5980 2629 4239 3571 1458 7231 4580 3672 5715 398 752 9803 2967 7734 9133 3484 4470 2963 5157 9536 7827 9562 3367 6404 4089 8521 5580 2158 4438 8944 4347 3480 2297 6026 9992 9433 8768 91 9217 2854 5717 9963 5394 9399 4305 6261 8463 4940 6719 1140 6757 2925 2609 1302 6881 8451 3096 191 1887 8151 5579 4955 9808 4586 2872 6703 7075 3587 9689 7872 599 5967 912 7119 4071 3840 4759 7507 7198 521 7496 1789 
2029 4905 705 5905 8282 9601 2531 1948 4447 4893 8758 3661 4856 2081 9240 5071 9147 2433 4961 328 417 2447 5500 661 8768 9474 1055 4113 5167 9250 1217 4343 6137 7265 4320 2824 178 1200 5587 6267 9229 1434 5613 5014 7222 5960 9299 7179 169 7124 7621 8807 3938 5842 3104 1167 374 4498 9002 358 780 1186 7366 8321 7441 2242 5147 2336 9540 8583 1987 2100 5124 3392 4482 8837 3597 6441 4909 2086 2884 6680 5882 290 1214 3283 617 4261 7881 7929 2380 4254 4114 662 451 2564 6093 4708 236 7106 2303 938 2845 1888 999 
7090 934 3700 5080 2072 4572 1499 8288 2198 6484 6650 2901 1382 8811 1018 2457 9391 3665 5029 8400 1098 2739 7666 4242 4385 3155 5991 4957 9062 4648 2405 8100 7737 8153 2147 60 5719 8747 3726 776 7422 5234 7842 9662 7029 1443 3979 1633 3257 4394 7526 7138 4130 6187 2162 1110 6114 5535 6984 4145 1669 6323 2269 7730 2165 1621 800 4364 5634 4731 7334 7399 9514 2636 6656 3456 8141 1212 3459 9848 4777 5573 9306 2090 4557 2509 6877 6911 3610 3286 1070 1153 8825 7193 9465 4315 3966 1346 9260 579 5176 7133 9276 920 1159 
4949 8522 4746 8879 6177 1169 1490 5910 7808 5969 3427 4512 8838 8836 1715 8926 7876 3191 2667 4955 3008 6201 341 6344 9412 8167 5176 3335 4531 428 2147 5848 7579 5650 7082 4489 4288 2730 843 1096 8323 3159 6429 7654 9280 5917 7083 7429 6059 8119 917 821 6113 8176 24 4400 8184 8009 9255 4862 7097 3581 97 8671 4702 5021 524 7581 11 3024 6901 4104 4135 3780 8096 4946 3346 5908 7552 5530 5059 6125 3147 4746 8826 2047 6473 1156 8480 3844 681 4162 9644 1553 2602 6065 722 1000 2700 7424 7194 8426 5179 7665 2712 
9322 7263 3553 5268 4758 4576 8931 348 5311 643 1011 3832 1242 7945 5608 6193 7818 680 1647 4321 4420 1748 1010 6514 5835 710 1603 8873 7716 5581 2135 7862 2288 5345 4417 2441 6761 5352 8657 7563 4574 9602 9350 4204 7503 8015 4282 4578 2059 3567 4838 4590 5995 6108 2869 2495 2506 7918 4347 1865 2270 7496 7202 3378 7257 4042 5188 7929 7432 4254 9961 8040 7354 9976 3792 134 5909 7408 9797 2380 2298 3011 5527 9966 6966 489 2772 8428 5595 9863 5755 6773 9303 4495 6212 5843 945 1279 1948 5572 2394 5798 512 2292 7893 
4632 4392 8858 9006 9604 2250 1222 7227 3586 5630 2780 7683 3169 4758 1835 2439 8605 1624 1061 7658 9467 4314 6070 9148 6505 4973 3911 505 2818 9373 6824 3414 6 104 6770 8599 7477 183 6249 6642 1841 7518 3772 4351 9416 6747 7606 5806 581 9403 7744 9413 6244 4167 3850 6768 7294 4355 4455 9548 4927 8145 2961 5921 9168 3645 9654 7012 4531 6484 3384 8793 5237 7055 3868 3379 8846 4907 6967 7669 4413 3222 928 9795 699 6099 3709 6819 1444 5821 1128 8601 6866 9260 9978 5047 440 341 5856 4122 5444 9303 1587 1296 6699 
2854 5878 8387 1277 8573 215 4860 2075 857 2220 4993 3625 6212 7346 8352 1648 622 2565 840 3734 8440 4922 7661 7043 7808 6099 6392 5337 6931 1182 2358 5730 881 2737 8901 5334 1868 3316 1077 7801 5533 1332 4308 3308 6061 5431 4660 7566 8375 8358 1041 5579 9726 9737 4384 1494 5824 5712 2792 9391 9409 1531 3005 6977 9149 6335 2999 3425 9747 3913 5 8088 631 3312 3186 1268 8270 1920 9306 8879 1266 9992 9940 9066 315 288 5454 2737 4797 6896 6625 4156 5561 7305 7620 7823 5150 6118 3205 5157 3394 6183 7622 3364 7175 
6734 7610 3438 3882 2217 8932 8042 5660 3260 4125 8915 2809 4171 6135 9554 7338 8540 3979 1371 6288 7334 254 4309 6878 6179 4122 2694 2223 1898 2254 8555 6883 7694 8853 1239 9939 1981 4753 722 6264 8791 7471 9861 427 9164 6560 1419 9860 9510 6923 5709 5530 5506 4964 2722 3390 6156 8621 297 5588 9377 2192 4486 2294 4131 2492 6707 3562 9599 5381 430 6667 1137 3353 1971 3991 2598 7941 8308 6085 4196 5105 7567 7934 1385 5882 6691 6554 7942 6627 3717 5824 2243 7445 5947 6827 5107 1693 6548 9663 7923 3980 4526 8501 996 
8425 3330 7429 1104 8504 4191 6981 474 2020 5447 4816 7962 8071 8253 381 2352 3020 5857 2562 9551 7284 4070 7575 8218 1209 5955 107 3217 4672 7548 4072 7115 7908 8745 2569 4308 2765 1220 8012 7021 9400 7851 8450 6430 7534 2272 2684 3805 9674 3924 1377 6811 5202 9431 9094 1836 8103 7182 3625 3591 8832 357 8420 4886 9647 4422 2924 1688 6624 1686 119 8922 4865 7494 875 1897 1308 3510 1412 2112 9765 6001 2601 2265 6464 6279 8957 8431 1400 4360 5824 6020 743 3041 9259 9862 4555 6980 88 66 5655 1746 5612 6418 347 
8592 9958 846 3960 8801 6184 4527 3125 7526 9417 521 5134 8386 652 6097 8971 5835 2077 2203 7168 2497 8649 5937 3323 2368 4120 4608 4838 2326 4463 753 3526 8257 8281 357 8909 2216 8601 9719 7424 7252 2970 6963 1173 1721 8472 6469 2301 6350 8839 8691 2587 611 5222 8087 9222 4367 9560 6154 6563 3373 1820 8918 4395 3018 9896 3021 7514 9073 7485 7769 3192 5059 3231 2558 9400 661 7161 5236 2280 7313 4215 3891 491 4638 6562 9177 5511 725 2724 9053 7796 1824 7295 2108 6322 6003 8704 6932 2482 2289 9001 689 9842 1542 
9478 9060 4832 3965 1422 7262 656 2672 1849 7457 2651 3109 6930 7790 6425 5762 506 7252 9439 7847 6877 593 357 160 576 8239 3213 9114 3391 7568 4464 1533 6637 1700 5755 1869 742 6779 1879 3829 215 1143 9559 5462 2926 2627 5924 9470 501 791 8082 7376 2937 359 4560 5578 3164 2606 5343 3724 3290 9845 9254 3709 2847 7924 4435 8954 8260 2552 2082 4997 6826 3799 476 1887 533 8076 379 3358 3144 426 3235 7648 9736 4592 2020 2796 7382 6484 5267 7097 6100 1662 3728 5685 996 4647 4725 3826 1181 3414 2310 1495 6279 
4891 2360 1374 9670 3939 8555 1553 3973 3567 9783 9259 5935 2100 7665 7637 431 2770 5201 8302 6945 9850 9042 6886 8259 8092 8795 9382 5923 5659 424 1565 8503 9310 1736 9795 9523 4027 890 3192 7200 3263 7638 9033 8974 9685 7526 1233 9850 7575 3368 6160 49 5196 3894 7663 4182 9687 1593 6423 9933 3548 5414 5576 1319 8742 8554 6748 1572 6074 5339 2477 5637 9318 3372 281 5410 3555 7719 9749 8568 4931 709 5146 3822 3718 7190 866 6653 9361 956 8401 5308 9489 927 4428 1615 2000 9759 2087 3519 4348 6235 9166 3622 7303 
7092 1239 721 1729 2375 9517 9504 2508 3981 1028 4434 624 6248 1329 6952 3558 1620 1435 6175 2893 3680 278 9504 98 4845 2135 2653 6723 9178 8564 9552 7366 5505 1657 4124 6764 8090 5152 7684 8965 6755 5224 2350 683 1570 8793 7329 1633 6844 8166 4193 3228 2647 8482 982 8034 8999 3216 6723 4612 3827 9117 9125 5743 8032 7666 6121 9093 3883 1739 7704 5120 8168 5171 9914 343 3078 2799 8576 9210 7232 9529 2443 4898 7490 4526 8730 7208 2549 2177 7546 7677 1252 4007 6589 2761 9893 2463 9354 8367 7723 9634 7089 3560 2967 
3482 5228 3163 5093 1822 6928 7952 9226 4365 3524 3054 4862 1049 2608 3581 7991 498 5680 777 9740 3793 1335 5231 9000 6821 980 3590 9204 9626 6418 3790 5509 5723 5063 156 7053 9068 7511 4554 2429 9632 9184 9794 6075 8084 4030 7881 1365 9963 8151 5016 5948 3624 1093 5135 2094 5089 9325 740 5346 4208 4657 1450 6605 3969 4063 7524 1146 1111 4396 2957 6494 9510 8757 4235 3852 5705 6525 6175 626 864 6008 3140 5843 5512 7726 2758 1398 8173 9260 7395 3883 9885 8703 7525 6485 9482 574 5671 9008 3463 7541 4590 1231 1732 
4492 7266 5570 9234 8056 8365 775 7457 15 9152 1257 8542 1599 2894 7373 1926 8358 774 3634 2600 9513 8543 6573 4579 2321 9265 4055 4726 4089 1106 9023 963 3296 8061 2302 9544 2193 8457 2168 3872 3837 9650 8748 4822 8628 8453 2518 859 7308 1083 9250 4139 7263 6470 3477 3003 4081 4878 8732 6773 1516 6620 7348 5628 1011 8996 3582 3659 9132 2965 2697 7922 246 9949 8655 8066 8715 276 5345 5502 2317 8885 7272 1591 6035 2898 2163 9351 1045 8433 7356 3132 731 7171 2610 4525 7714 1630 4712 503 6742 4898 1774 1616 6484 
9116 2510 9082 1416 8953 3853 1137 1145 5049 5985 8156 736 7915 8936 2883 4636 2946 7600 5490 6578 5810 9722 7068 4767 620 330 2472 1978 9637 8741 7607 6285 8993 8564 9296 9098 9944 2580 8227 8444 6532 5374 1513 729 545 3024 2989 7320 4320 2242 7542 9562 5645 9267 4236 4927 5558 2424 1835 7346 6911 5624 9368 528 7374 7621 5953 4052 9321 9988 6097 2602 8089 5293 4411 2630 2898 4940 4957 2729 3817 9191 536 1483 6262 667 9134 3613 1480 5029 4166 5720 9249 3072 730 4152 7651 1554 8799 9979 4563 1204 5854 874 4957 
7164 6247 378 3758 8747 8273 1757 6175 9692 3378 4795 4997 3825 3621 6557 1610 6791 4145 3089 3982 6789 9062 91 7705 366 3594 7930 7976 9856 7368 1728 9235 6800 2848 2493 9795 910 83 2597 4719 1186 921 498 7360 7806 8201 6318 4353 1285 261 1086 4431 401 9893 3940 3786 4849 3024 9149 2946 8068 2067 5134 9613 5150 6151 9819 5205 482 7871 2812 9328 126 4848 2178 2155 4317 9770 1575 356 8215 1119 7741 5186 7858 8366 2328 9783 4250 2522 243 7259 4797 378 2610 9523 3527 8720 5791 9613 6851 1745 7406 2228 8559 
1359 4716 3397 6650 3827 9338 2739 1644 1278 4316 4967 6624 3414 9271 2853 1614 7905 1513 1192 187 4693 3795 2111 7306 8441 5614 6844 7707 4244 2507 642 7033 951 3687 2650 4292 3162 7445 5708 6025 8813 4622 8862 6328 8907 3000 2621 5784 1028 8251 6222 1707 1852 126 3301 5612 9024 4218 17 4319 2624 935 7040 358 4008 4246 5851 5471 7369 4337 281 7367 3384 8313 8791 5222 6446 5079 5216 5349 8527 2009 6765 7180 3672 1591 5403 4463 8718 3041 349 4756 5046 430 6401 7167 5628 4241 7732 5476 8661 504 9731 7116 9463 
3020 6413 3405 8276 2917 4979 6571 1628 5860 8239 509 5105 9383 4296 7399 3988 3134 3267 528 3601 2282 2117 6280 7020 8754 3692 1116 4718 3647 4555 1364 1754 5001 5797 1972 7682 9877 5568 4012 4019 1999 4428 6945 9752 4180 5826 8826 9279 876 8093 5061 9487 3620 5836 7626 1185 1432 7238 8482 2340 8452 2676 2359 6073 8366 4664 4654 501 7032 3854 52 4077 437 7588 1226 8421 5888 6964 5129 2800 3867 2654 9019 41 2379 3781 1371 8943 3729 2678 3246 2486 984 5715 7921 9132 3881 4796 381 6389 6996 9671 6264 3744 1244 
8729 2937 5878 2386 7824 5654 8987 9124 4201 7851 8886 7555 129 2715 1577 2944 45 6046 8107 7042 3075 2289 1619 5189 2283 5289 3955 1783 9235 8342 6394 6877 7044 3806 5020 3897 4416 7448 9207 6754 5733 5319 5954 7745 4670 1008 4448 3621 5750 7708 6319 1420 9581 4064 444 7489 6345 4005 6659 5709 8923 7002 1895 1414 679 2827 8278 3543 7556 2844 2946 749 3294 9862 6231 4119 2361 4281 1179 3730 1304 636 508 5886 2745 2464 4809 7788 5458 9792 8698 3924 1961 2308 3244 3094 7806 4280 9972 1600 1088 3406 2687 5611 6639 
1612 8183 6585 7688 8003 5561 3010 1921 9260 2167 9151 9510 6889 3258 4344 1030 5931 1580 5959 795 2614 6186 5388 8520 2143 7795 7283 2089 7618 4722 6433 7609 2467 7054 7477 7014 7659 1161 4008 2975 3399 1643 8057 5774 7953 7801 8626 5920 4642 6165 5083 2167 6711 6144 4549 2615 3961 9297 1327 8669 4904 6407 7595 8514 9851 6324 5296 3551 3503 4343 5338 5595 2450 1077 3369 7812 1896 8517 4200 7723 1412 5251 8621 106 6067 9400 9288 9868 7090 4903 354 6589 8641 8836 5750 2134 1530 8524 4212 327 5648 6278 8042 3327 2834 
3498 3356 9833 4649 435 1744 7227 1957 7643 5677 2352 830 6816 3524 5716 1788 6860 6671 1064 7472 1493 1315 8435 1802 9876 4795 5639 6807 6209 8044 2013 5335 3544 5194 8135 8349 2224 1738 3741 9122 1761 1734 245 4246 3358 1041 2446 5461 7929 7490 8220 3981 2708 4194 802 5185 9465 3665 4465 6206 2475 9928 3802 9749 1424 577 6900 2711 2540 3350 5881 2134 6526 6521 4046 3137 8306 7040 5107 3757 230 3334 1652 1243 7610 2877 871 7885 3869 5555 7248 564 4859 4661 3528 665 9683 6716 849 6054 1382 4694 140 2372 2159 
4412 7815 5060 7152 6604 2752 3774 7475 5693 9671 9375 9288 8740 6119 3893 5393 5317 4701 6208 7889 9329 5122 2677 7545 7201 3336 7341 5691 9188 3892 3192 5364 3752 5138 6047 6620 9940 9819 1076 596 6449 3993 9871 8686 3173 8573 100 5301 2498 4124 7074 3713 5935 124 3891 6551 481 7227 2220 811 3444 4044 5414 3964 9779 3561 9670 3511 5931 522 233 1931 355 1603 9708 1004 4751 625 9441 4176 6295 6184 5651 7880 1441 5793 6288 4311 4330 4710 6725 3220 2200 1526 828 1887 4206 3615 4797 1572 742 4518 5295 7715 6116 
1220 6662 748 7115 9608 9722 3673 9687 8926 7617 3742 5539 7509 151 1104 1623 8300 4024 3768 1712 799 2091 922 4352 6817 8357 7801 4774 572 4562 2346 4496 9164 2340 812 8455 7026 9192 708 449 5145 3320 5743 9051 5295 7937 8943 7379 46 8272 355 8139 7720 239 5992 226 330 7069 2014 8394 3164 8658 7646 2426 6740 7171 8081 5281 1508 6109 7294 242 3835 4912 7321 7621 348 8937 2433 3526 9369 2647 6498 9784 1745 3526 3478 8232 2311 1384 6819 4840 3186 8770 6710 7727 5862 2896 4821 2027 2591 3885 4864 3557 8425 
7753 8435 4279 5778 1027 5491 3731 4117 3255 8464 4404 8474 9494 7365 8835 336 4267 3123 1834 965 3637 5152 9616 7073 3081 2031 5300 6115 6853 7319 9419 8487 6424 2103 6737 8412 4287 5036 694 4706 2152 5610 8366 728 2354 2661 114 191 8389 3244 6547 3122 9143 6646 7601 1328 9968 7323 3064 1621 1103 3339 6703 5751 9779 4500 5415 1924 691 92 1937 2187 1071 1245 6908 7092 4548 2135 7621 5896 7166 9335 9387 9622 9712 6424 3295 1742 2882 5123 8184 1670 5228 5669 6652 4855 6948 5735 8336 9414 5595 3793 3466 5617 9128 
8705 9674 5515 8590 9290 5432 9055 5778 3591 1861 1789 7830 3353 2771 7162 2160 5722 6633 6552 5214 7143 3986 3487 6167 2349 320 7853 1640 1803 4462 7778 9304 9155 8504 3288 9160 5433 3318 2967 1655 528 9204 4358 2676 8814 2128 5319 1604 3462 6834 4309 2745 2396 5618 319 7935 8036 2685 5585 3407 4115 7313 2794 9873 9469 9377 1936 4821 8455 6888 165 7024 7976 6807 96 1668 5063 4788 9144 7713 3218 3434 9462 3249 546 2321 4078 5586 320 8919 5767 9842 7568 7948 5004 9442 1198 3768 4230 8058 3611 6900 7914 1933 3385 
5134 2050 5071 9127 9587 5464 2184 205 2394 9234 8986 7286 6108 3513 5884 8849 3281 260 7347 8431 259 4412 7991 8144 4101 3228 260 2068 4810 6004 726 3590 1591 8775 6767 4973 7031 5951 1921 2449 1085 8966 9769 6869 5561 7600 1430 1364 3546 2100 1988 2177 2385 5704 8634 5120 3062 9101 7184 800 208 8161 2948 6245 6192 8234 7340 8054 6510 1070 4092 7357 4533 1303 6493 3063 6008 1864 2176 3953 1344 5905 5110 1610 1860 5496 8546 7307 2717 5467 4150 101 9590 9413 2903 5883 2193 5688 9431 3674 45 1644 9658 3094 5831 
3120 6192 4158 8832 2067 8978 9872 413 9562 3513 4885 6841 5072 2544 2787 6681 5627 9516 1559 8587 8944 8228 6537 703 4790 1052 9693 6617 4678 2768 6515 8767 2930 8501 6111 3617 5460 4506 6377 8315 2511 9577 4737 526 164 3037 8322 4207 3669 2912 2988 9320 4221 1415 4689 3024 583 2758 6819 4490 1620 5866 7583 4133 7948 293 6788 7726 2973 6128 5159 3902 7251 7817 4683 3449 5922 2157 9949 5077 4498 1651 4544 3820 5359 2445 1217 6715 5890 8583 1826 3529 1660 1314 695 9186 5063 174 9473 1866 5818 8733 2846 6516 637 
8896 6667 4151 5767 8526 1509 335 7526 639 6802 690 2802 8027 1814 8274 9203 6079 4523 6121 1328 2589 4687 5845 3934 4631 8634 4137 112 5413 8325 1933 405 5713 2292 1693 4440 8295 5320 7262 7923 213 976 3170 9972 545 2927 380 6869 7121 9904 8559 34 6835 5627 9823 2627 641 155 5797 3200 9844 6636 1133 654 8534 5146 7890 8203 5300 8717 7785 9150 4194 9443 1911 6267 9170 5404 2326 2317 8618 2652 6150 9195 2893 4039 6141 4303 847 8316 4583 6309 1620 4693 1046 4730 7803 3266 7168 284 6716 9697 2593 32 1883 
5912 7174 5720 7240 8898 6272 6288 4692 1274 6784 655 9761 9385 1163 1728 431 6504 408 6877 850 5340 2068 9358 94 913 9540 4319 1644 3376 4216 2564 1205 4816 3693 5638 6176 4332 4204 5565 10 9751 9005 4941 1349 3479 9573 4541 8195 7170 2997 6128 6746 2375 2301 7441 2549 4505 8 3021 3454 8720 7517 5386 4515 2893 3664 9730 2163 8128 7433 5566 2788 5339 2322 5786 3589 2987 2506 4374 1953 6845 8447 8908 3824 3920 4054 3076 8707 1901 512 3460 2134 1129 588 1004 3850 3759 1884 1522 9601 5245 1947 8238 6797 7860 
5578 9292 7290 8959 8185 7276 1489 4576 642 2189 668 7792 2628 8192 6543 8835 96 8003 6193 4772 3482 559 2370 1726 8787 1821 3229 9021 8864 1228 1221 6560 3050 2689 4717 48 7169 424 4543 6231 7140 8654 690 6654 1360 1265 3228 2833 2578 1280 180 4231 7335 7311 9812 4177 4749 620 832 4530 6907 2270 3942 3018 7862 3904 2510 5934 9890 4347 7441 9042 8168 4678 5372 9376 7191 674 6195 3460 501 785 5532 7027 4271 2185 1825 954 1577 4419 3446 2969 2925 6170 332 679 3132 5917 6355 810 5697 882 614 2473 8317 
6163 6266 2912 3635 2606 8922 4785 3782 7304 1257 8699 6349 5746 277 2382 5393 1984 4672 4290 7423 6957 263 4253 9304 7159 8360 7529 5900 8439 4339 9132 6503 7758 1206 7914 2020 7565 8646 6953 6417 6650 1336 2493 8433 2362 5735 6262 9038 5276 8535 7570 6150 4601 3024 829 1085 5262 3207 9204 3752 4232 7019 924 4129 6326 9775 8840 4474 2858 3514 8314 4664 6024 1661 4330 4413 621 3082 5588 3758 1975 597 1175 2832 2779 496 107 1060 8197 2085 4066 7314 3192 7112 2585 1865 7660 2690 9903 8429 6797 7902 4207 795 5362 
8718 8667 1229 2699 3107 8727 3468 5381 1058 7667 9466 213 2972 4001 7037 8902 3627 3166 4662 6037 892 6357 7446 1555 217 4903 6658 6748 2163 9994 7955 8491 1739 8157 724 5592 7738 7587 7613 295 2 1364 1689 7793 623 461 5077 4823 8027 8365 8970 4678 2120 2891 9661 265 7179 8809 3731 8082 8999 3532 2044 3088 8614 3110 8359 6961 6033 3682 7843 8411 444 3498 3235 2814 61 6476 9654 7599 1147 983 1160 481 4512 59 2840 359 5001 269 8279 2158 6341 4895 9665 6732 6149 9625 2552 7718 9755 9805 6000 2693 1196 
264 9333 8194 6818 5684 6746 9802 1 7370 3930 9958 3299 3569 8431 5729 4091 5376 9637 4626 8358 5622 2490 1509 8801 947 1099 1281 5620 9194 3269 5915 7370 8124 4145 9841 4957 7964 8192 750 9668 2088 9049 8564 5723 5622 6108 3942 5707 825 1724 7258 7217 6824 5255 7609 7867 9307 8423 3651 1877 9887 7268 5247 1975 6486 1475 3133 1037 5902 6146 8478 3462 4425 5958 7001 1070 3760 178 6267 2486 4724 6442 1421 9718 1592 1529 1961 4509 1582 1567 850 7459 8023 4723 8169 1551 3721 7701 971 78 6307 3715 8724 4441 148 
7459 9361 838 4456 541 2096 6314 4140 7632 1778 5426 827 6248 6440 8102 1913 5873 3273 1523 5523 1184 951 6875 8383 951 1366 4577 5710 4206 7629 954 5034 5129 2043 8156 4728 6062 8398 2831 4791 4087 2923 1592 1025 1029 1740 1195 7775 2523 4943 7216 5497 3196 3993 4881 2487 1542 5003 9169 8974 849 7841 6326 2664 1377 8284 4084 7316 9818 1971 6194 208 1254 4003 4129 1926 8306 3977 1224 7909 1762 729 2841 2527 980 6339 3163 2766 8901 5643 1337 3672 4299 9056 579 3502 6947 9677 1684 5405 9624 5275 4094 2849 4178 
4173 4020 6297 8196 8797 2893 4079 4181 5203 8690 7231 8500 3588 5623 8545 9347 9480 7674 9021 2205 1821 8415 5711 8998 9774 6368 6444 8228 9098 5615 783 8125 5730 6318 3774 661 9254 7190 4024 5104 2180 5817 7536 6721 1566 5971 5496 7979 6122 2654 4634 2915 2952 6444 9630 9007 303 8358 634 3689 7943 3529 742 6153 7716 7167 5061 9615 431 6330 867 260 2897 5537 2370 653 508 8018 1336 2778 9260 5442 6841 5196 1937 1186 6621 511 3540 708 3606 4962 7373 3689 7895 995 6781 8472 568 4966 7686 5747 8703 5301 2259 
