4794 7104 7013 3652 8684 9919 4437 4183 7184 5065 4566 1029 8319 7291 8977 1647 6372 9096 5278 8877 8126 688 3539 2260 7786 2417 2881 8212 6940 4771 9300 2745 8465 7226 2176 1034 4324 7292 8706 5938 7119 7376 1754 2068 7705 8478 2063 32 2827 9142 854 4019 2995 3846 5168 8912 7947 471 6539 2530 
1066 300 9510 1575 1437 6246 3185 485 9462 2992 742 1561 2215 2204 3106 8838 8420 6838 8156 2889 8279 9922 7752 8320 7628 2028 4697 3188 9245 2891 7767 6635 8819 6840 4992 7560 8866 7697 9299 1372 8014 7176 4697 6623 6165 9251 7741 3109 5526 6989 1801 3298 4557 2184 5759 5510 8716 6321 8222 6443 
8247 2789 521 3916 3027 4575 9476 3292 9329 86 7875 5178 3141 3475 6743 3310 5985 1671 2911 5712 7522 6615 5387 4974 4473 8688 9693 7232 7764 3891 3067 1509 5080 8262 1050 1898 9652 4332 6372 3924 5445 8435 7206 1796 8914 7643 7772 9040 4824 1102 5946 542 8589 1745 7746 3335 2759 5553 6092 5241 
1602 3205 4671 8725 760 3704 1662 74 6006 9962 2999 32 3059 5365 3456 4793 9039 7282 7060 5870 6823 1202 8745 3372 8687 8715 9816 5188 5069 3884 6328 2830 6046 9910 7732 3013 5008 1208 3641 9700 2858 2645 2981 7785 67 1426 376 7236 826 9247 7648 8774 1972 8565 4896 1970 7439 4558 6415 2890 
4273 3242 6996 2794 9370 4067 8638 131 2504 8395 5484 5180 4146 4560 1404 7504 4437 6537 2254 876 6962 3615 285 8635 9796 4851 2549 8300 3054 6273 3703 8135 7067 4084 3768 5816 6064 8253 493 4959 9977 7067 9808 9827 3069 4844 8218 878 4987 1005 2763 4059 3251 7026 7184 8199 5620 2500 4900 6376 
5822 4568 2363 4299 6128 8877 8998 1996 9635 566 685 430 2036 5886 8477 5481 7692 2067 3344 8905 6216 2101 548 5280 7553 2582 3680 1642 619 1966 4841 4986 7807 6091 25 5087 3693 3274 8191 2026 6553 5057 2243 6388 7460 7806 1856 6675 3710 2369 4143 1650 1903 2070 3032 9941 5211 3956 3640 7636 
1651 7082 6353 7520 760 8628 3077 6061 1195 7788 3033 9689 5489 7629 534 2253 2897 910 5328 2083 3243 4250 2547 8186 8819 8393 4846 5132 5732 3847 6175 3159 608 9300 3783 7179 8796 9607 5326 6927 1277 2965 7974 2238 8319 1675 2246 5519 2673 2794 2038 2308 33 4196 412 7172 5356 7736 7181 4241 
2085 8900 6062 9212 5146 8685 59 3641 5933 9333 5821 7753 929 109 8900 5013 4268 5251 27 1689 9646 578 9718 8412 2051 7404 666 2276 2358 7320 3067 8355 424 4855 2097 2533 6734 8059 7265 907 2554 8153 9920 9901 6378 3527 371 6065 4265 1831 3952 5682 9342 3480 3156 5841 5978 7804 2857 8310 
992 5164 7438 9887 1257 7898 4408 8140 7978 3314 5837 3841 6922 7665 9705 2253 4061 2224 6778 4128 6302 363 3346 9566 8072 3819 6088 2657 4715 1754 7041 8679 179 5943 9985 6194 5983 7273 2983 472 9610 423 957 2979 114 5189 3417 5205 3328 9606 9669 7318 6575 4252 3984 3698 5519 3045 7153 3217 
8699 9519 8584 2474 5732 9283 9102 8560 5906 5210 7180 9395 3201 3815 5017 7500 5853 4700 7056 8356 3597 1642 9658 6567 7933 9232 9652 3749 9410 2408 8342 4098 4702 9561 3477 9071 4690 5118 1379 6704 5595 315 9321 3403 6380 8301 1904 4655 96 9769 8282 8757 4158 9080 1480 123 2540 2959 1698 5088 
8423 7823 3686 5851 7628 8417 3974 4284 7405 9763 2195 6514 7133 8238 2593 1519 776 6791 5243 5687 3542 1451 5868 1437 8496 6443 7141 9181 9570 4374 6089 2853 8103 9924 966 7372 9941 5025 8789 2862 4623 547 5141 6322 5105 9449 3735 3150 6987 4100 8338 9436 5098 2144 3122 8613 595 1185 2804 8867 
3553 6300 9915 4729 4543 9492 9816 5567 5056 1895 8266 9077 5098 8759 623 8611 5496 3322 7199 9207 9652 6255 2307 6925 2665 8363 9019 2438 6548 6999 8830 6933 4933 640 5539 8604 8218 8432 948 5183 2913 8973 1887 6242 2109 6335 2474 2758 7954 5022 9874 7489 2198 2145 6890 4810 7260 1449 2521 3641 
5540 6779 3051 5069 4819 9756 2892 1778 7456 299 6775 1399 5736 5134 8078 7961 8213 7343 9226 7181 7126 7756 896 1112 3368 5039 7147 4095 9092 3615 7383 6998 5464 3678 1057 5354 3549 8987 2940 5966 2442 7621 4240 5918 9240 2791 439 124 9889 1041 4933 5916 7686 1231 2748 8083 528 1314 3653 7731 
2576 9145 4387 4514 6340 8691 849 5209 9946 671 1202 7217 6017 538 4773 1120 6329 850 4003 3327 8570 9280 8464 4269 2700 8823 1508 5012 8282 2665 2962 1621 5310 5292 7582 6259 1520 1110 7649 1681 2431 2356 1515 6090 3395 4870 1438 6732 2743 1638 2169 7955 6842 1621 5931 4597 4356 7180 8808 5966 
5879 7348 4071 285 7161 5290 2893 9169 6052 5250 4732 2917 7730 321 4569 6025 8001 3754 4937 2482 1946 9333 3183 2587 7593 4128 7702 9992 2228 7810 7872 895 9058 7911 6705 6071 9877 5742 8469 6823 3910 9629 8680 8407 1107 2996 8321 2218 5856 7008 6229 4698 3862 1152 4623 3860 453 1235 7188 3623 
4162 1505 8718 7750 8421 6233 4204 3181 6431 4925 6946 3312 3862 8378 5373 9682 9945 5046 7478 6646 905 2123 4651 4824 5624 2224 6419 4494 8427 1827 2929 7839 7466 8829 5610 9767 8845 4975 8123 6782 2392 6440 7743 2548 4139 2128 89 2655 1058 2685 873 3388 7373 8808 5256 2898 338 6260 7361 1147 
1739 8162 5785 3475 6898 7929 7955 9685 1390 6902 7921 9329 946 4148 4767 8322 5576 8220 322 7028 1627 4683 8206 1752 5050 1561 3563 6177 1573 6447 7083 9386 2154 2777 6865 2460 9390 6542 8905 168 9672 1780 1124 1059 9231 4346 9314 7994 6076 6903 6265 178 1117 4029 7487 8736 7006 5582 9738 4175 
7965 7042 6360 8069 3673 3353 7969 5532 7393 8904 6192 8154 4273 3691 7734 779 7948 633 7086 7998 570 8525 8344 7737 3615 2558 8584 3713 671 5449 172 532 7703 3521 4648 3871 4784 8421 4286 6423 9340 6567 919 2306 9694 2064 8150 6823 3218 7357 8039 837 5375 18 8364 5554 8625 9172 7860 8842 
8478 6426 7872 9339 6498 101 6983 6243 186 1771 4106 3294 3998 9272 3420 951 5548 8876 9438 8558 4920 9385 879 134 9692 8203 950 2415 2913 3607 1452 2423 930 3552 768 5406 4738 4703 6171 2987 647 8815 6687 9244 1343 2070 8253 7937 9929 8353 9654 7792 154 9144 3955 2456 9053 869 2133 5843 
8038 7946 8385 4729 1318 3115 5508 131 2870 5002 9983 5839 2603 4202 5666 949 5479 7305 9275 7821 4585 5235 4899 4743 9119 2777 7962 3558 2497 1141 8173 7426 1888 6902 5732 2997 6128 8015 1612 8926 7256 1563 9866 1097 8831 4799 6454 2030 7793 5812 4323 1027 6445 2819 9519 4821 905 7581 8912 4541 
7268 6573 2112 4218 2645 5647 8748 7379 1663 5258 461 556 3400 4912 1926 6005 2493 5268 9384 4801 4562 934 3736 1527 7474 895 5046 5770 392 6541 8506 6066 7220 1021 3226 8963 6461 3803 483 3101 695 6993 3694 6126 9170 8363 196 7500 213 3280 6826 1407 1063 5495 2142 7999 8371 2829 9594 6874 
9213 5043 745 8477 8768 1642 2250 1213 5563 2688 207 2551 3535 6028 2564 8147 4004 3202 104 832 3852 2842 3646 8986 6481 7659 6567 6179 6558 2597 6615 3386 7905 9810 2902 4303 8971 267 6409 9332 4738 2583 3112 1660 3971 7296 6037 8680 1940 5840 4281 6164 2814 1924 1159 8232 6773 5395 134 2817 
4241 2549 7083 1627 6365 8943 5900 8186 8940 6553 1365 7461 6364 320 8869 3402 5002 675 2769 6112 6228 3129 4555 5184 2045 2964 7970 1159 6539 8547 9921 2149 6409 3549 8979 3130 8912 6636 9999 3486 9631 6187 4579 7926 8904 932 218 873 1317 7008 3829 8669 4164 241 7442 1524 423 3781 4921 7447 
4165 7933 7940 8903 8744 8808 2735 3683 5518 2915 5796 2989 5329 2189 2880 6109 9525 7222 6153 7293 508 1029 3256 6398 3466 816 6850 1426 7781 5803 2275 3707 14 4854 6892 3861 1828 9475 6848 9807 1744 3297 2281 1211 1008 8013 2786 7627 6865 866 4999 1277 4161 4736 9443 2084 1693 9538 3396 4884 
2357 8058 7836 9225 6384 8141 8469 4037 4396 3151 6792 9792 4990 962 7390 2433 4305 8283 9147 6862 2384 3459 5884 8673 4496 2769 7024 3553 9398 2932 1547 21 8708 8974 4239 1377 7441 4570 5604 7444 1369 6514 3653 1880 845 3754 8794 3914 6763 9819 1421 7427 4359 7372 7226 792 7365 6495 4262 641 
5643 2911 7927 5411 892 6895 305 7755 5034 7213 6449 9538 216 4916 6950 5383 4995 829 3447 3041 5592 6744 7851 3714 5796 308 5867 2023 3651 2972 7369 3953 4524 3610 3105 47 5 9249 9162 8889 2226 5024 124 450 4038 6688 5232 6007 8892 1341 5578 7442 337 6164 7783 1765 7674 1936 9156 4487 
7475 1653 3701 4148 2169 4666 4106 1399 8410 8465 219 9358 7131 5120 2397 1561 8938 1235 3888 4610 7230 1282 1490 3320 4891 8451 8320 1229 5385 8663 9989 9561 2454 5263 3896 3317 3659 8124 7855 1623 3258 4519 8917 7577 7228 5927 5300 7471 5338 7046 1244 129 3974 4180 9255 6588 5427 8311 5022 3392 
8349 1367 9900 3869 893 3653 2673 3353 8030 5619 1444 2554 1497 4530 6572 5981 2631 2640 1552 7863 3390 6481 965 2715 4792 5060 7954 7768 609 5172 5773 86 2957 528 7237 4753 2562 7061 7418 3223 9523 5285 1993 1081 84 6813 7932 2320 2827 3954 6748 4860 7743 8984 7378 4337 3369 48 7141 4543 
122 1194 6965 4331 7588 237 5582 7004 6990 9439 233 870 1864 1563 412 7568 1812 9687 198 5438 1839 9287 6564 568 2705 274 5310 8625 8731 3200 2763 6402 5888 7580 8763 7179 6312 7731 6108 1361 2688 5674 460 9350 168 3273 275 5243 2987 9259 2280 7213 8528 4040 2478 3912 1117 146 878 6833 
2093 2220 1096 7161 1223 2859 653 5084 7764 7531 9198 1253 7472 7467 5414 2765 7933 7005 8880 7016 6876 3942 8181 2063 5521 2389 9072 7980 2316 1871 5969 8131 4975 877 1481 3826 6249 5740 5364 2989 3783 8611 4747 7611 3615 4646 6788 1025 8791 7541 6567 2788 4692 4857 858 3015 6438 3469 2448 6396 
8194 322 6256 1151 4270 9968 3698 9885 6359 232 3849 1602 1609 7760 8836 5023 9068 8327 3060 8239 7665 7174 5384 7832 9699 7623 3351 8588 989 2970 5509 7318 8489 7285 5167 4293 6153 247 3054 4693 7708 6730 8706 7517 7175 9552 5689 5436 5274 5652 3098 3441 4827 1325 1095 446 9060 888 7912 7159 
4006 2769 8294 7415 7175 9682 2376 7823 4509 3801 4699 6449 2821 8962 2406 5708 8718 4766 8050 4150 4432 9740 2945 6058 6115 6959 8127 8273 4268 7289 2701 4249 7512 5034 7854 846 7871 2722 625 5106 5009 4146 5896 5690 8685 430 4678 6759 4887 8175 9070 4581 2993 2738 480 9199 2976 5547 3261 3750 
2298 1728 8541 2066 1398 4603 3824 2401 80 1694 2183 5994 4220 8593 2213 1950 5618 9479 1044 4855 7645 4645 2117 2459 4579 7605 2697 510 4831 2662 1868 1331 3538 2654 324 8143 9504 3656 2024 3812 6241 3703 6520 2770 6775 1088 5256 6756 4837 6716 476 1297 4994 9452 8709 5043 325 2956 8861 2171 
9978 8430 2202 2675 8739 5301 1658 2957 7742 8343 1455 8794 2004 1706 7783 8295 82 5789 8025 16 113 8102 181 9588 4700 5957 9027 9385 6117 2670 2361 4500 6809 602 8804 3133 554 9129 4483 1216 2594 4101 6822 8435 1275 8241 6988 3568 7576 3859 2379 3923 4416 72 3329 9991 1507 9701 7723 3224 
114 3046 898 959 7749 602 5609 915 6628 1328 9442 2453 936 7012 7856 6863 8254 2579 8560 5878 8790 6569 1399 3822 2206 6189 192 4653 1219 6938 9798 1106 7504 5241 959 6466 3835 3879 7850 4475 1812 4449 2076 6632 8199 4098 9556 8801 4825 4131 6438 9058 7917 6635 5390 5162 417 4442 8483 3161 
9688 6721 637 3620 4432 119 2637 6423 955 8944 820 6383 3321 5572 3398 5119 9744 1799 8985 4761 6355 3493 2635 5277 193 2416 8992 5823 1050 6504 8915 3953 5921 7360 520 270 498 7626 8887 8205 6191 5693 6999 1788 8001 1859 4913 8660 8969 4559 5318 4249 4089 3298 9834 6556 5399 7476 46 5609 
361 9671 7400 9010 9283 5551 6967 6440 3756 6805 6170 2327 3262 6614 6969 2333 7630 9547 8891 7989 9320 5695 6562 8554 6150 5218 8125 7459 4463 6256 3149 8435 5653 9137 7089 3041 3454 5680 6636 3022 3067 2860 1168 3658 1589 269 8538 9417 3435 1931 1458 4975 7967 1402 6298 3935 3156 2434 3075 9479 
1531 277 7843 3542 1973 1968 4028 8183 2841 8041 5919 1522 9549 9414 6490 6071 8111 7225 728 2371 8754 3788 204 107 1199 1819 6347 948 8955 7748 558 7826 3740 4576 3265 8241 6686 2097 7539 4277 5779 5112 2829 2692 6878 2338 4472 6958 6462 3438 7109 9310 2405 3090 9286 4284 7333 2324 1802 6316 
5768 6575 4077 8688 2979 5540 1197 8880 9456 8174 3693 5688 4182 2760 4885 4763 9031 9214 6635 5555 3370 8065 1489 5567 2746 5577 6306 8128 3324 8977 9226 66 969 2728 5599 7611 903 8807 9415 5867 2956 1896 9726 2548 5063 6883 8579 6523 2160 6266 3447 276 9750 3657 6879 1016 6791 3021 2770 8379 
4524 4139 7249 4457 4972 9409 6321 684 3129 8936 5378 9204 6335 7421 7820 7911 668 1086 1224 3957 7846 6208 230 3556 8769 1987 6320 4697 3763 4427 9985 6651 7103 7737 176 3696 7230 8034 1869 7925 328 4988 8807 763 8905 879 7659 3298 7341 9939 4112 9087 3302 8812 8460 5546 5828 2713 6226 9171 
