1564 9949 4308 9244 9664 6943 6119 2165 9593 210 5552 5837 9705 4835 748 6965 8990 2640 9658 8763 4509 1387 8795 13 7517 7047 4470 5410 5671 9105 3986 1410 2656 9416 4154 8596 8624 6101 9248 6594 3516 1027 4901 3922 3570 9504 5090 8890 2499 2043 7174 1442 5117 6422 7268 7489 2233 6641 7295 4394 6556 2617 3936 4255 4170 5186 9177 2212 7724 9344 1046 4925 2154 973 2731 9714 5214 8847 3380 9616 1318 5042 3853 422 8898 9398 4207 7511 5783 9789 279 8070 6028 1993 4701 8170 6081 8601 3372 5611 24 1254 873 7518 8269 5050 1173 8816 3174 8680 8933 4787 9901 8427 661 2460 8112 7712 42 8456 
801 2841 1018 4744 3613 3554 1107 8647 1459 6407 4192 1061 6792 9092 880 7954 6161 8430 2971 8559 3424 8120 6288 8361 7372 400 8695 8304 2946 6985 8798 4627 9982 8865 6429 2185 4231 3335 4460 9220 93 6685 6262 5700 157 1980 7300 988 9949 463 2609 8615 9082 4986 4984 4159 904 5744 7752 114 7776 6833 2110 44 7053 6702 23 6460 6968 5054 4161 3085 5817 6668 5825 8495 3197 9416 5935 1212 4262 6300 4470 9340 3980 5751 6751 7754 9317 4053 264 9631 9232 2391 1028 5923 4625 7982 3425 7696 8137 1489 9305 6310 8401 5619 8506 9168 4940 4330 2483 400 1628 4562 4066 4299 341 4425 2480 2111 
7174 6518 2094 5003 8399 5498 3336 5825 2511 6030 9192 1173 1146 3822 9576 3492 9094 1945 7916 1101 4158 8781 9333 3276 8172 5540 9157 4400 7544 1206 1994 5446 8675 2092 5222 9138 6924 1948 7801 2765 1703 5681 4390 16 2770 9031 5791 5219 9197 7117 638 3362 7607 7919 3088 3715 4421 7610 2364 9890 3065 5421 2828 2327 7924 7872 6964 706 5275 7125 7637 1929 3283 9441 2405 162 7621 8345 5313 3405 6706 947 6707 2625 8738 2192 4174 6386 6507 2484 3287 484 3748 9133 6277 6180 2667 1880 1728 6718 5611 5300 7447 63 6325 4950 5342 1454 328 2804 2933 800 4442 9251 818 1832 420 355 4277 5395 
6765 3740 5116 8578 6488 2853 2768 5242 9987 3561 2180 810 8855 2582 4340 6683 7583 6447 9040 2215 7758 7313 8254 6392 4182 7690 2162 3299 7102 7688 2221 940 5373 7890 2727 3080 9184 5673 208 7090 6701 8960 2673 2621 3522 8502 2890 3274 6208 1001 8446 2725 8511 7230 9957 5247 2092 4907 7784 9513 5397 8748 741 4241 8143 6615 2182 871 2687 8979 6622 877 8813 8196 6497 9605 2481 62 6813 9807 7136 7545 6026 6617 3895 2426 3369 7290 4047 1807 4386 2730 2819 1865 1565 3032 7525 512 74 2151 5837 6979 2115 342 737 5499 1508 1038 9172 7211 9283 5028 3238 6244 8587 2192 4387 3724 9454 7887 
24 7956 7527 933 6955 3772 3898 6224 6909 5802 7949 1056 9181 3241 8592 3043 7462 3815 816 8783 7515 8592 457 6496 4141 3550 5439 1691 3946 5386 6455 3696 1919 8636 7465 75 931 3692 7162 7122 2855 1606 2858 1982 6112 6756 7545 178 7835 7214 7075 3939 4158 3789 3422 9418 1685 3669 7339 4357 4925 2333 8313 7381 8267 5631 4834 8809 6513 7456 1680 3756 4205 1899 435 2997 5315 819 465 1176 112 5245 2023 942 6126 1738 7255 4359 5868 2058 869 3327 6485 6445 7477 2557 9187 314 7820 1007 4205 5628 2720 4121 4871 1336 6896 6513 9346 2616 8101 7655 1224 9324 2255 5403 8761 4399 7524 9666 
1160 4734 8826 7795 3172 30 8190 8010 4014 826 7290 8501 8515 8111 1946 2506 3525 2404 3503 3076 7513 3576 7792 1949 5521 481 6761 816 4950 6672 6417 8276 7973 6368 8423 4786 7016 2548 9814 9146 1845 7747 9673 9452 2024 4871 4385 7556 4372 5992 3935 4677 2624 1207 4496 3324 3362 5027 6282 6495 1080 314 4618 8042 882 4788 7141 5068 2975 1007 6770 5258 3258 8581 321 4224 5501 9146 4623 2137 16 4399 5512 9070 2839 675 1404 7450 9260 9076 514 6299 266 3729 4266 9460 704 1152 2789 8419 3824 3910 1240 9528 4549 7509 4369 1476 9828 975 4220 319 1706 8840 4986 6492 1287 3375 1566 7956 
4844 3496 2253 2024 4317 2785 3571 5783 1328 5186 7015 5161 880 6181 7503 7277 8138 6160 2080 7737 6262 1403 5112 3883 9595 9359 4549 9844 9579 817 4632 5414 4600 6331 7160 2682 3654 1951 4686 720 1326 8288 9104 2316 651 8413 7980 5695 6809 488 1027 5633 1772 1620 1224 3770 9808 9007 3530 6903 1530 1983 1814 8432 9641 5170 8482 4491 4593 8330 8004 3460 496 6410 3194 8052 9893 3752 9877 1850 7448 8933 567 2804 8474 9484 3644 7754 4799 7571 4754 4611 4522 657 5774 2642 233 4924 5942 5551 4935 8853 3825 6008 7378 4176 32 3344 7360 3134 157 8284 3495 1404 9504 6557 8404 5636 6676 7502 
983 1370 8760 2477 2375 2026 9561 852 6627 938 6238 1749 8404 5874 3017 9639 2058 8152 4933 2128 7115 4591 3819 7309 5409 8670 7980 7128 9893 7439 8424 3679 2010 951 3450 1588 4752 4236 9123 5346 2860 9991 6432 8308 5032 7552 7899 9402 6125 9177 5349 2624 1192 200 11 3430 3288 8359 7831 6216 9210 1885 8047 7346 5866 8028 8774 7749 2801 917 6947 221 5158 4825 2358 279 3825 5438 4843 4216 2010 2463 5276 1085 7819 7246 3883 3118 8905 7449 7067 2763 5098 1103 7037 9043 6569 3939 4150 2143 2065 5824 3954 6392 152 3794 4621 8337 864 2291 7994 1198 4845 1860 2899 9035 8615 6754 4087 155 
418 4288 8679 2295 170 7246 5446 7219 6572 8533 7522 8869 5536 6356 9251 4279 1818 8694 5491 4356 5343 2236 4567 2574 7283 7277 637 4526 659 5929 9716 6749 8056 2008 3400 7553 7659 5202 469 8478 7117 9923 2176 349 2028 3352 8097 8057 3786 2540 5777 2260 9681 5908 8139 1960 4611 8204 5443 2213 1970 5075 8267 809 8324 4433 5410 6401 907 2794 6671 9845 4824 1647 6851 6947 7872 7641 9230 7402 363 6947 6603 7116 5004 4847 3592 8972 9666 3346 4751 754 1589 4068 4336 1891 7966 487 5053 6670 4040 6173 4027 376 4155 7061 6176 4663 859 4965 2658 8455 1340 4580 7814 3026 9053 2556 7756 1081 
1596 7446 2728 9495 4408 3635 5680 700 2560 9602 2102 4005 3435 2976 1972 4108 3343 8993 3079 3645 2646 5610 4954 6431 3266 8071 5875 1309 8671 8551 7699 6754 6944 8633 4224 5385 3830 6482 5582 8891 8070 3528 9202 618 4907 2540 3855 4025 7907 3407 4137 3650 9145 8275 3093 5923 3441 9433 4253 92 4987 8170 1001 7249 4300 4630 7954 9103 2682 4359 2679 1407 3337 6465 2754 8939 3804 5326 3492 6418 4350 3415 1643 589 3006 6496 8809 9334 2188 8770 8936 2437 6301 2485 4759 5586 5372 141 1209 3027 3819 5240 4371 7709 8947 7424 940 4999 4501 96 4 297 7004 2344 986 9777 5331 7338 3728 8045 
627 809 1487 854 1836 9836 2109 1506 6959 7432 3697 9004 9631 8538 4600 6849 230 9418 9073 2951 8386 5437 4163 6856 2834 4283 5401 5889 1966 6095 207 3636 1761 7006 250 7790 2480 4887 2485 8889 6701 1572 8622 8970 3034 589 742 3274 148 6661 9156 9667 8240 297 8292 4655 1660 4253 5217 3650 7409 2993 5582 6253 1953 3372 5084 6079 9095 1748 5244 5463 4003 9050 3652 8010 2296 6388 3724 7466 6118 3275 2195 3438 5841 3108 9082 2270 3454 5279 7645 7208 4132 3439 3442 5176 160 1673 525 2760 2152 9580 8298 8618 5532 6979 4054 169 7931 7581 1047 3384 5804 469 2771 3527 956 8393 4352 8777 
5078 1663 8733 6453 8127 6378 7289 3680 2410 2806 8399 7861 9004 8008 2992 8005 6084 3037 7817 1770 9718 9600 2144 4167 4613 5571 5520 4179 5542 322 2731 6208 2648 58 1804 9501 9008 8612 7661 5841 3423 2299 5128 5481 7278 2126 3821 766 6496 1396 5624 4592 6019 2981 228 4425 8374 288 1665 2012 8210 731 2986 2546 5439 6259 4491 6776 3621 8257 3696 1918 8115 8650 6893 3462 6654 1872 6587 3894 917 5992 3375 4929 4964 3298 9385 9590 554 6136 518 1271 4221 5582 526 7443 1788 4911 9345 1217 8057 675 2540 1221 1859 8574 1031 8345 3072 8236 8433 3771 3735 5377 8066 1316 171 7024 9230 3927 
1860 1958 5673 1678 7623 8183 6338 5225 2149 8160 5869 5197 3714 7574 9744 2935 5200 2459 5319 6217 8222 2813 4220 1516 6586 1369 3447 2727 4208 3905 4596 8346 6591 5304 7429 5805 3170 9971 4950 1039 9094 2933 6120 8344 8075 8589 3596 7618 9530 3965 8660 8819 2632 5508 4385 9835 3447 3268 3267 1436 2786 5445 3360 7807 5551 877 2366 566 1774 9455 4358 8177 4224 5814 216 5559 5323 3062 7022 6610 6306 7915 7058 7208 6926 7084 7549 8478 4774 5930 4391 1760 2445 7777 3684 3323 1613 351 9758 662 5916 5443 6416 4508 3354 101 627 2056 1184 4888 2249 4452 5478 6790 6363 4511 8024 4891 5377 2302 
5023 8219 2009 5229 4913 3483 9249 4005 4353 5089 9553 7801 7780 3486 845 7353 6514 6709 100 663 2162 2756 403 5444 9684 146 5390 9088 4503 8999 3847 4549 9616 2600 6883 1846 4721 7423 2143 7908 6752 1606 6925 521 9552 5726 5150 3567 7942 5790 5826 65 6773 8991 1259 8854 3245 3427 435 4727 6692 3078 6799 7814 778 1027 3918 6164 8099 2957 6068 1569 9158 8165 9943 1024 970 2433 1800 8014 766 6675 8322 1872 7218 9862 5004 6217 7918 3373 3066 1704 3639 2963 169 543 7082 4288 4411 3169 5094 8293 7962 8074 7849 9361 7736 2180 1500 8926 6158 6393 3714 9229 1683 3032 5943 9046 7755 9265 
2541 6298 8215 2114 2385 7118 2558 4132 9810 1868 8068 9357 6988 3101 2895 5377 6242 6360 1770 8415 1500 7742 7766 7404 5109 4659 7973 9921 93 3946 2347 162 943 1480 2494 4261 9975 5550 8029 8473 2584 2942 5030 212 4820 9217 5091 7347 2766 7030 6873 6632 5135 2804 6623 1475 8469 4627 8004 8020 7221 5464 7161 5814 378 6544 4352 878 6505 8017 6826 7635 3655 4023 1205 6992 5835 4751 825 1286 8112 5834 1487 7230 9036 1776 8410 5998 6015 6802 619 2271 9530 5422 5524 7467 5847 3867 3592 4167 7174 5460 907 417 37 9109 3882 2129 1146 1492 1418 7972 5319 41 5459 4456 8496 203 4650 5194 
9943 2245 2605 9927 916 1884 2411 9967 4823 4018 982 2888 9960 189 5826 7127 7242 7839 1812 3606 2429 7991 3048 5068 8047 6182 2066 2902 1653 1556 7274 1058 3449 8720 8809 4880 3917 8265 4228 3598 3991 2283 5221 8361 1849 4068 2130 2192 95 9596 9135 8518 3370 8395 8603 9753 693 1454 9666 6141 5507 6739 9850 7705 1838 9843 8965 8432 8840 7973 4495 6876 2424 8038 6652 9879 9240 6746 2757 5933 6365 9197 8816 7119 6943 2317 6809 6585 2637 6715 4795 6493 5985 6456 161 1066 8749 3564 4717 4647 6496 1356 5964 9509 7726 8155 9902 9023 7556 9965 8370 6238 4193 5869 9846 6067 5376 6815 6142 516 
5047 6458 8243 8835 1744 4404 6916 2345 5572 4165 4267 2457 8586 1928 5498 2127 5606 6121 8249 5454 8953 7249 4574 7578 7433 612 4881 462 4837 8776 9694 8868 1382 9712 3290 2410 9880 3338 5992 1424 1067 954 5186 7275 6510 1048 6756 968 579 7930 179 1059 4532 4616 9389 6001 9182 5938 2925 9265 2642 551 1612 1988 8773 7626 7573 3922 4554 1732 5225 6376 265 991 509 4035 8898 2840 9405 8563 6962 8010 5913 1623 7052 8033 3974 5998 1883 9151 9289 5457 6658 9113 6595 7649 8140 3057 4296 6291 1430 7025 3855 2913 5690 9911 1890 5195 7500 6272 5400 6782 7836 6107 2207 1975 3665 4803 5492 6006 
876 1136 7055 826 3196 7657 9894 9556 863 3716 2760 3065 3009 6323 3861 3841 8773 8566 9226 116 8033 5318 9517 2210 3062 8991 975 5470 6255 7986 5806 3415 4993 4292 4501 8035 643 1561 5089 6839 2233 6698 5419 8049 8484 9817 4207 767 7682 6966 7912 309 6041 5028 1055 5787 4016 6766 4003 1911 2957 119 579 5328 3990 6405 4834 1076 5071 4744 1403 1976 4238 3256 2509 7932 1769 8140 2667 2727 1548 9210 4633 5410 1810 6180 2953 7137 3294 6541 47 9685 9591 5521 2017 610 5759 9328 9428 8581 2650 2912 8816 214 4615 4937 9549 6486 636 8762 721 2530 6835 5399 9680 7817 8311 801 8647 1617 
916 7527 2197 6615 6449 1908 9916 6287 5428 7558 5318 1685 5285 7429 5898 5666 6111 4725 5276 2271 2097 5268 3035 3516 1280 8240 4360 5231 3225 6181 603 6461 8289 3310 2136 6003 2396 4574 3675 5373 7972 4543 604 2332 1714 6805 407 4324 5682 5511 387 8629 1514 7518 947 426 6735 7715 6307 7932 9132 1029 6522 8395 4024 3083 5756 8991 9990 9719 8625 2545 8774 5753 5379 4739 7270 6820 480 8109 6307 7811 8471 2202 9164 5449 7658 4982 765 5843 1962 4219 7082 9723 5196 3777 1099 2340 5912 9167 6038 2632 8213 8058 3392 4670 2744 1967 4976 3950 2455 9941 9067 8210 7627 6813 1592 8390 5830 8747 
580 561 1578 533 4078 5765 1690 579 3441 4873 1067 2981 2879 998 4836 6369 6173 3110 6193 1338 3276 1469 9504 9661 8614 2910 3812 9872 2219 1690 2073 6984 7565 1238 2746 5482 6149 936 380 8755 4293 1763 9324 8367 7897 27 1438 428 3754 4165 2057 8443 6384 4933 5516 7852 5643 8106 3979 8450 5003 454 6312 4558 3224 5902 5494 778 372 250 2595 3558 3875 5477 1128 3670 9466 8605 1279 702 4231 9240 6332 3911 4047 1418 774 634 802 1852 6308 1199 6746 1818 3705 6179 6947 962 6654 1504 8854 3826 8758 6671 1730 4384 7697 4699 6654 8563 2116 3919 8071 5884 8002 2846 6799 7107 1779 2125 
9296 3152 6969 9025 2864 3019 4744 1147 5725 8515 2204 4041 4163 2043 2023 7403 6450 6991 1473 5519 2024 1755 9700 4401 7813 7846 1153 9475 3745 11 2982 3816 9046 3735 2780 7988 4081 2275 9295 178 2926 9466 6851 8604 1781 3459 4130 4893 3726 84 3382 7104 2278 2874 4480 2042 1973 2809 5824 9647 6922 9229 9818 8428 6054 7155 8827 8335 539 4638 5065 8482 2910 1805 2799 9647 7088 1522 5921 5203 9768 7971 4074 5092 3494 4112 9409 8736 6409 8432 2238 376 3583 9539 5221 5595 7599 5117 4649 5019 3856 7817 7522 538 7512 9100 7051 155 1992 4603 4645 1983 9579 2088 6321 3046 2286 7608 4254 825 
4766 3453 7554 4264 1043 3228 4865 8584 9764 9210 8822 2762 9619 6101 9817 9422 3175 3670 845 9639 7675 2153 1712 9445 334 2967 8888 9469 1530 2270 6414 9294 4339 4295 2262 3022 3621 4284 7458 7453 4276 1407 7199 7368 9207 8206 8296 1089 4846 1083 8157 8544 6863 6133 4422 3001 1342 6261 3083 7842 1834 45 9594 2972 2345 1265 2999 6341 6619 8394 7768 2694 8556 3067 5345 9019 6335 2463 3162 6164 2949 3078 3709 2911 718 2534 2155 2670 1620 85 3951 2895 7262 6232 750 1061 2565 393 1602 195 972 4295 1525 7389 9343 6403 2279 2824 6543 1230 5364 760 4583 7777 910 7325 5142 2478 8551 2412 
702 3064 8941 7200 4940 1637 5545 1833 7545 2559 2429 2843 5176 5990 5223 4009 4156 6059 1544 4532 7468 6768 8202 514 4749 4738 6919 9792 2511 3819 7455 1056 1577 4395 3106 6230 2808 3383 6093 446 5504 5771 4455 1753 3317 9983 7541 9168 8190 7042 1383 901 5093 566 1845 5048 3870 4011 9076 1516 6101 4909 1527 9101 3934 7764 5896 9949 1027 8350 7626 5361 1116 2636 5077 7022 1860 1750 4711 8262 6859 6676 978 4149 6061 7146 4147 208 9952 9903 3209 1825 4947 301 7213 8183 2961 5221 6377 7792 5321 3598 2599 7925 643 4864 5530 5122 8843 3200 5086 1235 1407 7863 4373 657 1750 5562 6247 7795 
373 686 5043 1468 8655 9526 9802 3378 692 8678 176 8415 4741 8842 4311 2838 9224 5052 1427 6560 2299 5390 2101 4828 7843 4444 8258 5165 7016 6416 9099 3932 3145 6310 9305 1184 3239 307 7688 3433 4603 879 9179 7984 6718 3339 4717 5376 9511 5781 6252 4413 8928 8608 4320 9497 4456 1512 4604 3317 9334 6781 8669 1975 607 759 9315 2001 216 2744 4435 7498 8535 5856 7665 8210 2785 3357 8303 8877 6755 7303 1794 5038 7142 3684 9245 1249 142 7116 4498 4965 4859 1704 71 8081 7014 9645 8706 6945 1840 8726 6195 4595 564 7129 6746 4464 587 9164 3615 3699 3075 3595 2993 1900 9353 2979 6138 4838 
924 2845 1540 8325 9389 4551 7100 9657 2407 8484 8145 1666 6490 7823 3158 9846 4418 7105 9847 1008 6767 2668 6593 1968 3666 3369 9221 6967 3116 1131 4190 5616 8338 6621 5126 8692 8739 9464 8199 5023 5285 8251 6918 8525 3362 5113 8185 8779 596 9650 1657 9135 4737 4750 153 40 509 7165 5352 6603 6968 2393 9401 8696 4558 1763 1129 5619 750 7233 9568 5799 764 8997 3494 3217 6317 1397 7879 4447 8784 9460 3973 6972 7682 388 7089 1570 5371 6640 7279 5959 1178 4596 4959 760 7362 7871 2331 1253 4364 7055 7939 4325 4196 2429 7362 7796 8995 5555 6763 9244 8077 3803 3057 8286 4483 1679 6981 6988 
178 1120 8136 38 4799 6220 5399 2595 9401 6323 2160 7057 8664 1233 6221 8095 2567 2671 7771 5484 3273 1872 5644 1189 6184 4348 1946 2786 2365 4363 6445 9026 8046 7104 3011 5495 5332 6211 3697 2558 4404 9355 7340 2763 2451 3387 300 5752 6552 3018 915 7279 1044 9054 88 4407 427 1039 3190 4954 1631 779 6238 1311 4168 6045 3632 4123 7058 147 6757 137 6162 3423 5959 5855 5927 4776 2808 4440 9434 6939 3230 5826 2526 1265 4503 812 5206 238 2866 7097 2852 5663 9821 6584 4350 5906 9407 5616 9650 1941 2702 7980 5700 5884 8518 4709 579 506 6495 8601 7681 8533 1413 225 1511 4396 2400 3679 
4316 317 3275 7344 4534 893 6661 284 9378 8183 2652 9552 7341 4174 2606 7570 4511 8974 1209 3550 3675 2932 3076 5690 6121 6783 2700 9856 4970 5300 3467 7929 9653 8852 3914 7672 4704 1229 5193 6296 9200 3772 4870 1620 6697 5099 9666 3075 9221 8042 2819 2460 6163 548 21 1511 647 7321 6532 3340 283 2733 3300 3407 428 1506 4421 6112 7875 2326 9911 3471 8636 6283 8030 440 5223 224 2840 6813 8070 1829 2780 8099 878 3650 7087 8865 2245 2278 2585 2205 2004 1060 297 8922 8896 14 821 5962 5947 2642 4813 5204 2068 3727 1245 514 2203 4149 5669 6110 8366 5102 2050 1533 1399 9677 6583 8511 
9707 1875 2442 4927 294 2377 4150 2850 7446 1966 8306 9274 6863 4110 8653 9717 8144 6800 2917 4120 2263 4848 1387 5244 7602 6476 6493 3645 4570 9803 6501 9640 2246 2235 7095 2625 9453 6080 4603 1752 5621 8312 2398 7561 3258 2250 183 1723 798 3287 8569 6717 8150 4320 9274 2146 233 6799 1353 5488 5317 8738 4591 6572 3250 1510 6336 646 1682 8597 5221 9569 9198 497 4942 358 821 9218 3701 5396 32 9721 953 8567 328 6424 9338 345 7909 5067 4119 6491 8407 2255 9980 3062 9354 3821 6290 7081 3880 2385 3852 6240 6959 6577 9450 3648 6919 4 6320 83 899 9177 261 2443 4247 5725 1929 8654 
3732 3939 82 5056 8364 1086 5739 1066 6680 5953 7452 8224 123 4936 9081 2431 6686 7229 4922 4092 5076 3946 7566 1028 9183 222 3851 513 3857 5651 9446 8299 7807 1296 7596 9465 6123 5627 9324 5952 7810 7576 3558 2620 5177 3619 2232 4946 5080 4358 5119 5002 1038 6965 8548 4178 1534 7692 9365 5182 916 7281 7236 5234 1767 823 4050 2216 5895 4750 9622 7334 4597 3507 8975 3329 309 3144 8557 2252 210 3694 9473 8764 6683 8694 2335 6724 3938 5600 5914 9781 4619 1136 1568 978 4354 9639 5328 7555 6723 4627 4166 717 3674 9853 5477 653 7823 6295 4573 9255 9553 7548 3144 3735 2172 3001 3175 4225 
8666 3350 1039 4735 4099 4997 5495 810 3725 9178 1222 6345 7873 8239 7549 7688 1243 1389 2690 7938 1781 7442 6677 4075 6241 9649 8578 2369 7598 4980 1032 3624 840 1719 9703 854 9805 1032 4110 3165 3297 5379 6435 544 3284 4767 1620 13 6851 7275 7479 4845 8316 9340 5087 7981 6787 6023 1403 2444 688 4492 3156 6562 8745 2168 5326 8313 6744 6915 3553 2510 7342 2445 3493 3733 553 9081 386 510 2351 3832 9451 9203 6997 7959 3858 7142 6134 4136 1339 8850 3360 6008 3881 6900 1325 2038 3782 1940 6223 9360 2765 9506 4976 2755 9097 1373 8544 5228 8140 2754 226 9377 5064 1634 1841 7048 3346 6872 
1568 1429 2181 5667 2204 2318 1606 8462 246 5348 5620 6076 1099 9261 4124 1378 5370 5148 3912 4632 7466 237 7315 3080 9419 2955 8739 6321 1395 8280 6736 3404 1594 1402 6526 1051 4174 3233 6601 9979 3284 9863 8979 1738 1769 77 5937 9827 1001 7058 2686 4083 7315 5102 2551 3766 5074 2209 408 3795 4845 1978 4429 2042 5520 7200 6884 3732 6121 1547 6105 274 8075 4815 3933 9773 875 6235 6125 3891 4616 9987 9849 9191 1108 1002 6256 6544 9848 7108 7773 4337 9610 2849 2570 2826 197 2067 9657 8781 7010 7990 5760 7200 8207 3884 9134 1867 1377 8415 6400 2635 710 8263 8030 9241 6798 8168 5557 662 
8838 3465 9533 6102 7105 5552 288 3401 7246 9467 804 7860 9212 315 1045 9500 9802 3863 1285 3538 6886 4330 8062 8332 4983 3985 5321 6758 8881 7240 5308 3414 6585 4810 5664 2200 9913 6716 7693 2369 7183 8462 5171 8286 8950 4379 1484 5822 3270 3357 6920 2933 5171 4862 2533 7991 7633 4367 4946 2623 5975 2413 6679 9772 4659 6465 5553 7757 7466 6286 4983 9158 5628 2582 8954 294 2958 3178 5239 5974 4108 9060 9231 986 8196 8710 1123 1001 5200 7756 7186 261 2390 8769 4082 9771 3048 1472 9035 5741 5174 4264 1724 8124 8911 4676 790 4067 5324 2549 763 133 3221 9716 1427 3299 8744 8679 4937 1697 
4283 8493 6266 3417 4427 3472 1695 4597 3427 5467 8780 380 1261 6540 9866 1980 6182 1537 1371 907 5080 6394 6287 9607 234 2967 9079 4688 3352 4629 7969 6765 9410 784 8007 7572 7649 1140 697 153 6181 1426 8873 8663 810 1273 4814 4453 2108 1685 9270 9832 5467 901 5873 1174 1049 1583 1966 6317 3121 2640 9957 3311 3443 9994 9465 2882 4111 4752 5377 7721 1354 6009 9369 8798 1432 6351 4702 3708 642 4802 7942 4587 3026 5164 6955 7002 566 4835 712 7489 1614 3036 5745 934 1085 7595 1169 2312 5507 9938 1410 9019 1270 1381 4515 2074 6912 302 4762 9233 3684 8763 8787 5158 2030 3949 310 7631 
8362 8915 9799 3551 6988 4884 5917 2670 2209 841 4716 5381 2007 1331 8275 7705 1096 8609 8197 3296 2103 7006 655 9199 3034 3868 916 414 6749 9976 8046 4178 9397 1857 4276 9986 4881 7223 8310 2534 8611 884 2340 71 6712 7602 727 8425 5623 5970 1848 6884 7119 598 884 4230 2764 6792 8293 8087 9662 5136 8075 4762 7999 7447 7558 5418 4430 3391 3095 1150 5325 2179 9503 3217 7167 4355 5948 6681 9955 3536 5561 3508 6478 1202 1724 7861 3929 7820 5253 7570 8387 3602 1664 156 7056 1203 2048 3022 1593 4817 7109 206 9418 9555 8363 2496 5643 3276 4217 6121 5740 4238 6634 915 7558 132 3041 4024 
3430 7871 4443 2311 1297 8669 7230 7080 3408 6494 805 9666 597 1743 1920 4280 9067 8880 1408 4490 8319 4796 7738 7433 4772 8753 9514 742 2570 6799 6297 9116 9584 9332 5064 2718 8345 2368 6834 552 9629 1393 3117 5767 1652 6458 5423 4018 4024 7278 8088 1382 7771 3273 3978 3270 960 5172 3586 3267 7628 9923 6543 5325 5596 8261 4894 918 1067 9952 6277 3185 7632 5223 9718 9022 5459 6368 2691 3732 5792 2242 8560 6178 2777 5464 879 3806 9605 7311 2734 2971 945 5891 3354 6396 7878 8693 3714 6908 2684 5841 700 8224 9870 354 3358 5353 2390 6635 3176 3079 5851 1583 1985 672 5170 4660 3388 5528 
625 6796 8424 4682 9358 4869 6483 4433 8046 5834 1248 9109 6756 3443 5037 1498 2858 3606 6179 4538 7718 7255 7024 2260 5674 7337 7270 8102 1494 3685 5790 7485 5446 5934 5194 7563 7739 9976 9928 1780 8842 2325 8238 262 5170 3099 9784 2626 6188 7129 8030 7442 4708 4009 3125 9093 1786 6347 7674 9544 7382 7086 3552 8356 1697 6053 8664 3762 5231 5229 4437 4318 205 2151 2145 2136 895 38 252 9053 2104 1748 2083 8400 8126 6611 6127 3546 4414 2224 8640 7528 3090 3485 6388 5111 8099 6118 8913 5532 8640 9266 3102 4706 7270 8498 2129 1436 8664 921 7760 6992 9229 99 5540 5418 3979 7825 2510 2319 
2267 8621 4081 2327 7060 6127 7760 8444 6582 9723 7727 9751 8990 9842 6656 8994 6812 4382 741 5196 3067 8308 4669 2449 3230 1920 3700 1509 4260 4876 3766 4152 4857 1214 3183 5302 7004 5081 7133 1781 806 1726 1027 7354 1529 8185 1297 7345 2132 2953 9618 8117 4972 7223 7213 6677 4754 7665 5428 1229 1821 1144 2408 4344 9220 3617 8705 7354 9990 1519 4073 6124 1866 1311 3498 1879 359 18 9734 1282 8816 1255 7449 3034 7399 9603 6407 4985 7660 6634 4227 9463 1553 2228 9457 2075 521 2881 8490 8827 4107 5289 1333 6223 5263 1520 589 1935 8213 8741 7812 9491 2221 7675 2093 2337 4176 8013 5077 871 
50 5260 4545 2158 8975 1065 3336 4149 7348 2665 6054 9432 7145 6649 305 494 2946 296 3727 5558 3683 9752 867 2145 1890 2847 6952 2278 9219 1362 9419 6211 5991 3949 8245 5342 8336 9393 8531 3344 9030 1757 3679 5312 6938 7418 5571 146 5214 3461 8221 2868 6487 8684 6817 6353 5289 9370 5905 1654 6213 563 4511 5812 4778 8611 6348 9610 9561 1047 9696 7830 4580 2048 916 6136 4847 8082 2135 6724 4320 1149 232 5297 5663 2581 6313 7701 4532 4105 9433 8050 2309 3490 930 1704 5538 1626 320 3219 5302 7363 7089 8971 468 2489 949 1531 1726 8091 2410 4044 9551 5173 3051 3503 1943 991 5929 8298 
6026 2927 6441 9820 9231 4050 1150 8345 534 6351 3516 824 9054 3506 9202 163 9945 8249 9732 6328 5131 242 5404 9503 3894 4316 1105 282 1354 804 4590 4590 5827 7533 3897 9744 6956 16 706 681 4752 4025 8510 6584 5495 8308 2106 1379 6973 1919 891 5331 3291 4372 4152 8753 6944 141 267 4835 6134 1807 7704 1490 8530 4587 5938 949 1585 8113 5801 6542 5463 7380 3211 11 4497 7585 1760 7368 9595 9208 3349 2809 4171 629 8118 1702 7230 6145 1873 1650 606 147 9779 5203 8441 9982 3437 6054 9380 7349 9688 8716 4650 7767 7872 8731 2147 9511 3170 247 5615 33 6316 5262 2477 2094 290 9052 
8393 5292 5028 6612 582 4510 7733 3075 8031 290 269 4941 5139 6671 9749 5460 6736 164 6087 2112 2374 5810 3501 9294 1415 8998 2633 6010 2576 2825 8272 2795 3427 6292 7799 2616 4508 4496 7197 8386 1489 9184 5408 6343 3407 4780 6638 1812 3765 640 977 9163 8988 4211 7344 9715 7759 259 8814 4345 9086 3576 577 8177 436 4053 8546 912 1986 8076 2532 9278 9440 3275 8048 4219 6110 1486 3541 8826 743 1501 3627 7825 3169 9846 9937 4974 4228 5105 8770 6021 9601 492 7566 4577 3464 3556 3158 8871 8799 5621 9372 4801 7898 2975 3105 9864 9935 7083 9344 6822 2219 1553 7431 3198 7928 5135 9487 292 
5104 888 8743 4426 4434 8881 3887 3103 892 5032 2596 8700 870 7872 9088 6229 6245 9068 1530 167 1496 570 4314 6800 9582 8204 2617 4888 9348 7 7081 9114 6305 1361 3951 3833 7209 375 8440 7853 3036 9708 1187 9033 3135 5202 7459 6536 3851 6598 2193 6673 2274 8666 5120 37 3049 557 7351 3244 7853 892 2607 2787 7060 7132 2977 834 3691 320 6574 8836 3037 636 1141 95 752 7635 8677 7514 9456 5458 8466 4398 7940 2339 7211 5614 7755 5461 9951 9130 8000 6537 6566 486 9852 1800 4178 9376 7265 8707 9017 4989 1870 1394 5209 8654 8133 303 1856 8047 8480 330 9997 4567 7895 6427 2981 9650 
6087 7387 2048 8856 3207 3513 9084 2536 9108 8152 5390 2852 1791 8786 897 5928 6889 1423 1690 5612 5556 165 4530 5644 285 5798 44 1217 4668 7599 6200 402 6741 8787 860 3832 613 6510 5669 8250 487 902 6230 4772 269 1033 5596 8667 6765 4105 7587 8384 1340 6646 8723 3961 9159 2124 8066 8479 9205 9724 450 6106 7993 8516 2893 8507 143 172 2232 2041 4353 678 3554 9148 6023 4310 6454 122 9323 7694 6226 3760 641 1051 55 6355 9368 9758 6087 7779 6962 2254 1163 4043 6913 8839 5229 2227 9604 3071 7783 2555 45 8246 5332 6309 6835 9432 4206 2935 1105 8489 1596 3726 9215 1319 2770 2333 
5017 1942 9771 8689 3602 9148 7310 1418 1926 8508 9402 935 9446 8520 6735 3495 4633 1385 5769 9817 9802 5757 9476 3637 6449 4671 5210 1150 3462 3508 7782 2781 8978 6305 1780 2819 8083 3534 1458 9399 8687 8742 4575 9017 8294 9891 8713 9793 7828 420 3745 8592 6137 7326 6976 992 4087 6530 2086 6103 558 3996 1630 5139 7140 3370 7072 8067 5993 6398 1761 2950 7314 5883 9689 2588 1823 7013 7661 7573 2383 8177 3930 2700 414 3955 3264 7817 2443 5717 1115 4344 3152 8377 1515 5207 1240 1852 8222 5329 2933 4760 5369 8533 6207 224 8195 136 7137 6289 8429 549 8663 8336 694 8466 2840 8620 3548 830 
4229 1590 680 4271 1992 1875 1894 3804 4936 4484 885 3143 921 440 7921 5717 2699 8091 4503 6143 9064 9821 4995 5382 8266 9163 3014 6699 9159 5226 8458 531 9328 3285 156 8925 4878 2045 2468 6398 8317 4047 7038 2660 5860 435 3992 9066 4416 6128 2140 1420 3530 4937 8673 4769 5979 4689 4773 1427 907 9096 5641 2043 1666 20 5911 6174 9892 1149 2303 9320 3353 1082 7951 2155 9633 6280 1373 6800 1213 355 5761 1180 6108 9104 6037 6189 1326 752 4274 8555 2261 1342 1860 4580 2717 3842 6904 2037 5174 1006 6820 4114 2149 4567 2793 9638 7819 175 4111 1859 7881 3982 5421 2531 5278 3645 4969 9014 
7174 966 6680 4856 5977 8124 6254 243 9583 9704 3214 7688 8904 2233 2743 9768 2070 6643 5004 8811 9349 7839 2205 7161 6338 7061 7301 2922 269 413 6272 1409 5048 1851 2859 5122 197 3944 8768 8915 3335 7709 9440 4289 3265 2172 449 2707 1947 8097 8305 9698 6929 7047 8745 1603 1 930 4381 1868 8453 1203 2867 1104 3880 1202 6972 1586 22 5661 1276 3513 4105 6989 6821 6881 2103 9777 953 3358 7715 878 160 1851 4474 5656 9187 7703 6273 1790 9846 1992 9724 7791 9942 3950 3716 2352 3492 8712 4407 2647 8204 5147 8223 6294 1751 7563 2800 5239 6135 3559 8325 7617 2211 6252 3558 1701 1797 4495 
8166 9334 3511 9968 7546 2641 4088 9116 1190 9283 7580 5739 2409 9271 9739 5571 7052 7693 6901 5309 5783 2621 2839 3845 3669 3430 198 3500 8353 2226 4574 3148 8584 1357 114 8205 859 5845 2652 6410 2890 4678 8933 969 2328 1893 3955 1271 6127 2431 290 9384 4611 695 1270 7762 696 6467 5674 4934 2227 9171 3470 6977 3589 4601 7227 3580 8289 7165 4934 1750 1591 5455 9058 9981 5132 9526 5172 7488 1482 1682 6300 1916 2890 7327 2499 2983 1531 6727 6899 4408 9846 4406 6704 4600 694 8720 2896 2279 7921 8531 2213 6576 7653 7684 2213 4681 4251 6295 6201 2031 6520 6048 1430 359 4040 1241 392 6809 
4297 1346 9218 4108 500 3517 5715 2059 433 8201 771 4251 6826 5538 1046 3046 1590 9477 5673 9795 6849 8920 654 4300 2306 1306 4373 2667 6420 8187 2971 4427 7703 7853 4786 7908 6248 9003 2281 8756 414 6857 2210 8694 1792 7804 8397 9555 8482 6907 6727 6954 5499 3670 8362 6610 9254 1497 2326 4717 4889 5219 4916 7766 3813 3371 8674 8883 7558 2030 6524 9974 839 1225 3652 3213 8747 6171 3234 5354 5448 6425 7266 5574 3374 3544 7913 4762 4155 601 320 1953 6405 3447 3152 6238 1823 7270 8022 1814 1407 1790 6512 1151 6707 1134 154 3207 4139 5841 4731 2193 2062 692 3003 4815 5712 9526 7736 2964 
9497 5908 1276 792 2675 767 6388 3434 9184 1584 8314 5158 6887 3290 7804 4533 6207 1291 248 5202 1391 7873 8238 6678 4346 9538 9949 2667 8696 5590 4255 7610 7083 9502 1629 4169 7019 92 2206 3936 4547 5294 9879 1934 3737 2963 2680 1016 2648 3338 8056 9253 2054 259 3519 5870 5879 3957 7497 6825 3364 9017 7674 4073 6283 9994 9584 6118 6151 2895 3823 5639 3080 8757 3991 2281 5334 6484 3068 9333 8620 484 5107 9935 3255 6998 2897 8931 8708 4509 8922 2470 8819 7592 2672 8716 2240 1100 9628 1302 9759 8467 6664 3914 1567 5968 3070 24 5069 6464 9451 7666 4907 7690 8308 1421 6567 4506 8352 3944 
116 282 7274 849 3993 9713 6655 5024 2569 3265 4392 4792 8588 2149 9247 3313 7641 9501 5356 6758 8447 6736 2535 2461 1032 9014 9835 2820 5674 526 1295 7578 6846 430 2255 5078 9769 3000 7481 3348 6217 1277 801 2358 9664 7931 1907 5271 7399 7447 6225 9906 2429 8648 6983 2576 878 470 1808 5061 7024 1077 1983 9395 6702 9036 6424 8340 2039 2489 3537 363 9250 1928 653 5977 316 1644 7378 1115 3799 9297 8203 8403 5945 5346 2313 4015 1175 2854 1185 2335 9536 9791 3561 5189 7308 8684 4009 8529 1915 3286 3679 786 7550 1218 5249 5635 3668 7249 1892 4755 8176 9401 6701 1848 4715 6011 9004 2065 
3001 2081 3136 3119 7082 6606 7946 2211 5928 4965 1683 8493 1432 1960 8193 1705 7322 5225 6568 1564 604 5891 704 6075 2915 1918 7380 505 2890 6814 6769 551 6822 3242 4948 7366 6920 2001 1210 7717 9597 7345 4371 6932 869 3074 7231 7922 5865 3669 4904 2344 4396 4394 2324 7336 1177 821 1860 5939 7888 8185 3216 3918 2591 1802 8465 7206 5450 4236 850 97 271 9770 2364 5937 1080 4950 7101 2799 7505 7474 433 2713 3013 7662 1637 5274 9098 7599 6219 6693 3347 2613 9078 1822 4261 3725 2237 2446 3808 753 5656 7646 2667 8628 3035 4614 5697 8563 7208 5216 8406 9959 170 7952 5833 422 1901 5744 
3800 445 1317 919 8357 9251 1720 896 7296 3419 2435 5767 8829 8517 6800 7689 9904 5395 2994 6864 6376 4049 8037 5340 8080 5603 5685 4734 292 505 1086 1252 9821 5948 6015 7771 2665 7415 7904 5718 9054 1272 5073 5353 3944 1155 3164 3079 6250 2735 8588 7534 6952 7259 5965 9422 404 6135 6358 266 9091 5983 5046 787 6187 9683 9416 6326 8238 2206 1210 4001 8962 45 8265 390 6427 3025 7783 6555 4634 6592 1672 4025 3465 4125 1354 7879 6521 5616 3576 9550 2066 3344 5990 5841 7927 2390 1001 3753 5120 6737 1989 3277 2667 8948 9857 6002 158 3903 7634 8431 7385 1525 7104 9861 7848 3846 2500 4523 
2385 4818 3612 9664 3946 1211 6889 2137 4981 602 1291 1417 1080 9893 3215 865 1200 7485 2558 5687 493 5878 2415 4649 3408 9977 220 1755 9404 3334 9669 1155 8585 1123 5237 672 5832 8788 9342 9858 202 6323 6491 859 3890 8425 1521 1617 5988 9745 6953 9486 3923 6868 5991 7183 6238 9354 9299 9871 5088 397 1974 4773 6494 3995 5206 4962 6326 709 7446 6624 5165 9742 5214 8786 7299 55 7452 8390 8331 9674 8830 4592 7101 5515 5255 4934 6098 3356 3288 9629 2416 4478 7835 4930 6123 52 7215 517 9208 3253 2506 4810 2618 1160 2497 1835 8549 4214 7194 3865 9896 6683 396 6579 5980 3232 8416 7538 
1175 3056 4983 8208 9284 5005 6682 6516 3249 5120 4523 3139 3962 4789 4674 8721 8497 9701 2547 3942 8038 529 3995 8879 6772 7684 8293 9200 7050 9110 1187 3643 3198 3698 6823 5306 6072 7378 1200 5867 8409 8492 3395 3306 5654 5487 3193 2493 2260 488 2717 3384 2099 8475 4847 7624 4035 4323 3328 3892 6337 876 5078 2127 9325 2210 133 2394 8729 6269 5309 331 4950 6529 6033 7005 9333 2636 9914 3840 774 3340 4432 9982 1332 766 1965 5267 7430 9377 6754 1486 717 3942 2372 2836 5609 1388 4674 1470 7207 1994 1222 481 2608 3403 6315 1366 5857 6622 5924 4085 7582 638 3942 417 2955 654 8846 3404 
5410 6469 2168 6344 9913 7493 8151 5809 6831 6325 6197 9593 7954 3685 4143 8733 659 2259 4084 5110 2418 7778 3420 5797 1888 1824 9060 2766 3017 2991 2091 8664 7585 3029 748 209 500 4857 3148 5052 2786 2092 6064 3742 2176 6223 4698 927 9733 3549 5861 7199 9609 8168 5415 5197 9087 6026 4428 7753 4323 4609 8541 8322 2109 2275 2913 3596 1772 6136 8200 7403 8849 6445 4055 947 8145 9608 7812 2310 4944 2251 7205 7151 7174 6343 8925 1264 7973 9521 431 3664 1283 6357 9570 3251 5508 4303 1153 6596 504 6543 9871 416 6557 5189 3549 8578 4176 1432 7978 4661 5898 3524 8353 3592 5554 9600 9209 5923 
511 600 4651 6955 6641 5668 252 2839 5925 1290 1012 5012 3190 8097 4492 9498 4360 6513 7954 1101 2136 2557 2156 7753 7779 5909 9083 6618 7433 8244 2335 1215 745 165 9054 6214 2901 9003 9678 8141 6782 4236 3871 5429 9492 1293 8753 4741 660 6661 6733 3941 6314 5115 3336 3372 8590 5266 8324 8708 2790 7016 9231 30 2119 7764 4430 8402 6798 3498 6526 3836 5323 3936 389 798 8915 3726 8023 8940 6839 9817 4915 3406 5179 5080 5030 9548 4286 8751 4978 5266 9354 5891 3115 5705 1491 141 2846 6813 9399 877 5533 358 297 5944 845 249 3096 5745 7094 1501 6285 5060 847 8460 9514 3851 2634 1845 
8157 8076 5813 9223 6674 8774 1790 6345 7700 6877 8818 1238 7619 3382 7214 4170 6852 5294 1378 139 1778 4760 1853 1578 4080 9429 3625 6396 3244 4714 5397 697 739 869 4870 9580 6311 6269 6479 8287 5887 611 7689 6996 1489 3106 4231 1929 460 7398 9160 2817 565 2902 5114 8714 9508 8598 8223 3563 603 514 6997 5665 9949 9433 7111 979 5453 6091 7794 1691 9170 5862 8991 2955 635 1191 162 8982 5597 4302 9956 5527 6775 2885 5256 4174 1746 5218 2646 3446 2218 3035 7504 8427 3423 75 4765 558 8865 8958 2865 1011 9237 1050 1858 6003 5798 3155 8724 9963 2445 4306 31 5714 9065 1099 9517 6557 
9515 2427 1283 1264 3193 842 675 6447 4480 3863 9167 2379 4487 1343 2277 1668 3763 2110 6944 2214 2928 3207 6816 6807 7958 2520 9637 5536 1288 7409 3752 4903 4109 5949 2910 6168 1856 3596 3039 8941 233 4332 6412 1341 1955 7577 4065 9982 9472 7644 6538 2364 3498 7843 6621 1686 5913 2058 1988 5379 8845 9077 9659 9259 8669 8257 419 2423 1969 5195 7813 6711 569 9502 5893 5008 315 1200 6226 8872 5195 4840 2672 7440 9763 6643 1997 5381 9270 8473 7285 7972 534 1586 3909 4222 9345 28 339 7732 8902 2826 6780 741 1498 8392 2636 6044 7049 5858 7008 735 639 6456 2999 9072 4090 8955 3053 1338 
9224 9611 6291 6027 2794 1115 7953 7460 2336 1628 8738 647 4123 6642 9229 3283 2249 8706 3922 8983 7163 263 4615 4201 7845 4459 5230 7855 1696 1340 4885 3993 1518 1894 9120 2103 9124 7603 6772 9306 2592 9106 8381 1142 9059 6075 8483 4362 1725 9480 7081 5633 9965 3961 9397 4211 8278 9593 6952 1129 7891 6271 8090 4439 7689 3674 9828 8378 9400 6560 8250 8976 4597 9431 1048 4797 9282 650 4717 2785 4467 8000 9494 3534 2253 6333 2502 6568 8674 5067 515 5643 9956 8397 3442 4631 6240 1987 974 2002 8655 5155 2454 6368 380 6217 1587 3380 4191 6573 7801 4377 4371 998 3308 1440 3664 7186 1086 9041 
300 2372 9776 4526 5964 8079 8122 6007 3771 7283 8212 1461 2835 9598 6345 8663 9872 6395 9946 4452 3407 4203 8265 3945 5973 7604 8285 4760 7700 7711 6316 2295 8557 5343 9243 7746 3903 6775 1360 7088 6365 7269 8457 4621 7313 7492 7563 4457 1977 27 6128 7040 8527 3135 2822 8262 4827 5158 2379 2050 1492 8790 164 2808 4429 805 7447 4694 9756 692 8030 8239 6585 407 8097 4727 5503 7394 2701 5418 8844 5333 253 3162 8641 2659 6240 4175 9349 8761 2849 3219 73 5567 1265 1528 389 9273 554 5086 5051 8131 5034 5105 675 9486 994 4976 7160 4565 6535 932 5078 5280 5284 1144 6125 6996 6733 7521 
5499 8594 4503 7717 2775 5102 7247 4317 750 9766 8859 1038 8141 1067 7113 9306 6357 4440 3219 5440 3261 4102 6946 1735 6231 1297 3187 1416 345 9710 1482 7870 1160 5626 1648 8229 138 452 6202 3666 4195 5851 5137 7040 8575 1703 9829 9075 8074 9283 4965 1598 5198 2787 4275 2660 5882 6955 275 5674 1825 9973 7826 3373 3938 7626 76 1325 4910 4357 6430 3364 5499 2553 527 9138 6425 8949 9798 5482 6394 5915 1386 9418 3304 7820 6828 8246 7661 4122 6448 7813 1670 3804 2680 3864 7160 3781 290 4845 4347 7874 3767 3515 7527 7601 5180 2640 1594 7351 6889 1475 6916 5424 8986 1844 6215 7028 1669 3949 
