7821 2444 7134 8458 932 3322 2850 7425 9849 5688 1234 482 3507 3685 6821 3856 8727 5472 2990 2548 
7909 6520 1969 2425 2833 304 306 9139 6911 3057 1660 367 2235 1732 7697 9462 5885 524 9404 8886 
6164 5870 791 2435 137 5482 2236 9083 6105 5316 1753 2797 6002 4584 4438 9360 7762 182 8992 9161 
6392 6061 4081 4904 8158 3699 7811 9262 6236 8472 7530 7274 7607 4344 622 1359 6327 6405 5153 7470 
5435 3570 5721 3258 296 6206 1454 8241 986 699 9179 1074 6949 4640 7125 7935 8359 4277 5058 8761 
9364 1572 4823 5952 8941 3745 6762 7088 7624 8101 7610 2628 2483 3938 1035 3121 2845 729 8333 2246 
1760 274 7390 1643 9959 9858 1848 6211 1291 880 2351 6715 1784 9495 2885 8177 9242 590 7297 7109 
2311 1648 5905 274 6748 2877 881 8984 5367 5674 1197 8075 9837 6404 7406 2320 4154 8824 7960 1331 
4200 5802 5287 1599 9873 1516 6651 4867 1269 8179 4530 2145 3501 1258 8170 9191 1814 5271 4454 3076 
2827 2487 9810 8112 898 8404 9978 7231 2865 8752 320 2685 3810 3642 2415 6107 6589 641 4513 9887 
