5019 5144 6005 6857 4614 2047 9055 7206 7720 9133 3155 9535 1069 2595 7578 3065 9144 3965 3467 6383 9666 7195 4122 2171 3642 6744 148 7649 1795 9435 1959 1518 6665 6483 1411 1471 5510 8888 4764 2412 4279 7638 6477 2206 6122 2416 6381 514 6717 4511 2311 3832 5111 771 9299 5122 5575 4563 235 7965 45 9993 437 1378 788 5535 3993 3091 1683 4423 622 7815 5803 7048 1629 2742 9891 2825 8330 2852 3664 7069 4851 9216 2706 729 7065 1572 807 8319 5817 7429 4549 2214 8101 6607 315 3929 5663 1644 6766 1287 1398 1453 5146 5600 2382 8208 4279 6678 3063 6252 2691 6609 3423 6053 2744 1721 874 4225 
1838 8465 4985 4253 5478 5614 7916 6530 7638 1870 8814 4760 6757 1625 3588 9470 3428 4717 4230 2067 35 2779 1827 5505 3921 9749 7419 815 2260 3391 5813 8500 8483 6941 3463 50 2634 3037 6828 4052 8006 418 5627 9358 3435 8562 1977 8752 9918 9994 2400 5494 2629 9266 9789 8940 1140 7649 7451 8821 704 4634 7010 9633 9854 3929 3847 6618 5077 1094 7404 9612 8907 8938 2413 6360 3304 6765 5872 6816 3390 4049 8656 9793 3539 7401 9037 7398 7335 8100 2411 1260 5793 5777 3794 6231 6521 3612 5711 8788 1760 124 123 3372 8471 9829 792 2124 842 5198 858 8377 2073 5804 3251 1951 1838 8791 6942 8080 
2970 3734 4134 3979 7312 144 7568 9191 1094 4901 3496 671 1526 5780 51 5128 8474 5556 1334 4257 6506 8411 5434 4683 9810 3458 9722 7070 7324 7153 5383 9710 1421 8345 1510 7626 4030 5055 3481 1365 9495 9843 464 1855 9077 3081 7215 5626 1016 5424 22 4139 396 2815 4177 8803 5593 1135 2523 2985 7540 3997 8788 885 3559 4266 2209 3680 6394 2084 6226 9269 6864 8820 681 3855 3670 9778 5405 1228 6281 3118 854 8688 4486 3212 1405 8330 6396 3176 9418 6245 663 6917 4010 4809 7067 3116 9852 1982 8544 3867 9249 4493 5048 4142 7588 829 1 7915 2411 4281 6482 6785 5284 3498 9801 2414 8976 2832 
305 8006 8113 1314 3511 7950 7699 6191 8337 4635 3520 731 9641 6903 3332 2428 5026 561 3936 4418 7743 3455 7370 1548 979 420 195 6404 2552 1152 9445 8702 8694 9640 4777 2332 7121 8015 9435 9474 3246 1260 9851 8676 9852 2532 695 1204 6641 7002 4914 6351 6651 7249 8945 8941 5661 9124 85 1795 2769 255 7206 7986 2723 2863 2198 2192 6272 1718 7501 7329 7558 944 5436 6557 658 975 3979 4125 3990 4504 6213 5363 2616 6474 520 1182 6090 7481 838 4330 3964 6193 7036 4867 3264 1908 8073 8765 1154 1503 668 8700 7573 9461 1420 1255 1580 1425 4462 9755 2772 1005 2861 8768 6805 4555 9730 3294 
3149 4183 5275 4014 1523 1956 8739 2553 2972 6982 8306 5507 7997 5633 5940 7978 40 9823 6856 5581 2808 3920 7522 3239 3953 7901 7990 3879 2495 6700 2505 6075 4825 4752 8826 5775 9270 8971 3302 8427 133 5734 2268 2543 67 1695 1330 220 501 2190 2294 6185 8122 6908 39 5291 828 5384 7711 979 7745 4845 5617 2893 7171 1215 9897 4454 4376 8218 4015 5548 1400 1810 1663 7428 130 1603 7415 8150 964 5267 3115 8109 476 7801 5413 1401 2520 8075 5599 5577 3180 6953 7961 3605 8664 5865 3771 4475 4713 4310 781 3693 1546 1284 4399 8311 5846 8480 481 6476 7441 9979 1205 3434 3495 9601 3541 9747 
4571 6938 2921 9796 6011 9592 6352 9379 3304 4257 7530 2215 6154 553 7045 4826 1227 3633 7692 870 7076 899 1854 9158 284 2436 4607 7621 8765 4958 6148 7262 6015 2397 6546 6266 4378 5354 2037 6501 3361 5445 9422 2714 3379 9287 7384 7181 7573 4556 8693 1077 5349 1491 250 3738 6727 4259 2476 1175 3271 9402 9961 3156 2909 3219 2521 375 4155 8309 3060 3410 5434 3047 6433 7186 9808 9461 1613 5834 4454 794 7993 5916 9987 3211 4304 6607 4642 2817 5890 1245 1499 3810 2915 8418 1642 2117 5007 5393 1003 719 7328 2797 4819 3701 4957 3165 8136 6204 8791 9801 5039 9447 2453 7674 3160 2516 56 9898 
3008 8139 9891 1121 1970 5990 9716 3654 5941 9463 5571 5021 1331 9128 4063 1596 5432 7949 4055 5815 8700 8996 3532 3114 4886 5572 7721 5921 139 1258 2789 6296 8246 6386 1874 1913 3164 882 4231 1942 3865 5684 9872 9780 720 7810 8178 5615 5387 1660 5270 3538 5220 2994 8753 8025 4342 3778 9231 6053 8170 3052 815 8669 555 5104 6554 8089 1299 4660 115 3686 5574 9796 7440 1957 3116 9770 8384 8193 3912 5332 639 9893 2582 5156 3893 520 547 8907 7312 3330 1888 7352 3837 9150 9741 6110 9369 7453 9184 6577 2398 7500 5347 5464 5919 7285 7783 3509 9369 948 2256 4067 5871 9354 5335 3101 8124 1545 
3347 454 2665 5939 3659 1207 8286 1004 513 1124 6879 3189 4028 9199 125 8590 6295 2239 780 8716 4057 8837 821 9344 7148 2518 9635 8563 9968 9820 6599 7142 7463 332 6799 3712 1607 755 1460 4160 748 9487 4540 4643 753 6105 2905 1521 9611 4517 4667 2916 7828 3667 7490 4638 2346 5072 8048 5113 7574 2179 2188 489 3312 3440 7408 1156 1146 4679 4059 5019 3816 9890 4746 7619 2156 8837 2052 9744 2084 5599 6132 2741 880 1039 8796 9525 9471 7122 4749 1361 6218 696 6147 7143 5087 8574 8631 8376 6166 1087 2804 982 5696 5213 2111 1921 7727 1999 2902 3303 3642 8448 5263 3245 2939 4650 2064 9622 
1228 2791 4045 329 2805 2194 7594 930 4535 4969 4936 7077 2260 3401 7758 5933 6284 6827 2231 5592 3142 1796 4020 9154 9201 7346 5375 9715 4089 3810 3845 8353 9468 9473 2580 5638 3937 9630 2471 6782 2731 4562 3823 5191 6073 5235 5577 7613 7690 2700 1339 8091 6760 4603 1940 2575 8382 3936 1599 2682 634 5988 1802 7264 213 3074 373 3906 3285 9017 8038 9429 6282 2940 5891 9990 8539 7079 7054 4786 4234 3536 5610 7191 8402 9349 7827 425 1734 6991 1340 6701 777 2249 3968 5436 2 6706 4684 4609 8048 1307 3173 8564 8604 4919 3898 3161 5746 4776 1288 844 771 690 9455 1513 7982 4573 8502 7927 
7285 4780 9573 3481 7249 1480 4106 6437 4617 2692 1716 245 1497 8392 3602 2398 6052 7450 683 4450 7648 1589 6580 8058 1346 5369 4310 6002 5890 8266 6954 2748 8820 5127 1163 7664 5495 2722 4688 5599 4582 4773 4498 2395 9249 2760 387 595 4694 3100 3987 2531 4197 9493 3152 3190 2392 4556 6158 3694 9519 6429 2565 8607 5907 3187 1401 8419 5047 8536 7514 4556 1979 7308 6072 9057 2828 172 2173 1897 2378 6676 9321 2542 565 6466 9980 8636 9756 590 276 8633 9827 5663 8435 6665 8871 1436 9270 6633 1255 963 1727 8847 4742 8233 1511 8928 151 6243 635 8206 3140 6809 7927 4150 1575 8253 3184 2339 
522 7505 4190 914 8529 692 2898 5880 9882 9568 4978 9498 5747 5989 5714 6020 7247 2115 6738 124 2722 2273 3575 222 430 9474 9269 5527 9473 8208 4798 8716 4985 5499 1172 3391 6448 3418 4088 2651 1510 9512 1701 1323 4069 2390 5211 4659 108 6587 1945 2661 5876 3791 5444 7114 1884 718 3427 8827 1974 3522 258 6195 7679 1271 9566 8669 1462 4260 1069 670 886 8333 2129 7118 7033 7966 111 864 248 3631 3275 5833 6661 7765 4190 5502 8089 5539 6602 1124 984 9876 5883 3094 3524 5016 9904 6386 9519 7210 9521 2461 1426 8133 2925 3528 7948 1375 9150 9122 7184 3644 4478 8046 3301 7920 7050 9277 
692 5513 7809 4161 6809 5407 2476 5840 8887 2285 6406 1753 3264 9895 284 7030 4274 399 983 7087 9373 7675 5533 2089 8629 6383 2377 3150 4728 3986 6119 1213 5143 7912 5479 853 2138 4896 2642 9576 7328 541 9154 9569 3384 340 2843 3594 2443 5736 9922 7839 3186 8084 8029 568 8935 6401 3499 2686 8766 9832 6503 7504 9298 1572 4575 8204 4768 967 7254 558 2718 7475 4797 3866 4645 1459 2776 8278 3080 4060 1703 6172 3419 2031 5400 943 219 4183 3685 8642 9184 7947 1697 8389 2525 1047 4784 4863 2113 766 7395 8835 8211 4486 6821 2393 3686 7627 9985 6960 4122 9320 8032 5279 1372 7336 1497 7633 
7376 3763 7341 7645 6216 1524 9412 3681 8326 7288 7073 7912 3081 8281 6894 8805 4198 4739 8626 9434 7623 8170 9632 5362 6791 7069 2126 8655 148 1336 2232 3474 7488 8592 1163 6052 4591 6205 1598 130 7627 1025 5429 4036 4684 6774 5198 2479 1426 630 7267 485 1628 6079 7358 2570 1275 7914 9116 8804 4371 7314 2459 1332 5939 5468 1388 2783 9784 3729 7626 2888 8812 1812 5232 1126 7041 3358 9022 4333 1978 370 5305 4604 2181 4544 7953 4801 289 2111 4191 4106 2308 3112 3956 477 1185 4162 3400 941 1541 4100 6733 1646 9638 9359 9149 9051 3227 3952 4501 858 9818 2032 4885 5179 7410 6877 1318 7382 
7305 74 216 7226 8071 4254 9756 9757 2818 9047 9976 802 9024 4616 4754 8000 8822 9764 9089 5397 8956 6690 9175 8500 7878 9966 7020 2243 2168 3969 6865 6380 6076 2154 8897 4947 8335 8377 5502 8311 9481 7718 5355 1900 3234 1048 5012 7806 6090 5512 940 2308 8728 890 2542 7750 847 965 7709 5727 4765 2622 6973 2067 9191 6912 4282 659 4221 4427 8286 7126 9069 5591 5918 7287 208 9148 725 1124 7234 15 2693 903 5355 7511 4903 9387 6994 5265 869 547 4808 299 4642 1905 4167 960 3211 8491 2736 2119 8400 3315 4409 5068 2351 8809 9478 3593 3502 8621 8595 2662 4734 2842 4177 7971 5044 5600 
1690 3581 1985 703 8589 3704 3412 9976 5604 3879 5947 7775 5408 6919 3558 9866 9122 9024 2998 8974 7258 5546 5876 927 3336 1859 3136 7655 7929 2187 2064 7441 8750 8729 446 4917 4224 3523 6436 8711 5642 2561 5378 8341 8716 5143 2609 8036 4718 4532 6453 7067 6425 2882 2538 3951 7980 4211 3468 4882 2288 173 7572 2574 5439 6932 4458 4821 9888 2773 7281 8106 8299 7663 7902 6587 4205 6385 3235 459 1349 9771 5049 2059 5866 5801 6665 3144 1584 4518 325 6706 526 4902 8548 1895 8487 1721 7349 4046 4854 363 7731 9864 3082 3835 8771 2116 1383 7534 3499 9175 6000 3518 3823 7493 3738 8799 778 5440 
4221 3981 2041 9849 2101 4763 5919 6682 4077 5091 5189 3480 2623 1217 3749 36 8719 3208 8555 4827 1672 8231 6468 9014 8793 6267 998 6156 6590 6663 7545 1554 5843 7867 5930 4007 6543 6985 9552 1342 3243 2083 7520 9626 5120 9645 8141 2007 9506 4881 4984 5889 8488 4934 626 7528 3282 7844 2842 4875 2554 757 2703 2206 7318 3259 6764 586 1164 4164 9820 905 1721 1195 374 8050 8062 3358 4112 9862 9928 9192 5382 1036 1031 7596 5765 7885 6017 6201 2483 2135 4525 2370 333 418 2030 8082 7799 997 3834 1436 9993 9371 4380 4812 7545 457 1941 5580 670 6361 6383 5380 3950 5690 9932 1618 17 8764 
8493 235 6774 3340 4017 770 1762 1062 6628 8472 6232 7191 5473 724 5032 2221 8161 9946 9142 1378 9735 8652 1699 3691 7233 6913 5406 4612 7410 9649 7591 943 599 4020 7659 8007 6969 202 6473 2292 4624 9052 5280 862 73 4305 1977 1625 6691 2057 3996 1899 599 5431 5440 8290 3480 4516 5833 8911 8033 2860 1224 896 9322 2594 5276 8435 2698 7087 4973 2859 1915 7372 5912 6795 6577 2340 3517 4724 884 8315 4653 4086 9326 8725 2903 61 4878 282 2749 9170 4856 4523 4706 1179 4164 3775 2662 5912 2180 1217 1746 9278 1853 3160 6249 9360 2813 7223 334 4836 2555 9729 9013 2832 9975 9475 9681 1525 
31 5641 8068 4965 9691 3348 7581 9972 6566 5798 1338 9608 1705 5281 9413 1047 4983 8269 2728 209 2011 2055 7280 2068 8021 9388 9552 3363 4864 1623 7300 6329 7523 4940 2255 8048 1534 7969 551 2348 5749 895 3192 3494 4825 5987 1716 891 2385 4578 7796 7520 7809 4939 5325 293 1429 916 5127 1405 2157 8738 3787 5699 1016 4455 9737 2217 9505 3665 2221 7542 1805 3858 82 98 9632 6262 995 496 1946 3636 8986 8815 4675 5206 8846 8225 3544 7386 8247 3497 7303 572 7823 3609 8276 5240 9403 9957 3637 1304 3812 5109 4499 5051 6628 9745 5363 4952 5959 1732 1774 5838 2679 6580 6661 3092 7728 9481 
6070 8479 7907 5149 3602 5379 7529 4941 9938 5595 1427 1376 4776 9890 4196 828 4067 969 6932 5685 2052 8112 2040 8709 4462 6935 5940 8799 6780 6571 1908 8436 8607 5591 8153 7815 9162 5929 6136 1991 8798 1280 8804 9722 8370 5643 4255 5645 6442 2042 8304 7616 9345 3386 9443 7402 1031 9893 1214 8393 1631 72 8385 3658 1030 145 7918 6735 3790 8730 8254 128 9453 2248 9111 8690 4806 2305 5177 2263 4852 2736 8814 9514 2482 8428 401 586 5206 1293 7385 2617 356 5795 4827 2323 8721 1599 9944 7066 1558 8464 1476 2771 8756 8772 5782 5603 7386 7921 1616 2148 8105 8933 4304 4058 5505 2058 5652 821 
7985 1380 3348 3809 9663 3267 4053 4033 6216 1570 367 2497 7594 9763 2136 311 2556 3807 8730 7647 6483 2828 2095 9270 939 2699 3527 7800 7245 3813 6383 8171 6416 6756 5416 5145 6529 8264 3564 7008 3892 1169 6002 3531 5279 735 711 5781 4119 8446 8430 3415 7817 5199 3337 6488 3543 5746 6722 6076 9871 3783 2786 8349 6681 5044 5878 4258 4805 6815 498 5373 3238 392 6641 4420 3824 7023 5266 4280 4507 4810 4867 6098 4108 7559 499 4520 5833 24 8890 1406 8677 8659 5626 2755 1841 8852 1797 5846 3352 3407 7456 4726 3861 5104 849 6468 2566 6354 213 3110 8816 2790 6911 9970 4189 6081 6103 9183 
1579 9403 7956 7420 7461 639 1869 8665 1775 9925 3091 6633 7823 760 8229 9186 7789 3056 6505 676 7908 5465 5280 7104 3537 2629 7883 3664 575 6299 4260 7011 850 3490 396 8258 2131 9131 5448 1800 6073 3784 1446 4602 7582 3844 990 5178 5884 7789 8524 1232 3314 49 9198 120 2422 8954 217 8375 602 2721 1692 9665 1433 8705 584 1463 4554 8788 5109 9929 5806 7812 4968 8717 4166 4195 4578 4000 3089 586 6698 4313 4726 1991 7010 6009 7963 5339 6204 4288 3531 9274 9465 1474 2521 3035 4785 4872 6868 2751 6852 8047 3144 8007 5202 4937 718 8702 3769 4781 6392 4855 4646 915 4542 9941 5740 1648 
2940 1964 2217 4062 3486 5177 8983 5570 4756 1430 4418 8849 6241 5570 1602 1092 2381 4342 5496 7280 6502 2378 4413 1971 6402 8700 9653 8912 3622 1176 8075 6238 1158 97 4903 9118 950 5182 405 1732 9034 5472 5431 3629 8088 8156 5685 5812 692 62 9818 2367 7995 5494 1813 7384 3113 8403 3372 9201 9998 1328 8392 5111 4575 7560 9063 9589 6600 7415 4791 1630 5506 628 4939 4305 2390 8248 5876 1767 1465 719 1126 5503 7858 3585 9751 6937 3170 1065 3906 9255 9114 8233 1138 5161 8749 7657 6160 6888 9104 2915 8652 562 5472 4453 6934 1951 8317 9231 1574 5614 8317 4035 6450 9590 4981 8662 9914 1499 
148 7516 8611 2705 5244 3532 1690 2804 2117 2709 1652 592 2761 4649 9157 7151 5282 3782 6018 3108 7581 6431 7659 9824 3631 6172 2016 2400 1358 8914 8995 7124 5517 5435 4730 8566 6893 9546 5617 1311 5011 4250 3088 2488 3575 7179 9101 4153 6899 3086 8905 9699 1124 7177 4189 5296 8720 9248 5347 9536 7458 2631 7695 6270 643 5763 1811 9540 7265 1418 673 2810 9021 2149 8895 60 5349 4635 43 342 6383 441 2780 3164 7563 669 7962 1783 2182 3760 5738 4580 8494 1380 9188 8935 4680 4917 8429 8444 4761 1588 6814 765 8174 4080 5248 6844 9629 4568 5051 8034 6696 5073 5094 7307 6858 2576 9832 7154 
7558 1277 6623 8655 5210 2472 3715 4831 2046 2483 5913 2671 5119 1804 5201 7948 6530 7521 3230 3404 2994 4180 3187 4476 3938 1275 9564 1108 1382 555 7424 8834 3228 9610 5902 2566 3665 6619 2038 7033 8365 5704 850 607 997 203 85 2918 7556 4205 7706 5386 6493 6270 1502 8252 5258 69 5420 7516 6601 4458 6858 2387 595 3469 969 1576 6914 1472 1663 6446 3595 4919 417 1641 9338 5161 548 706 8106 9566 6477 1477 6690 6592 67 1141 641 8378 7499 4378 5235 2260 7553 9831 3993 2349 8726 208 3555 4063 4229 8176 395 1367 9550 1400 3742 8696 4713 5161 4322 4360 9141 404 2988 9416 443 4809 
5383 188 1476 7515 9653 1062 7037 2165 5703 8137 8442 1545 8955 985 8478 9832 5127 240 2347 5691 7848 7172 5447 7372 1122 6126 6668 5860 3200 7216 538 470 5225 8508 5055 6151 7267 2202 8371 1550 1830 9729 4526 156 5371 7118 8003 9610 5274 7385 7389 5843 7751 1180 9397 5554 2521 4540 3894 1559 1172 4695 3398 5497 2114 6442 6069 4512 3485 1027 4945 9817 8909 6467 6234 1455 6162 8983 6798 5891 2546 7630 8466 5945 3175 6426 5826 777 4551 420 1864 6108 2415 7395 953 417 7085 521 9438 8487 1023 8113 4735 4282 3354 3639 1877 1412 8608 1000 1165 605 657 6972 8099 5512 3750 272 7494 9185 
3522 9332 4556 4520 745 4550 6457 2232 7553 303 3811 6059 8595 2935 8504 5286 5465 3181 3388 4908 7059 6998 9787 9071 1938 2615 1142 2154 4240 3259 5791 1590 8035 4397 9720 7582 5923 2706 2685 3860 2371 7280 4164 222 4461 875 3970 7151 5690 229 1152 6992 7900 4835 2310 47 9661 7349 3769 7902 9016 7767 6399 8110 9323 1644 2470 2853 7069 9519 2282 2301 2574 8035 813 2903 4746 3429 5413 1366 6657 721 4963 4374 1732 8547 2657 2872 8930 6340 2992 5160 259 4905 2040 7360 1381 6958 8673 2930 7516 7928 5584 4224 558 3972 5976 7773 4074 1938 7978 1403 8584 854 2512 8270 1243 6802 5782 3046 
940 5346 7323 7492 9933 8456 9599 6032 3539 6788 4307 386 3949 7780 3385 1691 3725 4105 7595 2098 6467 5321 5826 5711 4239 506 9764 2804 2917 8342 7509 201 3057 4447 4876 3679 4458 4565 1245 3065 3852 1362 6018 3241 2405 1532 7978 4346 5336 1471 7402 8790 8146 8032 940 635 8990 6180 5437 4835 4165 8005 4062 6028 2956 4650 5122 602 4898 6469 9933 9682 8810 3074 4408 5090 3182 927 8074 8498 4078 920 3957 537 8431 391 4596 4859 6596 8487 1346 760 3669 4205 2180 5790 2944 9999 7937 2942 1419 4314 3809 1454 8368 3834 4761 3427 9173 7800 1533 6118 2203 6915 6303 3904 5413 7442 8445 3001 
6602 6038 2972 3698 3910 9158 7090 6796 5704 4710 9889 7390 7653 9324 5514 3456 1998 9503 6748 9153 2754 6612 8626 61 9882 4647 4844 5847 9629 8682 4640 5624 81 8838 4388 5877 8153 2656 9459 2160 6244 6286 9193 6833 844 3359 2957 9778 6976 3256 235 1460 5495 9504 2340 5192 8678 1120 3557 2430 7507 305 1318 3891 2397 7906 14 3222 1147 847 8531 9286 9065 6977 9815 6339 4916 8979 5517 9744 3372 9627 9475 1875 6623 2245 2232 478 8013 661 9195 3573 1780 2363 7566 5960 5336 2168 372 3758 2495 4370 2943 1244 6920 6666 8370 8136 5797 8222 2583 7813 2369 1652 9207 367 4281 536 8804 6092 
2926 9341 1524 9763 3397 2424 5409 4681 6697 5607 256 7024 313 5289 4039 9848 7848 6033 5125 2281 9232 5874 740 1799 6864 2980 9426 6747 3218 3330 2779 1648 1227 6584 1573 486 3073 2079 5325 2007 4616 6753 8193 1336 9203 321 3869 9086 5212 3150 4649 7825 8117 7188 2513 5242 8285 561 5378 3923 3998 2395 834 1863 5372 1304 9633 9869 5703 5563 7973 470 5243 7758 8962 2352 5338 5743 7701 2720 7300 7294 3370 891 9701 9458 2956 7546 6853 577 9592 9710 9913 2231 11 3505 93 8251 6579 7864 2710 2243 4728 6759 5861 9330 4887 8525 7723 4207 6710 9499 7577 6448 9690 5073 9604 6029 4331 3313 
2306 3759 8283 903 9395 186 4664 3404 9668 1705 2973 4315 3517 4794 79 1593 1963 5971 466 5636 4862 8182 3593 51 9358 5676 3335 3682 7050 2760 9458 927 3232 3108 5486 4613 5849 4398 5281 7769 421 5803 4570 8659 7143 8861 4828 6531 4946 3071 8590 7165 1564 5518 8379 5750 3257 5358 8371 9691 190 150 5839 4240 5206 8517 4892 8510 9785 4935 5752 3472 5873 706 7139 3093 2093 766 7039 6676 2846 5617 1554 5038 3235 13 7839 151 4317 820 8600 7679 3931 1257 3766 8623 1619 5597 4346 7498 6494 7929 256 5213 5203 661 686 9143 408 8145 4758 6354 6117 7062 2301 603 605 5071 4427 4914 
5127 5312 3667 5944 8103 4765 6825 8648 3242 874 8829 5840 4402 3561 5272 3206 734 1920 3858 3629 8457 5361 6706 3551 3482 350 1742 8560 2047 6466 3926 1709 1868 4675 6541 1374 4088 2484 6199 8926 6728 4049 4076 6987 6942 3229 4210 6751 6268 9028 5251 240 2833 3817 202 2725 2295 1086 597 2727 7324 8038 6073 9429 7303 646 7104 2783 5971 4091 309 7083 4840 2743 124 7890 2476 6339 9933 9189 7924 4811 3566 7916 8043 4629 1806 906 5284 1632 9975 454 3626 3881 5819 9870 4616 1657 1958 9014 2406 7210 1542 3057 229 292 934 6678 8380 4923 8226 1210 3200 6206 9685 7770 3973 6861 8734 460 
6893 7014 8699 1396 8324 688 774 5218 3703 4156 6310 2317 9422 2140 3622 9989 7648 198 2734 1684 635 80 8478 7616 4186 5904 9561 2649 99 8485 1638 1328 9279 7386 581 300 5138 4374 8813 4543 3476 4246 4427 9314 5244 658 1154 6256 7151 5762 2366 9952 5922 552 6247 2319 6705 3994 8606 7954 1496 5965 7753 2577 1430 1798 916 9734 4782 1266 3633 6376 2386 8984 9024 846 2271 877 3244 6017 2337 4383 6230 9073 6598 6266 8686 8274 9573 5918 7531 5552 8270 8424 9069 6694 4626 271 1513 6377 4496 709 563 396 5059 1538 4261 6184 2023 1404 4096 9757 8829 2512 9943 4494 7665 7140 1969 5383 
2975 1080 6442 5849 393 6887 9125 8168 5396 1475 1499 8193 5780 7728 6034 547 5580 3511 3382 929 9814 2885 8500 8212 6343 2885 9815 3920 2011 273 1322 391 9223 5092 2051 7221 9839 1082 8808 2079 2197 9736 6582 2641 2268 935 6750 6027 1660 9426 2903 3429 4155 5273 4512 2800 8524 5643 4097 6979 6157 427 7868 2192 5361 9098 1138 6218 3357 9053 8468 5203 9901 9935 1364 1776 2266 1058 3868 1630 3974 4858 8697 3384 398 3428 5353 2050 5645 5399 301 2849 6573 6067 2294 8536 5640 3016 5239 7958 611 5216 3242 1818 7721 8580 5631 1729 1635 9105 8223 3405 1437 308 664 443 9373 4764 2485 5495 
7191 8822 7462 1913 180 969 2140 4623 9574 3856 6799 9658 126 9814 5227 6637 7951 7972 4875 5394 6289 9329 4404 9874 6076 6360 7382 5874 6654 3161 7602 6644 2605 3321 3816 6820 1867 7936 8178 4230 8051 8096 7674 2106 1810 7091 3004 3133 6407 8865 4831 350 5957 1718 9604 745 5391 8949 9105 4691 4119 2748 1149 7996 1071 3825 4652 9294 6161 1957 913 4081 7126 3819 3680 705 8792 4956 4331 2930 3682 3585 260 2207 250 5048 2991 5995 2519 1102 138 3766 4781 5598 6125 1256 1418 3072 8151 7622 5164 651 1223 8403 3052 688 3949 9184 7175 7939 5144 291 8168 157 2679 1264 3501 2241 7162 7621 
4465 57 6439 1296 736 4146 8945 7345 3882 3494 7764 7468 8160 967 3204 6122 4589 1244 4123 2176 3498 3096 8389 1206 3750 2557 9142 862 1111 3212 750 1497 2435 4845 5318 7916 2453 1218 7637 8074 8686 2060 7052 8653 5369 9403 3838 5805 691 1225 8872 6334 6463 5181 6876 1720 7710 3579 6239 7916 1500 4843 9664 6681 7079 9989 3335 8748 6440 2173 1157 9792 3391 1184 2881 8600 1716 7191 6968 4348 1413 8312 7423 3026 3912 3746 964 8997 3286 9081 6298 3564 8976 384 6238 1744 3497 523 5311 9933 2792 2059 4036 1877 5736 4797 2753 9109 4434 4951 8514 6627 6194 2602 6886 733 9750 6820 3380 7927 
430 2578 5809 3440 5594 1218 5069 8817 6762 5906 1310 1255 5401 6379 5412 2422 689 3759 5027 9917 3438 429 9062 4167 2472 106 9903 7796 7809 7767 1818 3207 198 318 4266 951 3567 7098 288 280 7585 9648 8592 8529 4936 266 2791 3410 8477 7772 2890 3199 8935 8297 1746 6187 6750 8973 3363 5557 7618 4024 1649 5348 759 3614 2804 721 8079 9047 8402 1334 4009 1693 8652 9866 6536 4538 3190 9548 3900 1542 8627 4582 9920 4025 5567 6947 2034 6936 6230 7155 760 9532 1071 2238 3381 448 4578 6207 3609 1247 5856 2926 667 4414 6025 7286 7602 8768 7044 7112 4731 9725 2572 2287 5559 9199 1511 5803 
4464 9788 3056 303 200 9218 6031 8009 3455 1885 6174 8991 639 1203 4245 8615 9358 2476 4352 3266 3791 508 6254 8547 1558 7590 9993 2444 7168 2428 822 8552 2120 5606 7631 2240 5214 383 1044 9288 2432 5186 3307 1668 7347 9532 6674 1540 3173 1212 3837 5340 7542 3922 8779 9605 9825 2025 6088 1613 5044 3694 5592 1607 401 6407 4214 5377 1596 8702 8307 828 6815 1782 8497 7387 175 7783 5217 4573 6691 9951 2571 1273 7493 6266 4889 9040 9017 395 9820 7137 4396 3238 3695 9769 8617 685 6721 7261 9134 1904 3926 7704 6406 3288 1911 3036 6735 5968 9728 3989 5877 5000 850 7179 1767 6673 4209 192 
2496 6120 2086 4631 7996 4775 819 5303 6255 3995 3512 7335 1482 9824 4052 598 7987 826 7821 6022 6082 209 3795 6453 5622 6103 5741 693 5614 5347 750 1309 4802 4021 2804 5572 6481 1076 7227 8438 7283 8446 5188 1570 7423 6940 1701 1581 4853 5192 6690 7563 6523 867 8963 689 4967 5612 787 4470 9029 4305 6199 8204 4227 233 2458 2570 9022 7657 4176 3646 7820 868 3475 7565 5691 286 661 4102 900 360 360 4693 6091 8992 9643 907 4839 1587 1064 241 8543 8065 4259 2819 3832 6322 1775 2979 8700 5077 5601 7588 995 4374 2460 9931 2670 2264 9329 7508 1342 9289 5780 3084 4483 7095 1618 3770 
5327 1996 4121 3326 7771 6543 2805 5768 5751 9813 2530 5626 6801 7296 4075 5180 3304 4903 1313 6830 7695 411 8548 4972 6303 2282 2183 5909 1158 5387 4151 6658 9955 5311 5099 7691 6209 3857 714 2665 7470 5060 3080 8181 9773 1647 6375 2460 398 9282 8866 2040 3567 2958 8232 9169 3236 6248 6350 8538 7614 9766 6051 1590 5634 4023 5349 1586 2278 5904 5342 4909 3820 8152 5509 5638 5190 403 5471 1811 2092 3455 5251 3087 3228 3913 9039 8282 3760 9958 708 7378 8949 5346 7737 5977 9617 6259 3115 4548 2592 126 4617 2008 1724 4877 5784 5974 2690 8825 360 3462 1292 1012 2478 7566 6958 4327 4473 3207 
7923 8788 976 1386 5447 9186 7912 9562 5851 6334 2747 3071 9672 1645 6573 594 2585 5969 5796 3158 2455 3249 9531 7879 8758 3694 7848 2635 5473 941 7035 9863 2886 656 8685 2805 2986 3414 7410 5256 5717 1948 5888 7375 6679 9583 79 2908 2593 895 5576 2515 1322 7280 9243 2943 9312 4560 7866 4434 5786 6423 5658 6664 1869 6525 9532 8884 4915 1114 2011 8017 6928 1071 6172 4007 4976 2538 9217 746 1772 8431 9461 760 7258 8654 5789 7083 813 9506 9282 1424 4423 1255 5814 7812 47 2569 391 5375 4723 8272 3893 5494 6062 6623 7021 1942 131 3076 4096 592 4906 200 335 4841 8354 4476 3207 7102 
3389 1629 3897 9255 8286 6004 6167 3151 680 9960 5510 4593 4761 2782 7501 3610 5138 6595 9725 9234 5185 5895 130 5992 8327 2955 5124 7962 5465 5997 4348 7906 6310 2454 3678 5114 26 9258 160 6671 5235 2423 3443 3349 7262 8324 299 5511 4004 636 7917 5337 2320 3214 9288 5346 6191 4176 6559 6315 7098 9632 7257 7724 3466 4195 6511 1882 2932 6689 1132 7742 1660 6562 9724 6338 8256 7407 3096 9056 5766 5412 5015 9916 7147 7751 8091 9216 8853 7434 9886 7682 8523 3998 6477 7077 5527 4920 949 1871 6794 7108 9229 1587 6863 5622 7848 1926 963 1472 2642 8147 776 8363 8642 5980 9596 4367 4857 3104 
9709 8271 1917 3549 9708 2936 5034 3708 674 9167 900 6451 8077 5306 2712 8266 6282 8647 1933 4671 8924 205 185 5155 2857 9296 599 8818 7908 8190 9197 1613 1960 1691 6495 2443 3672 4675 7617 515 6014 8273 5064 8983 4947 9248 8893 9382 8681 4439 7430 7955 6850 6311 5064 3553 8020 1857 3155 6553 5352 4360 1280 6220 4071 8049 7036 2256 4627 9195 5887 1696 7151 4042 2170 7305 2761 2527 6499 6837 46 6887 1707 7207 9748 7637 4580 3499 4542 6593 5350 4772 3630 5204 8276 3792 791 8472 6950 19 3992 3979 1746 4624 2517 449 3488 2548 4833 6260 1161 2479 3097 913 8690 8975 215 435 3734 1752 
941 8942 3954 8668 3410 3048 9343 2865 3371 4403 6583 8598 9139 9133 5889 7625 1239 1688 5873 4856 6948 9278 4567 4381 90 4219 144 3710 3726 207 5612 9000 9220 617 6986 4453 2027 8837 6040 8267 1453 9448 6730 5362 7936 6183 6877 5130 1825 1222 2867 6530 9203 6089 8099 5556 8920 358 4473 9219 5285 6265 2348 697 611 1836 3341 5594 5920 6914 2377 5854 1769 1465 3313 1976 6780 1364 2040 6683 2049 4854 2236 9184 8241 7089 7693 986 6995 4268 6467 3148 8278 3168 4603 1902 8028 4662 5376 9012 6590 5551 8913 5017 529 6794 2921 720 577 2910 3715 2711 9801 5834 5012 1903 4278 1765 9077 191 
581 9495 6135 5255 1521 9390 6013 4190 15 2220 1503 8132 3336 9761 3048 1992 2162 5544 5092 5061 4846 7291 8209 5369 8002 6344 4098 5595 4490 6372 4892 6082 284 4606 2870 1637 5214 1417 4172 9823 5526 1990 1408 3447 6685 1162 5266 4277 1914 1654 869 9964 5323 7624 7487 8118 3091 7416 6371 5448 45 1578 7028 4176 3631 6115 9711 6718 9637 2831 3244 2984 4176 3816 2596 7505 6936 3351 618 4500 488 9300 6453 6 1112 852 1897 6853 2913 3800 245 6600 6292 8753 3395 2860 8697 7243 7853 1537 7332 4915 8272 4653 8125 6845 9419 2287 17 4720 5059 4976 1085 7345 4004 9263 8814 2945 514 1748 
4484 951 331 6742 6121 7379 4455 5232 5707 106 4391 8026 6479 8073 1847 5312 8414 6859 7 9826 8622 2852 256 7880 1198 1749 7897 1477 9294 4095 8909 7394 9476 3463 8209 5890 1900 3270 8982 4403 3986 4266 1284 7898 2991 6974 3960 6036 1281 2444 1227 678 293 3235 8337 4821 8782 3838 2543 3131 6316 731 7241 5135 5591 2834 3392 7113 5920 8614 3224 5986 3066 736 6173 7912 1915 8703 560 8820 7612 5076 6506 2378 9038 2837 5201 3268 5181 9512 6334 2818 3499 1310 7100 5922 5076 107 5438 8774 4188 2535 8100 2093 4912 1053 7546 4073 2473 6456 2474 9566 1663 2549 2086 3839 6633 6896 1726 1457 
9248 7350 3878 8812 4940 2998 435 711 5511 5858 7025 2536 1858 5560 3686 8187 1658 6890 2484 4267 1505 5616 7097 5639 3390 7388 4872 4294 6100 626 3978 845 5001 6283 3839 5412 6137 8838 8670 8423 8740 5816 3366 4090 6802 8746 9239 2452 482 1410 3390 5754 4273 4819 7587 9233 4954 1726 5732 7928 4448 6619 8396 8826 9228 7146 3794 8203 2890 6014 7923 771 5127 9874 2269 9908 9363 2020 9960 478 8341 984 8399 9410 2235 8229 2835 6103 2107 2898 837 6049 2057 9601 1113 4081 7100 5963 8906 732 1369 9016 698 6064 3140 5816 3725 8749 8096 5755 4651 9312 3857 7144 2244 9368 1452 5235 6421 5999 
9214 6976 4770 2509 6556 9226 2600 2784 4623 36 5426 1567 919 9730 3880 6526 3217 513 5639 9601 2284 4678 1143 9172 6393 3963 5669 5174 1345 3234 5912 9189 3960 5347 7121 3504 2514 4945 8361 457 203 3418 2920 2766 8030 4217 9750 9025 3135 6909 3619 7322 8619 3540 9992 6588 1916 184 911 4293 2695 5094 7858 170 7370 7462 3379 727 872 6964 2001 7724 1595 8982 5175 1604 9960 8095 8865 3197 2423 4192 5269 7706 5208 2907 1084 3208 7135 1272 1881 3961 2177 9047 6394 1191 5260 3792 1083 6960 3662 8730 5214 8581 7312 7612 105 3712 7386 9592 850 6084 4421 2406 9965 4177 7053 109 6013 5824 
2288 2041 2440 9448 9354 5976 3814 3454 6424 8322 783 5097 8426 8626 3139 9706 5824 6473 6580 7007 7765 456 7114 621 667 3845 9731 7680 9203 5918 7288 8128 3933 857 7187 1264 1643 7683 8770 4469 3805 9667 9763 1942 7833 4295 100 4306 5597 6577 9902 5205 5751 2567 1518 3212 6383 9394 132 8692 1497 5220 2375 5945 1540 778 9249 3229 68 7347 9195 9210 8139 1809 28 8017 4798 9740 1352 6285 6672 7807 7621 8019 9565 5659 5050 2858 6278 4087 7674 6903 1728 589 2869 4135 3092 4573 7689 544 5223 8750 7521 7879 4959 2734 1963 5464 5254 4324 6672 6951 2203 3931 171 3742 8465 8416 6468 6001 
4724 3879 7350 1624 9779 5957 4423 5992 5090 9289 1522 4160 1915 179 8333 9252 8950 4880 8363 9296 4105 8301 9053 9356 8234 1537 3723 8598 154 5958 7450 6936 7348 3306 9717 793 9550 7630 8508 9391 1425 6385 672 4201 2267 4157 1746 8297 6239 2838 3810 9219 4731 7503 1004 3169 1219 4567 6463 9324 4966 7765 1126 8870 2676 3207 2403 900 8970 5403 4998 9869 5572 4249 4082 6001 3004 5152 8819 2517 3583 1748 2316 3241 929 9485 8706 3742 582 1075 3331 7089 7357 6400 1896 2082 6538 7896 2348 8908 1475 9029 4337 8306 51 5399 5742 3697 4282 9001 6003 4112 4735 8411 141 8641 9199 2295 9727 1940 
4326 3030 2157 9341 8546 5311 7646 9206 4578 6584 7013 8933 6023 2671 1853 9808 3787 7611 9698 9127 5266 4962 2428 7717 1620 2689 4083 2560 2401 9249 9304 6142 8660 6555 4004 5295 3519 2996 3242 6956 3568 5940 2539 9452 825 738 8310 5822 920 276 1607 1402 4400 6557 7216 8360 8657 6148 5059 8107 5871 5488 8633 4154 2983 9034 683 9002 1370 2808 9407 3989 4742 7670 6330 7191 2963 7036 6707 9046 2456 3191 8549 3401 4511 2516 545 3844 2720 9211 78 1476 7060 9748 6311 5779 2574 6701 9547 7088 3316 4769 3066 1106 7462 141 5212 5653 7867 4089 1651 7340 2149 2071 1568 9137 6421 8039 7168 128 
7329 9821 582 1906 41 6246 2184 2843 8513 8058 2416 1343 1839 700 2586 7785 4997 6169 1200 8740 9029 2454 3146 4048 3803 3988 7801 2794 4454 7942 1310 1821 2062 7500 5194 506 6468 6867 6737 8203 4875 5061 1285 228 6474 9010 9927 5083 5237 8118 1629 3166 5405 4195 3497 9886 1623 5760 3784 3276 7052 8478 991 5161 7190 136 1451 3629 5694 4092 1985 9722 8440 5836 4146 4582 2628 1558 8060 9592 9416 5907 67 3436 1278 7075 2632 3625 6796 9914 3703 5192 4914 5889 7490 4820 1306 4933 2281 8370 5232 6558 1787 4871 7806 9827 5176 3072 1424 1122 7849 8801 9711 7520 5763 2339 8483 7145 8836 1760 
6071 3470 9622 2474 2768 621 8604 3333 9933 2169 8638 9675 3950 1923 4747 8268 3791 5392 8809 1011 9647 7110 892 6508 2304 2516 837 7106 2314 5216 3877 396 7199 3724 1085 7846 378 2865 9050 1995 4982 1285 7652 8943 6870 5669 1969 7586 8687 3355 5311 3677 1362 9147 7897 7442 4540 3056 2666 9384 2712 2064 5647 9848 2280 2329 7942 9996 5918 2101 3654 5334 7473 9537 6895 8860 6750 5139 6735 7407 6594 2612 8241 7832 9324 5350 3133 1463 2327 1757 9416 4604 684 5398 5369 6833 8889 2400 6430 3945 7021 7898 870 3641 2046 3915 1139 9198 7052 4645 8636 5249 8565 790 7650 308 412 1803 9729 4795 
3341 960 5812 7818 4427 7069 3893 9194 1507 1076 9833 8697 5818 5142 3171 7197 6928 4775 8074 3601 1979 2843 7992 1115 4490 8132 6440 9575 7210 5759 1336 5991 409 7022 4648 7710 2529 8671 7355 568 9147 4452 8403 6428 5112 6448 3857 6820 760 2712 8482 6024 2444 6534 2746 44 6058 4449 1095 4488 4306 3722 1751 7888 6748 1107 7671 3691 1455 3684 6493 3369 3017 1644 7626 8351 1829 2871 568 5919 9350 2142 9609 8616 9399 2760 9864 8126 1728 2828 6345 7368 900 1365 6333 5612 8072 8301 3618 2913 4556 9624 2787 2611 1236 6323 563 5193 5346 8792 5045 4081 1022 7229 315 2944 9823 2822 3687 7727 
9176 6425 3738 5748 9939 8712 511 1579 3730 9904 1845 6342 6788 6446 4384 8515 2731 6259 4018 9195 6689 1228 9160 7084 5442 3068 1008 6499 1444 1786 1566 3809 6657 5254 257 9509 2203 2821 7554 9684 923 1158 1417 9181 1259 2587 6253 9204 4790 4160 9894 8086 879 5136 4194 6948 5436 7107 7287 799 2583 9162 3156 2583 7128 1968 5317 9247 6975 1608 1290 3958 5481 2179 6845 6556 8704 1987 7051 8086 3430 1354 2371 4356 5534 8336 3480 9261 5409 2542 5625 2796 4773 1914 5319 9735 596 6391 7466 2696 7888 2656 2631 3623 978 2799 1316 7418 9585 2962 8218 3497 4307 2190 324 7066 4707 9255 6993 531 
867 851 4182 4909 80 643 1262 8945 8995 2338 8141 2559 8518 7610 3975 7625 1044 8515 7806 5911 9235 5692 5366 9166 6709 9532 4905 7982 939 4056 58 4228 1098 7083 7328 7664 8065 9331 4289 2880 9814 7053 6551 1166 3956 3339 9689 9011 5270 5057 2806 7688 4036 557 6387 3829 7648 2695 9175 6692 9957 7213 7751 7760 1027 6918 954 1971 7398 9840 3917 7102 3712 8552 9471 6058 2679 9888 6160 1515 8348 7991 7838 3375 4601 1579 2646 8909 1657 4373 34 8182 4892 1948 9300 3050 7939 8046 6367 7902 7570 9302 7800 9176 439 3037 9219 7332 9060 6359 5075 588 7046 8847 6508 8213 2017 7903 3963 641 
4281 2958 7679 1497 1624 2846 3130 4281 7692 7631 1088 9287 1839 5818 1371 1690 1298 7333 6334 4907 8503 9754 3303 1636 2046 8018 5381 7182 5044 3866 8632 985 4027 8185 6900 4616 9476 7694 4457 8775 6136 2126 9562 2266 8840 7081 6545 9574 2620 7796 3268 8511 2088 4902 297 2913 625 6210 3677 5691 6109 5442 153 8929 573 783 9128 4132 6064 8267 47 9137 7058 2062 7952 126 5573 350 7463 793 4794 6495 6354 1937 4246 2578 9921 3212 7193 7089 8888 1333 1146 6789 1516 7491 2156 5509 4110 5001 7826 4109 9292 9979 6722 307 9549 8591 1787 8359 1029 5648 9715 4327 8719 9632 5473 1175 2701 5254 
7575 2886 4202 8728 9574 4571 4532 2803 8799 7309 576 4809 6480 6948 3307 868 2423 6456 5522 1329 8963 4914 7624 1761 1248 3701 5747 6270 8691 6814 321 4870 5243 5481 3980 8660 7002 2180 6593 7593 8385 4860 5203 9884 1876 6884 486 3659 4291 5167 5919 4686 791 9115 7986 3733 9337 1025 9367 1209 2992 2364 8501 6375 3209 4361 9556 1528 7104 6521 6 5575 7022 3083 1043 2908 6209 4911 3751 3207 4329 9479 3268 8273 304 4135 3389 4810 5007 6276 9164 8828 4401 767 2447 2155 3718 7268 7500 7093 314 2270 2302 3204 5508 8480 1254 6031 9914 6240 1468 1035 9835 9373 6306 5995 7006 3271 6539 7634 
8271 2086 5215 322 3247 5086 4989 9775 2141 3040 9039 5574 4924 2460 8573 5571 8969 6220 8558 6049 7402 3216 3637 959 7497 5519 9570 4244 6592 4013 1781 6516 727 4681 2381 2057 2319 4264 5915 4122 5306 7989 2509 1009 7073 167 1825 5475 1996 4252 6946 6066 5565 7595 689 8953 8329 9436 214 8597 9961 3038 8175 6301 1705 7933 2355 742 1304 9076 9372 7658 7473 4044 6582 8304 9039 3328 9076 9921 1169 5718 491 253 8623 7779 1614 8094 3405 8654 4641 2711 1950 491 6704 2075 3614 6819 8710 4261 9284 7203 7503 1910 9615 3265 3879 7731 5851 2229 2286 6546 1275 7562 1153 7831 387 3766 7161 5837 
1547 9809 3366 690 8538 214 9192 7910 3282 1601 1484 5570 6518 9100 5726 1933 5113 273 597 639 721 970 8390 7740 8341 3574 2433 5390 690 1208 3270 7563 329 4623 6967 590 5072 3325 7097 5265 1832 884 1326 7622 3183 3406 7725 6555 4625 5554 2789 7989 1837 5541 7680 9245 3115 6027 5166 4555 7064 5673 9396 3369 4948 6182 1155 6715 7088 3233 4651 5608 9127 3803 9305 2787 6739 8248 2955 7875 7209 1449 3117 9946 7155 8963 6182 2347 5564 5569 7677 9470 291 7885 7121 5294 5281 9593 3853 7353 3733 1373 2663 2983 4246 3567 9734 5065 2066 3607 8078 4945 9525 4125 5981 7801 5052 1909 554 7506 
2908 7443 9497 6996 667 2285 7166 6898 3076 7938 4738 7501 7812 2816 6084 7904 2494 2910 5693 1658 3286 5656 9107 2632 9698 6552 1065 4958 467 5452 7283 831 9993 7469 1060 2766 9247 350 5167 5740 1288 8498 4560 9573 8315 536 8472 7526 5793 5128 1880 6969 2143 8980 159 4924 525 8855 7658 3383 2991 6626 8287 5752 9108 3672 4979 65 2108 345 4992 2442 1529 9707 1914 7244 6060 3480 1271 1636 6397 6022 8641 4753 6585 8757 3638 7514 1482 4932 5620 7016 9288 573 5695 2945 1840 3506 7170 5638 1564 6754 1661 4247 5399 365 363 5097 8135 9878 2913 5195 9822 3895 6065 8487 8769 3241 2462 2254 
3506 2861 3802 1960 4501 8806 1099 2556 6881 6968 7146 6758 7308 4843 3447 158 8466 7766 7533 5861 1812 2878 4010 328 2606 7150 1357 7829 2369 7928 5144 8781 8098 7462 76 651 9224 158 8134 5657 6413 3161 8190 1452 8778 1866 567 4955 2532 670 9249 7037 3634 9831 9466 7683 92 8528 2508 5453 7955 6578 4367 4204 7717 8493 3616 3081 5117 4250 381 4847 9066 4244 6451 7566 4800 1123 5717 5731 5194 9214 985 6468 9741 7294 1845 8389 8994 9576 5227 7667 664 7121 3038 3411 4803 4101 6593 6438 8700 3673 3896 3756 1426 4396 6285 9557 650 5709 1516 5942 5481 7241 4640 2128 2403 8505 4904 5087 
5326 9641 5802 9489 604 6633 6748 5809 4479 1437 3148 7146 624 2892 3563 4015 4964 4187 9865 3656 8320 5099 1108 9948 5195 4047 9112 6454 8213 4580 5297 1332 5 1940 1087 3945 7884 2650 2484 2527 73 9203 5386 810 3616 3014 7640 787 3794 9925 6182 4794 5222 6408 4871 4123 6544 831 2863 6430 8304 9391 7152 4409 6086 8782 6852 2470 4886 4926 2618 9763 6675 8090 3704 9786 1256 4333 4428 7679 1064 7314 250 6744 3367 7626 7648 2698 8459 4362 2780 1865 7728 3219 3999 2806 6816 6665 450 1272 5597 6842 6109 5884 5009 2354 6556 8001 8488 9602 567 5332 1367 2904 9560 3859 7231 9866 5137 8551 
3292 3799 4288 4259 4509 7357 9755 5839 3216 3565 8185 7811 2327 2190 3125 899 8310 4253 9932 364 9664 1144 2883 895 9265 194 124 2097 8634 8096 6847 3845 8270 8593 1970 7496 3608 908 5038 163 3014 1957 8043 3576 6885 3725 195 5723 8347 4270 1011 1150 2077 6445 1956 5883 7842 2042 4272 1453 9900 8595 2442 9432 9350 3805 2935 1529 6230 5468 1514 5713 830 20 3661 6954 33 9310 5622 4306 9861 7584 6594 7826 6864 3667 7180 9981 8226 4498 8197 3626 3431 2473 7254 8438 1218 4124 9692 2364 5014 3742 651 7955 884 199 5836 930 5629 6999 1760 5241 1914 4152 7781 6767 4830 7432 7598 8457 
5948 2858 5319 6081 3705 1830 2208 5479 564 6790 1430 4474 2134 4998 4031 5412 9045 9791 9070 362 6955 6138 390 2918 658 5620 7938 1931 3621 3294 2650 5863 2737 3343 7544 7103 8370 8883 2214 9551 6844 4543 7362 7555 4918 3339 3973 4270 6342 3608 8360 3085 7629 9451 5379 9285 293 3321 7533 9094 6607 5663 1591 2007 958 6802 4610 4442 8814 7754 7250 685 7391 976 7884 2600 5541 2448 3915 1791 9073 5261 9128 390 7902 7530 5225 643 3311 4498 7647 5117 5459 1299 4520 8474 7217 9480 5777 1301 8978 1420 1840 763 7433 269 1056 353 7068 2452 8807 2857 3822 1614 4530 473 4423 3501 3925 6420 
9228 4164 4429 3344 460 2142 2986 3603 6130 5073 582 428 5912 879 6345 812 8826 6151 3661 9241 6938 8153 2895 5747 6468 8617 5210 6909 7780 513 4522 5267 3425 7773 3922 4379 6603 8457 7218 2211 446 1848 1466 5474 8422 1423 4828 6972 6710 5510 1033 6462 3711 6688 4286 5658 797 107 309 4567 964 640 3183 158 1796 2298 5497 6394 3960 8345 4626 1362 935 4200 2393 4764 1770 7213 8079 8448 7738 4071 517 1605 3682 715 168 48 7404 4500 8830 3819 6545 7052 5758 1782 655 6752 2733 674 1503 271 7197 3902 3170 9409 466 6310 211 4430 6120 3564 9428 3935 3342 751 7107 2202 7728 330 
4772 262 4144 8613 7379 134 6725 7086 7001 7612 9323 8008 9237 7444 8263 7863 4247 3856 7925 4330 4789 7501 4898 4100 5329 7466 8781 2937 8749 8307 27 3545 7649 7846 4412 4293 2744 6952 9218 3557 4916 2003 2099 2662 3888 325 931 4134 1383 5309 7524 5312 4978 5980 5473 546 3932 281 2167 377 8389 7552 9878 188 3062 8847 8364 1153 7147 8865 8787 8594 4186 5214 528 8992 4816 526 591 7617 3895 5507 2747 5438 2601 2945 790 9289 7682 457 898 9172 6040 7895 2396 5801 5633 8072 2393 1242 680 9802 879 1546 1019 6734 6978 7772 2643 687 5849 6206 2554 1677 5562 3654 4851 5156 9679 3230 
3040 4410 3316 5141 7071 2121 6186 4234 5549 1938 7532 6657 728 9208 4354 5774 7586 9995 1241 8746 1147 5414 383 4593 4516 9261 642 4307 1499 9980 3881 356 6590 8140 8084 3193 4735 3144 3916 4880 3583 820 4082 1305 4561 1683 7902 8096 732 9490 8702 1750 5880 6286 3619 1390 6036 3320 52 3058 5434 7991 9599 2573 4963 5848 7253 149 9795 9823 7669 3082 2774 2969 2109 9941 9552 1408 9742 4413 1260 5315 2436 3829 3739 1219 3921 9494 3143 5277 6307 4470 9447 5144 4668 3374 6454 9267 5050 1032 9846 8851 8667 162 2649 1635 4467 7625 7136 3662 4721 2131 8189 3057 3590 6258 9227 1078 8671 3452 
1510 6215 7335 1202 8293 569 6478 9010 5344 9723 6865 7763 4929 2811 8558 7917 9840 781 7251 2419 6740 8219 4027 6270 7757 3443 5002 9120 9342 1900 4444 1117 2879 1425 6466 6150 7951 325 4721 5927 3174 6264 1849 8634 9158 3318 1752 8479 7693 8608 6728 4761 7260 6971 5738 9606 4646 3656 3757 7237 5728 2744 2574 6045 3160 5504 9967 9415 5029 2530 1757 2836 9050 3262 3362 686 1568 1637 4811 2232 1418 183 1307 2317 1502 4532 9438 2049 9151 9701 5886 764 5188 2823 1579 4865 5696 48 9088 7431 6129 5388 5225 1214 2481 2618 306 8344 9135 4413 8950 9237 7001 7188 8751 1082 1706 2247 262 8635 
4401 2234 7228 9066 4871 3986 9685 5496 5714 592 150 9979 4505 3328 4219 1779 716 4059 5560 5620 8741 7358 8010 6753 6461 2602 9390 8949 9759 3240 6134 2210 7414 7837 8553 8868 1421 2513 2782 7786 21 4620 848 9935 9399 5777 6086 3921 2672 6590 78 2912 3155 450 3182 2006 9973 5887 4789 9181 7445 6787 3861 2415 4242 9552 5310 6024 8849 2634 7095 3225 6675 9119 801 8457 4149 5709 1505 6040 2485 9461 2742 9712 2372 6944 444 7105 3576 3516 3084 7088 6055 7613 9636 2103 8372 8535 7155 7112 1822 4182 6343 1754 6765 1081 7080 7187 2955 8759 9255 9210 8910 8068 6893 9999 9117 1931 647 1584 
3039 9313 6270 6354 8229 3681 611 5873 3951 1590 8647 4979 2245 5581 5915 3007 4283 7360 9136 391 64 6175 2090 6909 7274 716 3677 5209 7003 1865 7684 5846 686 5844 7643 4947 7164 4178 3156 1882 3924 8121 3779 4055 8059 6195 4767 2083 6458 9313 5091 8970 750 7077 4892 901 3487 7901 1962 3585 7142 7729 5122 2695 494 2446 2789 240 8368 6381 4906 6447 6047 167 8277 2444 6248 4946 8353 7600 4921 8929 9017 1730 7045 6801 8276 7503 6523 2614 4453 9627 9365 5580 1821 8806 5352 3534 2528 2463 2364 1688 2798 8948 9269 736 1734 5918 6103 7342 6696 4160 4587 9259 2718 5095 4984 2979 9912 4883 
5218 4895 4495 8521 448 3896 5060 2805 1265 4006 9202 3796 471 4261 9880 6472 547 8344 4774 1838 8402 3799 7603 5492 8808 2222 2577 9118 5764 523 7552 2931 6375 7137 9902 2683 5397 4079 3902 8023 3929 8338 9341 811 1321 5240 1752 7493 9965 3925 34 8782 7463 8837 3240 1810 1720 793 9298 7237 869 8598 1338 5014 1866 1306 31 2155 9011 6735 1380 7147 6436 1716 3021 4323 1252 1537 7270 889 5440 4776 6426 980 1861 6468 7891 3033 3227 9224 9191 6637 1261 1375 7078 1172 1082 7829 5608 8652 1234 2480 8369 4977 3355 9677 5815 8319 2128 5418 292 1337 1935 4512 9704 7743 3174 3220 9316 6596 
6017 4942 9706 916 5435 8216 6669 890 3495 9402 4178 9376 3399 77 508 4640 5235 6091 2380 8167 947 5634 5491 7956 8311 773 3990 8523 7442 1357 2681 6973 2354 3360 1610 3314 1942 7125 5709 9036 7170 6368 1433 3314 3940 8815 1541 1147 3429 4057 7689 1324 2723 268 5301 6455 8605 6374 5096 7746 1929 5016 9864 4036 98 4519 8898 9229 5594 251 9606 2604 5280 6991 6938 3751 8722 7079 2381 923 6890 6864 5322 9874 1123 7885 253 3628 3239 7489 5621 5539 9378 7868 8014 9150 6609 4526 9936 5582 9357 6877 1944 4368 3592 8306 850 3388 9616 492 9356 2597 8227 9658 1216 2424 8173 8837 1508 1346 
8732 1335 3173 9516 6108 2996 6755 6292 5757 3950 1621 5944 8340 5720 1206 1328 2035 5479 7286 2513 7474 1744 8784 8193 6898 5164 4168 807 1627 2413 353 8046 2813 2703 6417 4177 8449 1056 9278 1127 5907 2952 7492 8226 4461 2077 2442 3356 7575 2124 835 1705 945 8548 8461 7517 8726 6360 2060 3783 7866 6351 5028 3824 3395 8352 473 1702 6364 8508 1957 9360 9696 2936 8634 1343 4412 1861 597 2002 6874 8135 7651 2461 4687 6150 1372 880 4031 61 9952 8337 5641 4124 5005 2662 9176 7048 4309 6465 1836 8910 9454 8668 5062 4398 7724 4291 3416 5988 6640 9474 4305 3317 5020 8115 6377 7962 2894 5007 
5333 9665 4528 6613 5393 4579 1557 7627 4988 544 1775 984 2213 5170 8067 8751 6517 2993 8954 7209 9134 3123 9193 4730 4907 7909 1085 6078 4770 8481 5029 6787 253 6871 205 1906 7697 6218 6 2113 6258 5499 5595 6886 3302 4622 3339 4844 3908 5583 366 2026 4514 3563 4573 5604 9854 5675 2260 8079 7672 6843 1132 9583 9116 5137 6857 920 9630 8447 2357 3859 3232 881 3279 9180 5431 6971 4948 7700 5516 2401 332 3016 5522 2848 2158 6316 5187 6839 8765 5317 6110 7478 7300 3044 6489 2303 317 9165 8785 5470 2418 3976 707 8973 9956 5398 3018 3985 8677 9015 4400 5331 7711 3640 9202 5803 2930 5204 
751 406 4209 2071 429 8931 6467 6884 4821 2914 5465 9323 9406 6050 1653 1091 2668 8602 9547 3527 8439 6590 8450 3081 5796 5275 8395 2300 6646 4408 2973 836 4923 5707 9406 3973 9418 1731 9150 2863 6769 647 4070 4540 2766 1664 8013 6731 7538 1706 2012 590 6331 5354 563 7941 3813 1743 6224 7589 9391 3450 4198 2717 1036 5245 7371 2503 2750 5875 1595 1686 2832 5028 5856 4770 3204 1410 1271 1585 3602 7053 6772 1117 5066 9396 8995 8125 9369 9928 6725 9610 382 1303 5186 2851 9883 5185 252 2709 3828 8313 3390 5119 4204 3532 8591 259 2293 609 5471 3161 3759 8660 8128 973 6121 596 1493 1656 
1667 595 5080 9581 9079 6153 5848 3857 6621 2817 4083 1321 7067 7914 4783 2030 5018 3322 9185 953 7816 4987 1924 327 874 1108 9137 3360 3666 7536 7089 6192 7439 1987 1421 1552 3406 7715 4316 7583 5274 3861 5675 6656 7982 7949 2203 8857 5114 3051 6496 5486 4981 6068 1208 1777 1924 1097 7026 2927 8852 5652 5649 7026 6219 1649 4625 9486 439 6081 1711 4703 8828 77 3900 2184 7808 4768 4014 634 1518 615 721 5786 9788 6578 4473 7363 2467 1873 4350 8226 5422 5774 7034 1747 3030 4693 3737 5033 1124 8629 530 1106 373 582 1411 1970 4700 6202 1599 2146 8939 5805 1561 3706 2914 2104 9576 7861 
6295 8459 3106 8949 1774 8303 5404 2114 9360 2109 2675 9405 3639 2636 5916 8736 9398 6276 5975 4369 7777 5838 6865 9346 8849 9585 5102 4752 9711 616 7318 6381 3888 1638 6611 5973 2194 7465 4252 4850 1959 793 3741 9642 9731 3258 7856 1549 1202 9352 4265 2839 8413 7405 8226 3202 1459 9011 9443 1586 952 1704 7965 2010 6947 4780 4144 7788 9429 5397 7586 2199 7481 3553 7612 274 8779 4880 256 5048 8989 1787 7240 2588 9444 9879 3726 9040 8645 1260 9484 3430 5961 812 2224 8478 9616 1525 7273 6881 1187 8307 9521 2518 593 7384 4338 9102 1211 5084 9126 7086 642 5634 2975 6371 7876 5735 7349 1640 
3529 7213 9807 4094 6048 8134 5469 8561 5709 9084 6940 5767 8372 6458 9249 9080 6323 9333 9856 3303 2382 7821 9846 3943 7415 6814 2335 7548 9951 2647 5947 3067 2351 8665 5992 9492 6396 5585 5709 3413 6125 7195 9733 720 483 6197 1121 5695 4699 2716 8222 8948 6738 8047 3476 9860 6346 1126 9274 7243 984 6560 8669 1984 749 8717 8704 7051 2015 8091 7080 281 6510 6722 243 7500 1336 3544 4104 8560 9485 6809 2994 8799 4585 615 8000 5970 6395 4688 1663 7692 6400 8616 4337 7636 8368 3307 1947 3779 1875 4243 32 9932 6249 8831 7269 4054 6726 7620 5050 5767 1988 3160 6228 6591 5827 5681 8385 6210 
4449 5215 4430 6206 9982 1361 2230 8107 6342 7915 1521 5006 5054 7799 7329 69 9366 4588 6586 2038 3422 3015 1814 2636 446 3489 1167 7040 1406 6153 6477 8657 5167 2648 9797 2098 2829 6905 9386 7413 4455 4052 9515 7612 6898 8968 5558 2357 382 5059 5254 580 3814 992 891 7530 1757 5311 5054 8830 3387 3609 9296 5070 7011 3712 933 1234 4922 3265 8183 8517 8003 7132 7554 8632 9360 4119 2015 8282 7173 47 8093 6389 9771 9195 7833 6003 3344 8446 8797 280 43 3919 9103 7153 2003 4136 3872 3379 2341 8387 5209 7949 5061 6706 2559 455 2608 5961 4071 953 4711 9772 5992 4127 5559 7822 2721 1636 
5805 8552 5879 7334 3303 3438 1267 7342 8634 2319 344 265 4995 7989 1905 1106 4426 9697 1830 9238 8141 3776 1118 7 2889 9135 4870 1082 294 9806 5375 785 2456 6675 7625 3349 8042 9607 2392 5787 5810 3647 5131 2421 8301 6514 6499 8080 1094 2454 1037 4954 533 2833 8166 1028 9311 5482 3334 1833 3455 2696 8680 4707 9244 1444 1749 4886 9158 3469 6417 7825 1696 297 6481 3928 3026 4865 8507 9078 2508 1503 6649 1350 2758 8693 8267 1972 2295 8945 5680 8911 3774 6578 1780 5783 5842 4659 5969 2039 5116 1091 7968 9666 8409 494 5208 7965 7524 5009 1880 6499 9321 7678 4560 9342 3990 3777 9882 3915 
