1894 3383 8853 1579 2856 6330 8278 8939 9721 6378 5191 3493 9490 2287 7543 2029 2555 6776 965 6080 6713 4643 3482 9738 7417 9274 7384 3838 1811 6064 
9453 6802 324 6588 2177 6134 2226 9183 5930 2496 1140 8670 1359 6269 6325 8788 6284 8755 2830 7621 5701 6199 5033 7891 4469 4316 8642 476 7899 7688 
2494 9882 1556 2083 8356 8544 1883 7838 3091 3396 837 643 1127 2848 8085 5431 9628 184 2574 8489 9709 4506 4313 3791 4410 9577 7993 6251 2711 3210 
3059 8625 687 4037 1573 7309 4418 850 6180 5167 5767 832 6550 5344 3488 8794 1582 5778 6377 408 4005 6471 6742 7724 9469 6493 1809 4267 1431 8562 
8295 4199 8565 9827 9154 3256 6867 6195 5757 7299 4557 247 3514 8544 5172 1147 7464 4939 2567 2455 5009 3872 3849 443 124 4861 8764 1248 6739 2459 
604 3530 6843 8157 6571 5095 4096 3017 9297 469 6015 484 5546 8533 4315 7170 4827 8804 7892 3949 1 7914 2777 5743 1174 7629 1564 4475 3729 4445 
4396 1452 4062 7305 2164 9283 8131 7251 8890 2684 9204 7675 1678 2288 4661 6224 3407 7819 681 7588 8601 933 6490 2395 7649 8581 1123 6144 6841 9287 
1724 8418 3248 4552 664 5426 3737 6718 3264 7504 3930 1877 9073 8307 9364 1953 6983 7538 8777 9216 7938 9273 292 3924 9454 8103 5518 394 2463 2557 
2308 9711 2259 5228 4464 8449 5680 65 8235 8042 7032 481 9002 6334 1565 3959 1787 3568 2367 6069 4977 4398 5777 1776 1856 8823 3571 7503 6704 512 
8882 6101 9107 2434 3923 8508 167 6613 3222 1880 1720 5404 4371 5259 4079 1174 1265 8669 4911 3540 5275 4193 1406 5189 6478 6232 1012 133 2592 5917 
3449 358 4404 5985 8606 6438 919 8777 308 1442 1341 3918 4612 972 6613 430 5000 9510 2782 4651 4711 9667 8137 3184 6291 4166 5328 9699 543 6968 
1532 4420 4698 5492 2747 5974 2521 5389 4956 156 1118 4998 6756 9945 1297 772 1301 3602 354 3259 9497 3351 3941 1976 9973 9662 9919 3402 4062 3272 
3676 8672 6906 7870 6901 228 5341 9494 2570 1064 8869 3809 6960 802 3913 3882 4595 1734 9989 4531 1157 5147 5029 9367 5325 4102 1540 7593 4896 6375 
318 3789 5352 8214 3001 5567 3345 2570 5208 9249 7781 5900 2345 5261 2763 9597 3424 962 772 3773 859 8730 8988 5859 4994 6335 1052 108 7868 3505 
4422 128 9660 3737 820 791 2327 9652 4344 6394 5043 8235 5221 396 7318 732 2365 6844 4257 8377 6813 3398 9903 2969 1203 4976 2716 5469 8187 7215 
