3114 3000 8155 9533 5323 3396 5370 8290 6104 8362 1842 3218 9148 6882 4219 6852 9060 4207 1285 6728 3590 4444 486 2830 8782 5033 3647 198 624 8143 8268 6430 9198 7978 1109 2441 3305 584 5126 7636 8202 8428 8956 8393 8986 7987 1353 6444 3289 1487 6857 7257 5587 2761 9297 8275 2069 5900 7568 4577 5748 8918 6504 5517 7954 8211 2338 4439 2526 4613 3667 4695 3215 228 4526 
5558 5304 8415 8197 5820 8837 7628 7637 6709 8103 3556 6900 5883 184 3375 1249 6123 4126 3116 9590 2401 1530 7154 8796 6549 4171 6173 3966 290 2234 6035 5893 51 333 9177 293 5458 9285 4341 2122 5521 9622 5555 7950 257 8653 3882 4712 3454 8566 5885 8019 7198 9290 1401 5819 5163 2581 3836 7377 6341 2087 9606 118 4677 3237 7483 3885 4010 9546 205 5682 1517 7852 2663 
7498 5926 2207 4689 5602 7450 3715 8147 3509 6936 8488 421 1723 2975 7800 7301 5065 6336 51 7895 1644 7213 8128 6650 4607 6289 9132 4848 7320 9839 5574 3306 8605 5060 9379 3063 7483 3694 5775 1629 4089 4294 3070 2725 9249 5171 2158 5522 2629 2263 6367 4666 8102 4172 3642 9119 7294 9893 9912 6610 2316 5183 6494 7184 2192 9274 9923 6523 6752 7019 3010 3601 9727 7019 1961 
3105 3547 1877 1963 995 2688 5267 7056 1620 2038 8624 2173 8176 3124 3887 1654 6261 3614 1883 4024 2941 2457 8642 5834 2392 2538 1917 9445 4938 3365 6810 7280 3566 1489 1509 2563 6018 8381 4633 7285 4158 4517 42 1625 360 6868 8531 5645 8361 2461 8008 856 3095 3824 698 4373 241 1533 6402 7128 6364 4916 1710 7629 9978 7270 4307 8676 6347 1903 3801 528 8154 7008 4739 
3683 1194 6982 6572 8166 7598 4865 9129 525 782 713 269 8480 3001 1283 1516 6948 750 7521 1048 5684 6652 1551 5073 6650 1726 2734 6152 365 6170 2120 3390 9513 9635 216 779 6217 6671 4076 8660 5535 3162 1110 4720 9624 4113 6282 5076 2119 9453 3976 9888 8438 6541 6987 8222 7734 6845 7261 752 4107 2492 319 8399 7987 9443 9394 2123 6745 8303 6438 1936 7981 8758 650 
4340 9408 3274 7428 3713 6803 9611 5761 5862 1589 8804 190 8966 4976 6125 7721 2665 7269 2763 7994 144 3462 9467 7765 1400 284 1535 6055 7781 5310 1515 5103 1476 2159 3949 2191 5497 6777 3695 5193 5162 3343 2437 8356 4701 4733 790 138 6326 1171 9084 3413 4490 7498 5656 7854 7485 9078 6041 5580 6931 114 5035 1441 1902 8379 9420 8788 8293 1349 1385 281 8638 2201 6757 
4012 586 1897 5722 4099 1347 649 2068 9273 9516 7123 3238 9577 7094 9001 9037 989 6407 3761 9572 2299 6178 2747 3981 4770 404 2320 3524 236 2469 9408 8905 7437 8405 5105 1834 8249 9425 8289 3081 8742 1700 222 2505 1552 7220 5743 9715 8132 3507 1251 1819 5201 9899 5897 1951 6535 2692 8582 8838 4381 1549 3507 6655 6050 1635 9216 5863 6979 3752 1729 6937 9420 2825 238 
6932 5156 2537 9183 9451 3092 5636 3679 2495 9719 7643 4824 7290 3146 9002 7120 2022 6068 958 8603 5028 215 9619 2686 616 9004 3266 2860 2256 7575 9084 111 8083 9379 8204 7889 1120 5629 5963 5420 4069 8070 6728 7909 6724 526 9708 1102 9189 6075 6777 144 9170 7471 7169 9545 4777 8554 1509 8161 4668 7207 133 2677 830 8974 1205 5422 1202 466 1764 1463 2996 6120 8986 
9177 3144 1418 8911 7858 495 8506 1168 2471 193 3625 9670 2516 734 9867 192 1371 8824 7915 5180 5991 2744 3127 5919 3107 6891 6986 7778 4614 7258 9780 9607 7724 5450 1270 5259 9392 4316 1431 9178 6959 2219 9889 381 8270 7435 953 8989 3399 755 8758 2324 6215 8638 1153 447 3995 9009 5221 6215 9726 3177 6727 751 5023 9423 3200 118 7173 4292 7434 3427 827 633 3943 
2039 2574 757 3276 6301 8679 9003 8204 4330 5350 5103 8174 2345 9023 2454 3206 5042 4210 3036 8680 8777 6464 4916 7553 7293 8250 3824 2854 3375 3645 7412 8372 1077 348 8393 3090 7603 4451 8237 9940 6179 1083 6230 448 2369 9274 1097 8347 5474 5233 257 1610 2246 693 1853 3930 2967 215 3750 4745 7206 8352 3424 1037 4605 3236 4721 4657 3927 1777 2501 2663 8295 4002 6205 
6918 8920 4034 3019 7106 5658 7073 2887 589 3973 5908 7938 7676 9897 1153 502 5633 8597 8599 7417 6188 8388 3456 6506 5532 5001 2218 3966 3540 5224 825 8884 1292 8664 771 2498 1201 4334 3162 9440 8916 987 5621 3237 3439 2794 698 4243 9056 9924 2155 5411 1951 5794 7435 5933 8730 7567 7561 1120 6471 2788 6048 7590 9974 6940 5001 731 2211 3911 3806 5850 9569 3883 7429 
5130 6071 1041 7109 2399 9936 1140 6153 5865 1519 1548 8405 7674 250 8094 5161 7420 7332 1157 1964 7424 9872 3703 6431 7349 6066 266 4999 6126 5809 1126 1735 7180 2279 4643 8150 8712 5699 6018 1585 5644 7551 3791 2422 7748 767 4500 4670 5825 3862 9716 3227 4078 6050 4032 6000 4999 1986 2964 6427 2404 4777 8080 9870 4314 2288 2029 5740 7486 3118 3008 8091 7919 3911 4895 
5025 2877 5592 6398 6934 9085 4310 1343 5349 9344 3833 8472 9967 5698 7579 8733 4030 9155 6634 2648 1409 8589 8059 8430 8756 4581 3196 1067 4996 8958 8395 2599 5297 3860 5309 6744 1580 7356 7794 9607 4494 3391 9986 4079 5583 4843 6065 1284 2157 1823 102 1385 1649 2630 691 635 6466 8295 9924 9775 3684 9314 932 5157 2801 468 1913 6304 2239 8729 5621 1803 3138 2700 4136 
7827 6463 9709 923 7848 5490 4661 3757 9883 3434 4620 3288 3280 9744 676 2705 8804 6152 9916 2470 6325 142 1195 6452 2852 1575 2560 520 3482 1849 7281 4987 7653 4971 4865 2375 5440 8616 4202 1067 1343 1528 1069 3477 4656 5471 9038 7498 729 6417 620 6394 4515 8625 9175 1440 256 4489 2382 4542 9831 8390 780 9010 3901 5555 1426 7999 6693 6210 3109 8120 8726 5674 8078 
5124 6054 5233 5029 3600 7336 2465 1411 8565 3501 4937 2682 7779 2256 8382 7763 9400 1617 1099 8313 7436 1724 9293 5790 6647 882 8436 5449 5672 7867 9235 8716 1622 1028 1825 9384 7782 8612 2106 7037 1779 2288 5245 5831 5356 7749 7255 7442 155 7443 5922 169 6362 1753 4839 854 8503 7792 2140 9266 9700 1158 6616 937 4157 8925 6645 1695 4456 5507 1924 792 2723 8694 6853 
2764 3818 1375 7428 2268 7692 9566 1981 582 4183 5160 2484 1447 5213 3288 8483 4959 1115 2658 7656 7313 7708 7362 6874 5448 1705 2494 6129 9764 538 2000 7740 4325 9631 3608 8155 4372 4827 3878 2450 7398 2512 7824 4252 1412 2999 1424 4987 4247 8217 4388 5836 5476 3042 5775 2222 1394 111 5326 8961 3498 5951 9249 7504 119 6761 5602 1285 2453 7262 3254 5089 6167 7604 1609 
7828 2697 8962 2293 4796 4920 1989 4456 549 7418 609 2988 6905 8239 615 107 603 2077 1491 5701 401 584 6292 8811 8682 5320 8463 6482 8343 5115 6483 1194 8567 9150 3367 4187 6836 4756 4543 9129 1362 7541 4191 8713 4764 6591 4714 6415 4633 602 7864 7697 3184 5711 6520 8107 7089 2328 9093 9658 9073 6777 3305 7618 4540 9341 9803 2778 7954 6830 4104 5964 3535 8557 2613 
883 272 6568 3976 9453 9448 2616 7940 7208 6305 8536 1243 7386 1308 9017 1589 8001 3377 6794 8193 8674 397 8902 9611 5810 5436 3679 4552 5893 5485 2699 5580 5697 5871 4897 804 3391 6347 769 40 2682 7805 2383 9454 3265 9609 3151 6901 5761 593 2834 63 2199 8934 6159 43 3004 9074 4864 7024 5309 5283 7038 9107 5814 3264 6421 5590 8391 290 1279 633 6982 183 3170 
6971 9188 4390 7911 2274 3485 3951 8991 8847 3830 9859 9703 1665 7588 8694 8192 1702 6519 5248 5106 5252 3362 4212 5203 4094 607 8832 2668 7585 4854 5072 7396 5104 1738 4844 7104 2808 4798 5239 762 2988 3372 3486 820 7087 7110 7731 3058 4224 5809 5208 6567 3814 6090 5136 2928 7624 3103 5870 8028 4430 5021 8940 7725 7026 9729 3961 299 8481 1168 5950 99 6927 6204 6456 
2284 6588 1632 841 2643 1256 9649 8777 156 1913 7407 7544 2011 8786 7314 1552 2758 6102 7236 5219 7667 8576 9743 3030 4981 9393 7272 3162 8149 6550 987 9041 2639 3547 3546 9985 548 2808 5118 7151 8107 4142 8771 5200 3334 1870 8574 8846 7241 555 9624 3742 7283 9265 7199 7298 7734 9736 2639 4593 9033 8138 9408 2200 6620 9428 9284 7762 9363 7721 8268 4444 2205 3847 7743 
8748 848 1307 3843 8911 9099 2952 5067 6302 3544 8836 6177 8343 9590 8746 6291 7081 1088 2051 5668 9644 389 6720 1422 4719 9837 7846 3732 3904 5337 8957 4564 586 6640 9158 4073 4780 5056 1974 714 5415 6700 2415 6596 8476 6348 61 1534 3630 399 709 8362 6795 1999 2320 1543 5819 3357 8701 3149 995 4306 3379 4076 6443 8587 7465 384 9281 8793 1873 7822 5851 5605 1917 
7759 743 4494 1190 2963 2079 9123 7903 4500 6115 9488 8746 8077 6054 866 6484 9987 1738 1414 4582 226 6010 3173 8566 7267 3361 7206 8066 4052 472 9242 4606 6594 234 9880 3036 2223 2398 2572 4937 7488 3795 9452 2000 295 8711 3637 5650 5167 4605 2303 8858 4220 8698 3357 8812 4045 7309 2677 8720 2101 4284 362 5047 4549 8016 388 3276 7153 8803 7721 1056 3075 1163 3745 
7629 368 8928 5346 5449 3615 2233 2772 4552 6899 3035 9601 9851 61 6404 9157 2566 5099 5899 360 2049 6938 8399 5254 1335 4725 4973 8183 7994 4010 1919 1362 1241 5693 7201 2251 3327 9525 7944 8408 2688 6716 8873 7223 4607 5137 2541 5829 621 2313 690 2945 4147 2166 1407 5476 2522 7138 9690 2230 5645 4919 4211 6577 4072 9347 9641 1084 7168 4088 1148 8899 8678 6767 5436 
6407 2539 9441 8653 8551 4363 623 6290 496 9708 5810 7562 3752 1634 4618 1815 5445 5790 8976 9013 7546 3661 6768 4954 9370 6531 9121 524 8528 9715 2757 4226 2368 3489 3453 2459 7831 9516 7754 9533 1446 4712 7029 3728 7943 4843 8897 8084 447 2846 8387 5355 7883 9027 1576 2044 3736 773 581 6082 5419 1190 6267 8820 2673 3679 1315 4704 8903 3947 8768 6283 8535 8223 9523 
9309 8614 7894 2644 3017 5689 6673 8911 8317 4902 5446 1898 5364 1346 3416 3067 3780 3166 7563 9218 3759 9608 6564 3430 2021 8266 4185 429 7438 4986 7675 4923 6968 214 7616 8360 6125 2087 3927 2288 7282 9242 9529 9297 2382 1206 9840 993 1632 7912 6734 4584 4424 8364 4829 5308 1788 2421 5062 7425 3427 9018 897 2245 2930 4769 6594 1278 9201 639 6586 1818 6033 8159 3983 
481 2790 444 4330 1040 2222 8270 6431 6848 6700 9532 6793 7295 716 6388 3551 3849 2411 1017 73 5214 3964 8557 5388 760 3217 9304 4139 5570 7626 311 3971 1145 9530 5312 9151 7980 2612 4147 4061 6540 4910 7037 7746 7705 2885 9996 7529 4046 2220 4486 125 795 7817 5081 6978 2494 9304 4320 7382 9912 2867 1417 5735 2892 5634 7963 2922 1498 6130 9227 1867 4020 1393 9936 
107 9635 6237 1676 3951 2735 8547 9483 1663 224 1235 4811 3117 4896 5318 3024 4586 2633 1993 3337 565 2348 8918 3132 918 2500 7150 66 2651 6358 4584 3195 5444 1607 8495 3642 5454 4253 2058 7881 9544 7706 3259 9765 4672 8373 4540 4535 2874 5689 3833 8214 2333 8612 6737 4384 5289 2846 83 3757 1248 2097 1315 1337 6925 8134 1218 1890 8339 6185 8750 7212 2010 3724 2577 
9209 3109 2547 4925 8037 7352 4850 7047 480 6952 9193 9440 1075 765 4199 4836 9962 6369 3680 169 6336 287 5637 6696 9500 8300 7277 4009 8144 9106 5778 7320 7296 6282 6104 8714 8824 8133 7404 8566 8893 2835 9554 6085 1137 6523 5922 5095 1554 4196 9157 8937 1869 4179 7819 6082 7416 8226 7541 9934 3057 5419 6499 1784 2687 9444 7228 1535 8108 2296 4364 931 6651 3907 2106 
993 3279 1024 5548 5003 1245 8579 8990 3938 364 3011 1773 933 637 8450 1088 3231 8944 7657 4013 1450 3522 7207 6289 4134 4382 9607 1705 7957 5699 5976 8230 5782 468 9966 7755 356 9644 6595 4797 6320 4886 6428 4136 7331 4571 8525 2564 8215 5711 6812 1285 275 4385 2179 2710 600 7939 765 8216 5309 4229 6780 6158 9835 298 7279 8971 1703 9910 7616 5301 9254 9908 895 
3748 5170 7721 7758 199 6390 6409 75 4915 4073 613 2811 9311 3543 4716 5987 3118 5179 1999 3626 9825 152 9619 1886 144 8380 5671 550 822 6403 3359 5067 2038 8034 9920 9977 7852 8801 8178 9983 89 9093 2720 9478 5073 1268 9771 9726 4084 7009 3045 8884 9159 7374 2285 4698 3710 3719 1378 2351 8324 3155 152 5533 6932 9798 3890 1088 5110 1428 227 4664 3081 8326 3639 
1407 6914 9028 4640 80 9216 2539 9818 6271 3985 9303 5337 5486 8061 8262 8017 9920 4449 9555 720 7194 5601 1737 4540 7302 7241 5084 3336 6408 2928 5769 4657 6288 6029 5677 6141 6489 6946 5307 3039 4884 4818 9359 7322 2524 3391 1840 565 6916 9872 7103 886 3419 2484 2766 190 8763 3325 8317 9734 5278 9387 3496 2519 4409 2195 5188 7443 2108 4325 440 8680 4123 1961 2344 
9402 3677 24 5666 1410 7239 2868 532 4307 1199 3686 211 4572 8965 677 5209 172 2723 1910 3227 1928 2634 4624 1311 6229 8568 2747 2509 5881 5444 3169 7088 572 6521 2504 7829 1887 9460 7875 9442 7907 6211 8843 4413 390 2074 6496 2974 7481 8891 3776 8736 5207 9324 702 9195 6279 8203 5243 7849 4892 8019 2349 5696 9425 341 3886 2430 4237 3287 3863 6131 6024 5863 2937 
1666 5728 2731 6715 5552 6432 5481 3729 2007 5909 2688 8777 5652 6681 9879 7368 6037 7162 2677 4587 5919 2458 1507 2804 4136 7717 4885 2544 8521 2305 5387 8313 664 7426 2764 7745 5993 261 4801 8164 7254 2520 3656 30 9881 7906 5105 3263 8037 1456 9163 1746 8233 6694 3548 3295 3987 8766 136 4225 3194 2886 6302 6548 7876 2096 4901 6353 161 2935 9776 5813 9657 7099 8934 
3273 2589 2140 2922 2773 3663 2170 4992 3728 2862 7246 2438 7966 6776 9897 4948 8407 8277 9564 6166 1992 5670 8978 6936 1545 2327 1690 6621 7089 5895 5720 6988 7915 1286 6530 1064 1165 2813 1448 5267 1917 9031 288 4249 1447 4096 679 1400 9472 483 5356 4094 3777 1584 6655 4347 5784 2880 3162 6441 4677 5547 9543 7510 8024 8001 9147 4407 7666 583 9007 4936 2283 1807 6985 
1702 6982 7401 2387 8833 9658 9726 7104 1 3685 9060 970 5340 1429 8994 3754 883 1063 3666 3892 543 8610 2637 4601 3452 3378 7566 4690 4725 8590 2820 8921 1026 4584 4171 6896 3446 2583 7102 3347 2488 1726 6906 1781 9601 9222 6189 2125 3835 468 9329 8291 4771 5004 1717 9895 5634 503 7468 9056 5458 187 5935 2485 9015 3678 1014 4230 3524 9095 4875 8962 820 4153 3648 
409 2375 4660 3457 3507 3996 1543 9265 3725 2808 1589 8834 3200 8503 7996 6334 4644 3481 3506 3826 3601 6211 3731 7217 1353 5272 9137 260 3709 2018 8534 3290 5246 7094 382 7541 4274 9701 2426 6066 1810 8131 214 6611 4503 3119 337 2273 6457 8015 7892 7773 3006 8983 5338 9549 7504 6248 2161 3369 48 8268 3306 1676 3583 4092 6072 7424 2333 6524 8777 9981 3275 376 9086 
2045 4785 3650 9898 7245 987 9231 9479 4144 9622 100 627 3543 7712 7505 7875 2644 1501 8883 889 713 6135 6532 8655 1649 8488 389 4452 7038 3691 8513 3217 3313 616 5291 1940 4202 6033 3819 4949 4810 4965 2531 4124 2895 4591 6176 3422 8696 7539 6036 6308 9581 2924 651 2500 692 7357 3509 4640 7588 364 1928 8945 162 5537 1468 4763 3714 232 9239 9272 2095 4175 2369 
8577 8181 4305 9383 473 9176 2201 8692 6799 250 9747 3337 9614 7775 1263 2032 883 4580 5308 2843 1826 8232 9624 9635 4435 282 7625 5104 3481 2314 4677 9182 209 342 9727 7955 6495 307 4004 3086 3265 7733 7686 4047 7759 6900 8039 1307 5228 8497 406 4838 5572 7632 7636 8274 6656 8048 9285 3291 4555 208 8558 4854 7974 4329 107 4401 474 8739 1534 3676 6996 6826 8422 
1836 5927 9902 336 1247 9351 1034 6762 3634 3424 1577 2119 1234 3045 6135 8031 4175 2828 5151 4277 1375 8229 9686 176 9730 5422 6965 352 6328 9606 4032 885 931 8672 3935 2802 8427 1797 4113 2675 2460 9474 591 3975 9933 3250 6068 2175 6824 4418 2318 3775 5702 5836 668 4517 3080 848 3933 1499 1774 4835 5359 7647 3283 6921 3814 8510 8602 837 5584 759 8003 1734 3364 
9610 8608 4105 2076 140 6632 8809 644 3574 7692 5990 7950 8219 7348 6879 8332 9478 5391 9092 5634 6201 7226 4539 1303 7594 7345 687 8540 5721 809 4195 7933 6448 9652 3759 606 6470 7542 6975 2374 220 4860 2837 6469 5440 321 4090 3709 7123 1752 9855 1078 4013 5530 280 8582 3419 6681 8290 5745 4240 2409 3021 3076 4834 5644 3642 6764 4785 9358 5184 1354 6577 8949 8625 
3300 1632 5495 5757 8867 7420 5908 2794 3401 7360 596 2376 4757 3417 4011 2837 1381 6557 6169 8130 8797 5002 4377 8766 5803 1767 3220 7495 216 4929 9911 8335 1191 2933 7977 8217 8713 7398 6316 4104 978 1974 3428 4842 6680 7470 6361 4897 2008 5127 3378 1539 4934 2044 6729 6287 7864 6034 6845 2915 6274 1844 6073 9205 5531 8640 343 8619 5470 4585 892 196 3236 5820 2456 
4234 1158 479 7496 449 1013 7391 5492 2215 3128 2165 9025 5579 9732 2692 592 9528 4054 6508 6060 2503 4380 3655 4027 8679 1187 4663 8044 8615 4942 1761 2717 3709 7202 3930 1085 1730 1684 3476 7743 6579 1273 8885 7487 1850 8664 6720 7836 4060 81 1925 6177 3115 3786 1757 6267 1357 6573 3897 3382 966 4944 3996 3287 9638 5837 677 627 955 7412 4681 9231 7777 4169 857 
7906 6774 8164 7300 4044 2388 807 5683 4125 6020 3989 5083 283 1811 3376 6881 7675 8856 4501 9856 8718 1885 8666 5354 6898 6135 8578 5433 8630 9444 2416 8456 3467 8921 2995 8310 2531 3562 9358 1096 7747 4853 9446 6830 3135 2301 652 5298 802 8309 3958 1760 9044 9387 7396 2691 9974 4113 9985 7887 7345 4351 3624 310 2300 3201 7655 5556 7625 9494 4638 9311 277 2823 8233 
1589 6271 6549 6661 1084 7674 1727 4007 3458 6122 91 7526 2492 9626 178 5205 9432 3408 8589 3381 9127 7940 8373 3141 6521 7996 7535 5565 8648 1750 3935 6693 6711 5736 9736 5483 2758 2202 7298 7558 1121 9322 9635 3436 2704 8896 9393 4458 7549 4911 3005 2679 7245 6698 5857 2515 174 2329 3174 2965 8797 2924 2993 7412 4542 8589 8324 2479 7783 2408 8830 3008 4043 1431 6048 
7021 6407 4713 9829 7061 6058 9775 4836 5122 1392 9257 1863 3654 7303 7294 4244 4530 2481 9905 9672 5940 128 1291 9234 8926 2698 5588 9735 6079 9633 3596 7704 9604 9378 7039 5981 1827 8275 7750 2659 6226 2380 4448 929 8852 9879 3663 9928 388 4190 8690 167 8676 6344 2990 6801 8992 5223 4097 2907 2747 6343 4980 1098 6247 5049 2047 1302 3930 9417 7148 9589 8576 14 8863 
3461 996 4011 9103 1716 6672 9439 66 1518 8897 9965 995 6643 7884 97 8544 1479 8027 640 7861 6182 7820 7957 1639 7054 4254 6395 7356 424 1046 7690 2073 3544 7609 3615 7424 7576 7227 1679 7547 3730 1371 1897 4431 1240 4686 5340 6976 4538 8560 3741 4984 1680 9989 9886 3201 3812 9404 7753 8863 7001 6401 3759 9989 294 3479 2492 2963 7592 3520 3657 9613 3514 7026 7964 
2442 6998 9682 8120 5693 4129 6688 8368 3613 7637 3956 8942 8154 8758 2274 4863 5576 4335 2449 5320 4769 6197 1960 7146 8404 2448 4709 5187 3348 1575 2892 4596 7822 8817 5188 8447 5865 8507 5309 4923 1554 5260 3615 1138 1183 7938 8165 2664 1646 5446 2182 1696 599 3987 6238 6470 6860 4821 940 5463 5653 6582 6443 2298 8147 3081 4043 8531 2132 5284 7368 1355 853 583 4808 
1048 4139 1502 9275 7930 29 3226 107 5319 1584 9706 4531 1299 1830 2981 6805 7099 53 483 2283 5983 9118 402 873 148 2576 3979 7028 819 9619 880 3837 8205 5938 221 1470 9383 4120 9478 9461 793 4785 4035 7817 1744 8166 6897 7306 6854 1976 9077 5723 1000 9069 639 5846 5691 6694 7020 1381 8397 7525 3419 4313 9998 5259 6509 6127 8858 7534 2978 7451 1210 3786 6189 
9046 7552 5058 52 5404 2001 1973 7278 1071 5332 4506 572 1103 4419 1055 5692 4144 8703 3284 3629 9194 6368 3562 9098 22 485 2472 7201 4971 1017 3651 2113 8833 4683 3918 9202 1978 4188 3199 464 730 5420 8644 4899 4952 1214 6761 8919 7667 891 9886 9006 3195 746 2057 3015 3953 1676 5128 8332 4593 763 2145 3657 5877 7674 3408 1585 4413 1911 6916 2717 4203 5037 3310 
4419 135 1629 7553 2305 1055 2648 5019 5271 2631 6427 5932 4713 7657 7319 4099 2433 6162 1029 8020 1373 4577 5830 9068 3171 662 204 5969 8615 3692 840 5672 1065 7466 7861 5808 7610 1892 1294 2255 4051 9122 492 6983 2783 6649 79 5363 911 4947 9205 8910 2633 2734 364 36 3348 9404 9019 740 6173 2017 7351 4009 6818 9124 8103 3351 5289 1327 4950 5992 3903 604 3015 
