1129 6722 9066 842 3629 3435 3173 5672 1617 2698 3949 6335 201 3648 9048 9750 7489 3888 1406 7188 3084 1646 7819 6450 3391 2883 8738 2909 3557 1550 4397 5886 375 7962 2920 9107 2377 7740 2554 8208 9094 2163 7103 2755 6740 8708 5331 6849 5671 8494 
3324 3565 2145 5067 4747 4044 8619 638 8884 6480 8296 2759 8134 5857 3975 6434 1670 9282 8133 467 6777 5930 9970 8167 5977 8868 9381 3652 5280 1404 3093 448 5139 2475 7159 5860 3292 1447 6843 8415 7625 6527 7775 8697 4961 2713 5536 8012 6115 7156 
130 552 1213 1043 403 189 5117 7731 194 3303 3476 7495 7814 8501 3474 8421 6124 6244 8914 1664 6428 8741 3637 8386 3945 1568 2427 5512 1386 7683 7256 893 6808 5738 5632 2079 8421 5653 9163 4076 7723 8644 8827 2793 2009 1276 245 9852 293 1393 
9736 1191 6879 2538 6432 657 5105 6952 7964 8446 8253 5847 3517 3702 293 5506 1754 4570 4567 2588 9372 7451 4671 441 2425 1129 2958 5009 3018 590 6433 1132 7651 5608 8 9463 7150 5707 3190 5022 782 7625 7359 7724 8715 9233 8673 3873 9543 3916 
5416 4709 3717 7093 6633 2080 749 4508 4985 3301 4548 2547 4950 4250 3845 3501 4267 4153 4957 8281 5941 807 395 9264 3916 657 626 8159 1748 1356 287 7983 5393 1122 6180 5938 7935 2832 824 8165 3900 5796 7510 2692 2312 6625 958 4472 9945 3227 
8185 2557 7853 9936 2984 2952 2568 3982 5631 9904 2864 4616 803 1614 304 5650 3083 7142 2535 8795 998 6079 3389 1776 7679 3617 5998 8208 2928 5959 1372 977 1183 3524 9072 8965 7964 2450 4227 3694 4297 3271 4880 6665 4580 5939 7344 148 9935 6906 
54 3615 2788 3840 7832 701 3523 8453 7689 3020 8592 9238 4935 8605 382 9811 5968 3939 7600 1981 9041 4052 8467 7830 6169 8539 1261 950 7882 6131 5302 5343 5451 4748 9796 9528 4890 942 1497 4643 9733 3029 5922 4551 3934 618 1245 8509 1980 3005 
9114 8995 2435 3107 7348 5555 7484 9048 4731 6821 9770 8370 847 1422 9403 5952 701 1911 4146 2565 9686 4089 9522 5055 541 2541 2104 1715 9859 6860 6043 3644 60 8262 9352 7057 6501 6853 3849 7806 2309 1017 3399 7141 6937 971 9807 6163 7555 3404 
9243 9287 2773 4408 4110 6229 86 4303 7830 4720 5024 758 1825 7150 4806 8484 6219 1708 6683 6509 7025 7184 183 7695 5166 7444 8502 7584 4350 8577 4615 196 1636 1943 2639 132 9072 1964 1956 475 643 7392 4187 5350 359 5318 59 5888 6389 9083 
2973 3017 9617 363 7730 6023 6169 744 1702 7904 7311 7589 206 6457 9952 4720 3627 8454 3807 434 6168 9691 5009 3979 3304 4381 6314 7812 7317 3653 4931 7477 5203 8780 4282 4482 5585 1369 7701 855 7871 7966 4452 5870 7699 8090 3826 4305 300 9541 
4442 6624 5563 9883 6962 5161 1097 6690 777 6240 9176 6225 2121 6031 3762 5396 5153 5160 3356 7946 8237 4525 8326 7618 9239 1318 1137 8995 4130 101 9899 9345 2112 8905 7226 5294 1184 1627 2750 5342 9781 47 9575 7525 3932 8917 3430 6861 5257 2498 
9418 229 5102 7277 6437 4608 5298 2797 1664 400 2021 7268 1212 8421 2403 7169 7864 7623 7005 1492 3165 5008 9380 3104 8352 8274 556 1333 5643 2095 8188 1419 1535 8302 5076 317 6882 5714 4822 4143 4324 9217 3574 2172 2236 117 2252 8772 3184 3302 
4237 6578 4319 4626 6228 7534 1545 7329 876 4530 9848 2736 5298 3281 9110 2877 5680 8497 9875 1379 7072 6416 1007 5932 2616 1311 5834 2705 1946 1608 3331 4262 4454 5363 4420 8354 8449 7967 6514 5898 2178 902 4100 1437 4298 7611 3035 8458 8189 1758 
553 5702 8713 5348 7734 5238 8172 4989 7485 7879 4307 3342 3601 1160 7999 5355 7576 4025 3378 2384 7123 7645 1536 9701 387 5180 178 2290 3869 6960 5851 6520 4578 8634 281 1960 7750 75 5064 4160 3217 3800 2275 296 7641 6864 4971 2358 8114 7582 
3963 6914 8141 7365 2808 5356 8118 397 7733 7159 1636 3534 6432 1296 817 5644 1007 9784 4322 7766 3009 4596 6210 4179 2636 2991 8002 9432 7828 4730 7071 8320 2140 7436 2480 2906 7223 4800 809 6147 6320 7098 1076 1066 1532 7121 4207 2179 5694 2753 
7761 8139 8069 2697 4852 7853 8658 5930 7003 7913 6571 6477 9486 4045 608 9484 6045 3641 116 6717 6651 3590 2511 7028 3081 9964 7963 8300 4171 6337 3895 6900 730 271 7691 367 9362 5910 4120 1548 5634 2855 7273 7906 3150 7689 4454 48 4940 8243 
3026 6502 8383 3575 2201 1552 4955 4651 5580 6099 1785 5487 4558 5509 6541 9190 118 6940 6779 6473 1266 305 5770 5435 2430 918 8452 5163 1370 9257 32 502 4377 1638 9015 4073 2628 6475 4634 1792 4610 743 1533 1543 7960 8362 8714 9344 170 8273 
5200 463 7976 7246 1289 1999 7656 9152 7131 8189 5390 2730 8383 9674 3643 4062 8535 5709 243 9176 3092 5193 3495 8941 1012 6387 2662 9213 3596 9389 9464 9481 8679 3018 1674 9456 4056 2945 4542 9710 495 2267 7202 1305 9715 942 5766 7006 5779 3105 
8827 3157 3774 3348 2554 4666 8866 961 1865 7171 6839 3502 3440 7587 1056 9269 8170 3611 9575 2291 7799 4466 1224 3916 4160 9953 9023 298 6066 7468 2592 1730 6611 1471 3019 5643 8976 2776 9864 5736 6467 4503 8294 4122 256 6176 798 6466 7532 5472 
9486 6678 816 1989 9872 4697 6036 1169 4549 5434 698 5190 3102 8866 2453 4287 3069 2976 2596 8623 6200 8841 46 5772 616 2667 4501 3968 9921 9809 4962 7118 1002 5949 7740 1324 598 2581 6896 7522 9631 1375 8083 382 4165 4635 69 1698 2897 8411 
3758 1869 2758 1581 5151 7118 8115 1451 9789 7443 3916 2513 5364 3068 6176 9850 7614 272 55 4602 8557 8944 8272 351 9933 6601 4377 8713 7950 4945 2146 9585 5113 7983 3756 7577 5834 2705 9252 5595 2569 7642 2830 7821 392 6646 9689 3841 2264 2609 
2500 6153 4356 5604 936 2305 574 6765 5271 3452 5696 170 4933 6309 9510 9004 906 666 8379 7198 8400 9586 6957 3248 4218 6788 6490 8221 6829 5750 3821 3126 8153 2254 3129 4397 702 7740 8606 4173 3013 850 8726 5233 7427 6043 616 5340 2896 65 
8830 2723 1066 4456 4091 891 83 8873 4317 7314 6705 9821 5527 9088 2112 5242 7951 4230 6556 6829 5124 5083 9752 2420 4500 3284 612 7591 219 8745 7059 3615 9744 4909 7598 3913 5421 4476 7342 8281 4456 8699 3825 5062 6113 5954 7598 4868 2894 9750 
7987 5497 5118 7973 8501 212 5872 315 1091 6970 9288 5233 9563 5133 3229 8506 3433 4080 7742 2864 6827 3377 480 6939 4217 1444 6746 6377 5296 968 5385 2557 2499 8501 8767 3686 794 9099 9812 6923 9643 1295 4317 8592 4066 3776 843 2495 5635 8497 
8858 780 5536 7489 4491 4572 7395 6690 516 5804 2965 6706 2500 5563 1151 1916 7834 9842 9630 4077 2854 3118 1548 3951 2587 1358 5358 8811 3775 7058 8774 2746 4790 7447 8088 1636 5564 6510 8068 2411 8717 1978 9824 3447 2123 2516 5480 1587 9421 7095 
