5163 5214 4698 4022 9727 5286 1514 2525 1134 7827 4840 8221 1528 833 575 2906 265 3610 705 5513 2690 8449 8269 545 9416 4747 4100 9835 308 2344 3034 1367 7139 9972 6267 7219 5449 3747 9291 4385 6457 7556 5976 8656 623 3851 7453 5578 7290 6552 9405 7323 6083 4330 8996 715 3371 7514 1353 2172 
4347 9580 5775 1792 1911 1908 3917 3087 6268 8396 5427 660 652 6440 4431 5181 3689 3984 1068 2643 889 8796 2290 3433 4006 532 679 4346 1213 4394 9906 4993 3761 7642 8972 6627 2565 5380 4363 8262 3412 3496 1640 9523 9742 1206 2954 9529 3468 9606 3284 4523 4577 3153 9465 5116 8310 260 1562 5295 
7537 6210 4200 1440 2249 6786 4365 7348 1463 1136 7949 4916 8776 4280 2893 1618 5190 5444 7752 8185 3386 9274 5598 7485 4543 5802 6635 3420 8250 9172 5626 6050 1644 260 1729 6827 7255 9201 9036 7433 3707 5380 9732 7573 2828 3802 6627 2958 9565 8524 6709 8283 6522 5632 183 9761 2830 5382 2129 5835 
7749 5153 5970 5352 1900 2948 6301 6526 6051 9559 7640 8525 9199 6653 1287 2172 915 4870 773 4015 3292 6966 9306 5726 6798 4279 2990 2812 6518 1608 6352 4210 7918 3673 479 1930 8224 772 6832 1941 3851 5676 6483 8084 8267 4803 3511 5599 4968 8436 1443 2599 9228 5149 4720 2832 8045 7092 697 8645 
791 8928 1873 8773 2001 7637 3596 213 6388 6160 5548 7834 3743 9752 3205 9299 8563 9916 5701 5685 6755 9235 3092 9893 1495 2924 1512 2274 4326 1265 1219 4610 1371 606 8417 4702 8578 3346 352 1543 7669 5200 9759 4375 2530 4333 7109 8798 7919 5511 1096 475 6704 5295 9283 6589 5168 8198 689 8538 
8300 5536 1204 4235 3079 29 5423 7423 4007 3339 5022 1245 4257 6772 9657 5943 3582 9804 6159 49 387 3716 290 2371 5373 9428 3630 7797 9825 6597 8040 6273 9922 8752 3045 7407 5930 1053 4252 8022 4629 1751 1097 6425 1601 5248 2947 6735 3941 2423 7055 4174 972 8365 2998 9504 3468 5951 593 5133 
6792 2345 4240 2477 2900 7788 3269 7841 6891 2095 7677 1399 7180 9698 7854 5179 7550 9521 708 6672 6432 582 4046 2477 1115 1893 6092 148 7186 8042 9570 1911 5258 1889 938 6638 4369 9793 6645 2171 9777 1263 7088 5413 2262 9873 8769 7453 37 9460 90 3827 1477 1224 7688 411 8471 9877 3397 3672 
4960 1217 958 4122 868 9100 6337 3553 5906 2285 2102 9357 7523 4218 7091 6133 3891 2163 3064 3747 429 5422 6533 8650 629 5886 9675 2794 572 1748 1867 6214 9891 7527 704 8534 9523 6622 7324 9919 2542 1664 3034 7583 2466 4824 6379 4475 8895 7389 3459 5896 1700 1329 7444 3996 5064 3372 860 6411 
5899 238 8199 2167 5600 255 3500 996 2367 9958 8498 9508 6225 5696 4112 4525 4709 145 7113 2973 4934 1868 7602 4024 8277 1008 2038 8847 9162 8897 3290 6381 4031 8113 6138 2019 1370 9575 5849 4412 4048 3845 8136 4708 7702 6575 9886 5727 2917 709 6349 5397 2003 5884 367 4766 293 843 4566 6916 
8965 8816 9346 3770 6000 7686 8142 1349 8579 2246 5312 9333 9216 9136 1607 5182 7654 8621 6993 4178 9336 3423 3752 4562 3323 1459 5783 1617 3406 1205 1335 8954 9541 964 4857 3105 6586 6885 2307 8853 60 4177 5855 6543 3303 8931 8413 2191 6517 9507 1406 1046 1065 4001 1578 5376 2741 882 7780 2943 
6092 5756 5539 3928 9435 106 3604 9861 8370 2734 7095 1012 9919 7645 3169 7177 8054 8973 3032 9582 6161 6967 1273 1962 8749 4304 4701 102 4691 4262 1750 4271 628 3841 4941 3449 5992 4757 8355 6805 5356 5661 7629 2516 8406 7630 279 5201 4360 7388 5823 6460 402 1843 3420 6914 3991 3572 217 5697 
14 1073 2642 7707 6326 2102 3924 473 4348 5880 8030 3251 2493 7553 6134 1022 8643 4509 3325 1607 2904 140 8984 3468 8010 8096 8875 8414 2425 7172 5243 2220 4617 5194 7919 5776 3901 3097 2408 5871 371 5367 9219 8089 360 1680 5211 7476 5481 2335 7607 9765 8165 5474 5951 1791 6616 4491 744 9312 
7334 6319 340 2567 6278 5341 2622 2870 6825 1371 37 6798 3305 6255 1916 6715 7384 4137 4430 4091 5393 1713 158 5645 9258 2246 5451 3642 8729 7003 8403 9169 3569 3108 49 4762 1276 9929 5834 5974 3324 9734 7047 6512 3025 9132 9804 5763 1043 6168 5794 6526 5628 506 8833 8271 8833 7680 9833 2242 
2881 4767 5519 2037 309 7541 9766 2084 3299 5450 5885 4623 5330 3465 2695 2036 9484 5384 7010 5070 1378 4806 3810 2655 8208 1873 2794 99 4830 5399 7475 1883 2913 5282 5555 8198 3667 4838 9144 3059 9054 7307 1886 326 6564 1429 8312 5668 5491 7633 3665 9487 327 5340 4201 5709 9197 9076 1132 2657 
7966 584 9960 7697 9692 8684 7776 8717 2490 4596 522 7248 7310 3802 2888 374 23 9988 5465 7861 396 3832 1489 8707 8876 6749 8749 720 9705 4722 1391 2967 3275 187 1336 2058 9937 2222 8539 9169 8674 3100 4016 8710 3924 5872 5485 168 5710 7754 7519 8916 3199 4762 9567 9796 9121 7698 420 3687 
8844 5963 2704 6591 4564 9249 7526 4169 3985 1982 399 3070 3928 5495 3914 6491 3374 2693 7520 8869 866 2804 8877 6346 5598 9594 9651 3110 4083 3352 8822 6119 7003 6395 2761 991 9499 9702 5918 4081 1225 9734 1821 9854 3725 3159 2733 5507 9183 4183 7302 2904 1338 9337 7959 7191 9368 8910 2964 4742 
4042 9700 7394 4742 6034 7448 5380 4951 2510 5589 9990 7893 7042 7607 6875 5251 2364 660 2579 9947 7182 2324 951 5814 7346 6958 6691 6550 1651 5063 1423 629 53 4095 700 3066 4529 3485 6323 2636 1198 4264 3614 731 9710 5577 9852 1395 1291 9476 2073 2338 739 4604 7448 5505 716 4744 7469 4102 
6599 3294 339 4490 7218 864 5016 1834 4600 8303 4086 5032 516 4148 4812 3732 5461 1742 150 4711 1966 2621 6608 3491 2476 6928 360 3342 9297 3210 5199 5484 6184 3197 4872 4086 2900 4831 5174 811 3653 7330 9531 5077 1508 1793 5997 6384 4439 586 6184 8611 5533 3615 7931 1260 457 3958 1554 3382 
9471 6993 2394 6905 1617 5416 1122 3357 7849 3282 4533 670 1409 4397 3211 1769 5261 5897 1974 1590 4442 3232 1822 26 7570 1187 459 8198 1755 2070 4781 3943 6248 2128 5148 6051 3653 2632 2363 2531 5948 7444 7099 1910 6690 5251 1608 8038 8967 2383 230 2411 731 6217 8739 633 8170 2719 250 7102 
675 3537 6000 7426 8281 815 2452 8908 8823 3375 1528 2748 197 9854 1335 8381 3850 1487 8143 2936 9905 5363 5834 891 4097 1277 4218 1153 6100 2069 5215 1648 4063 5312 763 6467 376 2868 1619 7276 8029 9625 4851 6464 3689 2709 9559 6192 5635 5512 2381 8158 9135 2922 3710 1418 9047 9969 1093 9405 
207 9131 7802 7469 6387 21 6352 8018 7350 8940 1868 6114 3614 1501 5698 1883 7621 1787 4631 3628 2883 7859 7494 4783 9712 2688 1551 7414 248 7680 8460 1654 2973 4924 1440 1939 1209 8438 5026 5340 706 614 4162 6063 7977 2914 5280 5973 7794 7226 5249 3351 7711 9146 8947 6614 8944 1124 7381 795 
7682 774 8245 8864 571 1700 8775 8748 7733 708 8737 3648 1973 4989 8809 3554 4646 1793 3026 4316 5426 891 6224 1625 5552 2044 4069 2428 2710 1088 1091 9944 3605 5308 5351 2610 5214 6715 6717 5000 6318 629 5134 8796 8858 2250 5930 683 9332 8737 5138 4926 6029 230 9702 5156 3843 9074 514 6713 
3915 5157 8956 1528 5406 389 7710 5630 7532 8065 9277 97 8041 4943 6022 6002 7676 3310 6876 4177 4771 3823 9701 4754 8589 933 1750 7544 7889 9256 5239 1011 4077 2746 6821 4175 4009 4895 1181 6903 9497 4601 9534 1331 3112 1864 3274 593 5595 6269 3962 4313 810 997 5348 6732 1719 3214 778 9964 
2393 7186 9830 7615 8038 8343 8870 2071 9420 4525 6254 8110 6571 336 758 9670 9160 4441 7679 8871 3460 7783 3053 6929 321 4452 136 5854 7335 5957 2749 7840 7129 7335 792 2621 2639 1352 5344 4632 2392 3053 407 8740 2069 7011 7211 5247 5360 3524 1825 6684 9347 500 160 2685 8987 5970 624 2391 
1975 648 5146 487 4966 2862 2031 9438 2355 1355 5846 5682 6798 359 7962 9430 4931 9612 30 2767 2352 3882 2972 7184 4700 3936 8315 634 1535 7364 2581 5551 8109 8490 9190 2504 4926 2672 1244 1652 6150 4421 9882 6331 8559 5940 624 6625 8550 1285 2791 1596 117 8136 3137 5932 2152 6033 3266 1341 
5826 6298 647 1632 3862 7873 3185 366 2522 3746 2108 9246 8401 3143 1389 4641 2468 5624 8761 4270 3009 8153 8808 3234 8099 1511 2406 674 7856 8682 1051 9471 5999 8196 5413 7121 1149 5608 3435 5039 7011 3984 117 2724 8230 8189 5070 9335 5065 2930 2983 9113 9917 4064 4261 5959 6168 7285 3103 6970 
5717 5131 4264 4568 2816 7957 4070 3611 2279 372 6867 8046 3371 9651 1989 6425 3673 7770 3862 804 442 9722 4651 3141 93 3908 9935 7058 5934 3145 2114 6828 1171 4388 4221 2827 4968 2129 6819 1943 6814 2257 3993 8238 6673 5466 6071 2048 2839 628 5385 2933 2943 5431 606 5022 9017 2828 1745 6878 
7669 8747 2128 4002 6996 2 390 181 3742 7238 9336 4310 8418 2443 8859 7547 2876 7614 5455 4595 6357 2643 980 1231 7611 147 7122 41 2828 5327 3307 9516 4481 2956 9381 4869 4510 829 1712 3958 3856 9615 1233 3200 8408 3006 7421 5128 1129 3470 6057 307 4041 5807 9536 6146 5268 5764 7565 5257 
3027 8876 6267 8415 8031 8161 2264 3207 7721 6414 5103 2984 7132 6009 1717 2743 9553 3761 4844 1138 2231 8029 8896 4976 532 4343 5405 7863 7116 4570 2875 1520 9934 8696 9093 4078 2195 9912 8144 3041 6417 977 7045 8533 2395 478 8445 6595 8859 1012 9878 3054 5735 8385 738 4352 7378 8242 2444 70 
1143 9234 3734 7039 7426 4619 5212 9401 7295 43 1574 7892 4156 8043 531 2977 2925 3992 9572 8419 2465 9148 4311 3743 1320 8043 4723 4569 3250 3849 9942 8587 217 5526 6032 6334 9439 8122 1990 961 8901 9640 2668 9784 287 5118 2172 4587 9998 3200 8300 4723 3879 4262 3179 2484 1024 9224 662 2309 
