6150 5428 9552 389 2622 5570 6193 5112 8545 2489 4681 5468 5284 2517 6999 5916 2528 3050 6522 6062 1729 1578 453 4228 9111 2724 2080 3499 5926 5598 3940 8331 3445 7788 6164 2432 9310 7603 897 4830 672 1463 4621 4791 1818 5349 1352 3494 6593 8027 5090 2484 3672 1268 5929 6499 7774 5392 4093 8636 7515 14 7862 966 7627 8449 2220 1008 8948 4130 4946 9936 1623 1470 4122 5114 7236 8442 3929 7043 3739 3748 4253 4688 7601 6906 2014 3482 6186 8603 
7197 2215 1631 4668 4314 7599 1588 5827 9987 4754 9746 1219 5310 936 6228 5820 2695 3329 9112 5581 2889 6184 3949 3143 7207 2791 8116 8205 7211 9287 3974 7839 4724 4663 7386 9190 5402 3269 715 4278 4798 8931 9865 5407 1109 4494 4560 5252 6230 8839 6989 623 4804 458 19 9213 2432 934 5990 4500 9165 6766 609 5815 2684 6350 1988 1706 2202 5478 6757 5034 4996 6229 4637 4553 1184 3928 2231 3129 4877 2226 8629 8653 8792 2069 7336 5651 6833 8648 
6824 263 7545 2500 2471 2024 446 2423 7984 1448 6661 3478 7074 1526 5591 7043 9065 6138 1327 3641 6358 8685 7444 221 7788 6114 8981 9612 5565 5743 5143 5011 2068 2084 6095 6071 8278 2902 8544 3364 1737 1264 9593 4694 5557 6480 9429 9171 6197 1864 2817 9824 1302 6101 5474 8035 1139 8587 1857 7491 2868 8322 6363 2750 4749 8140 2668 2750 8980 4016 8342 4214 445 4571 1748 4458 3487 6405 6242 6458 2222 7089 6129 1797 7523 9709 5867 2059 6579 6516 
3933 3138 4960 713 8839 308 9840 7112 6561 2536 1395 2201 8245 9919 1776 9914 2724 9937 6870 4782 4432 7816 2049 3957 584 7672 253 8614 5201 7582 6219 7758 1389 2878 9701 636 4059 5268 693 8519 4717 9482 3414 362 2595 3456 1544 5977 5033 3826 3549 8933 9146 2255 5440 285 198 5414 6501 8553 1699 5090 2852 8986 6928 8844 3731 3604 97 1620 4937 4916 7800 4109 735 803 1763 3342 4831 2366 7927 499 9730 5109 2148 2915 9785 2063 6108 5697 
7654 6632 3264 2459 1653 3295 89 1415 9293 9042 9087 7714 8883 4169 2623 6071 1770 6817 5160 6729 4763 5279 1126 4858 3098 8513 2852 777 2704 8369 8250 662 4263 1570 5710 4202 9613 2281 5750 2186 7908 7256 7771 9249 5984 7051 788 5061 8555 5923 3708 7599 7726 3064 4819 1853 1646 4730 9730 417 2786 7903 282 9560 6240 7510 3084 1005 9292 4519 8003 277 4756 6798 5133 1553 1123 1759 280 2570 2133 8218 2434 1792 8519 7914 8428 3093 5137 6814 
3587 4800 5696 2032 6898 865 2249 4100 7567 8887 4896 9164 4356 4703 3450 2600 240 1386 212 786 3306 47 5962 7805 9655 7748 2500 5550 5259 1957 5247 8669 1012 8311 8694 7817 6474 1725 7048 4125 6779 2395 6286 2213 3350 6982 9933 4774 4874 3270 5454 5869 7020 4502 7747 6579 4450 147 3197 85 7645 5889 5190 5794 6409 1966 3888 5806 575 5018 1039 6777 9976 9525 3298 2268 3854 6334 8498 5536 8099 9717 8083 5847 6002 4425 6518 5913 7084 4106 
355 6004 1009 3217 7573 5996 787 7818 2406 760 8920 9650 8859 1921 5096 4691 8779 9272 8151 123 6533 8851 566 1621 7900 1166 3744 381 8460 2019 2530 5274 2540 3828 9552 1692 5467 8506 6071 6240 1591 5305 4517 9606 7711 7187 9388 7731 8627 2514 5313 9164 6933 8787 2430 327 7338 1041 4484 7936 702 8576 5526 928 9665 4494 2678 4175 5994 121 8426 2915 3514 9900 7533 8429 413 4457 8110 7116 5858 202 4583 5301 1612 3681 5715 7855 5546 8974 
7629 148 7262 3911 4203 5784 3513 4003 3700 1168 2163 5659 2156 5321 8959 6477 7004 9853 2306 763 8976 8320 9181 7606 1361 3107 9798 708 7046 9297 5052 6740 6870 5106 5333 5589 5496 8440 5900 9518 9437 3489 4816 662 3957 7369 7914 9424 8306 5242 5215 6859 9365 8604 6549 9143 303 4882 5644 862 3083 1216 9854 5222 7948 9231 8406 1530 7697 9482 8061 7889 2910 7302 6966 4657 6347 6988 6051 2020 4822 560 8678 8666 6523 9205 444 9184 51 3625 
6429 9928 2271 7692 6678 8187 847 6284 5450 4715 7145 8535 4532 2207 6179 831 2077 5019 1106 1550 4132 610 3209 3910 2375 370 5448 4833 2192 9160 6147 4890 7321 6607 7087 3858 3118 2106 9221 4588 3075 2622 5889 7822 1852 9928 3812 6475 1784 7391 5406 9775 9598 1819 5588 7268 4512 544 5825 404 8212 1355 5635 2489 4164 7587 1350 8106 9915 1056 4604 5996 8946 4936 6601 2538 5571 167 427 9007 3860 2568 9186 1619 5245 3624 8311 6976 5126 734 
5523 3467 9605 5760 5800 5894 8578 2462 3912 3880 7074 449 2209 6403 6411 6801 289 7361 6475 3282 2297 5284 680 2331 6753 9434 5602 2191 7826 2493 7474 7887 3505 7608 8210 9207 5277 6851 6191 1433 358 3372 737 4999 1281 9521 6030 4804 6587 4546 7824 6669 3596 5888 4281 9842 2066 2707 5435 5526 5464 8605 415 3768 5997 2083 7998 4288 5145 3916 5755 5370 4263 5605 6158 9407 1521 4245 6258 871 6205 5809 3687 3409 8483 8309 9390 9746 8820 5860 
8526 6044 2528 269 1548 8851 3302 4066 4571 1961 3860 2127 5597 9877 3214 8131 6521 5404 3849 1516 2597 5725 7845 4645 7307 5045 2802 534 9274 3669 1464 8310 9701 2916 5203 6688 3171 1784 2431 8154 1442 2011 9360 6858 479 2812 2656 1942 5 303 7918 8366 9148 1421 6782 655 5531 5101 8427 5216 8296 6815 5952 7433 9707 5287 1003 7247 8159 5044 3526 6388 7398 6362 5534 5000 2514 350 2783 4757 9943 8013 9385 3799 5175 1533 6517 8467 8275 5398 
8188 6523 7862 1360 1288 7067 7662 8696 9825 6055 6267 4500 5682 9603 4952 3989 5484 2422 6558 1441 7155 3450 905 192 1757 1597 4678 6756 4882 5335 4716 8940 2520 9939 9302 1949 9124 7183 1758 1749 4611 597 348 1494 5573 7501 8677 1308 6396 9682 902 3736 4201 3522 9005 9286 5627 7007 3600 4246 2719 9540 7128 6464 6177 7098 1021 9876 1569 8272 7592 6265 6702 9635 2357 5937 8958 3648 8037 1071 2564 8981 1950 5202 9661 8102 6415 5236 8075 1887 
191 2568 2054 294 1775 7843 3362 7050 3410 9389 2662 5584 5253 1075 3073 5927 110 3783 5382 976 4943 7563 6818 4504 7881 5451 1852 4838 34 2674 3994 9545 6050 2555 8340 7053 2038 4849 4771 7174 5401 7556 4962 211 5667 7561 4010 8634 4592 4421 6143 9140 6883 2850 5346 6747 964 5521 2607 1558 1133 7645 1970 5844 7527 6894 5024 4375 4195 1114 7180 1830 2030 2616 1329 5699 303 8535 1219 2433 2866 7632 1941 6146 8542 6594 6835 1650 1781 5574 
6 902 5478 6730 3803 2118 6304 7420 8626 6756 2396 4597 536 5288 2705 1254 3101 9296 241 2190 3102 1336 8693 4774 4301 4243 6236 5485 4059 5319 1778 1623 8901 4402 7865 328 5252 5 128 9870 273 3989 7959 1416 507 521 614 3980 1996 7851 1038 9726 7850 6892 6404 2273 4029 4753 5008 8483 8907 4468 6243 5149 7899 9766 5439 6965 7360 8628 4334 2564 6211 2425 1725 2481 3983 7547 6923 8694 7952 4675 3024 8062 7545 1624 4470 61 7954 7665 
8139 2007 4978 4145 6898 3831 4239 5131 1986 3168 6449 7713 5747 2032 8910 7801 9563 3404 5136 9321 503 8273 5851 5932 3707 2596 2249 1241 5699 1844 9746 2717 4132 2835 4915 8659 2785 3147 8002 9901 8984 8517 4067 7427 7790 260 7381 5309 1084 2471 2794 8085 2477 922 6219 1799 1495 2755 3423 397 7020 5870 2589 8516 1657 2875 9697 5364 6703 8543 4775 676 4024 639 412 454 2937 6731 1582 1708 9574 8592 9394 9046 1973 8196 7875 6467 4085 2777 
4775 7416 4484 3329 1916 1515 2868 9978 7494 5842 4109 9557 970 1376 2878 1818 1142 9139 7370 944 4246 2680 4881 3686 6890 8291 2321 2010 3265 7546 8498 8036 9751 9590 2138 6616 3093 6218 8448 7967 8238 3529 6598 7674 6806 8110 7798 3328 105 2389 2073 4359 4112 1239 2470 6524 5753 8581 5486 7232 3624 3850 711 6643 1791 3137 8759 975 9296 1342 7107 6865 4381 2239 7 8235 2451 9653 3364 5732 1733 3150 9285 2600 1111 2386 9488 5823 5342 3642 
5968 1238 2210 3674 2470 2157 557 25 5202 66 5486 9868 6199 472 4749 3703 9002 5149 4802 8126 7903 8598 3653 4284 9956 9462 3595 456 858 9481 3498 765 2523 8371 7663 6448 981 3803 8232 5317 2292 5589 3705 1618 1538 9769 9515 69 8821 8254 949 6598 3703 7282 8317 8682 7743 4514 7517 5223 4594 991 5988 790 6653 6166 9736 1408 9184 8086 5829 5323 328 4688 3696 5638 8591 5989 2962 7838 3213 5311 523 5006 9891 3362 2075 5005 7492 783 
5424 6319 1897 4556 8736 5981 5267 419 2751 2154 2102 3566 905 2380 2708 4200 3958 751 1409 2907 7985 1145 7396 542 7744 9546 2770 843 5929 2606 1099 1403 4616 4037 2848 2048 5389 6512 3003 8436 9322 6014 4471 1137 5019 3008 2747 7727 2324 8238 4047 584 295 5627 3016 4782 5818 1439 8365 5519 2497 5159 6621 7236 6798 42 2121 2825 4948 1424 1373 3719 7550 1246 3189 3898 6764 4006 9712 5661 6959 7494 9464 2227 7233 8363 6203 7057 5981 9301 
1621 3626 4889 9545 2193 3120 7941 8014 2394 5331 1928 858 390 8457 3443 5036 909 9810 8505 7071 6037 9883 7232 1655 4288 7744 6578 2252 5850 4908 6694 595 7049 4280 1331 1648 6847 7241 2875 4963 4707 332 171 1529 798 8198 458 8178 3224 937 4014 3753 2090 7856 8685 4453 9029 8921 6120 4302 105 3617 9678 9971 1505 8369 1370 5910 1411 6787 3209 2456 6351 8753 5649 6627 6457 9332 7607 8416 6137 8740 8323 9087 7640 8418 9116 5007 2286 2961 
3076 9761 8399 8515 286 8697 7321 9685 2887 650 4842 2010 7831 3509 8707 3681 7477 8529 7544 1680 905 5321 3972 7311 1765 1175 8304 9818 5309 4488 5079 7350 3724 5184 1227 2264 6761 7537 3307 3181 2319 5184 858 6916 8799 3272 5080 2565 3975 9040 3214 1348 8159 712 7885 9479 8242 3516 1065 8750 2688 7583 3101 3495 5005 3128 7270 111 9992 1747 7285 5198 5830 9163 24 1424 1619 3915 392 5336 2719 7892 8820 2381 9040 2882 1611 2829 7804 8178 
3790 5320 2766 8367 3155 1925 4463 6601 5351 969 2335 8261 5468 5266 8765 6382 4602 4423 9201 8045 5269 2224 4094 9319 2317 8174 5702 7503 4010 2595 8359 9877 7942 4805 245 6530 3859 6448 2865 5879 5321 9688 877 1984 7907 8574 6449 558 310 3967 3756 9471 7822 133 7696 5821 1127 3226 6422 6273 252 4201 7214 7886 6697 1304 2034 687 5888 6490 8563 1148 3791 3765 516 3759 3229 9186 2979 4900 1661 4973 58 8942 6335 7020 966 7494 4291 9130 
5339 3472 3886 3387 9695 6705 2635 4704 2743 233 4127 6960 2730 6693 7288 1429 7249 7573 7395 7596 1808 3233 9884 6315 2787 2454 2750 6982 544 461 536 4208 4220 6418 5312 7681 1824 4211 2000 2755 8316 9425 9117 481 9230 5840 1936 1800 6693 9276 5505 4454 7009 4367 480 2165 1133 6294 44 9645 8534 6867 33 8452 1790 1788 8273 184 3436 9925 678 2188 7934 4585 8025 4229 2846 1999 4283 6239 9965 5694 5155 1025 6590 4558 7432 4292 328 9987 
8896 6145 5443 5351 5585 1285 9358 5658 6115 9258 1386 2169 7817 7453 1696 3430 4320 7628 6568 2613 4669 4140 1900 9316 4005 9266 5429 7033 5906 9051 3201 2215 78 6694 3027 3262 4341 3607 2061 3412 6694 560 6421 8053 704 4401 1685 2689 2592 9048 8831 2134 7932 9836 8199 5972 9608 1831 8153 9519 4028 7486 971 4744 7802 5801 8931 3854 8607 7448 217 6681 307 2791 2435 4449 3520 9103 8638 2706 7967 395 3633 3979 3464 3257 6431 3239 8756 3399 
7485 185 4499 2493 2583 6572 3534 2020 5754 6932 9513 6722 3149 1584 8473 113 3359 7323 7087 9649 2954 5187 138 5136 7188 2023 6115 1675 8532 2121 7004 79 4476 4005 6749 324 3181 5414 4415 3802 3151 4443 5628 3174 284 4067 3008 2911 1705 6442 9832 4808 7185 2373 7028 235 6599 2455 2807 4908 7256 194 5976 4362 6160 1083 6411 1151 987 3567 1688 2183 9106 5611 2664 2227 6145 948 3252 4550 9265 6297 898 1676 6662 6504 2640 2379 1433 8248 
1112 3975 3085 5844 6444 98 2019 1419 5297 2441 2742 560 8033 2305 1909 1116 9627 8089 5759 7485 3338 9997 5388 5554 4793 4214 136 9160 6321 3922 2472 9016 8041 7040 5094 2069 198 6647 6496 1285 713 7608 114 8419 5085 4861 6966 7488 4671 1374 2979 3607 3533 8891 6742 2573 4943 516 3034 7783 2297 3343 2759 6751 308 9340 1159 2053 7765 7044 5493 2197 9439 6238 7324 7206 1091 63 6279 7420 416 1586 6391 7141 7643 6731 557 4924 5310 6551 
5194 4761 5581 260 132 5423 596 585 3956 1571 347 5989 8069 7401 832 5644 418 6937 1110 5152 6247 2480 4286 9825 4311 5680 851 461 4210 6204 6623 2279 6402 5622 875 8645 2848 8560 4175 6810 4187 9570 3991 2396 9295 7580 7034 858 5962 7690 7896 8801 2368 1648 249 470 6319 6120 4665 1412 3262 7032 9757 328 4910 4003 9363 4457 9741 760 3026 5238 6412 6936 5951 3664 2490 1120 6173 2971 9647 708 4186 3145 7720 8282 9605 4984 4005 9403 
7799 6436 9386 352 9924 371 118 6352 7477 3025 5825 3324 8051 8525 307 6915 84 5491 7860 9603 43 3057 5812 8801 9736 3282 8134 3563 2958 6080 3423 5082 7809 8866 6071 7808 3221 7434 5856 2218 8158 857 121 7185 1352 3266 6450 8562 7081 9822 1128 6868 1966 1866 1234 2343 1426 8543 7678 4396 8308 8328 4556 5089 6529 7600 9699 1650 9995 1285 6585 5299 9717 1105 3052 7834 711 52 7482 3003 465 8727 7586 7109 2687 4657 410 6790 9304 4068 
1859 1934 6562 3292 2162 3749 7605 2597 8997 6863 3952 6994 9676 6439 2076 2029 5302 9568 1919 3509 1064 4691 9656 9660 9345 613 2933 4308 8001 4422 3104 5191 354 8220 308 5744 5968 426 6840 8146 5825 4580 367 2466 2450 9952 4907 8814 4577 8209 5815 8696 293 3244 6806 5720 1859 3624 1549 456 6355 1086 2076 2013 3136 2138 2097 5464 1710 7946 3262 9491 8877 383 1423 7563 6929 7306 4074 9898 4959 5022 428 7111 6296 3973 543 9919 3635 8772 
1616 6477 867 3259 8770 6160 5322 215 2487 4158 527 3727 3911 5689 6141 5500 2698 5131 4567 8018 7081 3690 123 7899 1549 2283 2812 860 1472 5364 7679 2043 5967 6620 2465 4343 5221 641 5637 4079 274 5302 6237 4361 414 3144 5414 4923 9641 2474 2205 3724 5315 1650 455 4267 5796 4296 1036 991 2278 6234 288 6582 7059 2149 4393 1508 6083 3444 8185 7249 5579 9779 1542 6249 229 491 9146 541 41 7413 8092 332 9426 8810 5788 2480 253 1645 
5765 6097 7770 7709 4763 1674 1145 4963 6815 4510 7287 5580 5444 1789 7295 5497 7718 600 2809 7516 1277 7329 400 2211 5644 938 6154 9200 5430 7474 6049 5900 3254 7740 436 6149 3470 2441 7505 6952 8693 3045 2105 2659 3785 9928 1907 2773 7780 9931 1258 8629 5420 1575 4989 8188 7807 4775 9815 7256 2001 4869 7526 9170 8963 5984 2018 6693 118 5667 1017 142 6509 2813 6148 8923 1350 5071 3797 5335 2392 4691 136 7348 9888 7231 171 9546 1330 9124 
6165 3557 8892 6980 4456 4396 7775 1421 6857 707 2250 8862 9258 8875 880 8147 5373 9631 8829 9709 2844 5054 9778 3426 9057 2832 8301 8763 7191 5698 6268 704 5375 9450 4566 7590 3302 1567 6296 7327 3102 6495 7063 1857 6179 1227 9317 8490 8941 5086 7320 9959 5662 246 8012 9001 332 3513 5417 5561 376 1558 2381 1292 2834 4339 1365 698 2767 9825 7130 2787 7031 874 678 2583 9287 2950 587 8115 2122 8861 7129 4705 377 5472 5625 1089 8245 973 
2059 7093 3992 809 7532 7628 2366 1440 870 4715 6897 1157 1237 1869 330 7933 8338 5426 2571 8999 5271 2170 3124 8223 4767 6064 599 5831 1755 4542 4629 4532 1392 9599 3270 554 249 8438 8620 5278 2684 5606 6727 8953 6395 642 5941 6191 6606 900 1935 1469 5867 8679 5441 6434 2718 6358 5910 5113 127 2094 8409 4944 3211 1134 8325 2646 6116 9982 5143 94 836 1694 6359 959 7307 3518 3561 2794 4329 4123 897 7480 7329 3668 8733 7399 5552 7797 
9460 3741 8073 3431 3071 9617 6228 766 8456 6527 3427 9278 6990 7236 2735 7652 9664 1390 2467 1862 867 6981 5500 1005 2752 1584 5095 7935 9490 4377 8115 8423 9960 6178 4754 6 8995 6976 5004 4194 2055 8429 4561 6651 5447 1792 9038 7579 1381 6956 6473 6699 8993 6099 6601 9201 7928 7767 7113 5830 3834 5817 4501 8371 9203 3431 2274 6123 3052 5909 8424 725 4684 4371 976 4598 2114 8306 310 8154 6396 7109 1147 4396 1673 3038 2046 8411 3190 1495 
9175 7036 8126 8400 1495 3158 7718 4105 2857 5131 4927 4827 2758 5644 1910 3495 9008 5924 3743 4778 3987 9650 1867 270 6906 3357 3802 8760 8752 5144 6329 7379 1776 9284 6994 6338 891 5862 3195 2562 1501 1827 3868 3228 6089 8329 8547 7462 9474 5752 2120 3822 4368 783 4930 2244 304 1630 6038 4196 3833 9046 1373 7808 6922 2259 5674 2992 5590 509 152 1564 2981 1656 3613 7140 6995 1059 8507 5784 4724 3590 87 2119 5725 7834 6004 395 3008 7550 
6573 7932 1936 6527 9985 1534 5371 2048 9001 6223 8714 1883 817 9605 2427 5042 6087 798 3825 3033 1593 8973 1637 4856 1054 8415 7871 9820 9128 4253 5485 7897 8315 486 5642 4487 1041 5977 1082 9182 4107 6087 9341 8694 4680 8721 8342 4058 1871 9182 1590 1539 4895 8868 4012 8302 6945 8385 7844 6491 9041 9304 3891 8250 1867 7322 672 8934 4807 3731 4859 6557 4246 8743 5787 1256 2070 6913 7695 7465 3454 161 5456 73 1165 8700 6655 2562 4545 8787 
2329 8535 4471 5259 7278 7547 4606 7526 6033 6987 2049 3182 7119 1897 129 6769 2885 9747 6111 1085 2602 8284 8231 1940 9100 709 4379 3321 109 2957 773 5496 6032 8740 1761 417 1200 1478 2492 9042 6742 342 2880 3770 7960 1642 3927 3406 7209 8154 3675 3378 2500 4200 2588 5374 5564 372 64 2538 8685 1355 6779 7262 3862 2818 1226 2453 4662 4334 9988 6855 4323 7920 4396 1481 2527 4346 1524 6131 7058 4020 474 5985 1020 9360 7973 5576 1695 9870 
8571 8888 6471 779 8917 8183 1882 7227 1399 5267 7586 3711 3504 2095 89 253 1937 8489 1802 6466 5148 8866 4447 844 8531 1369 1308 739 2935 7826 6823 3407 1592 2716 378 2248 302 6475 7227 3331 3904 5319 230 2131 4560 411 3139 2802 939 72 5022 8735 9629 2596 1534 7402 2104 7920 9323 2873 6782 5870 144 3843 6149 6352 9689 2957 5960 1137 2549 7133 7310 674 1556 4761 2510 924 765 3830 6363 86 1033 4410 1319 9030 3366 3188 3214 2126 
5543 752 8511 4238 4482 4945 3865 9250 6155 9988 177 2972 8248 6408 8403 3072 5439 8250 6026 5901 4177 1812 5849 3828 9768 1954 8823 5799 2620 9104 9485 6048 5076 3613 2586 2459 2093 8377 1598 776 2834 6041 9382 7148 5519 5264 5867 8668 6858 5937 5136 9828 8367 5243 426 6844 3125 6228 5319 5760 8138 4257 6528 835 4082 3241 7259 2661 468 2545 6218 6961 767 4500 5907 1310 5341 7207 4430 8133 2914 2644 838 341 6695 7461 7669 3385 1552 476 
7373 4520 2360 6519 8793 3106 7668 5407 6305 4187 1200 8363 4541 2359 231 9130 6970 9055 5000 3257 643 663 1621 3268 4151 918 4089 4170 4026 6355 7621 2301 8077 3824 7926 9590 2508 2879 9659 6108 5972 5548 7960 3954 522 7306 5622 8538 5846 9712 4123 637 4321 4717 7241 1001 7227 2021 9853 3310 2281 3823 4812 7278 5326 5876 2308 2226 1344 6484 4714 8763 4697 3672 6021 2794 4434 1122 8786 445 6474 1272 7147 1059 4911 3210 7210 6701 7594 124 
2092 6819 6324 199 9502 3369 3462 4386 1547 3779 3689 4573 5990 1052 7645 4928 6740 2501 5292 8209 7785 6507 3292 5155 9867 6118 560 6316 1623 7422 9787 2650 2865 6196 8133 3897 5599 451 4142 5579 6180 4216 1724 694 8907 2734 9856 4015 2695 297 4172 3861 2909 3805 7063 4951 5480 6341 3339 147 8914 3385 5279 21 8867 292 1394 2143 8091 2163 8277 6105 7430 4157 3948 6510 8266 4665 4531 2230 2871 9658 6328 7252 1482 7607 9767 368 4999 5381 
9238 3917 5897 7695 6306 3692 4220 6081 9417 9745 8747 6876 3058 4753 5434 6184 6154 5782 4189 4577 6610 4171 5191 1540 2840 6538 5530 45 9355 9894 7076 380 2690 3104 77 9164 8334 9078 6513 2895 3752 9117 1310 452 3041 5439 3419 931 681 9816 8905 8386 3780 3656 1995 1368 6168 7856 8766 1341 3378 7829 3869 6265 3301 2125 549 5272 3733 2826 1828 216 1934 6700 9399 805 1339 1914 7244 4942 8453 2041 2749 1170 8372 5422 8202 77 7099 2147 
4153 3300 9466 925 6466 8643 4180 7575 2487 5041 2007 3177 7057 4456 652 9462 9030 5771 7929 186 5413 4822 3689 9035 9142 1981 809 2495 8265 8393 5445 6004 3087 6929 2954 6899 3766 3288 4065 4211 2959 9160 8245 9204 36 6406 1086 4243 3165 7585 3975 4078 5636 4240 9551 8706 293 5290 2622 1915 6901 4544 7057 837 8189 8707 5869 6799 6918 1487 162 4034 809 6193 5703 3889 2718 9267 3939 6311 6758 7165 2631 2663 1934 5826 9014 8591 9627 8096 
4388 6749 619 2357 2598 446 6070 2432 8538 6200 7382 1560 27 9935 9318 9910 4281 7926 7258 1872 6917 7797 2244 5241 5067 4896 1541 5593 3663 6561 9156 4573 1261 836 9294 221 6155 7541 5238 8179 5655 5318 3755 6461 191 5616 4624 2099 3334 4102 6392 6138 8274 2271 1213 1766 2210 3012 2754 7825 7498 6798 8053 7823 8331 4911 2685 8166 5355 7296 4709 5541 3815 2778 2632 9829 5521 810 1548 3391 2907 2213 9067 6719 5998 6175 1276 2987 1243 3974 
4090 7988 8048 9393 5537 4642 2775 2297 1333 9830 1370 6199 5286 2039 1389 9582 9249 8477 7806 7039 7498 3211 1137 9412 1633 2546 4706 4669 9607 9447 7250 8929 2390 1025 3891 851 1869 1524 2674 8980 9515 5023 4091 1730 3652 5342 2027 6272 9760 3884 8885 3587 8620 5534 8964 4071 6447 5013 8078 5906 43 1300 2104 1337 2122 1973 8932 2677 1375 3644 6858 1362 3414 8937 3762 4213 3815 9281 9772 8934 4407 4442 5625 4556 1559 2809 3389 9811 4840 3731 
8703 5569 9006 2976 8630 267 2918 1819 3240 4851 9718 2785 175 9508 531 619 7370 1584 1459 2455 9674 6611 9766 9452 511 416 1521 9009 3392 3455 4524 492 3739 9476 7629 8043 6746 3338 9352 1754 3154 9376 9573 1820 7892 3614 7510 8390 949 7614 8827 829 1955 324 3959 1456 8532 957 7892 2747 7075 2659 4081 7529 4316 8681 479 5831 1590 7494 6763 8044 8671 9467 1594 8340 514 2581 2388 6540 6120 1856 1442 5791 1200 5861 8734 9963 4135 1064 
