2475 5858 2693 7101 4822 3365 4112 9662 9243 7701 8165 7217 8521 6661 9595 5108 7620 3245 2772 7750 5281 9434 7100 5533 955 6643 4135 8119 4597 3244 8768 8926 2978 3396 7999 1246 9680 4546 5399 9682 7643 4812 7572 3999 4396 4520 4510 6480 2872 7217 8998 1952 4382 6562 994 9554 922 3276 6687 7972 55 6704 4236 3468 4038 8183 4020 9639 6533 2147 
1073 3593 6516 543 6850 3685 732 9918 4966 8857 2982 9540 9478 1295 3147 464 32 4023 9645 4898 4464 8490 2370 5913 8893 9285 8531 6280 4012 119 6007 5034 7376 9394 6129 7196 9128 8390 3171 2968 7679 4554 8419 7366 2182 515 3102 356 716 7700 7076 4365 2754 7453 7787 2026 3985 7918 7082 9614 868 8541 8992 8981 6822 2595 418 1026 9995 787 
1902 9003 4778 968 7147 7016 6594 7530 1349 9835 3936 146 474 5092 5247 2572 9859 7722 2781 5309 3320 5414 292 8044 1335 3726 6825 7200 965 6000 657 2812 1519 8306 6942 5005 7012 9752 339 5773 9412 6730 9996 764 6084 6155 6550 3186 7529 8409 6461 2557 6516 627 1416 3469 7432 7282 241 1119 8838 235 4553 5465 9875 7429 1735 2775 3010 6244 
9373 7884 2299 4278 6353 8079 6778 8949 7478 9349 3313 5698 8815 801 2434 3222 956 9780 8658 2618 7597 5611 8407 8278 3473 3970 4624 9977 5148 9424 4652 8069 2038 8486 8045 536 5050 1345 2975 2775 8449 4039 3505 6762 2295 8066 2440 6248 9374 9353 6141 3112 2069 3811 4119 3775 3238 8642 74 2563 1335 8093 7688 5717 4841 9496 4672 7127 1831 1838 
6039 9242 448 3040 9072 1149 7139 5036 9844 9940 8205 7625 3954 9500 8223 7108 3978 2132 4430 5758 7060 158 7570 9818 7165 8852 7918 941 8103 487 1062 2314 3357 6740 7883 4335 7892 3991 8066 5665 454 8761 4653 7506 6097 6362 5990 5801 7662 5817 8972 9893 9295 6864 6976 9290 7896 5696 4549 9370 7214 1210 9840 2227 801 9671 4870 9921 3764 2833 
8489 9479 4467 8344 7320 316 9401 7478 8575 5859 7844 7748 8190 8286 9802 3143 4166 1761 7514 939 6536 8529 8354 6823 2062 9102 9613 2704 8189 9068 6061 1812 8543 569 9505 5562 1609 1654 6622 2181 6165 7330 1488 9330 255 6556 7928 4656 6941 1381 8304 6139 1552 7056 9528 4107 2386 5580 4502 1849 2860 3608 6448 8647 6597 7960 7119 9093 540 8501 
4624 9593 9233 3587 5706 2045 9124 6544 6315 3805 4028 6514 4624 1813 8746 1148 2207 632 1948 1900 8031 8785 1837 5780 2511 6645 6165 1759 4756 2809 5939 7984 21 5686 555 9219 6003 306 4154 1675 3988 7805 5605 4688 2240 19 708 8089 9419 9577 8600 7488 6940 6567 1170 8721 2307 6616 6124 7652 5568 8351 2227 1985 2158 7532 5916 1622 6045 3078 
9904 5332 9992 7242 6770 8890 8748 1637 9574 7567 2864 2314 7158 5329 3526 5678 2789 822 2147 6544 5528 4222 1505 2161 4645 284 9938 54 2792 7339 6144 4397 2209 6795 5714 9376 6605 6785 7562 7048 7604 4082 2003 5707 7171 6777 3474 8626 825 1258 28 5945 2267 8701 2964 3095 6882 2561 5460 7349 1083 8955 2074 2437 2157 4901 102 6263 4604 1477 
7805 254 6976 5944 8932 2651 6698 1251 9357 8321 3251 161 7248 3682 3301 6987 1451 4478 9824 9780 3665 510 4226 9090 744 8076 1147 963 7411 4864 1098 751 4301 6469 1882 4863 8307 3653 8615 3708 7743 5916 8112 8030 4478 4048 148 6525 1652 8257 6103 3151 5257 4980 5440 8290 66 7010 7215 7247 5830 7379 4784 9541 7528 5620 4267 8424 788 5168 
814 8681 8551 2957 7467 5915 6889 4569 2338 5941 5327 7370 2976 7537 9801 1691 1527 4507 1780 846 6568 3853 2351 523 6652 961 2395 6904 8548 8996 2209 2794 8844 6826 5974 7963 9321 8804 4000 5786 3857 3608 8302 5126 6647 2781 9377 1724 5117 7961 4120 4333 7404 3548 2168 3548 6398 3636 8501 1459 4159 3136 8701 6091 5274 7395 747 1460 5082 3917 
2577 3310 9352 5607 7368 7745 2892 8456 8546 8156 9249 7330 4618 9152 7385 9810 8753 3003 5910 3406 8107 6908 1435 2247 6323 1079 5456 1620 7000 7222 1567 6406 4942 7719 7057 9468 4531 1955 1036 6091 3080 6576 1365 9031 8108 1505 3431 5631 3839 5770 666 5036 2234 701 786 2806 9617 488 2544 662 2877 6096 7510 9538 8274 1499 4297 5880 8178 9449 
8820 8861 6376 4738 659 7458 3067 7385 1742 6021 4395 5860 4365 9990 6092 8962 5542 6384 1826 7614 5960 257 3952 7507 5787 1320 5556 891 4753 3441 9611 4786 9331 7823 10 8732 1697 4584 962 6591 3973 2227 8481 8587 3802 7037 7875 1922 6781 2288 6582 5491 2910 7574 9677 21 2817 8242 1822 4364 4189 452 5933 2588 6317 912 6242 7621 8178 8471 
1246 9121 469 9089 9818 9339 3882 9057 8376 5192 5981 7054 2894 3213 814 6770 2834 7722 8752 4927 3127 9842 8385 4515 6298 5293 6210 5129 8968 6215 5150 4741 1800 9243 8024 86 4545 2195 9629 2017 2474 9634 4547 803 2892 5846 5480 8888 6103 2401 6925 7293 8448 1919 4276 2710 4180 9909 9983 4450 7868 2649 8452 7352 4075 8109 1210 476 4485 4475 
4348 924 2581 9640 7570 166 8175 5268 5144 7750 352 8338 2015 82 7557 5798 4221 4326 1238 318 3488 6403 8459 2597 9514 8977 1599 1103 9542 3302 8178 3670 1856 5385 1251 6134 8786 2262 3476 6811 6567 9088 701 1092 9003 6116 3317 1046 8141 4094 4259 8940 5455 8456 937 6323 8287 1328 6519 4711 6027 2581 7246 5048 2170 7587 9436 7658 5152 7157 
1043 6271 9256 9524 2328 3160 3503 7627 2609 1536 309 1326 3241 8254 856 7786 7113 1986 6782 8236 9026 987 3290 8523 1157 6927 7855 229 8199 7097 9290 2333 1352 4761 9051 5916 4711 4871 8201 5789 6392 192 860 3757 4608 6053 9619 4433 8687 6823 1813 4708 1869 6678 2134 7182 1180 9048 4203 8054 1050 8981 1644 9506 6493 1733 1948 3245 9841 1493 
9947 6734 7312 3066 634 3821 8485 5395 4754 6801 1419 181 6492 4835 2287 3252 5383 9779 1809 2488 3162 6763 7931 7305 5713 829 6180 7286 1778 6851 9074 9161 2124 4016 5725 8250 8013 1947 2246 5470 5837 6443 2224 5401 4945 1769 8839 8084 422 4215 9926 3066 7613 7585 4251 8524 7460 1059 5414 9024 8032 6118 7558 9297 9180 784 5983 2557 3858 4849 
2804 5690 8666 7733 8431 9633 3176 8493 7795 7112 7816 5972 2270 6261 78 2179 7234 8578 1309 4343 8261 8369 5786 5542 7583 1365 1758 8036 6938 5510 2806 3296 379 6374 1988 8775 5443 7186 6415 1896 332 6909 6450 2024 6115 9813 1307 2538 1157 9155 6811 711 5957 2367 4580 5488 7212 9806 1589 6760 813 4587 5488 4864 3488 1493 9846 8071 6212 4242 
6357 7171 9657 7318 4779 8290 5808 6294 9403 9246 324 575 2716 1102 9158 3032 847 4986 3226 1595 2338 228 6920 9892 3001 7023 1191 8093 4918 9019 4431 7061 6690 124 3189 9560 3571 4901 5907 1880 203 7920 4749 9784 1086 183 5910 453 3262 7044 2403 1452 7700 5065 5260 6122 1290 6635 3079 5858 239 9697 5934 1913 4468 5372 9994 3500 7636 8425 
6206 6967 9794 4049 9215 7995 8540 4874 6291 7745 1988 4173 9186 5965 9894 8883 2093 9582 4593 3401 5049 3145 7275 6943 7140 2023 8191 2417 5264 6389 8175 5104 681 4545 7846 2345 2488 9095 2980 102 9739 6010 4435 4149 6450 1312 5682 9444 2502 243 5085 3613 1982 9861 1822 9894 1084 835 9122 42 4207 2512 5 1750 5110 3301 6324 2384 2039 640 
2656 2030 6909 7510 4598 6912 1076 6684 910 9397 6476 5279 3269 9880 5838 2007 9521 3794 1662 6612 60 9488 2255 7044 7040 4096 8739 3856 1505 6017 4357 8586 704 2049 2994 4272 3788 4127 5900 2474 8456 754 7302 6438 121 3918 4627 3712 2564 569 7575 1927 8260 3404 6187 8568 4321 5536 3276 4572 1087 8673 5132 6844 8410 3748 9557 5915 8106 1523 
5675 3208 9394 9528 3550 175 3384 8285 8566 5763 8275 9904 7359 6234 4132 3202 1749 561 5777 5117 2067 3101 5125 5889 7519 4144 4579 4756 277 945 1185 9558 8547 337 7066 4651 1959 2777 4604 5032 3922 1923 5009 1745 3592 4351 8641 3471 549 2878 8322 9785 5649 7896 4809 1933 2678 6784 9127 1978 2370 7730 1237 9900 7845 354 2151 8858 8280 9085 
984 4803 6153 4614 408 6383 7004 265 1604 8397 2965 4676 5959 7687 467 9827 9038 4110 843 8891 2441 3252 3052 4800 9932 376 6758 580 2632 4539 5605 5852 376 3363 1524 6621 7205 6606 8696 1489 7558 6765 7271 9087 5387 169 8006 8079 6183 1918 8185 7172 8465 247 9804 4937 771 63 8945 3784 1468 9531 7335 6132 2940 5427 2447 4990 8634 5704 
9586 1545 9851 11 4309 921 6841 1382 4602 4621 2718 4141 1292 1086 4995 1591 8872 3858 3002 13 2179 1232 6492 7960 8992 3007 8595 8000 4074 4219 1904 9131 2762 1539 3248 6915 437 9067 9799 1384 3817 1389 1738 3180 6338 5189 6307 4945 4563 2142 6924 7567 94 1050 386 2714 7301 922 3235 6094 3039 7325 2246 3220 4003 9552 7871 2058 3160 3419 
9501 6377 8682 987 4891 4908 9095 4306 2680 1813 8927 1276 6663 545 3740 3407 4979 659 6761 724 6474 9614 1185 9169 8034 7679 3682 9989 8899 7293 2258 587 1222 9817 3956 5088 5806 9932 4910 1389 320 2711 9139 796 1103 8329 5948 7780 1209 4286 1173 7757 8112 7477 2202 6588 5717 7786 7296 1473 3501 2382 16 7789 738 545 3240 2162 2046 5110 
3073 8776 7747 4186 810 7754 1661 829 3676 7574 9524 4409 9542 1352 4149 3156 9063 2566 6301 7230 8625 5140 7766 4758 6394 159 5883 7911 2006 9050 1415 8736 4161 5508 5367 7881 3883 3630 6863 2426 5410 7026 4705 2252 8205 5727 9782 613 300 7504 3238 9702 3746 2419 9465 6164 2224 3669 150 678 6426 9904 3097 5161 6150 6984 6128 1240 1400 9842 
8921 290 1588 864 6311 8305 7673 9792 8835 1520 174 3313 9023 9988 3323 3958 7187 7437 9774 9803 5113 764 3048 7630 9551 4196 4361 7141 8363 5292 5281 8603 5497 4694 486 1131 8163 1113 2107 7308 1853 2151 1681 9974 7620 188 7402 5817 11 3529 2217 2958 8049 736 6414 5421 5987 415 4242 9183 8698 8193 2597 5337 7968 7898 4626 2416 9020 5276 
8946 7403 6676 4875 4482 1760 374 7136 3529 7252 614 1543 9430 4185 4743 7394 3308 8393 8432 9338 5860 8861 5347 8991 5084 5083 2132 6403 6136 2546 4588 2878 4664 2731 2544 8237 3831 1230 2271 2201 4763 3199 3546 6120 7929 8588 5373 9748 1664 909 5650 5197 6522 5965 4701 2622 3065 8437 9032 9420 6802 1860 3840 7605 8255 2117 7916 3662 8701 4721 
7872 8288 167 7868 8049 7808 4936 8785 8577 7943 1165 865 3873 8267 738 5009 2082 618 5873 8457 7822 2268 1418 471 9882 5252 9630 6362 2451 5203 3568 8200 2264 798 5101 7289 7840 6592 9946 3351 7166 3641 689 4186 8604 2203 9336 8177 6569 3855 9205 8804 6603 5217 9283 2726 6733 4268 2154 5885 621 9287 4402 7552 2870 9316 2552 1393 8869 106 
4340 867 1183 2612 5396 3733 5012 8489 6165 2686 3553 1223 3625 9513 9143 1379 5169 668 1585 257 7846 2726 286 2924 3812 1268 4870 2577 8043 3835 3033 1685 8431 689 5728 251 5381 6709 2358 624 240 5041 7307 1005 4599 2740 6420 6828 615 644 9633 2546 2312 3537 8922 231 6873 7422 633 6420 6323 8225 8718 8760 1595 9576 3476 6712 6284 2084 
2864 9507 3282 5166 5332 5241 4810 7722 6841 8664 4123 1431 8563 7074 1855 2748 8807 2897 2011 5374 7572 8280 5238 5343 1856 4018 7699 7966 8832 3997 8398 5897 8553 2632 8748 4571 703 1557 6397 5049 6788 5666 1318 7549 5612 3595 7799 2860 570 2345 4866 9098 382 3065 2055 6492 8150 7907 486 6855 784 6531 1858 5964 5954 9093 1279 8858 2579 6070 
588 8497 2390 2841 7401 2568 3530 718 3554 9136 5668 9775 2101 1806 5837 3604 7256 6384 3218 3598 196 4393 7809 1609 7891 7714 9811 8467 386 1949 7081 7208 553 2916 5936 5229 5638 3235 2976 3869 2105 8350 3527 5132 5160 5589 7684 7157 5551 5319 3946 6486 9208 764 3564 2512 8886 8427 6128 2000 9763 3158 5781 3781 6158 8873 9991 6271 1204 4798 
5257 1274 5437 9314 4577 7874 2041 428 4877 7228 4012 8287 2601 2955 8432 679 1861 8944 5525 1612 7706 8674 5186 2736 7888 1792 6548 6235 4486 4272 4357 7347 5379 9881 3876 7434 9660 1285 9785 5174 9698 3815 6868 4362 9219 4952 8746 5461 8257 3024 3481 8656 4195 2750 1916 3062 8926 4093 2058 2227 5191 5665 4017 8614 9417 787 1157 5139 1770 6931 
9923 9002 3054 7356 4391 7989 3447 305 1800 9960 7159 2858 5929 7305 2072 9717 7886 3448 6456 2450 4727 5434 4062 329 9812 4622 1276 6566 4888 833 7237 279 2869 7331 1681 9938 3248 6033 8716 3665 8467 39 6389 6136 1130 6255 4601 1413 9720 2879 8624 5503 1825 1312 2847 3898 4707 1207 8197 1904 4845 992 2211 9092 2735 7972 5869 7362 2697 6820 
8740 227 2397 8450 2503 8095 6347 2934 5304 6327 2769 8107 105 9678 4829 268 7585 3909 2248 1631 851 7124 6726 2690 3503 5675 9188 9817 275 4936 8888 6265 7248 5303 3916 475 9491 4074 9934 1283 3399 1456 4214 9999 904 121 6875 4949 2077 4035 3233 3246 7439 7546 3552 9076 7850 913 1084 9290 4397 5052 9568 8449 6960 33 4659 9224 7401 5339 
8683 4274 3537 899 7633 8353 4940 1293 2007 1134 1359 4201 3346 6959 4510 2292 6159 3953 2037 3167 5373 1047 7893 9104 714 9186 6095 2785 7424 7665 1303 7176 5373 3746 1936 1596 6015 1420 7089 9015 8526 1454 2739 4320 1760 4382 4835 2017 9894 7859 4748 2541 6045 2229 6959 3193 8620 9186 9868 5637 2196 3910 3009 5049 453 7866 1170 4229 234 7111 
