24
54
129
134
165
172
176
194
211
219
284
297
346
391
413
418
461
486
521
537
544
570
578
588
668
689
729
769
877
880
922
923
954
954
983
1078
1084
1107
1141
1167
1177
1179
1212
1249
1257
1270
1277
1279
1279
1301
1346
1381
1400
1422
1466
1488
1504
1517
1524
1536
1540
1571
1687
1718
1785
1801
1862
1875
1933
1973
1982
2061
2105
2120
2157
2169
2199
2200
2232
2257
2512
2532
2582
2589
2621
2648
2654
2691
2706
2738
2812
2853
2920
2925
2935
2940
2978
3046
3142
3147
3151
3312
3403
3408
3451
3476
3542
3543
3659
3774
3774
3890
3931
3955
3959
3966
3996
4067
4099
4111
4133
4225
4274
4282
4286
4294
4324
4365
4368
4383
4398
4453
4453
4456
4531
4535
4563
4593
4697
4748
4812
4830
4861
4893
4923
4929
4958
4997
5000
5039
5113
5116
5165
5188
5228
5273
5331
5352
5418
5440
5517
5518
5549
5556
5576
5595
5614
5649
5652
5725
5804
5846
5856
5910
5911
5914
5928
6021
6153
6167
6249
6264
6312
6315
6429
6481
6501
6503
6554
6589
6601
6619
6624
6670
6685
6705
6814
6856
6983
7004
7053
7108
7124
7196
7275
7299
7361
7424
7443
7489
7498
7517
7560
7561
7631
7700
7708
7715
7735
7807
7919
7940
7961
7982
7994
8099
8132
8142
8157
8188
8206
8330
8455
8523
8530
8534
8536
8571
8616
8769
8808
8829
8911
8932
8968
8970
8993
8994
9078
9098
9131
9160
9170
9221
9303
9323
9323
9354
9364
9365
9391
9434
9503
9504
9507
9529
9560
9604
9624
9629
9637
9646
9705
9750
9824
9839
9857
9871
9888
9966
9973
9994
10013
10047
10105
10133
10156
10193
10197
10212
10230
10242
10331
10334
10418
10424
10458
10622
10634
10641
10646
10662
10875
10902
10928
10930
10963
11001
11004
11025
11036
11081
11103
11106
11199
11239
11372
11426
11451
11502
11559
11564
11573
11696
11749
11792
11857
11879
11886
11924
11939
11949
11952
12047
12091
12172
12176
12227
12230
12266
12300
12338
12368
12410
12437
12449
12451
12486
12513
12551
12586
12649
12701
12728
12798
12804
12834
12945
12971
13020
13035
13149
13227
13279
13334
13338
13367
13381
13399
13445
13471
13491
13557
13648
13652
13675
13742
13753
13766
13779
13849
13854
13866
13870
13926
13927
13943
13971
14013
14050
14057
14117
14217
14229
14229
14231
14236
14236
14301
14323
14387
14413
14433
14433
14455
14459
14466
14473
14500
14606
14609
14613
14614
14685
14742
14774
14786
14877
14927
14935
15023
15026
15071
15146
15256
15293
15302
15393
15430
15455
15488
15492
15534
15597
15615
15618
15640
15641
15729
15789
15820
15836
15870
15886
15919
15924
15946
16004
16019
16060
16066
16071
16101
16204
16288
16372
16373
16630
16632
16632
16663
16709
16776
16801
16804
16905
16952
16954
16975
17002
17043
17101
17177
17319
17333
17351
17405
17447
17461
17481
17529
17573
17610
17643
17665
17667
17670
17677
17750
17789
17811
17827
17869
17943
17987
18003
18018
18047
18074
18078
18082
18097
18155
18242
18270
18304
18378
18390
18481
18555
18587
18638
18672
18677
18757
18763
18777
18778
18880
18886
18907
18928
18997
19011
19026
19056
19142
19153
19165
19168
19180
19236
19342
19368
19428
19461
19504
19504
19513
19685
19692
19717
19736
19738
19761
19786
19787
19856
19891
19943
20020
20027
20084
20090
20125
20130
20133
20164
20211
20396
20488
20490
20510
20590
20624
20755
20770
20860
20868
20872
20878
20890
20919
21026
21030
21058
21091
21094
21105
21159
21194
21239
21239
21258
21398
21467
21475
21482
21484
21523
21631
21658
21720
21726
21795
21867
21882
21914
21920
21936
21999
22173
22177
22193
22204
22207
22230
22245
22260
22270
22277
22278
22320
22335
22380
22441
22442
22485
22489
22525
22564
22604
22630
22638
22641
22738
22765
22784
22789
22868
22898
22899
23036
23038
23057
23119
23120
23122
23141
23161
23174
23278
23283
23297
23302
23328
23353
23367
23375
23419
23425
23478
23508
23516
23522
23618
23679
23719
23725
23743
23768
23797
23849
23934
23974
23976
23992
23999
24012
24016
24045
24108
24229
24249
24272
24279
24280
24326
24350
24512
24572
24601
24618
24625
24628
24662
24667
24706
24803
24944
24964
25039
25041
25046
25096
25115
25130
25179
25319
25377
25399
25406
25465
25485
25509
25514
25581
25595
25597
25607
25694
25696
25757
25838
25844
25847
25864
25885
25887
25936
25967
26022
26118
26137
26159
26360
26364
26384
26434
26611
26621
26634
26686
26719
26729
26749
26834
26875
26879
26950
26957
26982
26997
27027
27041
27137
27145
27171
27202
27238
27254
27257
27355
27376
27395
27442
27447
27576
27600
27619
27646
27707
27750
27819
27925
27927
27981
28028
28041
28043
28055
28095
28173
28210
28242
28329
28360
28458
28477
28494
28684
28695
28754
28762
28772
28800
28803
28804
28875
28882
28883
28952
29000
29019
29053
29059
29074
29144
29148
29181
29261
29263
29332
29448
29502
29523
29555
29570
29586
29652
29690
29726
29773
29775
29799
29830
29835
29978
29997
30001
30008
30067
30095
30103
30164
30175
30193
30241
30241
30292
30365
30410
30412
30446
30477
30493
30499
30516
30541
30593
30746
30764
30825
30839
30903
30908
30917
30918
31000
31015
31015
31033
31044
31058
31075
31081
31145
31158
31190
31231
31245
31280
31302
31303
31371
31384
31387
31495
31530
31541
31559
31603
31625
31646
31662
31710
31718
31726
31731
31763
31808
31852
31932
31935
31974
32009
32015
32039
32058
32058
32075
32145
32198
32213
32233
32276
32279
32351
32501
32518
32526
32542
32623
32663
32720
32734
32793
32806
32816
32826
32859
32897
32913
32916
32919
32953
32972
33026
33051
33085
33087
33162
33191
33215
33241
33253
33277
33329
33351
33360
33374
33383
33436
33448
33572
33670
33672
33741
33796
33832
33918
33935
33996
33998
34000
34127
34157
34173
34205
34218
34223
34290
34324
34397
34411
34488
34494
34529
34557
34593
34613
34699
34707
34722
34765
34772
34794
34847
34939
34955
35076
35088
35128
35217
35226
35238
35255
35272
35286
35291
35346
35355
35369
35458
35500
35507
35524
35557
35582
35586
35723
35747
35777
35801
35806
35823
35863
35893
35916
35934
35993
36021
36049
36079
36114
36125
36133
36154
36173
36199
36207
36306
36357
36412
36484
36551
36564
36570
36620
36621
36644
36749
36787
36789
36808
36813
36882
36884
36906
36953
36960
37007
37037
37060
37164
37252
37322
37329
37359
37362
37381
37462
37490
37496
37499
37531
37645
37660
37694
37700
37729
37746
37795
37898
37912
37928
37971
37985
38078
38102
38130
38173
38190
38304
38335
38360
38364
38369
38405
38427
38437
38443
38525
38531
38531
38562
38573
38619
38637
38680
38690
38716
38757
38799
38813
38824
38833
38836
38845
38859
38860
38917
38927
39001
39077
39084
39102
39147
39184
39222
39284
39289
39333
39350
39354
39360
39366
39368
39390
39408
39440
39491
39497
39527
39603
39614
39615
39631
39655
39772
39789
39807
39843
39849
39851
39923
39995
40059
40072
40115
40184
40219
40219
40243
40245
40321
40403
40404
40434
40486
40489
40672
40688
40749
40764
40787
40790
40800
40825
40862
40875
40908
40966
40992
41014
41063
41076
41124
41131
41183
41193
41262
41310
41334
41345
41393
41400
41440
41507
41573
41575
41704
41738
41741
41767
41777
41779
41849
41858
41870
42024
42034
42128
42151
42190
42228
42279
42281
42339
42366
42441
42481
42485
42492
42514
42524
42536
42622
42646
42664
42692
42715
42753
42771
42827
42834
42898
42915
42928
42960
43064
43119
43154
43161
43173
43212
43249
43250
43381
43392
43464
43484
43488
43643
43696
43762
43841
43913
43927
43972
43996
44046
44054
44060
44069
44084
44162
44176
44200
44239
44367
44374
44379
44475
44475
44517
44589
44590
44634
44738
44839
44851
44861
44871
44872
44905
44972
45019
45024
45040
45068
45090
45115
45150
45160
45215
45223
45230
45310
45347
45375
45412
45431
45444
45470
45523
45549
45567
45642
45686
45819
45822
45838
45865
45895
45919
45934
45979
46085
46164
46168
46173
46185
46213
46227
46241
46338
46349
46396
46406
46419
46440
46461
46469
46469
46506
46526
46608
46731
46801
46819
46836
46844
46875
46945
47005
47164
47218
47349
47356
47370
47373
47379
47382
47411
47417
47435
47509
47523
47523
47591
47615
47637
47667
47674
47808
47889
47911
47982
48118
48157
48172
48235
48244
48261
48265
48283
48309
48386
48453
48527
48528
48562
48639
48640
48685
48687
48691
48726
48777
48788
48803
48887
48930
48952
48968
49015
49021
49061
49143
49181
49214
49228
49241
49267
99915
99911
99879
99853
99816
99794
99734
99724
99717
99669
99616
99527
99520
99378
99377
99310
99129
99124
99776
99112
99032
98787
98769
98507
98493
98381
98356
98311
98296
98093
98069
98029
97974
97963
97962
97960
97876
97846
97842
97795
97689
97483
97441
97423
97356
97268
97164
97125
97070
96988
96935
96902
96812
96754
96749
96729
96699
96522
96458
96448
96322
96270
96238
96225
96182
96115
96020
95988
99813
95978
95963
95875
95810
95700
95692
95651
95425
96337
95306
95223
94996
94860
94801
94795
94779
94521
94515
94493
94471
94453
94309
94240
94199
94195
94162
94121
94023
94000
93995
93906
93871
93774
93745
93682
93627
93541
93534
93514
94978
93508
98658
93506
93358
93047
93484
92797
92784
96846
92763
92676
92458
92262
92189
92083
92053
92033
91962
91910
91877
91854
91849
91835
91683
91644
91608
91360
91355
91351
91306
91292
91237
94559
96077
95055
91231
91220
91181
91108
91103
91029
90905
90862
90700
90669
90593
90496
90495
90467
90420
90289
90265
90146
97048
90130
90055
90030
89965
89896
89824
89795
89761
89750
89724
89694
89605
89593
89499
89476
89378
89345
89332
89311
89310
89171
88962
88892
88879
88811
88745
88686
88685
88663
88654
88588
88508
90125
88467
88441
88439
88364
88340
88171
88144
93250
88135
88065
88006
87894
87832
87819
87658
87642
87599
87575
87550
87442
87257
87250
87219
94535
87208
98288
87186
87140
86922
86893
86833
86687
86584
86556
86485
99010
86475
86383
86318
95447
86313
87587
86311
86295
86281
86267
86259
86205
86062
85985
85984
85913
86134
97969
85867
85847
85842
85835
85781
85755
85747
85720
85694
85647
85643
85422
98608
85291
85165
96137
88201
85043
85022
85015
84918
84906
84885
84863
84811
84735
84709
84563
84386
84341
84236
84152
84112
83992
83915
83836
83804
83790
83765
83713
83589
83474
83444
86531
95222
83407
83255
83195
96559
83161
83123
83082
84544
83027
83019
83005
83002
82999
90594
82854
82852
82831
82827
82813
82725
82717
82679
82664
82608
96990
82446
82412
82411
82351
82341
82323
82302
91524
82288
82264
82226
82204
87880
82189
82060
92766
82025
81812
81808
81761
81749
81743
86549
81736
81695
81676
81668
81592
81584
81579
81521
81320
81258
81247
81112
81051
80894
80848
80716
83078
80562
80520
88933
82016
81233
80445
80405
93690
87260
80394
80184
80182
80177
80096
95314
80071
80030
79984
79891
79855
79846
79703
79513
79497
79352
79244
79244
79172
79145
79116
96767
88438
79079
91326
79077
78978
90475
78896
78860
78834
82409
78815
87351
78739
86164
88354
78735
78646
78629
78440
78367
78325
78311
78194
78169
78069
78058
78057
77979
88295
77890
83334
77793
77789
77760
85548
77676
77534
77443
79663
77432
77312
77285
77238
77217
77161
77129
87702
77031
76996
76984
84129
94746
76927
76828
76573
76570
76567
76324
76318
76181
76136
76035
99283
98649
75997
75996
75946
75857
84553
75841
75829
94444
95565
75785
75698
86850
75519
89813
75435
96461
75372
75352
75226
75137
75127
75114
75110
75105
75037
74996
79336
74986
74965
74800
74766
94669
74763
98080
74742
88747
99879
74567
74547
74199
74177
82385
98929
74169
74129
74094
74075
74017
73981
73964
73869
73762
73704
73700
73655
73634
83635
73477
92708
73439
94932
73428
73423
73394
73345
73301
73245
85419
83320
73233
97621
73162
73018
72985
72984
72951
85192
72938
74141
72907
72882
72872
72853
78653
75472
72835
72583
96191
87896
84458
72364
72355
90667
72313
72298
74884
72292
91878
79247
72281
82237
72269
87847
90630
72266
72175
72115
71930
71834
98644
87451
95071
77140
80700
71804
71747
91442
73447
71731
71675
78168
71653
71598
71534
94507
88420
73942
71504
71475
98519
71465
71341
96337
93713
93281
71276
71251
71232
75741
71208
71076
83513
71027
70989
87552
98498
70902
70801
70756
70744
70719
70277
70255
70213
96957
70181
70125
97771
69901
94816
69869
99819
69863
80199
69772
87418
74249
69661
69652
69628
69565
69557
69557
92603
69556
99958
69490
69462
69459
69386
83357
69378
69375
69343
69273
69223
69191
69183
69182
69128
74521
89325
69126
69103
69102
68981
72451
68818
93054
68783
68769
87885
68769
68730
91563
68723
68712
68631
68856
79283
68584
68532
68472
68465
96656
68311
68287
68246
71512
68182
68138
68053
68017
67886
67870
67817
67702
67687
97151
67679
85892
69430
67616
83146
67508
67432
95687
74291
85841
73729
67245
67170
67105
67066
67063
67033
67019
67019
66952
66939
68722
66931
66862
66844
66830
77919
66815
66796
82138
90265
89898
84685
66793
66722
66784
66714
66677
96433
66607
66481
66475
98571
66322
66316
66208
66160
91082
99086
66019
83074
66016
66013
98895
65949
65937
65822
65764
65642
65555
65447
65422
65276
84257
65275
79513
82229
72256
93892
65253
98008
87098
65205
79185
65077
64959
64916
74359
64883
64711
64639
64636
87422
64526
64496
64488
64470
64391
64391
64383
92524
64287
64233
64211
64133
64021
63869
63842
95088
63752
63706
63578
86577
85384
63530
89360
80742
63516
63461
63433
63412
78175
63281
87951
63275
63265
63195
77825
63113
63079
62963
62951
62949
75922
91653
62947
62927
62919
62912
79075
75019
62830
62708
86393
62693
84833
62612
62491
62311
84505
62235
62192
64511
62191
94592
72715
62150
62046
76500
92721
74185
83672
62035
92822
62022
61954
61941
61932
61923
61919
61862
61816
61804
61776
61732
72592
61702
61663
61624
61596
64793
61470
61455
61435
91081
61309
61278
61274
61260
61135
61131
67344
61100
82892
79687
79837
61034
60935
60794
69641
60677
60654
86582
60570
60568
60486
60485
60462
90698
60436
60285
60278
60228
60226
73416
60147
60085
60068
61720
60068
96823
60034
95728
60020
59826
59791
86686
59788
59759
70319
92644
59725
59674
59581
62403
94077
71648
59562
62964
59547
62712
70870
68982
94131
91421
59527
59708
89571
59494
80211
61210
75182
96461
91457
59420
61569
59400
69444
59346
59252
99397
59212
59177
67161
59168
59084
59073
70645
74410
59008
92227
72315
93234
65991
58978
58964
58964
74496
88866
58959
88563
58957
58949
89479
58933
58920
88212
90254
58889
74220
58849
58849
58793
58793
58790
58783
58689
69829
77343
58677
81347
83181
58674
58641
58522
58495
58672
58451
58444
58312
58228
91907
92654
70229
60933
58188
58169
58054
91676
58000
75883
74044
60509
57968
57912
99192
67448
84033
57891
82073
67527
86459
57877
98511
96134
57766
96038
78925
57764
75176
57725
57636
57561
57518
57510
98805
60624
82378
57500
57495
57410
89454
89478
90469
57293
76465
57256
57246
57234
75269
57040
60276
56952
99456
60060
56917
56900
82019
83998
56894
59969
90705
60197
56892
56892
56840
81448
56825
85315
77389
56800
56796
61023
56794
56787
56755
61428
56704
81223
59707
56684
56621
56597
98076
71266
81274
74154
93938
56583
56544
86400
56308
93547
56281
56276
56220
59728
56195
95380
56145
56092
56088
56060
77999
58437
56025
75441
55989
99309
55967
83702
55954
72837
55925
55861
76419
66429
55810
55801
55801
55766
88534
97210
55761
89674
77701
85907
82253
55749
55725
55669
55664
78496
95429
75342
55640
55625
74882
55585
84118
55577
89388
65125
60035
55551
55518
80183
55493
55459
71174
55424
55410
55409
82302
69641
67148
95529
78468
55340
55291
55253
55151
55134
75857
55096
60032
55082
83340
54964
54871
54844
86714
68219
61431
96048
81454
54836
54789
54710
54626
73909
96104
54594
79867
54524
92368
54444
54413
54359
67824
89330
54353
66333
54314
85030
60273
63806
54302
54269
85138
54230
70985
54209
65098
54159
54079
53987
53986
53980
83862
76736
53960
53925
56253
53917
53765
53581
53578
53553
55461
53443
58431
53441
88084
53334
53329
75185
53297
53296
83367
82013
79513
66210
53091
53059
52915
52842
96260
52793
52786
52735
52711
52589
52529
52475
87162
92692
95318
52457
52454
52440
52421
52325
52178
57253
94110
54135
52165
59383
52152
76100
52042
51996
77006
62820
51932
51890
86437
90693
90160
51871
87690
97263
51834
70568
51824
51744
51718
94993
79683
51701
51699
86957
86710
51604
51536
51513
76734
91207
81418
51471
72174
51469
80728
51349
51246
89988
51238
51226
51202
51149
51137
51055
92025
50920
50911
50901
50861
50815
64839
80745
91366
76526
94299
69754
70454
75065
50756
50712
96003
62258
61788
50709
50647
83770
89211
89687
87357
50566
84980
99486
50560
50541
87175
50526
93031
50501
50455
50424
50413
50409
72000
50265
50251
50235
50164
50161
50125
50074
51754
65183
81730
50063
50056
79086
80988
71325
92903
49924
79761
49811
49713
89324
95992
49710
49696
49623
49595
49455
49433
85340
98478
66094
61829
54312
88341
84597
94244
52923
49432
84057
49377
53479
49607
49302
60040
49281
82541
49272
52758
79825
