59
69
119
122
132
230
244
335
386
391
474
476
507
510
614
653
718
809
892
898
975
1001
1096
1328
1339
1446
1569
1574
1607
1652
1670
1722
1752
1771
1855
1880
1907
2037
2055
2128
2129
2132
2146
2317
2332
2347
2397
2425
2504
2557
2824
2844
2858
2891
2980
2989
2998
3038
3123
3165
3186
3316
3352
3393
3468
3496
3598
3693
3941
4061
4081
4098
4143
4202
4230
4273
4273
4367
4385
4491
4533
4542
4592
4616
4666
4669
4703
4704
4761
4805
4847
4887
4985
5032
5051
5092
5157
5231
5397
5436
5508
5553
5625
5641
5643
5701
5766
5811
5824
5869
5878
5893
5992
6017
6072
6109
6168
6177
6244
6246
6328
6342
6344
6393
6459
6518
6524
6543
6622
6629
6633
6635
6646
6765
6785
6851
6976
6994
7039
7042
7052
7095
7155
7197
7245
7246
7257
7324
7362
7367
7483
7508
7523
7538
7580
7604
7709
7710
7775
7818
7873
7874
7973
8051
8175
8362
8424
8491
8541
8565
8627
8628
8677
8738
8818
8916
8921
8929
9082
9123
9140
9147
9162
9182
9294
9409
9556
9791
9883
10103
10213
10376
10404
10492
10514
10519
10529
10573
10578
10806
10829
10955
11011
11208
11258
11331
11348
11421
11680
11831
11854
11886
11910
12052
12081
12145
12220
12360
12384
12434
12515
12568
12586
12614
12648
12760
12827
12845
12863
12945
13012
13056
13108
13112
13282
13285
13348
13348
13400
13473
13527
13601
13653
13681
13753
13782
13838
13961
14001
14007
14020
14107
14132
14318
14353
14384
14413
14531
14547
14594
14643
14713
14778
14907
14926
14997
15085
15111
15163
15252
15300
15494
15565
15643
15654
15684
15695
15827
15927
16017
16116
16181
16192
16249
16311
16311
16325
16349
16374
16595
16615
16626
16674
16729
16820
16844
16864
16895
16965
17028
17043
17079
17086
17162
17215
17355
17429
17431
17502
17566
17649
17660
17716
17724
17830
17880
17897
17911
17925
17966
17999
18074
18282
18309
18330
18383
18452
18553
18577
18600
18641
18649
18677
18692
18711
18737
18773
18826
18909
18945
18986
19067
19150
19150
19246
19301
19334
19335
19411
19478
19533
19638
19673
19684
19686
19724
19936
19948
19950
20000
20008
20182
20183
20243
20248
20332
20396
20424
20647
20659
20660
20709
20752
20764
20968
21017
21018
21053
21056
21124
21144
21151
21174
21237
21255
21275
21411
21464
21489
21508
21538
21606
21762
21911
21916
22112
22238
22292
22341
22362
22401
22440
22486
22535
22676
22803
22817
22938
22966
23040
23044
23050
23075
23148
23194
23297
23384
23460
23486
23521
23561
23682
23902
23949
24176
24199
24234
24268
24317
24334
24417
24462
24552
24595
24607
24651
24769
24772
24820
24872
25014
25049
25238
25291
25323
25346
25408
25430
25453
25578
25630
25656
25680
25751
25760
25831
25850
26017
26077
26098
26113
26172
26175
26288
26409
26488
26590
26605
26700
26767
26784
26842
26848
26959
26961
27007
27012
27114
27243
27295
27330
27413
27471
27556
27586
27631
27720
27775
27868
27925
28136
28249
28251
28273
28503
28525
28535
28569
28589
28597
28637
28669
28699
28787
28802
28819
29003
29028
29110
29346
29440
29471
29479
29486
29538
29645
29698
29790
29791
29799
29850
30002
30146
30339
30385
30403
30437
30552
30565
30624
30670
30693
30732
30763
30768
30879
30927
30963
31050
31057
31186
31294
31302
31343
31345
31348
31417
31435
31600
31620
31623
31625
31630
31680
31703
31713
31811
31886
31960
32014
32086
32120
32132
32204
32208
32211
32214
32382
32502
32701
32719
32738
32745
32759
32767
32792
32815
32825
32865
32878
32883
32889
32950
32972
32977
33006
33089
33178
33182
33269
33280
33298
33329
33357
33378
33417
33557
33565
33606
33652
33656
33736
33971
33993
34098
34117
34168
34386
34387
34420
34477
34534
34637
34692
34739
34855
34903
34934
34957
34984
35059
35074
35297
35298
35325
35342
35370
35443
35466
35509
35522
35541
35562
35622
35692
35765
35766
35793
35796
35868
36011
36032
36056
36101
36248
36274
36321
36442
36456
36474
36489
36492
36621
36625
36694
36699
36728
36867
36871
37022
37171
37193
37216
37306
37341
37369
37373
37466
37522
37619
37692
37901
37927
38112
38244
38311
38323
38333
38352
38454
38692
38732
38891
38897
38912
38931
38940
39001
39033
39117
39128
39151
39190
39296
39309
39318
39392
39458
39565
39582
39612
39688
39696
39864
39913
39956
39968
40044
40059
40161
40227
40243
40325
40377
40526
40555
40562
40587
40631
40641
40699
40749
40891
40970
41023
41170
41248
41323
41398
41602
41753
41784
41817
41819
41822
42008
42207
42219
42234
42256
42332
42350
42366
42380
42414
42419
42423
42499
42510
42630
42677
42699
42904
42962
42966
43031
43051
43058
43369
43465
43484
43491
43510
43528
43685
43702
43761
43820
43848
43945
43993
44075
44147
44191
44265
44387
44634
44640
44653
44667
44671
44740
44893
44962
44985
44999
45017
45060
45113
45320
45409
45422
45428
45444
45480
45515
45559
45636
45639
45685
45751
45965
46045
46059
46296
46298
46463
46713
46777
46788
46882
46948
46971
47033
47060
47282
47416
47497
47502
47542
47579
47601
47605
47624
47629
47639
47735
47735
47738
47752
47789
47883
47903
47915
48056
48079
48131
48184
48202
48242
48242
48387
48419
48454
48585
48735
48769
48863
49044
49121
49125
49141
49146
49190
49235
49266
49379
49452
49453
49482
49509
49677
49725
49979
50018
50026
50047
50073
50111
50143
50187
50198
50199
50199
50412
99913
99763
99568
99342
99249
99200
99115
98993
98986
98935
98885
98799
98757
98341
98335
98317
98229
97802
97714
97633
97522
97394
97375
97319
97175
96955
96780
96703
96575
96454
96442
96410
96334
96265
96241
96212
96058
96048
95956
95892
95817
95774
95716
95423
95231
95137
95039
94977
94907
94836
94778
94328
94269
94245
95644
94210
94054
93996
93909
93870
93790
93734
93629
93551
93410
93325
93078
93046
93026
92934
92913
92864
92827
98457
92801
92687
92607
92517
92310
96290
92252
92245
92092
92011
91945
91850
91773
91729
91708
91667
91583
91571
91542
91402
91343
91323
94328
90918
90871
90716
90652
90635
90626
90539
90476
90267
90264
90196
90077
89727
89483
89263
89138
88971
88822
88798
88706
90231
88549
88429
88305
88189
88111
88366
88054
88028
88011
87950
87855
89811
87807
87658
87533
87485
87373
87358
87300
90191
95547
87268
87107
97921
86945
86928
86924
86836
86733
86640
92238
86577
86536
86529
86376
86315
86281
85943
85930
85805
85791
85775
85775
85762
85711
90116
85555
85513
85234
85139
85024
84813
84667
84573
84522
84888
84518
84364
84328
84276
84185
84076
88054
84050
84018
83976
83911
83891
83891
83874
83842
83798
83868
83774
83668
83621
88519
83452
83421
90727
83287
83270
94195
83269
83189
83184
83050
82987
82925
94301
82617
82536
82478
82367
82331
82305
82194
82186
91571
82020
81964
81775
81666
81611
81587
85218
81563
85656
94000
85564
87671
97710
81537
81398
81210
81169
81136
81070
80984
86590
80779
80725
80702
80691
82560
80642
80637
80610
80475
81891
82528
80314
80165
79885
79861
79819
79682
79656
79653
79430
79393
79388
79110
78963
78957
78912
78834
78761
95938
89462
86326
78934
78661
78647
78315
78246
78204
77974
77840
77765
77670
77559
90848
77526
77443
77422
77402
77216
77019
77007
76919
76891
76890
95403
76884
76845
76741
76584
96057
76083
75948
83746
83898
75887
75761
75701
88744
75676
75559
97343
91702
75434
81009
75304
75287
75267
75234
75111
75080
75078
75020
74812
74759
74749
74496
74463
74412
74248
73969
74943
73901
73717
73598
97605
73540
73535
73471
83229
73450
73444
88356
73408
73382
73352
73205
82435
73117
91760
72810
72647
72603
72496
72389
72376
72374
80037
72278
72161
72150
72094
72059
72003
71991
74704
71969
79442
71962
75511
71778
83247
77363
71563
71528
71326
71249
71247
71195
71158
71114
70930
82052
70884
70862
70852
70803
70733
74167
79011
70706
80916
70577
90186
70553
70421
94582
70411
78871
77815
70367
70268
69775
69680
69449
80476
69351
69310
69249
69246
69189
70778
69187
69171
79765
69076
69048
69003
68980
68927
68788
68612
87743
68570
79546
94177
68476
68399
68348
97231
68263
68218
68194
86617
71517
68066
68019
88071
67987
67895
95546
67877
69081
75549
93364
67754
67742
67659
76783
67643
75768
67595
87221
67558
91695
67549
67539
67474
67422
67086
67003
75809
66780
66713
66693
66692
66677
96076
66637
84343
77079
66531
66531
72195
66510
66333
66311
94967
66273
66225
66186
72105
66114
93278
88656
73070
70159
72340
74970
66087
65962
65880
65875
88663
65632
87615
65576
79708
65575
65567
65429
65330
67228
65304
65195
65190
94068
65188
65164
65030
64999
89310
64574
64556
70246
64454
64436
64422
64413
91524
76304
64405
64392
90814
64269
64236
64168
64089
94239
84868
64087
63948
63689
77502
63589
76811
63528
63342
63284
68397
63166
65171
90941
62984
79061
62883
90983
62841
62706
85857
90508
62670
62469
62383
72291
62339
62316
95058
68935
91869
62264
86198
78197
92630
62208
62199
62177
63929
62168
62095
89188
95440
84872
61987
61971
61870
61750
61730
61676
61661
96136
86573
61630
61612
67195
61592
63315
86224
88501
61460
61412
82625
61318
84681
89042
90295
78572
61170
61156
61118
76150
61043
60813
70922
60783
60720
62588
60665
67671
60612
60525
60460
76563
94441
60388
60343
87862
60329
63651
60160
60133
59935
59881
59833
59650
83709
59643
59474
99204
91009
99352
97119
59271
60493
71124
66105
78484
59190
59077
59065
86012
58959
58946
58895
58839
58819
58620
65087
58607
58606
58373
84151
58322
58255
58188
58170
82806
73311
72821
64552
58140
58104
58097
58017
90188
62203
57960
57956
59201
57894
57786
57638
68049
57390
82115
57375
57350
57322
57099
77028
57076
57068
69864
56970
82115
70737
56961
93363
56931
56902
56756
56705
83077
56626
96227
56536
56458
56209
56171
56136
55948
55911
55910
79721
55866
55777
83127
74402
73155
59590
55648
55642
55634
99576
76664
69941
72122
66481
62050
74715
55616
55367
55357
55220
55141
95781
55037
54977
54931
95259
54868
54783
59667
54689
54485
88640
54340
54323
54199
54154
84517
95175
54049
54043
91022
54008
70985
53946
53927
53830
53713
53619
53615
53594
71510
77473
96630
53545
53496
59810
53478
90237
53476
53474
89031
90054
77715
53456
53398
53347
53344
53319
53309
90349
70059
53287
80472
53283
54205
53271
53263
53230
81782
90082
53189
53183
53116
53030
53023
81977
52966
52920
52822
52750
60097
75946
52675
91403
85216
52639
52596
52439
94739
52320
62753
93933
52210
52137
52047
51912
51825
64276
75666
51769
85607
62639
51752
72217
89493
51521
84803
51434
61351
82856
51345
51318
81265
73816
91641
51306
51292
51268
87454
74292
78805
51265
51147
60032
56594
51141
90651
54091
51110
51087
51052
51009
59736
74654
53096
51007
51001
65443
50988
50973
50935
50915
75589
57545
87750
50847
50832
89711
50761
50747
55191
62127
50705
50618
95687
51717
89492
62640
50525
50505
50483
60065
70502
98384
50472
