10
21
79
183
212
244
298
299
326
327
328
330
384
460
533
572
583
614
646
758
836
850
924
989
1011
1048
1052
1064
1072
1076
1221
1249
1271
1272
1308
1338
1426
1474
1572
1682
1772
1848
1893
1894
1956
1972
1980
1982
1995
2140
2150
2160
2198
2216
2247
2310
2333
2425
2466
2492
2497
2536
2652
2665
2723
2749
2767
2781
2782
2927
2980
3030
3110
3172
3219
3311
3348
3364
3399
3484
3493
3499
3503
3553
3587
3591
3602
3664
3735
3765
3819
3861
3882
3979
4048
4072
4090
4236
4279
4330
4341
4347
4360
4614
4654
4697
4699
4741
4750
4754
4756
4839
4868
4961
4983
4996
4998
5000
5047
5056
5101
5110
5129
5172
5226
5246
5260
5345
5397
5433
5449
5455
5474
5476
5480
5503
5513
5598
5603
5629
5640
5713
5750
6006
6104
6141
6175
6221
6235
6276
6323
6329
6458
6480
6491
6577
6609
6617
6619
6639
6684
6691
6710
6721
6797
6826
6835
6923
6940
7031
7063
7102
7119
7182
7281
7293
7304
7394
7522
7537
7545
7561
7622
7656
7690
7700
7770
7835
7874
7891
7896
7976
7986
7987
7992
8069
8079
8220
8267
8275
8292
8400
8412
8412
8423
8443
8446
8472
8535
8551
8556
8574
8700
8854
8881
8905
8973
9135
9216
9217
9306
9349
9392
9403
9454
9541
9709
9710
9723
9751
9773
9864
9922
9960
9994
10055
10086
10235
10248
10270
10272
10336
10417
10444
10465
10471
10551
10710
10724
10738
10811
10901
10918
10922
10946
10959
10976
11023
11025
11040
11048
11083
11085
11122
11123
11194
11198
11207
11279
11336
11343
11389
11499
11538
11574
11579
11600
11618
11619
11654
11708
11725
11733
11745
11770
11789
11800
11829
11912
11972
12009
12024
12064
12090
12103
12119
12245
12273
12287
12302
12309
12330
12356
12358
12390
12497
12499
12546
12573
12594
12596
12615
12629
12756
12759
12777
12807
12823
12830
12839
12882
12887
12938
12966
12974
13032
13079
13109
13115
13133
13224
13244
13327
13367
13372
13476
13476
13487
13495
13735
13829
13867
13870
13883
13926
13977
13992
14034
14186
14231
14251
14278
14412
14475
14495
14500
14516
14549
14575
14576
14592
14642
14678
14816
14857
14941
15012
15057
15111
15114
15163
15165
15194
15202
15203
15218
15293
15334
15336
15386
15515
15538
15547
15568
15576
15662
15664
15770
15774
15794
15808
15811
15830
15832
15851
15857
15888
15910
15955
15999
16023
16032
16146
16152
16167
16168
16182
16197
16206
16262
16282
16282
16312
16332
16333
16382
16463
16592
16620
16638
16660
16674
16683
16724
16752
16761
16786
16844
16869
16906
16943
16974
16986
17078
17086
17116
17193
17272
17300
17309
17325
17341
17431
17499
17503
17558
17559
17631
17658
17687
17693
17763
17811
17814
17884
17895
18026
18074
18080
18121
18130
18150
18202
18317
18350
18379
18405
18467
18488
18494
18501
18562
18585
18683
18754
18754
18817
18921
18930
18946
18963
19041
19048
19081
19148
19162
19222
19245
19253
19278
19342
19418
19430
19447
19458
19527
19560
19617
19651
19666
19706
19751
19796
19805
19833
19844
19849
19885
20020
20080
20132
20241
20255
20307
20317
20359
20463
20555
20585
20597
20608
20623
20642
20680
20691
20716
20736
20760
20814
20822
20900
20954
20976
21023
21031
21097
21182
21230
21245
21258
21411
21497
21539
21581
21648
21673
21680
21731
21740
21762
21852
21884
21921
22010
22023
22107
22178
22277
22315
22459
22460
22509
22578
22652
22673
22704
22706
22768
22807
22867
22895
22927
22968
22978
23084
23235
23268
23288
23291
23373
23379
23395
23414
23430
23523
23572
23589
23595
23620
23642
23657
23726
23735
23738
23837
23879
23919
24022
24049
24050
24055
24077
24136
24292
24381
24397
24440
24445
24446
24506
24508
24529
24597
24606
24617
24670
24716
24737
24761
24772
24819
24869
24895
24920
24926
24932
24989
25039
25057
25102
25116
25181
25211
25218
25246
25248
25303
25320
25343
25510
25535
25544
25557
25596
25631
25709
25712
25738
25741
25749
25770
25774
25783
25804
25828
25870
25878
25887
25902
25930
25935
25949
25971
25992
26040
26078
26078
26084
26142
26165
26214
26258
26364
26368
26384
26444
26449
26488
26491
26491
26578
26695
26708
26716
26718
26741
26787
26869
26909
26926
26984
27035
27066
27068
27118
27176
27178
27242
27323
27370
27372
27412
27426
27437
27487
27518
27526
27526
27539
27596
27623
27683
27768
27777
27860
27882
27953
27986
28004
28044
28058
28125
28220
28222
28358
28378
28382
28447
28457
28514
28572
28598
28669
28710
28738
28832
28923
28933
28939
28949
29011
29062
29141
29157
29229
29273
29276
29558
29645
29694
29744
29786
29852
29854
29861
29878
29885
29928
29968
29974
30089
30097
30122
30137
30287
30293
30317
30318
30320
30329
30330
30333
30342
30400
30409
30454
30506
30722
30772
30863
30896
30917
30926
30940
30960
31109
31123
31236
31249
31335
31365
31399
31447
31449
31478
31507
31509
31523
31603
31693
31805
31808
31831
31844
31844
31851
31852
31856
31861
31891
31937
31980
31985
31989
31999
32002
32028
32062
32128
32137
32167
32174
32243
32246
32319
32360
32446
32556
32562
32566
32579
32625
32633
32652
32661
32675
32744
32871
32950
32990
32996
33005
33012
33040
33084
33092
33139
33200
33242
33290
33327
33332
33345
33375
33420
33421
33558
33649
33684
33695
33754
33757
33815
33939
33942
33989
33989
34041
34101
34199
34242
34254
34258
34317
34324
34357
34411
34476
34493
34518
34601
34637
34638
34661
34679
34750
34786
34889
34892
34895
34903
34913
34924
34937
35086
35115
35153
35221
35344
35351
35434
35472
35483
35586
35670
35720
35733
35757
35828
35871
35871
35912
35926
35932
35949
36033
36089
36091
36100
36156
36205
36259
36290
36324
36358
36398
36409
36440
36456
36485
36491
36556
36566
36570
36679
36698
36703
36783
36837
36946
36955
36955
37011
37094
37215
37328
37353
37356
37364
37470
37489
37493
37508
37582
37645
37655
37702
37756
37767
37816
37863
37931
38000
38001
38113
38168
38179
38209
38280
38336
38381
38392
38437
38461
38481
38517
38533
38617
38624
38648
38652
38685
38750
38758
38791
38806
38836
38840
38855
38961
39002
39039
39095
39103
39111
39136
39190
39196
39228
39251
39257
39288
39319
39421
39430
39480
39499
39566
39630
39658
39728
39741
39760
39794
39939
39968
39976
39986
39995
40009
40049
40051
40086
40096
40149
40208
40228
40253
40262
40306
40336
40365
40372
40374
40397
40415
40424
40443
40474
40479
40631
40658
40705
40708
40735
40742
40759
40760
40815
40851
40873
40902
41042
41068
41107
41140
41148
41160
41161
41185
41260
41332
41410
41445
41477
41522
41528
41569
41571
41617
41646
41661
41701
41706
41749
41760
41762
41806
41942
41951
41982
42017
42034
42085
42099
42245
42312
42437
42487
42488
42495
42506
42517
42534
42556
42623
42718
42745
42809
42891
42971
42979
43001
43002
43077
43220
43309
43328
43351
43437
43676
43695
43729
43765
43772
43878
43941
43985
43997
44024
44037
44047
44087
44116
44121
44164
44169
44181
44226
44319
44339
44346
44392
44525
44559
44615
44630
44703
44704
44706
44724
44750
44769
44844
44869
45099
45121
45163
45188
45208
45223
45234
45237
45244
45252
45265
45301
45347
45392
45399
45405
45410
45479
45493
45506
45606
45608
45694
45827
45974
46012
46012
46032
46058
46082
46213
46216
46251
46291
46296
46298
46387
46459
46485
46662
46668
46709
46736
46788
46904
46917
47031
47054
47079
47125
47136
47172
47197
47250
47254
47268
47329
47394
47434
47449
47465
47493
47538
47623
47733
47769
47853
47998
48011
48035
48045
48062
48108
48151
48209
48288
48300
48340
48392
48500
48528
48538
48610
48619
48652
48677
48679
48782
48810
48823
48974
49008
49009
49014
49114
49118
49153
49157
49205
49239
49247
49247
49267
49349
49395
99869
99814
99792
99675
99620
99310
99242
99182
99148
99104
98989
98987
98858
98835
98746
98626
98596
98568
98519
98349
98293
98149
98123
98087
98076
98063
97981
97781
97767
97719
97596
97374
97285
97244
97137
97058
97018
96969
96829
96821
96793
96687
96658
96526
96483
96474
96454
96396
96297
97913
96213
96031
95970
95887
95794
95773
96552
95766
95754
96941
95721
95684
95465
95435
95375
95298
95274
95090
94942
94748
94633
94621
94505
94434
94363
94289
94134
94019
94003
93980
93884
93770
93620
93597
93593
93577
93531
98713
93347
93336
93312
92842
92835
92758
92756
92695
97977
92587
92380
92266
92190
92178
92111
92083
92025
92022
91978
91711
97491
91707
91673
91523
91465
91422
91406
91387
91383
91381
91344
91058
90990
90958
90911
90900
90492
90428
90366
90275
90171
90046
90009
89965
89938
89902
89892
89862
89855
89847
89831
89830
89726
89721
89621
89614
89588
89539
89535
97161
89446
91294
89320
89305
89300
89154
89050
89047
88844
88670
88553
88507
88468
88328
97118
88305
88197
89712
88176
92620
88156
88131
88109
87805
87768
87767
87579
87444
87439
87395
87377
87332
87264
87250
87213
87137
98452
86955
86916
90001
86909
86739
86680
86627
86482
86085
86062
86032
86015
86013
85960
87387
85942
85855
85763
85761
85760
85738
85717
85703
85974
85551
85527
85451
85415
85409
85336
85250
85131
84974
84855
84839
84820
84781
84756
84722
84716
84637
84617
84598
84592
84585
84521
84467
84425
84328
84327
84312
84196
84161
84065
83989
83878
83794
83728
83718
83582
83579
83433
83357
83238
83172
82722
82538
82347
82245
82229
82226
82219
82171
82150
82119
83814
82053
82014
82004
81934
81892
99774
81814
98948
81767
81701
81688
92366
81652
84698
81611
81592
81581
81524
81501
81480
81444
92165
81407
81358
81312
90303
87335
97529
81286
99006
87369
99862
81269
81269
81196
81180
81153
84951
81140
81032
81020
86801
80981
80821
80804
80750
80698
80669
80563
87118
80540
84107
80495
80438
80387
80313
80198
80139
80131
97218
79926
79880
79860
79709
83116
79626
79608
79504
79504
79307
79232
79218
79204
91953
79073
79070
79032
79023
78969
96425
78917
78862
78858
78805
78755
78607
78540
97895
78637
94043
78530
78529
78476
78460
78396
78247
78232
78106
78098
78049
91743
78049
95151
98808
78411
94818
78016
85469
77965
77860
83942
93065
77797
77782
86761
77775
77627
77553
77550
77513
88984
77495
84760
77489
77470
77467
77446
86848
77348
78490
77262
77180
77174
93006
77119
76891
80918
99500
76850
76676
76513
76497
76489
98615
76478
76424
76386
76372
82279
76371
76237
98593
80442
76226
76205
76181
79854
76099
99695
86264
76082
93379
95265
76064
75936
75925
75896
83233
75849
75790
75781
75654
75620
95920
88814
75394
75249
74981
74875
74854
86760
74740
89553
74593
74516
74468
78591
94222
74341
74253
74246
74244
74239
74138
74093
73942
73863
73776
94827
73741
73672
73631
82122
75588
91053
88432
73573
73565
73494
73477
73276
90478
73231
73063
73007
84883
72996
72969
72950
72944
72892
78347
72792
72788
74527
72770
72739
72701
72597
72559
77317
72534
72526
72404
79147
72396
72369
95537
74508
72344
72305
78997
72228
94544
72214
73679
72195
72187
72130
98784
72112
81446
72059
71865
92723
71829
76924
85610
71794
71654
71621
76707
81944
71474
81509
72535
71445
71334
71262
71175
70980
70930
70860
76240
70844
70743
70644
70643
70615
70600
70504
70480
77297
86997
70453
70266
72221
70255
70222
70181
70121
70111
70104
70101
69906
69813
69806
69718
70176
96941
69675
69649
82662
69627
69559
69460
69230
80907
69187
79220
69186
71964
97741
69141
69107
68961
92830
83993
68944
90567
68900
73515
68890
91296
68874
95851
68744
68707
68704
93999
68587
68464
68452
68435
68435
81989
68401
68393
68312
68260
68211
80554
97307
67958
67949
84503
67827
67789
67764
73376
95271
67699
79526
67499
67423
67405
95878
67238
67149
67121
67071
69110
74872
67033
66856
66837
78332
66830
66807
66760
84375
66727
94813
66703
66699
96677
66653
66605
66557
66556
71233
66314
66147
82105
92550
98964
97579
67250
66085
70689
66065
66630
66065
65948
65915
77372
97856
65906
65874
96258
65850
65650
65622
65530
65529
92618
65525
65519
65505
65436
65373
89811
65319
67828
72995
65246
65114
65083
91376
64991
64960
64917
77789
64915
64798
64796
74240
64781
64765
64707
64596
64569
74038
64541
64534
64467
64408
64367
64358
64353
76241
64339
64271
64240
80533
64212
88150
94429
64208
64167
64155
73929
90169
64113
64091
64000
63971
63952
63889
63786
63746
63710
63709
63654
63578
63565
76342
63520
74290
85309
63500
73442
63476
63452
63400
71171
63338
63290
63248
63153
63061
63024
77068
82434
62985
62960
62932
78654
66062
62931
98241
67449
91033
69475
94614
95890
62926
62913
65332
80088
62912
81933
62870
62833
62798
77575
70933
72922
80071
62722
97740
93409
99979
62704
62699
62639
69251
62517
62331
76893
62271
62231
62017
61916
61709
99049
61689
69017
61674
62070
61625
61511
61488
67965
61393
61302
73315
61300
61240
61219
61175
61068
88491
61061
61039
95048
61036
60965
60963
60834
90707
66485
60820
60762
60758
82656
60747
77723
91459
61130
84853
60618
60528
60466
68436
89810
60450
75617
60437
60352
60264
60155
84889
60100
60100
60028
60007
59922
84945
96033
59883
59823
59809
59778
59721
59544
59543
59540
59525
59368
59291
59222
59201
59166
59038
59019
59000
70825
58998
58978
80503
75333
58943
58916
58890
58869
86858
58838
58812
58802
67766
68051
58707
58615
58570
58564
58481
58456
78029
58360
58347
81956
60013
85476
58341
62955
58311
59314
62769
58310
90679
58284
77308
87426
68579
58195
58151
58139
87344
58091
57961
57870
57783
57773
77205
57767
57740
79286
57732
57705
73700
88279
57665
59470
77203
78187
93572
57588
57578
57468
57345
57341
57225
57213
57157
57064
56957
99797
56898
56803
56718
76195
56684
61533
56679
56676
89485
56655
56611
56590
56540
56492
56403
56320
92853
56319
56311
56254
56217
56173
57664
85906
56158
83572
56061
78566
56025
55941
55823
55802
55778
55771
99461
55705
55690
55626
99643
78660
55609
77745
91415
55580
55556
55528
93726
65653
57032
55505
58120
55502
55464
60901
55441
55388
55387
55354
61590
66250
97320
70961
55325
99864
55322
55303
73227
55257
55249
55147
55109
90948
65903
55030
55028
78565
54998
54940
54898
54848
54673
56755
54649
55361
54623
54602
54571
62306
54547
54457
54453
67003
88806
54396
78149
54374
54354
54319
54254
66007
75042
54209
78164
85679
62000
90529
94750
54192
54078
54063
54042
54006
77809
66266
61088
54002
53762
78872
53754
74127
53738
99143
65941
53652
53565
53546
53537
76492
53530
53518
69154
53446
57385
74952
73662
53359
63026
89566
97659
56321
53347
71508
53336
64520
53333
96120
62688
70983
53333
95710
53271
53261
54288
60446
77145
53099
85755
53077
53073
90612
53000
86359
52947
52922
52921
82414
52885
52825
99526
52819
89765
52814
62509
52802
67172
52780
73385
90259
64239
59855
52643
52636
55717
52565
52525
58747
52413
79709
83903
52234
90606
52230
70683
52204
52203
52008
68450
52007
52003
52000
51980
51879
90195
51857
51835
51793
67253
68834
51769
51748
51724
57626
76811
51721
51715
52616
58506
69607
51707
51597
51586
63671
99277
55018
94322
94797
51559
51526
91970
51508
51443
51365
59146
60787
88990
51356
51269
51242
79289
51223
51114
51007
50764
78338
50741
95429
50707
50693
50663
50624
58159
97622
50597
50572
65929
90627
95520
50560
74241
61854
50430
75333
89304
52528
50340
53701
50197
94839
50097
89130
50064
91569
50047
91722
50005
49996
73440
49987
49985
65988
76085
49967
49924
94209
50686
51514
49878
49877
88677
71704
81207
49847
67492
49818
49798
49770
51437
86695
58292
49742
93683
49721
99694
49711
49709
61482
49670
57554
49587
54879
49572
49547
49492
49422
49420
95695
49402
49396
87355
50124
93600
