155
230
359
465
714
734
840
872
933
1051
1054
1144
1153
1173
1196
1263
1272
1274
1477
1516
1657
1912
1938
1950
1980
2115
2145
2298
2319
2360
2479
2614
2665
2721
2942
2963
3004
3005
3098
3111
3175
3246
3275
3365
3376
3497
3562
3567
3799
3807
3813
3917
4181
4314
4378
4380
4386
4388
4558
4659
4804
4847
4932
5249
5264
5287
5319
5327
5382
5490
5552
5868
5901
5905
5957
6013
6287
6297
6383
6426
6610
6693
6963
7005
7064
7460
7466
7481
7525
7537
7579
7619
7634
8043
8271
8527
8752
8761
8775
8865
9027
9290
9360
9490
9577
9606
9650
9711
9797
9816
9850
9861
9921
10269
10536
10589
10590
10604
10623
10646
10659
10677
10723
10913
10963
10981
11130
11162
11304
11344
11377
11384
11554
11651
11653
11761
11822
11837
11936
11959
12050
12052
12063
12093
12261
12610
12999
13016
13066
13069
13170
13336
13418
13488
13517
13523
13539
13563
13569
13629
13776
13817
14021
14024
14086
14148
14159
14170
14212
14227
14314
14536
14652
14670
14763
15192
15217
15390
15640
15651
15728
15790
15917
16121
16233
16390
16756
16936
17120
17164
17221
17329
17439
17445
17557
17591
17603
17659
17876
17951
17973
18056
18082
18097
18247
18405
18570
18614
18672
18743
18792
18834
18913
19067
19202
19451
19470
19476
19637
19706
19743
19804
19858
20069
20091
20249
20351
20355
20371
20416
20418
20473
20630
20641
20671
20788
20852
20962
21063
21459
21595
21725
21762
21794
21896
22153
22329
22459
22598
22669
22782
22833
22944
23130
23132
23320
23338
23405
23425
23749
23929
24001
24018
24064
24415
24425
24480
24605
24612
24705
24716
24737
24919
25006
25185
25209
25320
25610
25612
25684
25889
25899
25980
25984
26022
26057
26120
26129
26495
26555
26735
26931
26948
26955
27028
27038
27121
27257
27266
27326
27369
27408
27497
27586
27741
28023
28108
28225
28338
28438
28469
28478
28525
28590
28749
29050
29053
29059
29176
29184
29346
29386
29506
29697
29744
29744
29785
29807
29813
29858
29878
29878
29951
30017
30079
30098
30117
30125
30134
30186
30219
30369
30492
30586
30610
30661
30918
31048
31068
31206
31426
31440
31442
31509
31648
31673
31690
31836
31995
32097
32207
32239
32297
32758
32769
32860
32969
33089
33115
33208
33225
33377
33750
33833
33865
33981
33989
34040
34081
34099
34339
34360
34383
34421
34454
34566
34616
34667
34690
34758
34985
35046
35225
35280
35423
35560
35576
35582
35651
35845
36064
36100
36222
36228
36469
36799
36833
37044
37241
37292
37305
37350
37352
37498
37567
37698
37745
37836
38234
38379
38411
38477
38484
38546
38596
38748
38757
39052
39287
39304
39455
39513
39710
39832
40227
40348
40352
40404
40744
40775
41048
41105
41129
41268
41285
41336
41576
41631
41751
41759
41789
41982
42030
42210
42361
42397
42591
42611
42770
42853
42861
43053
43072
43177
43221
43242
43462
43763
43824
43901
43956
43985
44442
44696
44789
44796
44817
45025
45119
45125
45276
45365
45458
45540
45544
45569
45662
45709
45765
45770
45946
46084
46098
46121
46138
46181
46405
46445
46622
46678
99997
99940
99917
99538
99258
99181
99093
98971
98494
98246
98051
97837
97778
97698
97650
97379
96607
96516
96373
96062
97065
96032
95940
95901
95770
95725
95709
95677
95415
95210
95209
94391
94339
94208
94008
93936
93894
93885
93862
93414
98363
93287
93102
93084
92049
91963
91553
91377
91022
91013
90920
90456
90456
90278
90252
89952
98992
89852
89082
88802
91000
88611
88599
88314
88192
88012
87964
87895
87778
87511
87405
87018
88775
86719
86615
86228
85934
85798
85775
86481
85248
85209
85179
85105
84747
98467
84293
95316
84268
83961
83893
83808
83360
83190
82991
82947
82728
82587
81774
81538
98336
81442
82493
81329
81299
81152
80654
80520
80315
79640
91895
79193
79025
83060
81393
78731
78579
78337
78221
92341
84489
84623
78124
78110
78086
77859
88977
77775
82635
79812
77720
77632
77424
77406
77276
77104
77062
76975
76874
91809
77778
76611
76605
76592
76122
75911
75762
75569
87280
75235
75199
75186
75134
75030
75013
74690
74668
76947
99851
74533
74378
87950
74198
74194
74063
73936
73656
73559
96598
73536
85579
73379
73267
96371
73254
97245
73119
73081
97927
72759
72739
72415
82887
72238
71948
71927
71842
71781
71775
71589
71161
71116
70930
70683
70520
80093
79714
70451
84145
69864
69480
74203
99463
69377
69128
69047
69004
83963
77679
68905
68669
76684
68591
67778
81544
67448
90843
67421
67349
67045
66776
66764
66578
66506
66486
69518
66480
66389
66196
65739
65471
65352
75831
65309
64907
64824
64702
78564
64611
64374
89739
74302
64244
64137
63900
63699
91103
63649
94911
87946
63468
63059
63044
84400
77106
62909
62629
62564
78069
62518
62658
79678
62480
62389
77615
62143
61747
81892
61650
61403
61364
61259
61173
91314
61010
60952
60674
68307
84349
87359
60547
75661
60529
79248
60284
60174
60093
60034
59804
59747
59640
85527
59622
59619
59498
59200
59141
59036
58984
58707
58648
78311
92714
58321
93600
58276
58130
57731
57621
97130
57554
76567
57243
87682
57222
57103
90350
64151
57065
91925
59771
57037
71801
56939
56871
56507
56220
56194
56094
56000
87838
55916
80286
78426
55884
55883
55882
55824
55724
94179
55679
55515
55403
55270
85132
58180
55231
55111
56694
91590
55109
55046
85137
54949
69020
84058
54781
54411
54109
53936
53807
53797
54801
53773
53771
53749
53427
73396
53392
53215
97110
86800
56802
70882
53107
59967
70221
53072
52743
55897
65725
52534
83879
52155
52043
51973
51897
51748
51706
51535
51474
81284
51465
66264
51421
51403
51354
85381
53388
61453
97490
51258
51246
51173
76341
97912
50991
70186
50823
50813
50781
50626
86900
50566
95925
59555
50531
61961
93530
50431
50323
50054
54834
92545
50031
49998
95135
74203
49923
78391
49922
51090
97800
58313
49900
49787
98847
49691
49689
96762
49606
49524
93782
81377
49322
49054
94764
48941
48748
73203
48738
48703
56569
68334
48653
48560
89808
48479
75809
58261
65170
48423
88259
48397
48369
48253
48239
48184
61146
76848
73052
48172
49209
47998
50893
57629
94641
47929
75642
47509
52040
47409
47402
47301
47166
47119
62672
70754
46978
90708
76315
49328
80981
75562
46868
46823
46811
46758
64731
97734
