675
700
1534
1608
1673
1696
2083
2462
2569
2707
2813
2872
2982
3288
3563
3643
3968
4163
4186
4964
4986
5122
5322
5659
5967
6073
6086
6111
6158
6394
6673
6779
6794
6977
7179
7322
7391
7521
7885
7995
8156
8682
9070
9232
9243
9270
9483
9510
9748
9840
10086
10181
10188
11481
11830
12273
12472
12603
13218
13536
13759
14028
14136
14527
14559
14996
15362
15509
15864
16073
16294
16809
16900
17092
17218
17220
17274
17433
17621
17655
18207
18581
18760
18833
19105
19366
19588
19690
19697
19939
20159
20366
20856
21448
21541
21651
21669
21954
22346
22890
22969
23454
23643
23747
23794
23857
24211
24361
24412
24527
24638
24714
24771
24953
25027
25029
25139
25798
25926
25971
25991
26139
26193
26254
26432
26546
26588
26635
26822
26856
26863
27031
27139
27241
27820
28060
28076
28096
28099
28103
28220
29210
29333
29372
29448
29543
29928
30069
30316
30443
30686
30769
31137
31139
32041
32403
32438
32603
32849
33084
33200
33449
33640
34171
34285
34605
34686
34852
35126
35270
35543
35547
35645
35812
36142
36151
36236
36308
36315
36711
36760
36910
37145
37448
37547
37782
37875
38466
38881
39039
39573
39664
39986
40496
40613
40659
41133
41369
41555
42431
42452
42827
43078
43301
43339
43547
43631
43665
43696
43726
44280
44322
44532
44846
44944
45142
45185
45199
45333
45459
45544
45554
45583
45811
46104
46303
46495
46628
46676
46724
46902
46914
47014
47136
47912
48236
48338
48463
48820
48843
49557
49682
49951
49997
50222
50405
51144
51291
51636
52009
99480
97261
96965
98300
96880
96807
95885
95822
96054
95695
94644
94358
94203
93777
93630
93244
92743
92314
91700
91573
91409
91067
91014
90887
90831
90330
89701
89664
89233
88931
88528
89763
88268
88130
88001
88000
87959
87924
87828
87093
86481
88365
86237
97679
85456
85437
85198
84141
84039
83574
82920
82713
82493
82451
98892
82073
81405
80865
80679
80663
80512
80423
80410
80063
79572
79250
98465
78928
93059
78252
78191
78083
97597
77935
77696
77591
77307
77136
77049
76593
75934
75833
75681
75514
75162
86006
74981
73641
73621
73374
80943
73158
87590
86755
73155
72882
72867
72512
77067
71237
71009
97201
82825
70997
70934
73464
70846
70243
70562
83326
70193
69659
69637
70350
69330
69034
68935
68549
88103
68142
97725
67412
98477
74403
67330
86895
92902
67181
66982
66859
66299
66266
89940
66112
65767
90754
65607
98437
65512
65312
93591
65111
80904
97048
64412
76782
91138
91408
64264
64099
64073
64071
86620
64068
95981
63798
63494
63451
63365
93705
70806
62776
62516
62368
82313
75398
61856
61851
61439
61380
61217
60703
60099
76825
60053
66440
59933
59436
59351
80889
59337
59021
58925
62220
79342
60908
58839
95534
87826
81027
58499
70981
79060
58415
58223
69459
94166
58112
57698
99512
57599
57353
56954
56949
56900
56235
86510
56057
55934
61035
82204
58405
97315
55672
88193
93772
55608
55563
65017
55491
55006
66779
56048
63742
88503
54968
58389
54843
72654
54796
94834
54372
59991
53858
69361
53554
53861
53235
53047
84773
53006
75974
62246
98859
52994
54221
52520
52114
74737
52099
