11
14
42
52
69
102
107
146
161
173
192
198
204
223
242
246
279
281
357
494
501
516
518
529
592
629
647
690
696
703
709
715
749
802
892
892
916
931
1028
1035
1079
1087
1105
1160
1175
1185
1188
1201
1219
1221
1273
1299
1343
1359
1372
1401
1414
1423
1424
1427
1460
1483
1499
1539
1577
1578
1604
1611
1615
1629
1676
1738
1749
1823
1886
1890
1933
1938
1953
1963
1986
2079
2089
2106
2130
2246
2314
2352
2369
2388
2426
2429
2462
2477
2486
2549
2622
2622
2641
2677
2727
2742
2890
2915
2937
2952
2955
2958
3037
3082
3091
3094
3160
3209
3231
3240
3301
3332
3370
3380
3385
3400
3405
3429
3452
3546
3551
3621
3679
3703
3798
3850
3852
3867
3880
3896
3903
3922
3937
3995
4035
4069
4089
4112
4133
4138
4154
4159
4238
4253
4259
4291
4292
4310
4345
4378
4407
4422
4526
4537
4552
4563
4580
4603
4631
4652
4700
4726
4776
4786
4787
4797
4814
4837
4840
4850
4866
4877
4894
4909
4943
4984
5001
5006
5061
5071
5081
5083
5146
5149
5153
5164
5168
5171
5176
5212
5256
5272
5335
5352
5378
5380
5383
5437
5453
5455
5473
5480
5487
5501
5562
5563
5620
5628
5637
5690
5699
5724
5730
5771
5841
5858
5894
5912
5914
5924
5936
5937
6076
6081
6096
6118
6124
6139
6143
6166
6189
6203
6226
6293
6295
6380
6446
6477
6489
6533
6557
6559
6573
6583
6583
6585
6624
6644
6660
6707
6726
6800
6811
6812
6821
6832
6873
6974
7011
7083
7131
7146
7170
7212
7281
7297
7298
7332
7333
7336
7406
7414
7416
7486
7513
7530
7538
7599
7617
7631
7724
7764
7793
7824
7832
7907
7919
7976
7978
8006
8023
8027
8055
8083
8129
8151
8221
8247
8247
8299
8312
8339
8354
8411
8435
8450
8466
8482
8495
8502
8509
8512
8513
8537
8552
8604
8605
8713
8716
8722
8812
8883
8985
8997
9000
9029
9056
9109
9148
9178
9218
9220
9220
9243
9282
9296
9311
9433
9453
9461
9471
9481
9483
9487
9488
9510
9554
9584
9603
9605
9663
9687
9704
9709
9738
9833
9842
9877
9882
9898
9915
9923
9925
9976
10010
10051
10066
10095
10121
10148
10161
10212
10235
10260
10265
10319
10325
10341
10372
10392
10483
10511
10526
10642
10668
10676
10725
10741
10749
10761
10810
10821
10852
10880
10905
10940
10955
10956
10973
10980
10989
11008
11010
11048
11091
11120
11158
11162
11278
11288
11320
11381
11390
11406
11407
11437
11443
11487
11512
11528
11548
11552
11559
11611
11630
11665
11668
11690
11747
11761
11781
11817
11838
11866
11899
11915
12014
12018
12030
12062
12066
12072
12097
12109
12147
12171
12175
12197
12217
12264
12296
12332
12356
12390
12416
12423
12428
12429
12436
12447
12448
12450
12475
12524
12525
12529
12551
12554
12583
12690
12856
12957
13027
13031
13043
13065
13155
13183
13211
13216
13220
13268
13331
13349
13372
13411
13429
13513
13516
13518
13519
13530
13533
13546
13591
13607
13616
13617
13684
13884
13893
13922
13961
13983
13990
14027
14105
14118
14124
14219
14234
14270
14314
14342
14347
14357
14382
14394
14424
14486
14496
14514
14588
14628
14647
14652
14717
14738
14758
14775
14858
14867
14877
14880
14921
15007
15087
15102
15120
15146
15166
15198
15201
15205
15231
15344
15404
15443
15451
15455
15466
15474
15486
15556
15610
15611
15614
15637
15639
15650
15665
15710
15788
15804
15847
15866
15909
15911
15928
15938
15954
15958
15963
15990
16093
16120
16126
16127
16238
16241
16272
16276
16280
16281
16285
16297
16309
16323
16341
16363
16368
16397
16402
16441
16449
16479
16522
16540
16577
16585
16661
16663
16738
16738
16784
16823
16824
16865
16970
17012
17019
17054
17123
17133
17228
17228
17288
17301
17334
17338
17344
17346
17368
17372
17398
17417
17430
17447
17488
17524
17558
17577
17578
17652
17697
17707
17737
17770
17775
17807
17864
17953
17974
17982
18002
18104
18127
18162
18180
18205
18239
18298
18302
18324
18375
18458
18491
18502
18509
18543
18798
18876
18893
18932
18983
18993
19058
19072
19139
19189
19189
19212
19227
19262
19281
19289
19294
19365
19391
19434
19438
19452
19455
19466
19467
19508
19523
19540
19573
19587
19600
19653
19654
19672
19673
19680
19698
19707
19734
19739
19757
19781
19809
19830
19958
19975
20014
20086
20102
20125
20132
20133
20135
20181
20234
20257
20265
20314
20346
20347
20368
20388
20389
20400
20480
20494
20541
20553
20697
20720
20753
20787
20818
20834
20904
20916
20925
20931
20965
20970
21014
21058
21062
21100
21106
21111
21112
21154
21183
21210
21250
21254
21315
21326
21355
21361
21366
21396
21399
21413
21424
21484
21525
21525
21532
21555
21587
21617
21737
21748
21770
21795
21895
21954
21978
21982
22034
22046
22070
22075
22078
22139
22274
22280
22285
22293
22294
22315
22400
22438
22495
22550
22565
22587
22605
22724
22745
22751
22787
22796
22831
22842
22844
22845
22861
22871
22884
23008
23019
23046
23138
23139
23154
23198
23199
23255
23287
23293
23304
23310
23363
23377
23388
23417
23451
23462
23468
23475
23556
23557
23612
23655
23673
23674
23732
23748
23751
23784
23868
23875
23888
23906
23908
23948
23965
23981
23990
24001
24060
24085
24089
24105
24113
24157
24179
24187
24291
24313
24328
24348
24379
24413
24440
24441
24454
24553
24559
24596
24596
24667
24674
24708
24731
24789
24791
24823
24890
24914
24964
25007
25017
25074
25158
25275
25277
25322
25347
25349
25352
25375
25375
25406
25429
25431
25515
25614
25632
25684
25725
25741
25742
25744
25758
25762
25774
25833
25847
25854
25865
25867
25886
25917
25944
25947
25951
25963
26004
26048
26052
26063
26079
26176
26214
26249
26316
26383
26389
26554
26623
26693
26696
26701
26728
26732
26753
26811
26885
26891
26897
26911
26933
26991
27011
27046
27055
27067
27072
27084
27134
27172
27208
27212
27320
27323
27443
27477
27528
27543
27575
27612
27624
27637
27759
27785
27794
27835
27855
27885
27939
27961
27976
28028
28047
28098
28113
28147
28213
28232
28259
28274
28300
28414
28426
28432
28523
28564
28582
28594
28606
28610
28627
28629
28630
28639
28645
28645
28647
28648
28688
28778
28797
28820
28851
28887
28912
28940
28954
28960
28982
29010
29021
29041
29061
29077
29088
29108
29172
29183
29203
29232
29270
29390
29391
29392
29392
29453
29470
29545
29601
29617
29620
29643
29655
29675
29694
29713
29715
29739
29759
29826
29859
29867
29880
29909
29941
29948
29987
30100
30159
30177
30323
30382
30401
30409
30440
30497
30515
30526
30553
30595
30631
30694
30719
30723
30734
30755
30768
30773
30783
30784
30895
30904
30924
30928
30949
30974
30987
30989
31003
31058
31113
31120
31198
31215
31230
31251
31253
31293
31349
31358
31376
31380
31382
31388
31404
31426
31437
31465
31467
31480
31532
31534
31567
31598
31606
31669
31688
31747
31807
31816
31819
31874
31981
31984
32010
32045
32084
32100
32102
32111
32113
32138
32179
32179
32186
32187
32212
32220
32232
32246
32262
32267
32303
32331
32342
32450
32460
32466
32518
32551
32558
32566
32593
32596
32624
32630
32630
32639
32718
32749
32797
32872
32875
32881
32894
32910
32917
32993
33004
33020
33031
33041
33061
33082
33118
33133
33215
33247
33247
33252
33338
33384
33407
33506
33536
33565
33570
33576
33583
33593
33612
33696
33711
33726
33746
33770
33780
33781
33845
33918
33920
33927
34027
34101
34185
34202
34257
34270
34271
34330
34430
34445
34462
34503
34680
34702
34751
34755
34756
34759
34775
34776
34785
34820
34861
34913
35015
35053
35077
35088
35124
35160
35185
35197
35206
35221
35238
35296
35318
35330
35375
35378
35386
35431
35465
35494
35530
35537
35537
35550
35552
35561
35566
35618
35619
35620
35687
35719
35754
35756
35788
35793
35799
35818
35845
35848
35861
35871
35889
35920
35947
35989
36038
36040
36049
36133
36154
36185
36216
36260
36266
36305
36345
36385
36443
36449
36457
36532
36601
36610
36643
36734
36766
36766
36768
36779
36818
36827
36837
36847
36877
36888
36889
36918
36948
36948
36975
37012
37026
37035
37057
37078
37122
37130
37153
37161
37163
37180
37187
37235
37262
37301
37349
37387
37435
37449
37479
37493
37502
37522
37532
37569
37573
37575
37614
37615
37632
37667
37776
37777
37778
37818
37849
37873
37875
37882
37889
37905
37924
37932
37972
38077
38092
38150
38188
38196
38221
38291
38300
38360
38365
38368
38412
38428
38456
38468
38504
38531
38569
38576
38598
38682
38780
38821
38868
38876
38882
38943
38974
38979
39056
39084
39102
39133
39157
39165
39191
39279
39304
39342
39359
39375
39398
39422
39460
39461
39488
39513
39528
39592
39609
39617
39661
39663
39698
39754
39774
39875
39877
39959
39969
39970
39989
39991
40002
40024
40034
40042
40049
40061
40071
40074
40157
40170
40190
40191
40193
40201
40210
40255
40272
40302
40304
40309
40362
40398
40440
40458
40475
40500
40523
40525
40530
40562
40566
40589
40628
40637
40695
40721
40758
40760
40762
40770
40770
40777
40801
40823
40831
40860
40901
41047
41067
41074
41082
41103
41112
41120
41132
41151
41180
41188
41203
41337
41355
41382
41499
41502
41530
41557
41594
41631
41674
41703
41710
41735
41765
41815
41858
41875
41902
41967
41991
42045
42048
42051
42069
42084
42085
42149
42222
42225
42262
42268
42271
42280
42281
42302
42352
42400
42418
42418
42442
42443
42449
42451
42452
42453
42466
42476
42542
42560
42606
42618
42631
42646
42650
42729
42747
42906
42915
42933
42941
42979
43039
43047
43073
43077
43085
43091
43095
43100
43120
43125
43130
43136
43167
43248
43257
43272
43303
43331
43372
43381
43386
43387
43480
43524
43525
43570
43604
43688
43696
43705
43713
43716
43720
43774
43776
43901
44001
44022
44100
44114
44170
44209
44240
44252
44255
44265
44297
44331
44428
44438
44439
44462
44469
44529
44541
44621
44632
44651
44702
44728
44737
44745
44752
44758
44923
44970
44997
45055
45059
45121
45131
45133
45135
45149
45153
45214
45245
45246
45281
45298
45298
45316
45387
45470
45472
45493
45507
45512
45519
45525
45543
45545
45618
45663
45672
45732
45733
45733
45752
45792
45796
45811
45834
45853
45875
45925
45931
45950
45987
45994
46022
46073
46088
46090
46102
46124
46153
46202
46213
46237
46350
46354
46420
46471
46474
46488
46526
46535
46560
46618
46654
46657
46684
46684
46702
46741
46767
46769
46851
46870
46872
46921
46958
46975
47000
47058
47091
47095
47105
47138
47171
47174
47253
47275
47294
47312
47316
47331
47333
47363
47375
47414
47427
47464
47473
47498
47500
47589
47621
47631
47662
47680
47759
47770
47798
47841
47866
47902
47992
47997
48089
48117
48150
48180
48184
48190
48206
48217
48221
48272
48325
48340
48342
48436
48446
48448
48500
48524
48556
48561
48594
48655
48715
48738
48764
48792
48828
48842
48889
48947
49066
49096
49108
49128
49130
49142
49159
49224
49289
49294
99966
99951
99917
99886
99835
99739
99601
99556
99400
99357
99301
99298
99200
99130
99071
99039
98995
98967
98952
98880
98867
98808
98782
98648
98606
98536
98496
98485
98414
98278
98277
98256
98230
98133
97616
97605
97603
99351
97584
97523
97473
97465
97459
97320
97253
97084
97058
96821
96730
96712
96590
96443
96425
96416
96384
96376
96317
96257
96212
96192
96146
96106
96087
96026
96005
95904
95886
95869
95825
95799
95768
95648
95584
95522
95496
95486
95458
95402
95393
95380
95378
95313
95304
95282
95273
95233
95022
94855
94783
94775
94668
94580
97565
94374
94367
94354
94255
94743
94074
94046
93936
95917
93920
93807
93763
93682
93520
99739
93511
93505
93398
95798
93342
93302
93293
93275
93199
93188
93066
92970
92942
92936
92907
99896
92887
92809
92763
92735
92728
92704
92701
92646
92634
92597
92546
92514
92488
92444
92400
92375
92325
92272
92251
92248
92232
92224
92181
92009
91981
91947
91935
91929
91682
91653
91653
91641
91622
91545
91488
91396
91333
91247
91160
93553
91145
91045
95299
90869
90852
90806
90728
90684
90662
90561
90524
90484
90396
90395
90327
90302
90262
94625
90235
90208
90158
90080
90079
90070
90035
90003
89999
89970
89910
89848
89646
89608
89517
89209
89086
89073
89039
88827
88826
88818
98901
88817
88709
88684
99070
88530
88527
88496
88375
91192
88281
88258
88224
88200
88016
87992
87858
87815
87747
87646
87628
91453
87472
87445
87440
87353
87348
87278
87260
87252
94042
87203
87075
91462
87048
97604
87043
95444
87000
86990
86976
86839
86704
89223
86673
89165
90598
86601
91750
86596
86508
86393
86360
86272
86198
86153
86138
86135
86024
86014
85985
85711
85535
85528
85470
89906
88482
85299
85182
85172
85172
85141
85133
85107
85100
85079
85055
85039
97730
84886
84866
84846
84839
92224
84814
84734
84695
91003
95533
84678
84639
84635
84628
84628
90912
84566
84446
84319
84192
84131
83982
83923
83916
83864
83863
83856
83842
83782
83712
83637
83566
83547
83484
83394
83383
83274
83252
85572
83227
83213
83206
83174
83125
87053
83095
82782
82726
82692
82639
83109
82635
82574
82390
82326
82234
82214
82067
81939
81892
81857
86335
81803
81802
81800
81758
81739
81725
81676
92524
81657
81651
99471
81644
81628
81602
81580
88482
81424
81365
99023
81352
89108
81352
81310
81290
81285
81219
83526
88930
81165
81151
81149
81028
81025
80994
80986
80940
80903
80890
80799
80729
80661
80628
80601
82346
80511
80446
80344
80292
80278
80259
95539
80201
80169
80169
86063
80168
80128
91469
84981
80025
79770
79761
79552
99038
79541
79470
79441
79430
79427
79404
79343
79329
79318
79302
79267
79235
90936
79223
79216
89743
79205
79185
79151
79119
78978
78869
78863
78717
85266
78705
78687
78685
78675
92675
78652
78630
78625
78601
78391
78301
78298
84189
78288
78267
78252
78236
78171
78133
78121
78088
78084
83045
96089
78043
83618
78030
77982
77918
77865
77801
77749
77735
77679
77614
77587
88832
97984
77552
77552
77504
77332
77298
77282
92241
86419
77232
77203
77165
77153
84012
90809
77002
99597
86073
76917
76908
80737
78269
76877
76829
76814
76767
76716
76685
76667
94781
76662
76582
76576
76515
76459
97200
76415
96516
76368
76364
76140
98152
76140
76133
96980
77050
76099
76051
87538
76029
75966
75876
75852
75738
75655
75655
82400
75164
76641
75151
81482
75136
75122
75113
75574
75070
91062
75065
75065
75011
74979
74970
74922
74919
77831
74853
74811
86216
74805
74742
75203
74706
74696
74668
74662
74575
74536
74489
74489
74475
74406
74397
74332
74293
74266
79312
74210
74202
74156
74126
77142
74119
74115
74104
93694
74092
74041
74020
74019
75530
74013
74013
74082
73983
73933
73908
73888
87191
73844
97518
90211
84999
88022
73833
73832
73830
73828
73816
73792
86016
73772
76650
75725
96857
73656
73623
73585
73569
73534
73459
73392
73384
73377
73371
77683
73267
73223
73150
73139
93368
86274
73136
96045
73130
90987
74005
73102
73100
77004
73088
80041
74320
73025
73023
75758
73015
79102
79912
72981
79269
72980
72948
85485
90481
72901
72864
86967
82738
72843
72801
81703
95900
72797
95585
86501
72778
88145
72711
85642
72678
72663
74109
86991
72634
72623
72615
72611
72481
72416
72394
72330
72318
72229
99352
90237
72220
72189
72158
72069
97077
83018
72032
89128
71976
71964
79040
71964
71953
71826
71814
71721
71715
71621
71573
95657
71458
71319
71228
71153
71064
71023
71020
70950
79205
70934
70768
70760
70706
70643
70611
70554
73028
81603
70543
70543
75542
70537
70494
70461
70430
70396
70353
70334
70247
71767
70239
82297
70143
70083
70064
70047
69982
93084
69923
69908
69880
69863
84093
98086
69829
69787
69775
69738
69638
86633
69622
69611
69556
69426
89161
69390
69282
69164
75167
69163
69162
69135
69075
69019
79897
69011
74465
68955
68946
98833
68932
68861
68859
68848
68722
68701
68691
68690
68521
72674
81514
68499
83312
92429
68428
68375
88975
68296
79630
68104
68096
68085
67989
67952
67938
67913
99637
67760
67755
67751
67722
67677
67666
67636
94876
67789
67581
67540
67536
67497
70559
67482
67476
86264
67464
67411
67405
67392
94886
67320
67159
67144
67143
67133
67132
67057
67027
67022
67014
66949
66835
73099
85051
66808
77896
66803
66792
66772
66756
66739
76714
66683
80858
66637
66587
66545
78011
66516
66501
66427
66286
82953
66269
66249
66208
78555
74720
66183
66140
66137
66064
87792
92594
66006
66003
65972
99847
65962
97258
79829
66958
65895
65890
65876
65835
75466
73237
65827
65826
65683
80700
65679
65666
99470
68182
65666
89456
65656
65735
98419
65645
65630
65505
78499
65492
65485
65478
65475
85045
65471
65446
65376
76542
92053
81101
65349
80438
65344
65328
65284
65267
65223
73088
65182
71239
65140
65108
76532
65106
65091
65060
65031
65018
95087
65017
64990
64982
64925
64771
64753
64734
64686
64683
64683
64656
64652
64638
77698
64596
64562
86387
64539
64464
73178
64424
64376
69004
79664
81139
83231
64320
67879
64276
64275
64250
74387
64237
64199
87772
73298
64189
64185
64146
64087
64069
64066
64058
94345
64026
64007
63957
63936
63902
82667
76231
99078
98030
63854
98023
75662
89687
97060
96881
63843
69546
70826
63799
63778
81449
90114
63774
63755
63723
63713
77751
63695
66693
63637
90359
78641
86816
87813
63606
63575
92657
83837
69857
98720
91402
63573
63570
63449
74639
72145
80362
63388
63244
63215
63146
81364
63121
63121
73102
63101
77911
93546
63083
76049
63063
70395
63062
62984
62970
62898
62861
62808
62742
62656
93068
62580
85660
62579
62574
72357
98394
73169
64164
62561
67660
62552
62517
62512
62455
68430
97187
62429
83046
62401
62377
62369
62326
87393
62296
74402
63856
62232
62231
62149
88060
82102
62094
64838
62024
81142
62001
65485
65031
61937
61933
61929
61875
61802
61746
61668
77789
83124
61624
61558
61542
61354
61335
97712
61289
61264
61197
61152
82223
99701
96101
61133
61127
61117
89511
61079
61074
86834
61035
85382
61020
61001
60993
83197
60927
65853
79241
91342
60756
60709
99540
60644
66147
60622
88121
60592
85145
60581
60576
60573
60572
74678
96463
60536
74797
60494
60477
90568
60453
60420
84612
60407
89874
60335
99740
60321
60242
75488
60143
95457
63150
93852
81366
60048
65571
84938
59972
94687
59945
71804
90217
59924
59922
68952
78885
69017
76128
72117
59912
59860
81727
59859
63053
59779
59742
59717
80600
98244
59681
94943
84712
59674
92712
87441
84847
59645
72357
59641
59610
75276
77786
59577
87900
59571
68037
59537
59529
70304
59520
93221
59519
59508
98948
59487
95789
59485
59485
59449
59441
59418
69680
78716
75009
59408
59363
59357
59334
59327
73940
78732
76787
86873
59309
82812
59302
59211
59189
97261
70180
59180
59176
59116
83321
58873
85079
58855
76172
84189
58853
94622
58803
58786
58736
58723
58719
81247
58657
58642
58631
68556
90124
58611
87361
58604
58570
64438
58561
58534
96887
58488
72127
58472
58402
58357
85141
84771
58265
94147
58250
58236
58218
58207
87684
58391
58204
58123
58059
99119
58038
57989
57979
69279
57937
57919
57846
57844
91139
57838
80243
72134
91142
57825
57807
57793
66270
57792
58147
57784
57648
57635
57612
78995
71812
57593
85036
57582
94551
89066
57580
74905
57571
57567
57524
57502
92792
72203
57443
57409
57403
78322
65280
57400
57291
57272
57218
57195
57142
57136
57129
57060
91334
56994
92296
56966
56912
69768
56882
56837
56829
67627
56823
56755
56711
56679
87859
66003
79254
56667
80091
86150
56623
62314
56597
84087
92872
56580
56571
56543
56543
65014
56525
56521
56442
56412
56404
56362
56350
56276
75597
56261
77105
56239
56186
56145
56125
56122
56107
56075
56054
55999
55974
55956
55878
55824
55791
74886
98932
79914
55745
85949
55661
55644
83115
55582
55566
55476
55433
57418
55426
55424
65554
66786
92548
55389
98115
55362
55357
55349
55279
55272
55269
71685
55212
69303
89018
76567
66455
89361
57168
55205
55196
69683
70272
88866
55124
72108
55073
96697
81560
81632
54961
54950
54928
54914
54911
64219
54907
54896
75607
54883
54866
54816
54788
91497
92275
77145
54670
57683
71512
54664
54663
71204
54593
54565
98993
57115
54525
54513
54503
54452
54418
73768
54414
94227
75241
56813
83649
54323
56507
94827
54261
54250
71926
98423
54237
54181
54169
54121
79107
54104
54098
91299
54093
57680
54085
54073
63200
65376
54060
91071
54047
53999
53973
53952
53951
89597
91904
53856
53747
99340
63490
53737
53697
57461
53691
53689
53663
96732
53623
53539
53515
57851
69027
53485
53423
92449
53394
62478
79154
97996
70762
53342
53331
53318
53302
74996
53286
53267
55628
63891
53267
83139
76376
58683
53255
53234
72054
53186
53092
53083
63868
53060
75841
83790
88792
85925
53023
52979
52973
52945
83863
52936
60770
94439
52932
58215
52891
61722
68588
52879
72353
52781
52720
52713
80953
52692
52688
52633
89728
52631
52564
52555
52503
83940
52498
70527
52397
52380
61583
52318
54784
52290
52268
52234
88115
52181
98670
52145
77516
52144
52133
52131
56840
52078
79792
52053
51956
51912
81300
55551
79131
73450
75359
53876
51855
90929
72834
51847
51821
99271
51792
91049
66711
63502
51779
51757
56434
51734
51702
51699
51698
51688
52363
95425
76372
51687
51664
95323
63085
51602
51542
60457
51534
51529
51437
88761
51415
51391
76836
67428
94748
63164
98143
51369
91605
51358
51347
51339
51332
51331
70857
51159
54235
51102
79897
51096
82720
90399
51039
50990
50931
90726
85771
50923
78992
50830
50811
98335
50774
50755
50724
86393
50690
50660
50643
50584
50561
59412
50561
99030
50539
50536
50516
50496
92604
50481
50478
77057
50425
59036
50389
50356
98852
50331
50329
98560
62879
50327
95120
50289
50279
50209
65992
82805
66179
66193
54292
50203
71471
50173
50123
50121
86312
82515
50003
86420
85416
97815
66111
63444
49959
93353
70037
83436
49951
68151
54552
49949
94203
49876
49837
82434
49775
49754
49753
52547
65073
49708
49708
49682
49620
49609
68666
73013
72751
49529
49522
49459
88764
82508
49401
49394
84966
67625
49365
56890
