23
52
60
83
125
132
168
174
200
202
216
216
317
334
361
365
379
379
382
397
421
440
450
473
504
509
525
540
584
659
684
709
712
719
746
801
803
815
834
884
896
909
949
1013
1043
1052
1128
1151
1161
1177
1187
1213
1248
1260
1294
1295
1305
1306
1339
1377
1442
1450
1466
1468
1498
1504
1536
1554
1564
1583
1591
1638
1669
1703
1794
1797
1848
1937
1938
1977
2014
2041
2084
2095
2096
2157
2171
2193
2208
2243
2290
2306
2384
2395
2434
2529
2651
2676
2678
2681
2702
2775
2787
2808
2840
2889
2904
2942
2943
2973
3031
3073
3088
3095
3099
3115
3162
3168
3176
3190
3258
3262
3265
3296
3327
3348
3380
3396
3442
3445
3479
3530
3538
3541
3554
3555
3563
3568
3580
3599
3620
3621
3640
3642
3645
3654
3706
3723
3728
3749
3784
3835
3901
3942
3967
4016
4033
4059
4074
4080
4119
4144
4164
4176
4268
4300
4319
4326
4335
4380
4404
4420
4426
4427
4445
4466
4471
4474
4546
4549
4550
4556
4570
4570
4588
4591
4601
4608
4610
4627
4651
4691
4759
4778
4798
4801
4814
4828
4836
4879
4912
4924
4991
4996
4999
5001
5010
5074
5074
5095
5142
5144
5172
5177
5206
5212
5216
5244
5261
5277
5428
5430
5468
5473
5491
5517
5524
5581
5581
5598
5603
5616
5707
5741
5782
5787
5811
5824
5908
5909
5951
6008
6113
6115
6185
6237
6251
6254
6258
6264
6290
6290
6295
6296
6355
6356
6409
6433
6435
6500
6545
6568
6613
6666
6669
6785
6787
6872
6900
6912
6928
6951
7019
7022
7025
7104
7225
7232
7322
7341
7350
7356
7372
7372
7416
7431
7432
7440
7461
7463
7468
7471
7483
7491
7571
7642
7655
7718
7780
7788
7828
7840
7847
7883
7904
7955
7995
8022
8026
8044
8051
8073
8107
8109
8110
8129
8133
8150
8153
8182
8243
8276
8278
8345
8349
8352
8394
8421
8441
8453
8474
8488
8488
8511
8511
8532
8540
8546
8588
8589
8594
8613
8652
8671
8677
8683
8685
8690
8749
8771
8794
8821
8832
8877
8971
8978
8998
9072
9133
9177
9181
9185
9196
9218
9252
9258
9291
9321
9345
9390
9403
9403
9412
9427
9505
9513
9521
9532
9542
9604
9637
9660
9682
9708
9711
9713
9732
9762
9796
9901
9908
9926
10022
10080
10084
10114
10151
10181
10187
10226
10264
10268
10300
10337
10395
10401
10471
10517
10520
10524
10559
10564
10582
10601
10642
10675
10675
10720
10760
10778
10861
10867
10928
10950
10963
11043
11082
11094
11122
11158
11170
11171
11187
11194
11239
11296
11337
11345
11351
11353
11415
11443
11480
11486
11501
11540
11551
11558
11561
11605
11610
11615
11659
11664
11674
11709
11740
11744
11760
11804
11816
11822
11855
11876
11907
11942
12001
12018
12060
12064
12099
12136
12140
12151
12165
12200
12328
12338
12346
12379
12398
12406
12415
12440
12465
12494
12498
12577
12591
12607
12689
12703
12708
12718
12741
12771
12798
12809
12822
12829
12847
12856
12878
12930
12944
12978
13106
13127
13187
13190
13192
13267
13272
13300
13319
13381
13399
13402
13420
13462
13491
13549
13559
13565
13607
13651
13688
13706
13715
13721
13745
13900
13908
13944
13947
13948
13958
13966
14101
14103
14110
14135
14168
14181
14184
14188
14189
14225
14241
14255
14283
14289
14296
14300
14319
14327
14355
14364
14393
14438
14443
14499
14512
14629
14658
14681
14698
14751
14766
14776
14778
14863
14881
14881
14975
14985
14993
15021
15057
15087
15094
15111
15140
15154
15192
15200
15201
15219
15227
15258
15276
15276
15294
15298
15317
15341
15365
15428
15436
15441
15452
15459
15529
15530
15533
15545
15547
15615
15625
15675
15717
15745
15754
15803
15829
15830
15831
15859
15909
15922
15933
15961
16006
16023
16052
16058
16072
16084
16114
16130
16154
16159
16162
16186
16197
16248
16257
16279
16279
16288
16375
16392
16432
16484
16496
16509
16545
16552
16559
16590
16600
16625
16645
16688
16802
16853
16884
16891
16893
16907
16912
16990
17005
17038
17048
17050
17057
17058
17067
17073
17083
17127
17171
17192
17211
17212
17234
17305
17357
17450
17460
17464
17533
17543
17604
17632
17653
17726
17753
17758
17783
17788
17793
17812
17817
17826
17848
17855
17865
17877
17912
17923
17936
17944
18118
18186
18237
18248
18258
18293
18294
18306
18322
18331
18335
18337
18357
18379
18389
18438
18478
18493
18509
18525
18548
18576
18583
18612
18624
18647
18661
18698
18764
18772
18809
18810
18912
18918
18930
18981
19024
19054
19057
19063
19080
19098
19109
19113
19126
19237
19290
19292
19298
19301
19303
19323
19354
19380
19400
19412
19440
19447
19476
19477
19492
19507
19546
19557
19574
19602
19609
19721
19746
19779
19828
19840
19955
19989
20001
20012
20051
20082
20119
20125
20132
20182
20188
20192
20211
20231
20250
20256
20293
20306
20330
20330
20347
20381
20398
20451
20451
20458
20464
20466
20528
20531
20540
20545
20551
20559
20615
20627
20639
20640
20693
20705
20743
20745
20764
20790
20843
20861
20946
20967
20996
21022
21044
21057
21088
21113
21143
21155
21183
21204
21228
21242
21245
21247
21268
21325
21351
21356
21408
21421
21476
21592
21669
21684
21691
21727
21732
21801
21809
21867
21880
21913
21917
21956
21976
21993
22025
22044
22140
22165
22179
22221
22248
22273
22284
22296
22299
22312
22409
22454
22462
22496
22544
22557
22585
22594
22613
22634
22639
22660
22763
22814
22844
22845
22956
22981
23008
23027
23031
23056
23067
23105
23111
23118
23159
23235
23245
23253
23273
23278
23307
23315
23345
23350
23379
23428
23429
23513
23535
23546
23553
23592
23625
23626
23633
23765
23769
23827
23838
23863
23897
23909
23933
23967
24016
24030
24032
24037
24121
24168
24190
24229
24259
24270
24301
24312
24329
24356
24357
24410
24445
24482
24495
24541
24571
24597
24601
24610
24613
24688
24713
24724
24725
24789
24791
24806
24817
24872
24917
24917
24954
24977
24986
25008
25037
25054
25112
25143
25151
25164
25215
25272
25275
25307
25323
25371
25392
25397
25522
25627
25631
25694
25750
25775
25797
25859
25884
25888
25907
25919
25923
25939
25960
25981
26000
26024
26049
26094
26166
26168
26193
26242
26296
26361
26379
26396
26414
26415
26417
26426
26505
26562
26595
26596
26602
26610
26615
26642
26642
26655
26674
26705
26745
26750
26791
26833
26872
26899
26925
26938
26951
26965
26965
26976
26981
27003
27027
27032
27072
27140
27148
27210
27221
27291
27300
27310
27361
27384
27396
27437
27467
27476
27495
27541
27546
27554
27574
27603
27635
27648
27654
27711
27723
27800
27833
27847
27879
27893
27901
27917
27928
28003
28013
28051
28066
28106
28107
28119
28141
28183
28261
28299
28304
28321
28346
28372
28380
28418
28422
28432
28435
28509
28524
28602
28610
28623
28631
28663
28669
28678
28697
28698
28705
28747
28777
28840
28852
28874
28898
28929
28946
28987
29059
29062
29093
29106
29125
29142
29208
29262
29284
29287
29305
29355
29395
29410
29469
29532
29575
29626
29628
29646
29651
29698
29774
29786
29789
29790
29809
29813
29833
29839
29874
29874
29899
29908
29925
29940
29947
29953
29959
29994
30042
30044
30066
30083
30105
30115
30126
30132
30156
30157
30172
30216
30378
30403
30436
30463
30479
30522
30596
30605
30651
30669
30690
30690
30698
30718
30760
30829
30851
30863
30867
30887
30916
30918
30945
30959
30960
31015
31031
31042
31074
31136
31155
31162
31193
31259
31260
31295
31298
31323
31340
31346
31390
31400
31440
31492
31500
31503
31552
31653
31658
31665
31693
31700
31746
31771
31837
31838
31883
31895
31907
31912
31924
31963
31978
32021
32056
32058
32086
32100
32114
32122
32145
32250
32268
32360
32381
32409
32438
32468
32477
32510
32523
32556
32594
32619
32622
32674
32677
32679
32763
32804
32809
32848
32860
32865
33001
33093
33101
33108
33115
33128
33143
33149
33162
33172
33177
33180
33191
33201
33211
33256
33257
33284
33332
33348
33371
33388
33395
33452
33477
33490
33569
33569
33573
33590
33594
33638
33645
33652
33655
33690
33711
33739
33752
33807
33812
33846
33875
33880
33890
33912
33925
33992
34030
34042
34043
34064
34069
34080
34177
34190
34197
34230
34278
34308
34319
34327
34374
34375
34393
34429
34444
34470
34472
34487
34501
34521
34530
34546
34555
34557
34584
34610
34683
34786
34789
34851
34854
34917
34925
34934
34938
34941
34971
35003
35012
35048
35062
35077
35078
35083
35104
35116
35134
35167
35177
35213
35239
35276
35286
35294
35316
35317
35333
35362
35371
35374
35398
35404
35433
35452
35479
35498
35503
35519
35528
35532
35538
35555
35564
35567
35651
35685
35786
35819
35850
35859
35866
35880
35886
35898
35906
35918
35922
35925
35946
35975
35993
36017
36148
36151
36191
36206
36265
36320
36325
36346
36410
36449
36507
36521
36526
36528
36533
36559
36583
36602
36636
36663
36673
36674
36681
36750
36758
36822
36822
36856
36865
36879
36887
36891
36891
36895
36906
36939
36960
36972
37021
37031
37033
37056
37067
37087
37109
37123
37145
37199
37287
37302
37308
37324
37365
37369
37385
37399
37400
37408
37471
37479
37496
37528
37540
37540
37551
37552
37597
37618
37634
37656
37694
37717
37750
37753
37760
37769
37773
37776
37786
37798
37814
37827
37855
37886
37894
37924
37930
37950
37954
37956
37962
37986
38006
38018
38040
38043
38049
38071
38076
38095
38134
38143
38201
38209
38234
38250
38272
38304
38321
38331
38381
38386
38393
38407
38430
38434
38454
38479
38533
38537
38588
38611
38620
38627
38670
38682
38713
38719
38739
38743
38788
38871
38879
38887
38901
38903
38916
38927
38954
38980
38991
39037
39047
39071
39075
39094
39120
39140
39162
39170
39181
39257
39314
39334
39340
39348
39360
39372
39376
39402
39404
39408
39444
39449
39467
39488
39536
39566
39571
39579
39597
39602
39616
39619
39634
39637
39687
39703
39706
39706
39738
39765
39772
39774
39779
39807
39886
39975
39990
39992
39997
40067
40073
40077
40088
40104
40111
40117
40124
40126
40141
40154
40162
40237
40257
40261
40264
40272
40315
40376
40431
40434
40435
40493
40499
40511
40545
40547
40569
40598
40685
40739
40751
40769
40799
40934
40936
40940
40959
40965
40972
41000
41011
41026
41043
41044
41045
41046
41095
41104
41128
41246
41263
41299
41310
41316
41323
41327
41345
41392
41419
41464
41469
41479
41483
41495
41506
41521
41541
41596
41621
41624
41626
41637
41639
41643
41643
41644
41688
41730
41746
41794
41796
41822
41829
41865
41904
41917
41920
41927
41951
42078
42081
42087
42158
42185
42209
42280
42282
42302
42349
42365
42372
42378
42410
42416
42460
42461
42485
42513
42571
42601
42658
42709
42724
42728
42737
42737
42753
42767
42812
42813
42848
42944
42998
43064
43141
43152
43177
43194
43226
43237
43311
43317
43343
43349
43375
43389
43418
43443
43457
43463
43473
43476
43544
43549
43552
43564
43581
43609
43630
43630
43677
43685
43690
43704
43736
43767
43790
43803
43833
43837
43852
43891
43966
43970
43988
43989
43997
44000
44098
44127
44136
44138
44139
44168
44186
44197
44208
44247
44296
44311
44375
44383
44415
44444
44517
44532
44543
44663
44683
44723
44767
44780
44799
44815
44853
44894
44911
44916
44921
44933
44934
44937
44940
44947
44960
44971
44982
45017
45021
45053
45071
45100
45103
45141
45161
45188
45205
45226
45232
45235
45262
45290
45312
45325
45379
45385
45403
45471
45472
45472
45479
45482
45484
45541
45656
45681
45701
45766
45785
45790
45819
45822
45841
45842
45850
45857
45867
45884
45923
45935
45965
45969
45986
46014
46053
46083
46098
46129
46154
46172
46249
46261
46311
46318
46322
46418
46454
46465
46469
46532
46542
46566
46572
46581
46583
46672
46675
46684
46691
46722
46740
46787
46811
46811
46816
46888
46908
47003
47006
47009
47044
47057
47070
47088
47161
47220
47281
47282
47311
47351
47357
47435
47485
47493
47513
47535
47538
47549
47555
47619
47629
47645
47649
47701
47723
47731
47746
47756
47767
47804
47884
47894
48003
48048
48078
48099
48139
48190
48234
48235
48248
48276
48325
48333
48345
48384
48388
48418
48448
48510
48515
48515
48518
48542
48551
48587
48608
48643
48686
48841
48894
48961
48971
48974
49019
49019
49062
49167
49255
49261
49299
49328
49389
49417
49442
49447
49476
49479
49486
49549
49565
49581
49629
49705
49739
49741
49749
49763
49772
49873
49925
49925
49935
49969
50022
50114
50123
50135
50144
50205
50208
50212
50216
50245
50258
50278
50313
50313
50385
50435
50436
50454
99972
99880
99865
99802
99783
99748
99734
99670
99665
99561
99415
99397
99280
99252
99238
99237
99156
99119
98978
98974
98885
98865
98849
98838
98767
98759
98669
98611
98546
98521
98447
98443
98352
98307
98296
98239
98224
98186
98184
98174
98126
98066
97992
97933
97916
97871
97858
97771
97681
97675
97665
97655
97649
97645
97616
97584
97543
97519
97511
97488
97487
97265
97207
97198
97184
97155
97072
96975
96937
96936
96881
96829
96824
96773
96739
96680
96534
96518
96465
96305
96295
96217
96164
96129
96100
96100
96068
96057
96018
96001
95874
97719
95870
95823
95753
95712
95692
95593
95562
95394
95383
95265
95220
95171
95064
94943
94916
94876
94733
99437
94708
94657
94534
94504
94312
94191
94171
94162
94156
94150
94073
94070
94053
93973
93841
93834
93810
93805
96152
93803
93677
93656
93558
96714
93545
93512
93438
93342
93334
93309
93290
93263
93132
93121
93113
93067
93000
92998
94845
92995
92922
92915
92908
92890
92882
92818
92735
92734
92654
92595
92584
92547
92481
92468
92420
92403
92374
92257
92248
92218
92202
92192
92148
92081
92052
91972
91873
91872
91853
91773
91760
91757
91665
91658
91590
91561
91551
97216
91549
91498
91383
91359
91357
91312
91277
91260
91227
96761
91216
91187
91167
91161
91157
91064
91054
91023
91022
91021
90996
90926
90887
90707
90639
90634
90620
90507
90486
90408
90326
90322
90313
90261
90241
90233
90193
90161
90146
90040
90035
98598
90033
89924
89913
89904
89859
91370
89748
89579
89552
89509
92236
89498
89480
89455
89397
89395
89357
94470
89341
89316
89302
89152
89062
89056
89016
88997
88982
88969
88938
88887
88871
88843
88795
88610
88577
88573
88573
88573
88521
88496
96534
88483
88466
88453
88442
88441
88436
88423
88380
88202
88193
88184
93372
88152
88874
88122
88061
87983
87958
87945
87933
87912
87896
87892
87724
88170
87692
87582
87542
87516
87507
87470
87424
87396
92375
87384
87361
87357
87317
87224
87168
87094
87048
87018
86985
86976
86949
86869
86860
86684
86610
86536
86516
86472
86392
86384
86348
86334
86288
86273
86267
86234
86116
86112
86060
86041
86015
86005
85969
95440
85910
85884
85883
85880
85855
85847
85811
91828
85768
85640
90500
85542
85539
85489
85446
85350
85342
85295
85280
85257
85257
85227
85168
85145
85142
85141
85108
85100
85092
85052
85014
85004
85001
84934
84902
86028
87756
84876
84857
84836
96297
97323
84831
84758
84757
84748
84734
93364
84657
84651
84613
84599
84566
84565
84556
84549
84485
84456
84357
92159
88023
84215
84172
84159
84156
84113
84055
84005
83976
83948
83907
83791
83775
83746
83701
83659
83575
83557
83436
83421
83401
83218
82962
82929
92982
82874
82837
82810
82757
98675
82737
82646
88020
82568
82506
82506
82455
82304
82178
89846
82145
82140
93772
82082
82073
86492
82071
82068
82039
97589
84664
81975
90746
81952
81900
81868
87048
92005
81848
81804
81773
81739
94000
81695
82168
81626
81597
81556
85717
81552
93117
81552
81461
81408
81391
87707
87377
82643
81366
81353
90468
86073
81322
95115
81316
81288
92506
88838
81287
81248
81142
87259
81017
81008
80904
80901
80888
80882
80836
80794
80692
99385
80655
80653
95185
80634
80520
80502
80479
80467
80360
80359
86317
89329
80355
80330
92057
96368
80211
80172
92451
80114
80071
80040
80021
79974
95653
79967
79921
79882
79876
79873
79871
79703
91750
79676
79627
79532
80300
79486
79461
79440
79390
79351
80128
79312
79310
79248
79247
79232
87408
79210
79132
79081
79010
78953
78939
78886
78870
98931
78842
78833
99490
78827
78797
78769
78759
97523
78725
78674
78657
78653
78637
78628
78551
86234
78545
78481
91394
78421
78416
78412
78407
96780
91436
78395
78368
78231
92465
78230
87489
78210
78174
78024
78007
96769
77980
77906
77885
77910
77835
77799
77790
97683
77723
77708
96179
77636
89504
77632
86228
81448
77464
90747
77435
77412
77405
77380
77364
96914
77348
77341
77306
77287
77161
77047
77006
77005
87195
77001
76996
76940
89814
76905
76894
76805
76747
76677
76668
76665
76657
76605
76601
76575
76506
76496
76491
76441
76392
76338
76332
80594
76298
76255
80114
85621
76233
84153
76214
76161
76146
76084
76081
82204
87502
76042
95866
76029
75971
75965
76066
81478
75908
96734
75898
89975
93486
75889
75884
75873
75834
88795
75811
75708
91495
75706
75650
75620
75591
75558
75530
75513
75478
75414
97700
75380
75379
75377
75352
75209
75169
75137
83293
75116
75036
84742
75033
74993
74965
74962
74936
74901
74837
74821
74810
74802
74757
74652
74651
88062
75533
96262
74644
74639
74587
74525
74508
74501
74479
74478
74369
74302
88753
74276
74273
74268
74210
74169
74162
74161
74129
74107
74069
91367
74064
94116
74062
91887
74027
74021
74005
96372
78164
73978
73934
73892
73861
73836
73821
73809
73763
73663
81076
73649
73645
73618
73602
73582
75985
73572
73565
75358
73534
73527
73453
81305
75639
73435
73434
73369
73356
73356
73335
94434
82253
73313
80528
73312
73222
73201
72980
79866
89625
72907
72869
72856
72793
72758
72737
72698
72693
72660
72628
72623
75320
72601
72533
72521
72482
72466
72427
72415
72383
87575
72339
72337
72334
72262
72240
72222
72138
72078
95833
72034
72030
77931
95015
72026
71932
71922
71878
71852
71846
75071
71812
71782
71696
90142
71654
71618
71608
71603
71565
71555
87855
71551
71453
91733
76202
71414
71266
71186
73272
71102
71083
82560
71082
71082
81469
70949
71745
70920
70870
70857
70832
70811
70775
70756
88948
70752
70612
70378
70351
76671
70346
76310
70281
98389
70271
83056
78266
70249
70230
70230
83493
70179
70134
70128
70061
78955
74536
72999
70016
85342
70006
99304
70003
69995
69932
73601
80438
69922
87065
93893
69897
86548
79887
69859
69715
72684
95035
69625
69577
82512
69476
69463
74268
69459
69434
69424
69381
69330
69324
88436
69312
80950
93256
77754
97150
69279
75326
69232
69217
77079
99571
91496
69203
75049
69189
69133
68985
68901
68857
68848
68779
68761
73021
68716
68702
68679
68657
68648
94153
90402
68643
68567
68522
68498
68483
68479
98958
78084
91714
68472
68408
68346
68317
68257
68256
89880
80255
68061
68028
72898
68004
67927
67895
67881
67857
67828
67714
67664
67633
77933
74055
67574
67561
67505
67493
73868
86700
67420
99959
85300
67394
67382
67260
67237
67166
93586
95657
76092
67155
67152
67074
67019
66979
81318
66951
66944
95772
66909
95465
66880
66871
92578
90772
66852
66819
66778
66744
86256
66708
66672
66528
66492
66485
66480
68751
66450
66412
66408
97779
73186
66356
84278
93157
87451
66337
68788
66217
68556
85819
90335
87745
66186
71863
96809
66175
66163
66126
66100
93217
78767
81639
66054
66048
66019
82884
66011
76726
65990
65970
82647
65926
65838
65822
91704
65800
65796
65704
72039
65611
86318
65607
65597
93215
65533
65525
65516
65500
72738
73469
65490
65433
65429
65418
65412
65342
65251
65223
84413
88883
65182
97021
71903
65143
65125
65056
65008
91041
64942
64929
64882
64866
64754
64726
64667
64636
64597
92286
64544
94491
64461
64457
78066
64370
99764
77898
64335
99484
64312
64292
98178
91252
64246
64236
70445
64202
64178
64119
88940
64046
74670
89589
64032
86472
64005
63893
75428
63843
78562
63779
72166
63764
97648
63748
71536
63730
63696
63632
99922
63631
86455
63613
63571
63552
63531
63504
87220
63492
63459
93731
87941
68652
63435
98994
94784
63419
95291
63401
63395
63390
63356
63333
95863
63327
84988
85731
63320
63318
63302
63272
63194
63192
63183
72987
64038
69459
63176
63171
80274
63166
63074
63048
63032
81734
63020
85008
62993
67152
62976
79202
77060
75049
62971
77679
62949
99724
62867
62801
73084
98249
63708
85248
62798
62796
67437
84966
62734
77610
62711
87827
95540
62620
62610
62564
62476
62475
66825
97688
88753
62474
75820
62460
86626
64537
62413
72585
78351
92335
62398
62347
62343
62338
62337
62308
78353
62274
64081
62250
99650
62246
91487
62228
99014
62218
62213
64883
62168
62142
95947
62134
62100
62087
62043
62040
62016
87705
62004
61965
85025
67580
61901
61884
78980
61856
61845
61809
61801
77874
61794
72915
61769
61753
61693
61674
92788
61560
99852
61469
92449
65032
61468
89114
61441
91422
61415
61398
81984
62265
61391
74164
70881
61366
61343
61325
61300
61286
61267
80265
91138
95003
61231
70662
67538
61164
92183
61136
63684
73470
61128
61114
71620
66734
86514
64638
71110
65147
61061
61040
61032
66044
61012
64377
98053
88976
61006
60940
86834
76170
85836
66218
60886
73544
77895
75926
60881
67150
60869
85312
60844
84004
60789
60782
85406
60762
60760
65528
60743
82844
60725
93931
94880
99334
66193
60722
82198
60718
60714
60709
60674
84413
91576
60642
60638
83656
60622
80762
60594
60592
61816
60539
60428
60397
60394
60391
92701
62643
63733
66617
60351
60345
73207
75966
60317
60292
60261
60217
60197
60080
60070
60062
60060
60025
59995
70278
59990
68711
59951
77621
59940
59934
83527
59899
59896
83119
79602
59888
74198
59867
63861
97426
59864
97223
59842
82916
82159
72253
75668
59811
59810
84270
83477
59771
99595
59739
78385
92195
59739
76425
59727
91265
59638
59638
59562
82613
96783
59537
93353
59532
59493
59472
59424
59422
59395
67397
59374
59356
86830
59349
59330
59254
73477
99629
59247
91963
59208
59145
59124
85608
59116
61564
97688
59114
59051
58915
64149
58908
82940
58887
75217
93441
58879
61044
68905
75908
86871
83586
59702
58878
58871
88826
80789
58869
58819
58811
58783
81422
64513
58733
58686
58674
59652
91625
58609
58578
58521
58506
91759
58495
58487
70442
62119
84502
74763
58479
58466
78255
58454
58383
58376
58352
87737
58349
58396
58226
58211
58196
58194
58185
58181
58163
58109
58084
58064
58049
57934
84099
57934
66803
57934
57924
73893
90273
88783
84547
77789
75687
70995
80717
57912
57905
57882
66344
88434
91420
80745
90361
57874
57847
85939
57837
57831
57755
57749
93787
57701
84899
57698
57685
57626
57611
76412
75649
74571
57571
57494
60544
57490
57484
57481
57456
57441
57288
92253
61635
98136
57282
57277
82126
67130
98644
57189
82044
57175
57175
57093
56995
74352
56896
56839
56783
82863
56782
92684
61590
56770
56757
92844
56737
97537
66028
56662
56646
56603
87927
69977
83274
56574
90252
69249
84195
56562
56515
56489
56463
56431
56400
61960
56332
56308
56298
56290
56266
56262
58596
56260
62939
56235
56216
56216
56210
56201
73143
56079
56060
69082
85884
56051
81342
59361
63337
63215
58369
55997
55983
61408
55944
55918
78023
55903
55888
55887
64422
61408
55822
96168
55762
55729
55727
55699
55673
97280
55518
67061
86894
61399
55517
55517
55453
55376
96311
55371
99862
55331
86741
69634
82951
55312
82810
55300
60401
55246
64598
55196
98124
55170
55103
55081
55073
73376
88974
55064
55054
92147
55051
88598
55004
54970
95425
54953
59472
96475
60979
59164
54899
54876
74215
54869
54865
54863
54859
54849
69496
54848
68955
54765
54760
54738
54732
54721
56188
54670
54664
54615
54612
67555
54594
54574
93852
60984
84981
73328
54554
54547
54517
54495
54462
54447
82864
90495
54441
54424
92314
54385
54352
54343
98960
85693
54294
95909
77553
75746
54292
54291
93748
54226
54216
54161
54154
74126
54086
82038
60075
54073
54065
76647
93454
54023
97242
81453
57089
77787
54011
54004
53988
84275
53979
86211
53915
53893
53818
82810
62622
53765
53666
74781
53618
87193
53593
55110
53469
53464
83720
81524
60114
94064
64449
53461
53244
53239
53238
82486
98976
53213
53136
71586
94906
53133
61331
53131
53114
53095
53058
67034
53041
90183
53029
53024
53005
54166
65051
83350
52987
63566
52962
77775
52960
52913
83281
52848
52821
52807
58900
52784
52770
98691
52762
79684
52753
52721
52719
52710
88256
98576
96212
52683
52640
67209
85213
52639
52599
77127
52599
52596
88354
52593
55330
52579
52509
52490
54916
52476
92861
70792
52424
58572
52690
89428
52401
52383
52373
70108
52284
86816
52244
85216
52239
98711
81674
52236
52174
52155
71624
52118
67198
84441
52113
87244
64775
52084
68711
52072
96795
90656
58913
84083
52062
52058
52052
87213
51981
92059
51978
61465
51975
93771
51931
63885
51887
71712
81236
51877
51867
51860
51855
51818
51813
51812
51663
63096
65689
52759
51638
51559
51543
99510
82651
51534
51517
51501
51444
51303
71755
63503
51301
90647
51254
51221
51210
51191
58748
98163
51160
96086
51061
70111
51054
70260
81220
78348
50967
50954
83739
61406
50921
98961
50909
50860
50840
50806
93303
59427
50750
50740
50711
50697
50611
88602
56175
74915
61379
50594
56427
50582
90976
50573
50528
78122
91522
50509
79902
50506
76289
51017
51247
77750
50476
79975
