12
13
22
84
98
109
165
178
178
235
248
275
275
278
288
297
370
391
420
455
473
540
542
559
563
569
571
591
591
618
630
644
668
788
811
842
854
908
955
966
979
993
1002
1132
1147
1186
1216
1239
1265
1266
1267
1304
1318
1333
1339
1343
1363
1367
1374
1392
1393
1406
1444
1481
1498
1499
1502
1505
1564
1574
1594
1631
1640
1674
1721
1749
1754
1757
1758
1770
1771
1790
1793
1809
1816
1817
1831
1853
1867
1872
1889
1911
1914
1983
2006
2009
2013
2022
2044
2078
2092
2104
2108
2115
2139
2213
2259
2310
2341
2378
2380
2408
2412
2441
2454
2497
2541
2545
2558
2559
2575
2583
2592
2623
2632
2689
2698
2700
2723
2731
2746
2755
2774
2811
2821
2927
2945
2952
2952
2988
2989
3094
3094
3134
3140
3142
3143
3171
3178
3191
3218
3230
3267
3278
3282
3322
3338
3355
3361
3458
3464
3532
3543
3568
3576
3585
3610
3618
3628
3632
3661
3668
3678
3683
3690
3751
3773
3804
3835
3847
3878
3879
3883
3897
3903
3916
3919
3922
3960
3975
3976
3987
3990
3992
4013
4070
4071
4106
4116
4121
4122
4122
4129
4218
4251
4274
4298
4366
4409
4433
4445
4478
4488
4557
4583
4589
4620
4627
4733
4762
4779
4803
4828
4851
4864
4866
4900
4900
4920
4936
4940
4945
4947
4951
4956
4997
5023
5026
5028
5049
5070
5089
5090
5094
5117
5118
5134
5159
5171
5179
5196
5211
5221
5230
5240
5247
5259
5264
5271
5272
5285
5296
5345
5378
5407
5429
5467
5473
5473
5515
5516
5544
5553
5570
5571
5587
5597
5605
5620
5647
5653
5666
5696
5755
5780
5810
5814
5815
5879
5929
5943
5975
6009
6037
6084
6089
6101
6132
6147
6198
6205
6233
6297
6313
6324
6333
6359
6367
6369
6404
6440
6465
6481
6483
6486
6503
6538
6591
6608
6634
6648
6650
6661
6662
6672
6678
6744
6801
6816
6833
6893
6910
6931
6946
6961
6967
6991
6999
7001
7012
7022
7031
7037
7044
7063
7081
7082
7083
7084
7087
7088
7107
7182
7185
7190
7232
7240
7243
7251
7293
7302
7315
7318
7401
7429
7459
7469
7485
7512
7550
7555
7629
7660
7706
7708
7732
7758
7769
7777
7847
7848
7881
7885
7898
7915
7919
7929
7938
7954
7967
7998
8028
8034
8088
8107
8149
8198
8231
8249
8284
8287
8300
8306
8341
8344
8358
8363
8378
8428
8485
8487
8504
8513
8516
8552
8575
8584
8642
8720
8720
8763
8769
8773
8805
8846
8849
8873
8897
8911
8972
9003
9030
9030
9083
9092
9163
9191
9194
9211
9218
9227
9229
9257
9274
9278
9319
9336
9373
9377
9379
9430
9439
9461
9471
9478
9505
9516
9529
9529
9552
9557
9559
9578
9596
9660
9681
9723
9738
9752
9772
9809
9810
9822
9836
9845
9858
9884
9929
9981
10013
10037
10046
10074
10101
10113
10202
10208
10209
10214
10225
10288
10295
10343
10353
10362
10376
10388
10458
10461
10461
10493
10535
10543
10547
10561
10569
10583
10601
10609
10625
10642
10678
10743
10757
10809
10881
10887
10888
10893
10909
10926
10944
10988
11033
11046
11092
11103
11174
11222
11243
11319
11364
11440
11453
11472
11503
11523
11588
11600
11646
11648
11657
11679
11715
11776
11786
11821
11824
11834
11835
11840
11854
11937
11991
12085
12087
12096
12136
12139
12190
12195
12235
12290
12294
12303
12304
12326
12332
12337
12347
12357
12367
12385
12404
12407
12444
12444
12459
12475
12536
12541
12548
12578
12585
12600
12622
12623
12667
12691
12720
12726
12734
12742
12746
12784
12798
12799
12806
12834
12910
12943
13009
13011
13029
13040
13072
13078
13100
13123
13123
13136
13138
13141
13143
13156
13248
13260
13282
13320
13332
13411
13471
13476
13513
13562
13632
13672
13716
13729
13741
13745
13757
13772
13797
13830
13890
13892
13916
13929
13961
13980
13983
14025
14027
14044
14066
14068
14080
14092
14122
14131
14137
14174
14183
14194
14274
14278
14284
14294
14303
14325
14339
14376
14420
14422
14503
14521
14554
14582
14605
14611
14631
14658
14671
14675
14675
14682
14690
14720
14756
14775
14820
14842
14881
14882
14933
14943
14944
14960
14985
14992
15005
15048
15109
15129
15137
15147
15155
15198
15242
15248
15271
15317
15322
15328
15360
15441
15458
15459
15467
15510
15547
15697
15700
15716
15730
15774
15776
15824
15847
15849
15854
15904
15930
15939
15949
15958
15988
15999
16071
16108
16144
16169
16287
16313
16344
16404
16424
16434
16452
16497
16518
16545
16628
16646
16665
16683
16727
16742
16781
16863
16871
16885
16889
16921
16926
16995
17017
17018
17026
17053
17095
17096
17110
17113
17118
17121
17142
17149
17159
17179
17195
17216
17217
17234
17297
17318
17332
17340
17349
17385
17415
17433
17439
17468
17487
17504
17510
17514
17525
17536
17542
17546
17552
17587
17626
17657
17668
17669
17680
17703
17703
17716
17729
17751
17763
17772
17801
17831
17857
17873
17929
17967
17968
17968
17986
18000
18037
18070
18076
18118
18118
18211
18214
18219
18261
18270
18276
18286
18325
18332
18393
18414
18418
18455
18479
18528
18534
18539
18542
18547
18588
18630
18677
18695
18699
18721
18728
18775
18809
18889
18907
18912
18918
18968
18970
19039
19044
19113
19123
19150
19152
19198
19225
19291
19315
19337
19353
19356
19361
19394
19426
19428
19476
19484
19509
19526
19529
19537
19614
19619
19662
19670
19679
19725
19742
19748
19768
19785
19791
19800
19816
19886
19887
19907
19931
19957
19977
19984
19999
20001
20032
20046
20063
20090
20109
20112
20113
20115
20116
20144
20149
20164
20168
20213
20223
20263
20266
20291
20298
20322
20344
20353
20363
20364
20455
20458
20467
20487
20490
20529
20537
20571
20631
20633
20640
20702
20717
20726
20757
20781
20812
20819
20827
20840
20884
20936
20986
21027
21029
21039
21058
21068
21070
21142
21143
21148
21151
21169
21175
21209
21297
21351
21375
21448
21467
21528
21545
21562
21566
21571
21588
21600
21609
21656
21740
21745
21748
21770
21846
21856
21863
21874
21892
21894
21963
21966
21992
22072
22074
22082
22084
22108
22127
22129
22132
22146
22162
22171
22213
22272
22329
22339
22344
22349
22406
22433
22454
22474
22483
22486
22487
22492
22502
22503
22528
22653
22678
22684
22710
22713
22725
22741
22770
22771
22774
22797
22832
22856
22864
22917
22935
22955
22958
23004
23005
23035
23037
23092
23152
23153
23159
23165
23180
23233
23234
23237
23246
23258
23345
23358
23388
23397
23427
23468
23472
23487
23490
23508
23516
23615
23641
23650
23660
23729
23734
23772
23776
23803
23882
23890
23907
23912
23915
23925
24028
24043
24065
24086
24108
24112
24139
24159
24192
24214
24232
24254
24294
24296
24308
24343
24372
24375
24407
24413
24426
24433
24495
24610
24619
24694
24729
24767
24787
24797
24808
24835
24863
24882
24883
24912
24935
24942
24979
24983
24984
25008
25043
25056
25067
25081
25089
25095
25116
25126
25142
25148
25189
25255
25277
25325
25358
25437
25451
25480
25489
25507
25525
25525
25541
25559
25561
25567
25590
25678
25715
25763
25787
25794
25799
25809
25824
25832
25849
25912
25923
26029
26053
26077
26087
26099
26140
26243
26276
26283
26312
26314
26324
26329
26360
26388
26430
26434
26450
26467
26476
26490
26546
26616
26646
26647
26696
26802
26826
26843
26865
26872
26886
26921
26944
26960
26965
26966
27035
27035
27084
27097
27130
27159
27189
27191
27196
27197
27229
27317
27324
27324
27327
27341
27349
27371
27380
27421
27444
27453
27472
27479
27482
27504
27536
27550
27592
27598
27609
27647
27668
27703
27706
27753
27822
27849
27898
27915
27920
27922
27939
28012
28051
28055
28068
28073
28078
28093
28095
28142
28162
28185
28199
28227
28258
28271
28297
28298
28302
28304
28327
28371
28383
28412
28457
28473
28488
28502
28506
28592
28607
28641
28650
28660
28674
28702
28777
28789
28800
28812
28826
28855
28868
28875
28882
28927
28931
28946
28952
28994
29036
29043
29057
29075
29102
29130
29159
29160
29174
29204
29226
29238
29252
29263
29282
29377
29381
29383
29399
29442
29443
29499
29531
29572
29580
29601
29609
29677
29689
29697
29729
29737
29740
29828
29839
29844
29913
29932
29936
30013
30020
30023
30046
30086
30119
30143
30157
30196
30219
30223
30224
30236
30253
30258
30281
30317
30331
30357
30361
30421
30458
30552
30559
30562
30593
30594
30625
30632
30639
30641
30653
30683
30691
30718
30793
30801
30835
30854
30860
30863
30864
30864
30915
30968
30988
31030
31031
31032
31049
31051
31086
31108
31113
31117
31180
31212
31227
31238
31255
31327
31357
31378
31394
31395
31404
31415
31432
31475
31491
31501
31503
31507
31532
31565
31617
31650
31713
31718
31767
31818
31850
31853
31853
31863
31867
31882
31955
31957
31962
32047
32054
32057
32095
32124
32128
32160
32176
32182
32206
32211
32214
32223
32280
32291
32345
32432
32496
32503
32549
32624
32627
32652
32654
32669
32679
32682
32693
32816
32828
32842
32851
32856
32902
32923
32924
32929
32986
33027
33101
33104
33124
33124
33128
33169
33173
33203
33268
33279
33286
33300
33334
33334
33408
33425
33426
33449
33470
33487
33506
33506
33514
33515
33586
33613
33632
33693
33738
33741
33762
33774
33811
33826
33873
33904
33907
33908
33930
33959
33969
33970
33970
34000
34004
34038
34079
34130
34148
34153
34202
34236
34240
34284
34307
34309
34367
34387
34398
34422
34429
34432
34440
34452
34468
34472
34475
34492
34495
34509
34538
34668
34670
34693
34705
34732
34733
34781
34783
34794
34804
34827
34874
34875
34878
34917
34965
34997
35022
35036
35061
35066
35070
35100
35125
35130
35143
35169
35194
35208
35235
35339
35365
35365
35418
35485
35514
35551
35560
35582
35592
35592
35610
35616
35619
35660
35661
35664
35685
35689
35722
35776
35792
35825
35826
35865
35882
35885
35889
35919
35938
36001
36021
36029
36046
36069
36103
36116
36122
36153
36166
36181
36186
36200
36202
36243
36259
36279
36303
36324
36331
36336
36338
36343
36346
36375
36377
36449
36453
36455
36509
36518
36548
36564
36585
36634
36666
36726
36734
36794
36798
36824
36889
36908
36911
36918
36945
36985
37007
37059
37067
37198
37241
37269
37287
37413
37457
37475
37512
37515
37515
37526
37559
37583
37592
37593
37618
37640
37644
37653
37670
37692
37724
37758
37778
37811
37840
37867
37879
37890
37925
37952
37971
38038
38058
38079
38122
38124
38171
38265
38318
38341
38353
38353
38372
38424
38455
38471
38484
38540
38655
38709
38756
38759
38919
38941
38943
38949
39030
39043
39106
39122
39123
39157
39164
39167
39231
39244
39259
39317
39324
39330
39348
39370
39386
39489
39554
39606
39627
39645
39646
39663
39672
39711
39718
39731
39751
39765
39777
39798
39828
39834
39846
39850
39930
39962
39979
39984
40009
40011
40033
40061
40076
40087
40095
40101
40107
40117
40137
40153
40155
40158
40160
40164
40172
40177
40188
40202
40218
40290
40312
40317
40376
40387
40397
40430
40459
40470
40480
40485
40522
40526
40543
40556
40606
40619
40630
40660
40718
40737
40748
40758
40769
40800
40805
40826
40854
40861
40871
40898
40956
40983
40985
41028
41031
41042
41078
41143
41154
41182
41184
41197
41256
41256
41256
41277
41292
41366
41392
41408
41432
41440
41469
41491
41496
41512
41531
41537
41547
41559
41562
41638
41652
41655
41732
41814
41856
41862
41868
41878
41903
41905
41937
41947
41951
41954
41974
42006
42020
42029
42061
42080
42091
42092
42107
42114
42123
42161
42167
42174
42218
42254
42264
42280
42285
42327
42331
42339
42382
42437
42452
42461
42481
42499
42512
42514
42523
42526
42532
42541
42559
42602
42616
42624
42698
42721
42772
42780
42797
42859
42909
42914
42923
42931
42957
42978
42981
43016
43038
43054
43065
43101
43145
43145
43178
43191
43213
43215
43221
43227
43264
43267
43289
43296
43308
43322
43331
43337
43347
43351
43352
43371
43402
43417
43418
43430
43460
43483
43510
43511
43518
43570
43582
43595
43619
43628
43629
43652
43696
43697
43705
43713
43724
43725
43760
44001
44011
44022
44067
44133
44185
44189
44201
44222
44240
44245
44289
44310
44354
44377
44404
44408
44420
44456
44460
44461
44520
44526
44539
44549
44605
44660
44664
44682
44744
44831
44851
44857
44890
44893
44894
44925
44937
44939
44939
45049
45097
45100
45141
45145
45146
45192
45204
45304
45306
45341
45354
45476
45485
45534
45548
45566
45643
45703
45720
45770
45803
45831
45850
45872
45909
45913
45979
45984
45991
46050
46053
46055
46075
46079
46119
46131
46162
46212
46218
46231
46244
46255
46255
46279
46300
46332
46370
46374
46395
46402
46403
46415
46425
46436
46448
46468
46469
46473
46512
46530
46530
46589
46615
46625
46631
46663
46692
46705
46771
46778
46834
46848
46858
46860
46880
46896
46898
46900
46973
46982
46991
47004
47008
47035
47043
47060
47088
47095
47100
47152
47162
47194
47218
47235
47245
47264
47276
47280
47284
47287
47301
47348
47391
47394
47415
47420
47454
47455
47457
47466
47468
47530
47553
47562
47576
47594
47594
47627
47628
47636
47640
47646
47664
47753
47767
47781
47786
47787
47797
47833
47847
47893
47942
47980
48004
48105
48108
48167
48182
48185
48189
48191
48191
48193
48198
48205
48213
48219
48231
48236
48239
48248
48250
48250
48264
48286
48323
48343
48352
48365
48370
48384
48425
48429
48431
48470
48477
48477
48494
48500
48503
48571
48574
48609
48627
48637
48654
48661
48694
48696
48747
48749
48763
48765
48787
48814
48842
48842
48863
48885
48912
48931
48937
48955
48959
48990
48998
49136
49194
49288
49365
49367
49375
49407
49470
49496
49520
49548
49552
49585
49613
49664
49674
49696
49733
49737
49737
49756
49823
49847
49924
49934
49937
49942
49943
49966
50058
50090
50095
50107
50109
50141
50176
50182
50194
50197
50239
50249
50263
50270
50280
50282
50297
50298
50305
50306
50317
50353
50385
50405
50434
50475
50508
50517
50598
50600
50622
50631
50636
50641
50658
50676
50676
50677
50684
50692
50693
50721
50753
50765
50776
50778
50789
50805
50815
50815
50823
50835
50843
50845
50854
99993
99977
99830
99758
99698
99647
99621
99433
99416
99392
99390
99382
99356
99338
99337
99325
99316
99262
99258
99238
99148
99136
99121
99106
99102
99081
99047
99005
98978
98887
98863
98836
98824
98818
98813
98802
98798
98739
98734
98653
98645
98590
98487
98420
98371
98298
98220
98161
98159
98145
98134
98113
98080
98056
98051
98037
98034
98028
97905
97888
97850
97822
97814
97808
97728
97716
97703
97684
97656
97639
97636
97421
97375
97364
97340
97299
97278
97277
97268
97266
97261
97227
97187
97169
97109
97070
97064
96976
96866
96863
96772
96751
96721
96717
96707
96702
96697
96687
98188
96668
96660
96659
96651
96603
96484
96471
96442
96397
96351
96341
96335
96302
96242
96114
98226
96113
96094
95992
95976
95964
95880
95869
96480
95722
95711
95654
95637
95627
95547
95540
95504
95490
95366
95321
95307
95302
95294
95260
95220
95440
95178
95146
95141
95092
96677
95062
94998
96155
94942
94935
94925
94876
94838
94821
94678
94596
94594
94584
94575
94560
94467
94455
94397
94380
94377
94344
94325
94285
94217
97035
94167
94032
93964
93919
93901
93899
93897
93896
93873
93867
93798
93752
93745
93710
93635
94450
93602
94875
93599
93582
93411
93402
93377
93363
93363
93267
93022
92997
92991
92988
92925
92873
92861
92854
92846
92841
92782
92724
92689
92675
92642
97818
98460
92584
92561
92550
92542
92517
99238
92491
92475
92400
92349
92337
92332
92303
92298
92280
92088
92078
92052
92015
91988
91984
98514
91978
91946
91926
91867
91862
91745
91727
99338
91656
91612
91599
91580
91504
91496
91469
91468
91445
91444
91439
91436
91391
95597
91360
91341
91328
91313
91252
91244
91130
91115
91077
91014
90991
90989
90917
90851
90831
90781
90604
90576
90561
90515
92435
90447
90446
90400
91321
90386
90340
90304
91904
90271
90238
90225
99172
90180
90175
90115
90111
91706
90076
89908
89895
89892
89991
89891
89866
89766
89732
89724
89617
89510
89496
89440
89421
89412
89338
89325
89317
89290
89237
89215
89205
89142
89107
89065
89046
89630
89018
88879
88861
88850
88828
88766
88752
88707
88681
99173
88679
88647
88638
88602
88539
88526
88502
88496
88471
88457
88334
88260
88255
88214
88207
88207
88169
88087
88035
95844
87977
87959
87941
87924
87831
87767
87613
87569
87519
87516
87481
87457
87445
87413
98878
87318
87291
87284
87283
87258
97466
87234
87226
87222
93227
87170
87166
87447
98358
87162
87128
92836
87087
87017
86970
86898
96626
94424
86871
86792
89587
86757
86737
86733
86694
86639
86613
86548
86463
86430
86426
86416
86406
98594
86358
86306
86255
86227
86181
86137
86136
86093
86083
86066
89020
86053
86050
96325
86011
85953
88161
87457
85909
85796
88834
85785
85723
85648
85578
85542
85533
85528
85486
85468
85453
99588
93484
85441
99270
90834
99087
89227
85683
85389
85340
89263
85316
85302
95778
88705
85212
85165
85136
85092
85019
84992
84949
84912
84887
84887
99175
88115
84830
84817
84796
84775
84757
84730
84726
84674
84599
84593
84521
84497
84489
84481
84396
84379
89131
84300
84281
84263
84212
84167
84166
84065
84057
86825
84050
84037
84004
94897
83942
83934
83831
83824
99406
83801
83790
83713
93307
83683
83659
83648
83645
83574
85836
87721
83508
83474
92252
95862
83412
92777
83405
83388
83295
83282
83255
83867
83244
83230
83226
83172
83119
83114
83058
83027
83005
82991
91180
82844
82838
82829
82788
82748
82716
82639
82549
82537
82509
82506
82478
82442
82395
82393
82392
82367
82235
82226
97683
82199
82198
82192
82141
81962
81955
81928
81925
81911
81895
81870
81853
81802
81783
81774
90520
81769
81766
81740
81718
81611
81603
81548
81494
81480
81409
81381
81283
93788
81252
81178
81172
82059
81106
98458
81033
80925
80921
80844
80804
80785
80773
80772
80708
80701
87080
80683
99418
80563
80532
80500
80500
97274
80478
80471
80375
86771
80371
80352
80326
82565
80323
80193
97255
80168
80148
80130
80103
80051
80020
79939
79934
79920
79907
79872
98247
95798
79869
79855
79841
79827
79807
79770
79766
79748
79730
79721
79702
79635
79634
90176
79608
79605
79589
79481
79469
79439
79339
79847
79333
92818
98930
79302
79243
79231
82971
87654
79219
79169
81434
82626
91486
79048
99755
79019
79019
78731
78691
78645
78617
78566
90275
78558
78543
78516
78465
78461
78262
88879
78110
81259
78092
78085
78025
78020
78013
77952
77950
79569
96330
77932
77881
77825
86419
77806
77788
77751
77710
77621
77612
77603
77570
98542
77541
84320
96349
77465
77413
77380
77335
77323
77314
84766
77259
87432
83465
77257
77240
77224
77178
80438
77169
77160
77112
84755
77110
77094
77052
77027
77026
77003
76958
95527
76905
85906
76767
96354
76740
76732
76731
76703
76660
76650
76640
76622
76616
76601
76600
76595
88773
76536
78801
76528
76500
76493
85453
81789
76479
76455
78602
82648
76427
92236
76365
76349
76340
76302
76221
76207
76146
76142
90703
76122
76120
76115
76102
76076
80775
76062
76061
76039
75954
75929
93127
99563
75866
85354
75840
75781
93845
75727
90897
75684
90374
75662
86164
75625
84779
90612
75560
75558
75530
75498
75475
75472
75461
75433
93395
75288
75281
75276
75250
75231
75201
75129
75081
74992
74978
96175
74939
96597
74876
74856
74784
74719
92132
83336
74678
74667
74599
98588
74565
74535
74520
74503
74458
93148
99927
74427
87535
74415
74379
74308
74284
74258
74256
80173
74205
88752
79277
74140
88340
74129
74085
74051
74046
83887
74035
74035
74020
74018
74005
73992
73949
73878
73849
73823
73801
83509
73779
90937
73726
73690
73665
73601
73527
73470
90607
73453
73404
73392
73391
74651
78296
73349
73347
77460
73325
73293
73232
73227
73215
73198
73106
94263
88741
73095
88611
73054
73027
73004
72934
79475
84955
81997
72857
72818
72815
72753
74780
72746
72745
72698
72662
72647
72637
79824
77790
88061
72612
72611
72607
72558
72550
72550
83786
99639
74034
72548
94175
77626
72537
72522
72487
72448
72442
72358
85758
72250
72085
72041
72039
72010
72004
71972
82634
78339
71972
87632
71939
92379
81853
71899
71853
71805
71777
71771
71756
71700
81298
71532
71524
74259
71471
71464
93951
94138
71446
82092
71431
71405
71391
71309
94243
76817
71283
87375
93894
71187
71172
71037
91189
97442
71010
71942
71007
87870
73402
70953
72911
70852
70761
70662
70618
91937
99245
88561
93569
72001
90952
70525
70500
70494
70465
97075
73606
70405
70381
70367
70350
89244
70327
98105
90785
70327
70276
70273
70242
78487
70242
70222
70166
70153
94130
77120
70093
70090
95402
95804
72197
69976
69896
79604
86308
69870
71102
69867
69844
87219
69843
81673
69664
99996
89665
69638
69638
78234
69580
69574
69568
69565
69526
69486
69456
69421
69367
93151
69343
69312
95980
69260
69255
80337
97306
69206
69173
90212
69145
69121
69084
69042
69038
69027
68999
70983
89816
68995
68953
68930
88103
68919
68899
68898
68867
68864
75660
68830
68777
76373
68764
80826
68734
68727
76290
77869
68692
68681
68644
68617
68551
68522
68519
68454
68436
94622
68430
87239
68423
90511
68422
68363
68341
68270
88352
79240
68178
68129
74159
68088
68071
68059
68009
67979
67978
67898
70928
67876
67716
67708
86321
67669
78065
98543
86837
67618
84389
67605
67562
94326
67540
79558
67537
67536
94954
67494
67466
99461
93761
67436
67433
83758
86482
67312
92077
67293
67287
97758
76525
67251
67206
67187
67167
67166
96707
98710
67126
67110
67024
67023
66908
66883
68718
66878
66871
66804
66715
87826
91924
89369
66691
66677
66676
93333
66672
66638
66636
66540
66514
66509
79397
68956
67972
84189
66499
66475
69341
66420
82006
66419
73080
66396
86449
66380
66327
66313
66265
66244
66238
66216
66164
66124
68973
66071
67622
79463
75137
66038
66037
69845
66007
65980
65967
65892
83411
82778
65770
65748
65745
99923
67841
73427
84229
65740
93656
92538
65701
65698
65659
65645
65609
65562
81658
98349
80687
79495
65554
65546
84711
84292
81417
65439
65433
65429
65286
88070
65235
71313
77420
84166
65174
65135
65091
65047
65024
64992
64988
66184
89449
64917
64823
64806
64742
64740
96421
64739
64680
64669
98463
64638
80987
64588
64536
96879
64456
64450
64446
64371
64366
64357
80473
66403
64346
84759
64320
64269
64255
64249
64247
64343
86227
64535
64232
64153
64094
64079
64059
64025
80213
92340
63984
84150
63928
63807
63796
63785
63783
63721
63655
68213
63629
78257
63627
63625
70742
63617
63586
63581
80856
63535
95333
63533
81151
63480
63473
86893
83221
85025
63467
95951
63465
64628
74822
63460
63397
63356
63328
63306
63301
63203
63176
63157
63150
63068
63023
63023
66001
81481
88978
63001
63001
76123
63001
62994
62966
77667
62961
62947
62903
78413
62897
62886
62876
62828
62790
65606
76140
80411
62787
62756
92649
62732
64368
62728
62725
62723
62720
72081
98679
62704
74211
62660
62560
62554
62549
62536
62496
62410
89602
62397
66532
62388
62342
90028
90956
62292
81642
63937
91905
62268
62242
78103
62220
84644
67868
62205
62157
62130
62106
62250
62087
65446
62085
62078
85947
62068
62064
62060
62040
98255
61994
80579
61973
61937
61884
61859
91226
98640
61852
61827
61772
98819
73507
62894
66638
61767
61764
61759
61756
93478
61727
61721
65293
83887
97567
61713
86759
74343
61709
61675
61661
61651
61651
61626
61596
90755
61572
61560
61511
61456
61418
80599
64895
61396
61279
61234
92787
98887
61231
61201
61174
61150
97108
61112
61112
61108
61791
61099
61093
61047
74266
98363
71488
61034
62838
61029
61014
61008
60991
60947
78880
79953
85281
60936
60886
89188
60855
60832
65605
60802
60801
60778
60768
60758
60749
68376
60747
60694
64332
60688
87864
60667
89507
76230
77199
60644
60631
60598
87203
60573
90363
67023
60517
85090
84536
97703
60463
90966
60424
60387
60385
60382
60360
60311
60283
60246
60246
60233
60232
60232
78589
60221
86692
60180
68613
60139
60042
60028
60011
86138
59998
59995
59955
59939
59920
59919
59878
59860
59835
59795
59786
59778
59767
93673
59686
59683
62664
59643
59626
59617
61519
59552
59549
59546
59546
59538
92924
90514
59432
76842
59418
59368
77282
59341
89594
63673
59299
96323
59238
59158
82667
59156
59135
59121
59094
92228
59091
96524
59090
59075
59018
58988
58984
58978
58967
58961
58937
58927
58882
87068
58879
79196
58833
75764
58808
78461
80560
66417
58805
58804
58800
98588
58796
58792
58779
68179
61067
58737
58737
58723
82357
58701
80985
58669
58659
96294
58648
58646
58643
59221
93066
58598
58577
92043
93925
58541
93177
75082
93007
58508
91418
58475
78302
64332
97165
95899
74690
58425
58386
74301
58373
64738
73671
90558
58370
58369
58368
58328
58327
58306
58270
71856
58184
79924
58166
58159
58122
69263
63026
58421
95044
58049
71504
63378
58038
67101
57984
69662
69122
57970
69007
57965
57945
57929
57920
71132
93224
79064
73135
57854
57775
88661
92250
57705
57700
75312
57647
57589
57581
57540
57514
59576
57511
57504
88030
57467
57467
69946
57415
57357
97315
57320
91247
86610
75737
57304
57300
57260
57258
57251
57223
92249
98434
57174
57135
78159
57101
57080
68904
57020
57019
56955
56945
56938
56885
69031
62361
56864
56739
62746
85481
56736
56689
95612
82405
56643
62246
56635
56612
79881
58790
56608
56571
56457
56424
56811
56359
56332
59541
64649
56295
84106
71503
62519
56293
56273
79777
58753
58766
56266
56261
91044
56257
56246
56203
56198
82231
69219
56163
56095
56095
74854
82702
93108
90197
68099
63308
97488
56088
56069
56054
59105
56033
60626
56006
92346
75064
55996
55982
55978
55962
55956
69462
56498
55941
55894
92603
78434
73073
55872
55848
55841
55831
55800
55771
88488
55727
56410
87619
55726
55693
55672
88921
55642
55619
71790
55588
55575
55513
55487
55478
55401
55368
67529
55787
56864
55366
80530
55344
98146
67057
70176
55285
96416
87676
55232
67979
68980
75776
55231
89297
55212
55148
72761
55115
55106
75801
89269
80696
87223
89073
55094
60825
55073
67965
55052
54991
54956
67818
54950
54934
69176
74785
54925
54924
91447
54912
54910
55035
54860
54805
54777
54775
83741
92168
87776
54775
54769
91731
85789
84729
54718
54695
54660
54650
54645
54642
54640
54639
83751
54611
54592
54575
54544
54502
54501
54467
90211
54387
68644
79983
54379
54379
54372
60860
54365
55974
67475
92336
54362
54352
74357
54295
77641
55869
54291
54250
54236
98214
75692
79799
65338
65586
91473
81552
75514
60719
54218
98190
54157
91209
93302
54149
54112
86315
54066
99082
95673
91117
71140
55470
54054
74579
54050
67978
61967
94202
80132
54032
54031
72454
54025
97631
54024
53994
90184
53923
53888
69388
97086
53861
53814
62458
53744
53733
53702
70557
53693
53680
53679
53669
57035
83927
92553
92371
53615
53585
74689
86632
78092
53583
60932
56127
87214
53551
98234
53545
94082
53541
53540
54011
53500
91376
86071
53468
53467
60484
66745
79833
53455
53417
85711
53353
53327
53314
53306
53264
53252
53242
97912
79784
53193
53184
70976
92486
68746
53157
53137
71861
53099
53058
52988
52978
66913
84973
52972
52962
52951
52945
79450
52912
70593
52907
52817
55344
52802
52802
78509
61082
89832
52694
94938
59149
52658
57697
52648
85189
86746
66378
73616
52646
79732
52636
52618
52607
59550
52593
82406
52580
80689
52560
52553
53597
73360
52552
81725
53857
52541
90762
63806
52535
78744
52511
60612
52506
53732
89069
52496
83056
86875
52469
65069
56125
65999
52452
98124
52443
52435
52399
88131
82686
52363
66192
53504
52341
71861
62217
84117
52222
82285
52218
52205
52189
52182
68871
72456
52167
61923
68509
90421
92065
52162
81940
96530
65465
52143
94462
98289
52095
52083
93054
52078
93056
64830
52069
56470
52056
85436
66879
52014
88730
95971
85483
51996
90334
51988
51961
51945
89039
51912
51837
51831
51819
56853
94096
90823
55612
51814
51792
51691
63301
51690
55797
51688
76824
64130
92865
83839
51688
51678
51645
58306
51631
51624
61938
51623
51564
73609
97619
77412
51552
51527
72139
51512
51431
51428
51421
51365
51356
80661
51354
51348
51345
51329
51311
51301
51301
70752
51288
83991
51279
51241
51207
72976
51166
95185
51163
51163
51147
51138
92207
66301
51136
51136
57833
51078
50989
95591
50981
50976
63080
50948
50932
50901
50865
90359
50863
