16
33
70
77
78
173
174
274
299
313
330
350
403
410
473
476
482
543
566
587
645
647
655
676
684
782
794
798
847
848
931
973
1054
1090
1115
1127
1135
1144
1148
1249
1292
1340
1395
1431
1456
1465
1472
1502
1515
1517
1517
1524
1584
1627
1749
1818
1869
1875
1895
1912
1956
1997
2007
2028
2052
2069
2099
2107
2121
2127
2131
2132
2188
2220
2223
2323
2387
2402
2491
2521
2550
2593
2614
2637
2681
2776
2899
2948
2978
2993
3028
3158
3175
3176
3228
3237
3268
3349
3356
3403
3431
3484
3557
3581
3593
3597
3684
3723
3774
3779
3791
3803
3888
3916
3943
4117
4118
4144
4312
4332
4354
4433
4445
4516
4528
4566
4597
4633
4690
4725
4732
4760
4821
4823
4840
4849
4862
4868
4900
4934
4955
4971
4976
5007
5043
5071
5082
5119
5125
5146
5244
5278
5287
5305
5356
5375
5420
5478
5528
5595
5644
5646
5783
5811
5838
5850
5858
5911
6077
6130
6141
6154
6217
6237
6240
6279
6286
6294
6295
6339
6381
6433
6530
6541
6549
6564
6603
6623
6771
6780
6796
6808
6870
6932
6961
7002
7023
7048
7064
7082
7125
7175
7205
7325
7337
7421
7522
7556
7597
7617
7637
7639
7654
7726
7749
7755
7789
7853
7969
7992
8061
8141
8158
8180
8206
8279
8281
8326
8341
8352
8381
8381
8399
8404
8422
8441
8478
8484
8595
8617
8652
8660
8697
8741
8782
8834
8929
8943
8983
9064
9072
9100
9122
9148
9202
9263
9266
9281
9339
9380
9382
9390
9504
9609
9649
9713
9744
9842
9897
9927
9962
9976
10003
10004
10030
10045
10102
10110
10122
10126
10150
10182
10193
10193
10212
10225
10270
10294
10305
10351
10358
10409
10469
10486
10501
10612
10622
10638
10660
10713
10737
10765
10816
10843
10943
10975
11065
11073
11076
11078
11146
11182
11235
11256
11317
11424
11438
11472
11514
11553
11670
11686
11690
11697
11869
11917
11937
11948
11962
11962
12055
12115
12118
12140
12163
12202
12213
12225
12318
12320
12346
12375
12390
12411
12500
12551
12585
12613
12626
12708
12769
12823
12860
12887
12916
12987
13073
13084
13090
13102
13117
13235
13284
13288
13302
13368
13370
13378
13380
13390
13406
13416
13429
13499
13555
13580
13592
13632
13655
13734
13818
13842
13868
13922
13975
13984
14006
14060
14086
14093
14170
14233
14273
14282
14283
14372
14385
14441
14484
14486
14491
14609
14622
14708
14721
14730
14760
14762
14827
14867
14922
14942
15017
15038
15125
15128
15130
15190
15395
15404
15456
15487
15545
15550
15561
15593
15601
15633
15683
15789
15822
15853
15863
15870
15886
15983
16011
16012
16037
16056
16108
16188
16222
16288
16314
16318
16405
16442
16445
16474
16525
16534
16544
16624
16654
16721
16757
16801
16802
16805
16887
16903
16910
17015
17131
17157
17181
17183
17224
17274
17287
17291
17300
17307
17347
17383
17394
17402
17450
17469
17475
17499
17544
17598
17601
17603
17650
17692
17694
17733
17822
17832
17875
17934
17946
17984
18009
18054
18056
18074
18076
18112
18128
18168
18189
18198
18285
18286
18310
18328
18335
18354
18356
18380
18386
18392
18418
18439
18453
18456
18502
18509
18511
18520
18548
18551
18556
18611
18649
18692
18697
18700
18723
18763
18768
18773
18865
18874
18915
18926
18944
18950
18959
18987
18988
19028
19134
19146
19216
19284
19331
19369
19374
19384
19390
19398
19401
19420
19431
19458
19474
19523
19544
19548
19556
19596
19618
19657
19658
19664
19678
19730
19756
19758
19802
19834
19835
19853
19868
19952
19952
19953
20011
20024
20027
20030
20034
20056
20120
20139
20188
20235
20251
20273
20276
20282
20287
20354
20371
20376
20376
20395
20441
20451
20529
20556
20567
20574
20597
20615
20617
20653
20877
20964
20975
20986
21008
21020
21034
21102
21130
21164
21167
21185
21239
21243
21254
21274
21308
21360
21371
21504
21597
21669
21770
21784
21790
21888
21895
21905
21912
21915
21978
21985
22001
22054
22099
22172
22275
22279
22356
22418
22426
22501
22504
22573
22573
22600
22607
22622
22644
22653
22653
22658
22659
22662
22667
22692
22716
22835
22841
22924
22965
22995
23000
23003
23140
23152
23188
23284
23293
23414
23418
23446
23464
23529
23538
23553
23606
23657
23750
23831
23872
23894
23937
23940
24011
24016
24122
24131
24199
24225
24226
24240
24300
24346
24387
24416
24454
24466
24484
24513
24560
24565
24584
24599
24659
24696
24760
24780
24804
24844
24885
24958
24962
24970
25041
25082
25088
25097
25159
25165
25171
25180
25214
25216
25249
25294
25399
25439
25458
25461
25477
25482
25570
25599
25621
25622
25628
25645
25705
25753
25851
25858
25900
25918
25934
25971
25996
26011
26017
26135
26191
26253
26288
26298
26324
26342
26407
26504
26505
26525
26540
26572
26670
26671
26676
26694
26744
26778
26779
26780
26797
26804
26808
26859
26865
26895
26914
26960
26983
27114
27141
27214
27256
27261
27296
27310
27366
27611
27646
27688
27690
27717
27802
27805
27812
27828
27835
27842
27907
27919
27956
27963
27964
28012
28019
28025
28027
28109
28137
28152
28162
28213
28214
28245
28246
28255
28287
28289
28306
28328
28369
28384
28432
28466
28511
28563
28564
28576
28577
28617
28618
28631
28639
28669
28718
28745
28752
28765
28782
28792
28888
28891
28928
28930
29019
29104
29112
29145
29174
29190
29209
29270
29376
29379
29479
29597
29663
29665
29689
29693
29722
29723
29794
29883
29955
29972
29990
29997
30017
30030
30042
30060
30135
30138
30144
30171
30207
30238
30264
30307
30390
30408
30449
30456
30481
30508
30513
30534
30556
30615
30634
30649
30686
30717
30750
30755
30770
30830
30858
30891
30902
30902
30990
31015
31043
31074
31170
31214
31232
31234
31245
31281
31282
31283
31300
31335
31367
31415
31454
31473
31518
31521
31564
31596
31670
31671
31698
31705
31736
31764
31772
31860
31865
31867
31889
31898
31905
31954
31994
32015
32017
32142
32178
32180
32222
32236
32289
32323
32330
32345
32347
32361
32361
32371
32432
32469
32474
32518
32527
32535
32615
32623
32726
32755
32759
32786
32819
32825
32826
32897
32927
32957
33060
33112
33114
33116
33154
33166
33170
33202
33202
33211
33217
33242
33268
33283
33328
33329
33361
33382
33387
33390
33422
33462
33477
33496
33645
33663
33696
33784
33822
33878
33892
33929
33962
33971
33994
34036
34094
34121
34141
34146
34151
34265
34341
34414
34524
34536
34557
34591
34632
34703
34730
34774
34815
34830
34850
34850
34879
34894
34904
34938
35102
35155
35176
35281
35327
35330
35452
35467
35507
35539
35581
35588
35635
35643
35687
35693
35701
35714
35723
35771
35807
35857
35874
35953
35983
35988
36014
36042
36048
36060
36169
36200
36238
36248
36261
36272
36359
36363
36392
36392
36400
36405
36440
36442
36595
36657
36666
36677
36686
36699
36728
36736
36769
36830
36852
36933
36963
36973
36980
36998
37007
37068
37070
37110
37117
37229
37273
37291
37352
37357
37632
37647
37661
37669
37715
37728
37747
37752
37782
37801
37839
37843
37892
37904
37948
37990
38146
38152
38160
38192
38211
38212
38223
38283
38286
38402
38411
38439
38445
38510
38566
38581
38591
38595
38628
38640
38694
38730
38763
38833
38845
38906
38919
38973
38982
38982
39038
39063
39077
39088
39117
39169
39176
39201
39204
39310
39416
39429
39695
39700
39710
39773
39798
39824
39878
39881
39905
39944
40045
40048
40061
40072
40156
40182
40184
40192
40193
40222
40268
40273
40279
40330
40335
40335
40345
40378
40402
40404
40475
40476
40543
40545
40593
40605
40683
40709
40722
40751
40809
40814
40856
40896
40897
40953
40999
41034
41083
41110
41118
41155
41183
41243
41330
41351
41373
41401
41403
41418
41426
41483
41495
41498
41527
41539
41543
41553
41584
41601
41626
41661
41680
41733
41754
41780
41788
41802
41818
41819
41871
41962
41993
42040
42114
42241
42241
42263
42280
42316
42321
42411
42461
42470
42474
42508
42530
42577
42582
42631
42656
42701
42738
42851
42939
42968
42981
43014
43098
43118
43171
43192
43201
43228
43229
43237
43240
43291
43311
43367
43428
43432
43477
43512
43521
43533
43550
43564
43569
43581
43584
43595
43637
43662
43665
43690
43700
43702
43715
43752
43764
43769
43805
43811
43879
43930
43932
43939
43956
44000
44056
44097
44117
44217
44239
44243
44251
44362
44378
44407
44547
44606
44641
44709
44728
44795
44814
44814
44840
44855
44903
44933
44953
45006
45022
45053
45090
45093
45134
45166
45250
45288
45315
45389
45392
45396
45432
45435
45439
45444
45456
45486
45556
45604
45613
45668
45688
45694
45711
45739
45798
45934
45937
45984
45987
45989
46012
46014
46015
46016
46017
46043
46048
46049
46051
46052
46065
46085
46209
46308
46320
46346
46364
46392
46443
46457
46472
46481
46554
46621
46661
46703
46769
46790
46794
46814
46928
47084
47176
47185
47186
47262
47276
47300
47370
47377
47432
47445
47472
47490
47491
47518
47522
47528
47596
47609
47776
47901
47903
47931
47996
48000
48165
48228
48327
48362
48419
48468
48497
48607
48631
48683
48703
48737
48775
48811
48842
48928
48931
49005
49019
49130
49159
49159
49238
49242
49253
49255
49261
49279
49356
49420
49485
49489
49493
49531
49536
49581
49629
49673
49677
49686
49687
49727
49760
49789
49836
49845
49862
49893
49900
49901
49955
49968
50020
50023
50034
50045
50081
50104
50160
50189
50192
50283
50337
50349
50423
50424
99917
99844
99807
99654
99566
99508
99488
99406
99371
99313
99221
99175
99166
99129
99123
99066
98978
98909
98696
98601
98580
98533
98452
98434
98409
98406
98383
98271
98169
98166
98149
98139
98117
98102
97922
97827
97801
97682
97603
97585
97440
97366
97327
97307
97279
97240
97206
97200
97075
97043
97023
96993
96771
96706
96701
96653
96538
96518
96427
96327
96282
96011
95988
95888
95867
95867
97832
95744
95620
95506
96136
95417
95397
95285
95225
95143
95093
95069
95064
95052
95045
95026
95013
94904
94858
94832
94659
94620
94570
94534
94455
94180
94178
94125
94012
94006
93940
93937
93931
93917
93906
97629
93881
93753
93667
93652
93605
93546
93511
93499
93344
93342
93304
94098
93296
93279
93189
93050
93016
92800
92768
92722
92677
92677
92656
92608
92592
92561
92550
92450
92437
92360
92287
92281
92254
92243
92199
92139
92043
92028
94009
92019
91966
91955
91924
97943
91889
91859
91843
91720
91715
91684
91678
91669
91645
98962
91642
91582
91576
99323
91502
91496
91419
96100
91386
91286
91120
91087
91040
90969
90923
90783
90752
90665
90560
90525
90461
90382
90369
93460
90339
90305
90283
93884
90190
90153
94584
90048
89965
90572
89884
89804
92179
89728
89651
96119
89608
89595
89574
89557
89454
89359
89237
89059
89049
88963
88955
88915
88892
88837
88706
88652
88287
88239
88202
98453
94117
88120
88075
88071
87793
87761
87686
87552
87470
87463
87460
92343
87396
87365
87313
87301
87203
87137
95503
87048
86994
86994
86983
86943
86873
86815
86700
89754
86674
86627
86452
86289
86285
86244
95507
86220
86025
85885
89478
85837
85756
85678
85643
93034
85452
85440
85429
85364
98074
85346
95137
99491
85215
85193
85108
85107
85077
85987
84947
84706
84482
84410
84407
87730
84396
84386
84340
84306
84248
84235
84185
84148
84107
97600
84096
84075
84055
83976
83930
83788
83721
83715
83697
83611
83561
83432
83374
83188
83178
83174
83061
83052
82939
92444
82888
82791
82786
82759
82694
84152
82679
98167
82675
82637
82617
96326
82611
82608
82542
82439
82429
99576
82399
82358
82309
82298
82219
82148
82145
82122
82058
87613
82043
81947
81915
81866
81812
81804
81802
81799
81799
81773
81756
81751
81695
81676
82142
81644
94762
91450
81606
81516
89332
81388
90644
81385
91130
81179
81176
81111
98134
81110
81017
95760
80838
80822
80776
80763
80709
80669
80583
80574
89424
92896
80556
80541
80532
80502
80471
80443
80382
97379
80352
80349
80312
80251
80223
80205
80185
80183
80172
80000
79974
83225
79952
79877
79819
87020
79791
82056
79667
79602
79538
79336
98998
79118
78978
78968
95234
78967
95156
78910
91007
78899
78877
94667
97169
78812
78748
78748
78729
78720
78681
78622
78578
78551
78498
90923
83587
78366
78286
78131
78077
78027
77981
97009
77951
77793
77708
81365
77695
90398
85237
84951
77670
89508
77621
77621
77608
77582
77553
98866
77491
88813
77478
77473
77471
77338
77218
77180
76940
76939
76911
76909
76869
76792
76732
93300
76697
88750
76688
76685
76660
76640
76638
76626
76591
76559
76496
76488
76475
76435
76386
94840
76248
76214
76182
76151
76089
76071
76069
76054
76630
93540
76035
77356
76035
76033
76019
84098
95694
76007
75953
75798
75732
75373
75350
75327
75231
92276
75217
75139
75134
89346
75083
76721
75079
75075
75015
77125
76469
74936
74903
74888
74785
74683
94095
75972
80200
74662
74657
74551
74543
74488
74397
89065
74389
74347
74304
74287
88949
74227
74106
81710
74079
91535
74040
73923
73884
95418
91038
73848
73830
73766
75833
84791
73731
73650
73636
73634
73567
91373
87407
73558
73521
73513
73500
73479
73452
73434
92835
73395
88667
91027
73367
73297
73197
73133
78603
72995
72860
72840
90510
72761
72719
72667
72664
72601
72443
72420
72407
77440
72405
72369
72362
94058
72309
72205
89132
72178
72110
72033
89070
72033
71854
71826
71812
71715
82239
71705
71697
71688
74395
71685
91406
91598
71674
71671
71564
76269
97298
71404
79691
71390
71336
71271
71269
71065
71060
71038
70968
70915
70852
71100
89460
70839
70791
89578
70772
70734
70730
87273
70626
70533
70521
70506
70476
70338
70297
70189
70189
70121
70092
91350
70019
69891
70409
96355
69849
69846
69833
83491
69825
69779
69713
69713
69618
69552
85850
69526
69478
93623
73912
69477
69467
74928
69451
69451
69354
69322
69275
99534
69254
69244
69230
69217
86183
69140
69098
69062
69006
68838
68777
68742
68726
68713
68669
68643
68628
68618
92127
68557
94049
68527
68460
79408
68441
68398
93498
68368
68325
68319
68313
68308
68272
75906
68263
68262
68216
68165
68162
68149
68095
68060
67993
96630
67915
67915
67893
67852
67746
67716
67525
67492
67395
67390
72803
67349
67325
78388
70199
67221
67204
98449
90909
67153
67145
67112
67085
83182
67079
67037
91726
81347
83090
66988
95838
70808
66978
66900
66888
66882
66728
66691
66680
82291
89482
82454
66670
87748
66577
66565
66544
66537
66517
66490
66483
66483
81210
68146
92441
66478
66437
98279
72688
66417
66401
78943
66393
66386
81456
66347
86139
66292
66137
80911
66125
66078
66072
66028
66009
68670
92242
65963
65930
65927
97079
65888
65876
65788
65661
75719
66348
65587
65573
65497
65345
65237
67800
65210
72842
68795
65024
64988
64913
64889
64879
73753
72256
64855
64814
64694
64692
83105
64640
64637
64533
64483
98881
64416
80901
64334
64331
64329
64303
64269
97453
88108
64236
64220
64197
70260
64181
64179
77263
64146
64041
98339
64036
63998
69724
79038
72380
82313
63896
63879
87463
94720
63864
63843
63828
79538
63758
81074
63670
63519
90890
83767
63484
63474
77448
63473
63425
63329
63255
71200
63197
63171
98373
63140
63121
63117
63106
73408
63081
96098
63074
66067
78606
63069
62974
62784
62779
84580
80072
62756
62754
62695
62660
92342
62655
99363
62651
95744
62645
98735
62637
62626
62608
62549
78414
62484
80432
62402
62371
62296
62247
91643
88294
64388
62245
62235
62221
68926
79474
62195
88070
62144
62077
62052
62051
97988
79269
62025
93487
62009
62002
91416
61865
61854
61821
61819
61750
61746
99259
73223
99786
61740
61674
61426
61401
61347
61336
61328
61224
61395
68212
63980
83774
61206
61189
78533
91232
87928
66032
61180
61173
61125
87824
61018
87817
60871
60871
65111
89008
60829
60729
60742
75374
60635
60617
84552
60611
89139
94219
60528
60414
60371
76442
60367
60303
60251
60251
74090
60249
60240
60196
61144
60194
74190
60186
65254
70325
60168
91908
65295
60166
60095
60077
61316
79056
60027
79538
60001
73572
59997
59995
82673
87944
59929
85723
59879
59868
78732
59789
59769
98799
59742
59718
91463
98944
59654
96404
89455
59646
59629
87069
60175
63325
87373
59613
86030
69403
60798
78633
59608
96579
59597
59594
59516
95175
59508
59446
59410
59384
59359
84781
79970
86664
79670
59321
59307
59303
76402
59242
59238
59201
59029
58935
58935
85382
85148
58916
58841
58833
65355
58822
66974
58798
71716
87657
89968
58783
58775
58729
58677
76385
58666
58663
58620
58568
58546
71699
58470
81379
71101
96801
63903
58442
58413
73622
58406
58391
58382
90908
83903
58378
58249
91183
58166
58148
58141
58124
89884
97134
78062
58058
58015
57994
57953
57885
57861
57831
87141
57809
57778
57735
57699
62485
57650
57649
59974
57647
92425
83323
80126
84483
73967
57593
57573
57569
57492
57437
91077
57376
57364
57355
69170
57318
57269
57257
57249
57064
65228
57056
57053
57032
97121
81001
57007
67832
56970
56966
56900
96238
56871
72004
56868
77680
56798
56795
99184
95273
56762
84442
64715
56721
56703
88863
56635
81927
56634
71302
99999
56622
56595
95167
75524
56569
56563
56465
56437
61173
56381
89064
56324
94734
56287
65646
56171
56108
87591
91799
63156
56094
61355
56044
59351
55983
55889
55873
55841
55810
97188
55795
57488
79664
55726
74497
88039
55683
55663
99191
55621
55604
55561
99223
89765
55549
81244
55541
55538
73988
55402
58651
70591
69182
86163
55391
55366
55259
55247
55151
65348
95494
82819
98675
86489
85535
85329
94713
79060
54955
54924
62957
54898
63231
56009
59881
54824
54811
56388
66631
93010
54704
54572
54564
54531
69911
61343
68024
84300
84004
99259
54477
54405
83734
91028
54373
57695
92878
89330
54344
96167
54233
54233
84383
78970
54207
91036
54107
54078
67543
54055
54022
53974
91537
88539
53972
67754
53938
53929
58176
53871
55917
55798
53859
55138
53848
85161
53778
94978
53726
53717
85777
98025
53633
53618
53589
53571
89531
53540
87361
94406
53338
53288
80237
53268
53250
53243
53191
53165
67265
53100
53072
53053
81382
53041
57290
53225
55967
53032
95117
99497
52973
52829
52814
82565
52802
52764
93704
52728
52605
63479
52605
52565
65860
85592
52550
52509
52506
52486
53938
52464
99071
52320
52318
84508
95159
52294
65749
52281
52248
52244
52573
52162
52094
52034
51969
94399
79004
81875
82109
51928
51882
85419
96848
51879
92463
79905
51804
51715
51712
51650
97030
51630
51554
63914
89803
80598
51514
51510
56348
97144
67475
81557
51462
51460
51371
51313
58102
51263
74913
51234
98770
51222
93686
51201
59356
51199
84488
60975
93157
51168
51096
51083
51082
75201
51070
73859
84224
82622
51005
83343
54380
66237
83736
87521
50985
71091
99119
84774
84411
50983
72980
98014
50953
73806
50907
50883
91345
55041
81948
50867
62480
80794
50867
95540
50854
50789
91485
88265
50714
99880
60384
50697
50691
66224
50676
99034
55534
65751
50623
50594
54811
50575
50472
65038
90665
50441
61118
98893
63571
50425
