16
17
183
362
687
860
920
1117
1197
1203
1359
1423
1543
1682
1698
1886
2091
2100
2269
2298
2336
2432
2480
2607
2854
3130
3281
3424
3536
3717
3791
3845
4030
4361
4414
4612
4909
4996
5202
5234
5583
5589
5636
5662
5752
5843
5867
6135
6607
6626
6872
6883
7069
7234
7565
7655
7800
7958
8302
8913
8993
8994
9104
9176
9627
9664
9691
9734
9900
10003
10025
10064
10097
10215
10435
10483
10564
10881
10883
11001
11193
11231
11246
11464
11541
11606
11883
12193
12193
12400
12579
12701
12746
12802
13093
13396
14150
14194
14513
14724
15462
15464
15538
15760
16007
16039
16079
16096
16125
16441
16549
16722
16841
16882
16962
17091
17163
17199
17342
17394
17703
17760
17958
18373
18497
18512
18661
18768
19080
19174
19270
19372
19401
19431
19553
19859
19863
20015
20082
20119
20683
20732
20758
20776
20951
21178
21250
21375
21376
21378
21457
21473
21563
21634
21732
21738
21787
21840
22027
22061
22077
22126
22129
22142
22356
22400
22716
22806
22831
22950
23244
23390
23637
23893
24221
24766
24774
24889
25200
25512
25541
25573
25637
25842
25853
26108
26122
26359
26546
26717
27049
27210
27241
27425
27528
27530
27580
27670
27763
27841
27939
27999
28168
28385
28862
28950
29003
29042
29136
29184
29407
29530
29702
29913
30161
30348
30365
30468
30609
30720
30801
30820
30836
30924
31253
31281
31380
31615
31696
32203
32652
32959
33065
33379
33829
33957
34038
34134
34652
34731
34991
34993
35068
35205
35278
35422
35439
35439
35949
35964
36327
36621
36697
36717
36741
36843
36878
37104
37186
37413
37749
37977
38085
38103
38131
38379
38480
38500
38608
38826
38975
39013
39046
39129
39156
39299
39331
39356
39451
39530
39623
40073
40139
40188
40192
40387
40390
40392
40411
40561
40619
40655
40659
40749
40813
40818
40891
40992
41230
41403
41489
41538
41952
42152
42272
42471
42675
43167
43203
43291
43389
43580
43645
43688
43745
43841
43859
43958
44009
44131
44370
44444
44487
44744
44785
44898
45249
45606
45695
45827
46000
46035
46374
46630
46645
46818
47053
47070
47659
47824
47896
48021
48269
48313
48429
48537
48615
48895
49098
49666
49682
49764
49905
49909
49948
50075
50387
50758
50788
50867
50955
50983
51095
51254
51438
51494
51546
51691
51980
52005
52082
52247
52399
52447
52470
99993
99820
99681
99284
99155
99044
99009
98507
98012
98002
97915
97731
97707
97295
97281
96522
96471
96090
96039
95762
96403
95679
95571
95264
95005
94947
96109
94588
93188
93007
92796
92146
91902
91498
90752
90603
90561
90529
90502
90397
90095
89094
88912
88728
88155
87900
87822
87699
87697
92190
87684
87623
87615
87235
89336
86893
86684
86586
86468
86081
85393
84724
84648
90752
84641
84251
84223
84026
83741
83413
83144
82503
82432
82157
82024
82020
81642
81589
81227
81048
81036
80519
80357
80201
78987
78468
78237
78185
89457
78134
77928
95106
77716
93491
77158
76928
76652
76520
76404
91353
76386
97435
76369
76316
76288
76214
76200
75802
75727
75374
75332
75152
74843
74827
98021
87339
74754
74606
74022
73698
88628
73691
73659
99166
73592
73522
73328
73307
73186
72900
72834
81772
82781
72371
72073
71864
71628
86763
71493
71425
79774
70995
70754
70705
84108
70578
70291
69768
74754
98996
99877
73873
69498
69209
97237
68903
68805
68298
68182
86250
68132
77090
67825
67699
67568
67316
83578
96069
67295
67224
66986
66935
73892
66871
66865
66852
76224
66790
88575
66788
75054
66710
87149
87104
66699
66676
99300
86517
66665
82295
66620
66489
66436
66395
66271
66219
66218
66030
71658
65938
65786
67770
65785
65770
65646
65569
65515
83151
65387
65271
65194
65080
85116
88666
65033
64824
64725
64577
64519
78434
64490
73714
83224
64381
86287
74624
65410
91786
64350
64315
68700
64247
64116
63851
63703
63598
87302
63421
63062
62733
76280
95159
94453
69414
62708
62361
62420
62093
61984
74110
78751
61679
82702
63006
63365
61601
61527
61391
61387
93735
78653
62265
75555
61309
61271
60923
60882
70402
60603
71307
60520
99158
77486
64421
61130
60433
72225
64073
60367
59932
83823
59773
59397
59115
59051
81764
59011
58864
67575
64818
82604
58664
58461
58457
97639
58402
86140
99327
58385
73103
68485
77646
58242
58160
58116
58113
66479
84025
58099
91871
77412
58097
73378
58089
57999
57793
57640
57360
85688
75830
57337
57118
99123
79686
99738
57026
56800
56524
56763
56252
56240
55883
55781
90680
55606
71778
75223
55530
55389
61051
65850
54997
54974
54958
83621
54873
54730
54449
58873
54330
60940
80047
90935
54319
54231
54026
54015
81897
53976
60501
53880
75877
75187
64482
53871
53866
53822
53392
77185
53286
53148
53135
52996
52571
83016
