24
79
93
144
234
295
314
396
402
489
507
514
540
550
572
615
702
709
758
779
790
806
839
875
877
879
958
1005
1054
1056
1174
1215
1218
1219
1233
1279
1345
1374
1429
1439
1453
1460
1467
1470
1525
1552
1605
1693
1758
1768
1788
1803
1827
1933
2037
2123
2124
2322
2336
2402
2428
2473
2495
2514
2542
2627
2762
2792
2826
2843
2866
2921
2926
2936
2959
3043
3054
3157
3162
3221
3226
3462
3590
3932
3934
4070
4082
4083
4088
4161
4305
4450
4495
4503
4525
4559
4596
4616
4626
4760
4784
4805
4814
4909
5027
5036
5061
5067
5165
5166
5201
5265
5319
5344
5376
5451
5507
5605
5628
5645
5651
5714
5723
5727
5764
5843
5854
5860
5866
5909
5918
5938
6018
6083
6111
6178
6179
6269
6291
6303
6331
6354
6424
6469
6480
6540
6576
6649
6653
6821
6843
6918
6962
7079
7107
7163
7255
7319
7328
7372
7428
7451
7573
7575
7766
8020
8045
8047
8074
8256
8377
8414
8442
8458
8464
8478
8487
8697
8719
8796
8815
8827
8843
8847
8872
8902
8938
8943
9080
9081
9109
9124
9205
9321
9344
9387
9396
9410
9440
9452
9478
9642
9644
9718
9750
9833
9836
9886
9924
9929
9969
10004
10066
10193
10220
10366
10440
10448
10454
10478
10551
10563
10563
10565
10584
10632
10638
10640
10676
10714
10725
10781
10793
10882
10917
10948
10960
11147
11396
11412
11461
11482
11516
11534
11554
11615
11694
11710
11746
11799
11841
11844
11913
11987
12027
12041
12054
12091
12153
12345
12439
12602
12648
12652
12664
12710
12716
12782
12842
12875
12900
12941
12997
13161
13187
13225
13267
13395
13454
13454
13469
13488
13518
13551
13552
13563
13648
13670
13732
13779
13815
13972
14049
14063
14180
14205
14268
14318
14337
14406
14423
14510
14675
14699
14748
14752
14763
14885
14936
14973
15041
15071
15138
15190
15264
15291
15306
15334
15479
15481
15691
15712
15716
15739
15815
15952
15976
15983
15991
16013
16072
16074
16134
16192
16242
16302
16377
16405
16517
16624
16690
16693
16788
16836
16906
17274
17290
17393
17417
17491
17503
17516
17551
17645
17654
17754
17822
17833
17862
17898
17908
17909
17942
18056
18088
18119
18125
18183
18236
18239
18293
18293
18310
18403
18425
18458
18532
18694
18752
18826
18863
19060
19132
19226
19409
19425
19452
19523
19653
19674
19745
19816
19823
19853
19861
19910
19957
20061
20172
20299
20324
20351
20529
20557
20561
20565
20632
20707
20714
20783
20872
20948
21072
21080
21197
21198
21232
21256
21317
21325
21343
21400
21430
21469
21480
21485
21593
21703
21944
21949
21965
22191
22219
22250
22253
22277
22308
22321
22348
22351
22544
22599
22682
22714
22755
22821
22845
22874
22895
23068
23129
23187
23257
23288
23375
23467
23470
23491
23553
23561
23564
23565
23604
23632
23676
23758
23759
23826
23901
23984
23985
24035
24168
24262
24300
24379
24399
24399
24436
24446
24583
24632
24797
24819
24849
24943
24982
25084
25160
25278
25290
25306
25311
25363
25385
25395
25399
25491
25580
25719
25779
25913
26050
26051
26057
26145
26186
26215
26231
26273
26286
26303
26370
26411
26539
26669
26774
26780
26866
26874
27011
27140
27192
27281
27288
27368
27451
27520
27523
27540
27563
27583
27671
27674
27696
27701
27722
27740
27886
27972
28008
28109
28166
28206
28271
28272
28294
28307
28340
28396
28403
28501
28657
28663
28696
28734
28748
28760
28937
28977
28978
29101
29139
29160
29251
29280
29316
29320
29361
29514
29529
29568
29589
29597
29651
29656
29687
29710
29716
29768
29776
29822
29835
29843
29899
29938
29959
29991
30106
30147
30152
30167
30191
30191
30206
30267
30296
30356
30425
30465
30494
30513
30557
30692
30693
30773
30811
30884
30904
30998
31017
31054
31079
31095
31156
31199
31222
31265
31341
31342
31369
31439
31474
31519
31620
31624
31651
31663
31671
31778
31847
31856
31908
31987
31998
32095
32128
32130
32165
32226
32253
32264
32271
32276
32321
32455
32530
32589
32607
32695
32824
32859
32873
32887
32919
32925
32947
32963
32966
33007
33037
33098
33127
33212
33286
33289
33512
33559
33592
33601
33688
33726
33753
33760
33768
33803
33820
33932
33943
33970
33999
34073
34084
34159
34256
34316
34342
34473
34487
34493
34514
34572
34590
34612
34620
34665
34693
34809
34812
34822
34897
34916
35013
35020
35034
35196
35223
35417
35490
35549
35554
35607
35630
35640
35719
35773
35781
35791
35802
35944
35983
36189
36191
36285
36304
36362
36363
36397
36635
36679
36700
36719
36807
36845
36868
36954
37030
37045
37055
37070
37110
37227
37243
37250
37324
37414
37474
37560
37565
37588
37604
37618
37661
37696
37708
37785
37865
37879
37893
37903
38006
38019
38083
38106
38139
38180
38227
38258
38319
38399
38479
38645
38754
38856
38943
38959
39009
39032
39193
39210
39225
39226
39325
39356
39368
39442
39449
39470
39489
39520
39521
39704
39707
39869
39951
39967
39969
40013
40015
40046
40052
40121
40136
40150
40152
40214
40243
40248
40609
40710
40726
40777
40854
40938
40960
41032
41039
41053
41079
41090
41157
41158
41212
41224
41258
41272
41323
41337
41376
41386
41504
41529
41540
41566
41608
41617
41664
41670
41673
41677
41739
41801
41895
41938
42001
42052
42159
42247
42293
42302
42323
42340
42396
42402
42449
42556
42567
42574
42638
42666
42703
42711
42917
42933
42949
43011
43022
43103
43125
43129
43151
43197
43202
43226
43256
43284
43327
43397
43405
43439
43529
43531
43583
43624
43757
43774
43775
43796
43847
43875
43905
44000
44016
44026
44032
44043
44065
44155
44161
44247
44302
44362
44364
44560
44562
44662
44690
44760
44831
44843
44934
44971
44985
45010
45019
45056
45063
45169
45205
45256
45266
45321
45356
45393
45479
45558
45587
45628
45650
45664
45705
45754
45765
45814
45841
45876
45879
45892
45898
45935
45994
46025
46035
46040
46042
46049
46052
46093
46117
46129
46277
46312
46337
46358
46622
46892
47002
47048
47093
47119
47199
47201
47216
47334
47347
47421
47451
47486
47533
47547
47570
47571
47631
47889
47973
48171
48231
48259
48333
48384
48441
48549
48673
48739
48790
48880
48998
49063
49130
49266
49430
49482
49504
49518
49543
49689
49709
49861
49865
49879
99967
99937
99894
99882
99869
99843
99723
99667
99636
99591
99548
99501
99498
99420
99301
99253
99250
99216
99216
99021
98923
98771
98776
98759
98607
99305
98547
98413
98315
98183
98050
98021
97928
97847
97821
97743
97704
97579
97094
96886
96700
96639
96558
96429
96400
96378
96121
95986
95903
95880
95817
95813
95804
95733
95590
95560
95306
95264
95245
95083
94972
94943
94839
94789
94773
94724
94601
94360
94137
94136
94109
93992
93747
93674
93636
93517
93471
93120
92892
92884
92851
92594
92490
92293
94088
92083
92040
92031
91996
91823
91718
91678
91537
91385
91308
91256
91172
91106
90934
90822
90577
90499
99052
90420
90295
90086
92638
90079
89908
90336
89883
89817
89762
89614
89504
89486
89325
89259
89200
89170
89168
88862
88827
88798
88732
88711
88673
88499
88437
92965
88408
88380
88283
88001
87939
87918
87750
92633
87702
87690
87582
87535
87327
87303
96189
87287
87200
86790
86733
86593
86490
86459
86412
86275
86102
86015
85763
85660
85441
94161
96818
85435
85407
85394
89211
85388
85312
85279
85244
85212
85138
85068
84913
84876
84849
84828
84790
84760
87715
84532
84532
84407
84396
84365
83968
83964
83813
83775
83555
83548
83507
83488
83424
83096
83067
83025
82998
82879
82665
82642
82430
82198
82093
81947
81872
87037
86642
91749
81811
81510
81295
81241
81212
90824
80894
80648
80643
96024
92451
80627
80606
98467
80606
80509
80467
87549
91432
80449
85265
80382
80321
80257
80169
80139
80110
80109
80073
80073
80064
80007
79859
79678
79663
98693
92147
79626
79499
87103
79488
79419
79350
79244
78826
78823
78814
78805
78752
78607
78590
79964
82877
78532
78471
78343
78292
80632
86000
78011
77918
77837
77804
77783
77779
83608
81807
77773
77718
77646
96778
77462
77423
77407
85304
77369
77313
77117
77905
83999
77107
77103
77077
77045
76973
76820
76806
99774
76792
76730
76683
76669
90381
76576
76568
76483
88172
76477
84333
77328
76103
76096
76059
76052
75886
75780
83880
75766
75610
75594
75489
85475
75459
75339
75195
83561
79709
75188
75108
89161
75030
92558
94898
75004
74999
89738
74954
90345
74934
74899
74897
74825
74750
74745
74689
75268
74679
74582
80705
74318
74316
74156
74130
74105
73925
73735
73669
91144
73660
73653
73622
77817
73559
99326
73475
99446
73444
73406
73262
92448
99695
73252
73232
73163
93887
73127
88443
82117
75067
73085
99424
96303
72932
72907
72571
72513
72285
72233
72114
96148
72067
72065
91398
72038
71916
71856
84445
71821
71794
71746
71626
71534
71521
71448
85678
71142
93243
71141
71001
92161
70989
91965
70984
95401
70917
70910
70799
70668
70659
83050
70648
70626
70422
70413
70300
70270
70169
70137
70119
79781
70082
70063
70022
69952
91213
72308
97458
85687
69671
88483
89424
95759
69520
69415
94365
69412
69338
69316
69292
69186
85899
69123
69076
68980
74709
68941
68909
94341
97298
68789
68721
89482
68655
68645
88924
68645
88956
68637
68534
68520
68520
81443
68495
89859
77253
68426
68362
68231
68177
68155
68046
84864
89907
67868
67766
67509
67499
67486
83062
67452
67417
67375
98378
67353
68231
77868
67332
67297
67059
66848
96066
95567
86466
66744
66684
68400
66619
66558
71404
66553
66533
66715
66445
93791
66377
66266
96868
66244
66181
66131
82029
66113
99949
66030
66807
91325
72472
66023
65966
65963
65828
65725
65687
99534
75972
85150
65681
65670
65622
65604
91547
65503
65347
65209
65181
65088
64921
64879
66547
83883
64865
64793
73494
64732
75179
79809
64622
64322
64927
64204
64188
64510
64114
64071
82029
64014
94921
76986
63993
63937
73738
63918
63601
69353
89661
97998
71174
63582
63557
72639
63557
63529
63389
63387
63368
63239
63228
63225
63190
63181
63167
98283
92928
96483
91572
63028
64793
70994
62958
62792
71494
62777
97954
62748
62741
71346
62706
82292
62683
62666
62577
62329
62277
72273
62148
62085
61990
99561
85706
81887
61914
61874
79642
61855
61777
61724
70316
61687
61684
65966
76387
61556
61488
71519
61487
61345
93462
61286
61224
61066
69228
61059
65158
94905
63240
80034
60879
60695
60689
60567
60485
60379
60377
60213
60151
99633
89034
99362
88025
71755
93598
91018
60095
60034
90476
59874
59842
59727
59720
59704
69640
70378
63483
85439
59640
59622
59382
87142
64063
59340
59332
86019
96561
87155
59299
59270
59255
59208
88109
60571
89220
59108
59105
87191
59078
77180
83502
76088
59069
75321
59055
81154
62865
67609
72210
58990
64011
95078
65856
58892
58852
92550
58780
90009
78559
58763
58552
69972
58538
71965
69513
58516
58336
82866
58244
58130
62807
58070
58301
75043
58058
58054
58035
58019
57976
57921
95337
57887
57842
57813
84988
57787
57757
57585
57507
87017
84328
57431
60315
57366
57209
57141
93931
57080
57066
57014
56996
61016
74642
56978
56925
56867
66042
84719
56837
86991
56720
98564
76504
80155
62274
67978
75267
56540
56530
56457
66046
56417
68346
63817
56401
84396
56387
56344
75473
70657
56329
56260
56225
61984
56222
56175
62387
56157
56097
56083
56011
56008
55917
55858
55824
90771
88668
55690
55667
55653
75134
55615
55569
55539
55433
55279
70779
55237
55214
86899
55177
54984
74575
54966
97536
54803
54781
65086
70166
69464
94560
78055
54651
54580
54535
54465
95318
54369
54267
54183
54116
53922
75772
88090
71015
64186
79269
53903
74852
68753
53890
53848
59999
67786
65422
53832
66076
53797
68487
78274
55512
53763
53731
53716
74658
95781
53648
53566
75109
57352
63938
53537
96928
53491
53465
53460
53451
53438
74381
53425
53399
53376
78047
53326
53289
65672
53250
53226
76320
66576
64363
53222
69649
76850
67277
99868
53178
65267
56115
53117
58812
65460
53095
53048
52991
52980
55416
52955
52737
52705
65273
52685
52485
52442
52394
84038
52273
52269
82618
52249
52216
52211
52056
73310
83533
84153
52036
52128
52023
52013
52006
81082
61364
52815
75948
96640
51863
91557
51840
51732
51977
51697
51666
75946
51657
96688
51645
51638
99358
54800
82840
55964
53499
51472
51466
51455
51442
51359
51350
83146
51116
60510
51030
51014
50912
97769
50906
50902
50879
71849
50877
50847
94370
54372
50878
98722
50823
67338
50734
50733
59236
74688
50699
50675
50661
55379
50409
95635
50346
92753
99893
72491
50329
50313
50270
50070
50058
51203
50048
54230
50041
50038
83974
50002
49938
49918
