97
157
252
336
530
614
641
662
675
873
911
1019
1060
1120
1151
1226
1247
1250
1401
1533
1564
1572
1660
1827
2165
2167
2247
2494
2502
2515
2626
2690
2696
2781
2836
2845
2924
2979
3062
3098
3102
3128
3151
3157
3251
3409
3461
3497
3540
3558
3643
3750
3825
3945
4010
4029
4344
4510
4577
4727
4852
4863
4934
4949
4963
4998
5161
5214
5373
5415
5526
5537
5599
5647
5732
5735
5758
5784
5795
5800
5839
5875
5932
5970
5984
5989
6034
6104
6118
6146
6162
6215
6215
6333
6343
6354
6454
6477
6699
6748
6764
6811
6832
6844
7075
7094
7142
7156
7190
7231
7324
7339
7428
7441
7458
7535
7571
7696
7706
7776
7922
7967
7999
8318
8337
8564
8621
8692
8890
8891
8924
9031
9067
9073
9096
9102
9103
9136
9150
9211
9229
9452
9475
9525
9726
9764
9925
9963
9967
10087
10144
10197
10222
10231
10356
10414
10419
10445
10528
10593
10625
10715
10732
10815
10913
10987
10991
11107
11211
11223
11248
11352
11488
11560
11572
11725
11868
11932
11939
11976
12100
12229
12244
12284
12334
12361
12399
12407
12422
12434
12444
12529
12543
12548
12562
12627
12681
12801
12821
12955
13009
13044
13058
13216
13380
13403
13425
13471
13485
13515
13612
13665
13766
13920
13980
14044
14050
14068
14206
14265
14296
14352
14368
14393
14426
14531
14532
14545
14564
14616
14703
14832
14960
14979
14985
15067
15073
15102
15158
15173
15273
15369
15404
15436
15438
15461
15468
15515
15536
15616
15639
15698
15699
15764
15787
15803
15811
15856
15880
15924
15931
15973
16061
16181
16218
16237
16532
16556
16594
16607
16609
16853
16871
16989
17019
17027
17065
17140
17164
17198
17209
17271
17383
17449
17452
17593
17620
17709
17722
17754
17836
17856
17921
17936
17971
17998
18011
18109
18215
18345
18521
18569
18601
18710
18711
18891
19017
19027
19059
19103
19173
19238
19388
19437
19516
19521
19522
19523
19526
19529
19591
19614
19617
19722
19826
19838
19854
20025
20269
20286
20371
20391
20572
20599
20601
20761
20797
20940
20988
21002
21153
21158
21333
21389
21539
21608
21637
21702
21705
21831
22048
22197
22257
22264
22337
22350
22475
22674
22676
22693
22715
22729
23012
23097
23114
23116
23191
23216
23258
23316
23379
23445
23483
23761
23907
23996
24028
24124
24290
24334
24460
24579
24595
24615
24668
24813
24975
25035
25063
25071
25106
25115
25264
25275
25276
25290
25313
25314
25384
25550
25591
25814
25855
25864
25875
25982
26143
26157
26248
26259
26266
26376
26388
26416
26615
26656
26659
26684
26690
26762
26785
26881
26949
26972
27000
27072
27388
27701
27804
27863
27925
28034
28080
28159
28200
28240
28320
28369
28382
28391
28464
28476
28514
28569
28679
28719
28772
28842
28979
29009
29038
29082
29119
29227
29283
29316
29321
29359
29390
29513
29562
29585
29617
29652
29672
29773
29932
30011
30048
30191
30194
30206
30479
30480
30526
30713
30751
30782
30828
31106
31155
31245
31263
31332
31440
31516
31522
32008
32033
32037
32092
32094
32155
32163
32169
32242
32366
32452
32513
32589
32629
32752
32788
32814
32846
32949
32970
33007
33012
33029
33317
33394
33411
33459
33501
33691
33823
33860
33864
33923
33926
34055
34212
34258
34337
34412
34680
34682
34705
34904
35032
35039
35161
35259
35446
35451
35472
35501
35501
35557
35606
35687
35800
35809
35904
35997
36107
36224
36253
36264
36334
36492
36520
36561
36694
36823
36856
36871
36957
37021
37081
37105
37245
37259
37336
37369
37464
37480
37482
37535
37568
37698
37825
37831
37876
37887
37947
37947
37951
38051
38103
38109
38133
38201
38274
38283
38342
38492
38668
38813
38900
38997
39154
39192
39482
39485
39530
39530
39576
39646
39680
39779
39822
39873
39895
39898
39910
40067
40105
40152
40169
40215
40223
40226
40279
40315
40406
40428
40468
40521
40724
40888
40907
41161
41204
41409
41566
41576
41751
41765
41778
41792
41875
41921
41930
41974
42011
42101
42208
42236
42328
42333
42377
42442
42506
42544
42571
42615
42740
42801
42824
42832
42856
42965
43015
43075
43153
43257
43360
43452
43552
43590
43724
43730
43835
43853
43853
43888
43954
44112
44175
44198
44325
44428
44497
44761
44781
44911
45033
45169
45178
45252
45413
45441
45442
45483
45493
45520
45543
45588
45699
45705
45945
45992
46045
46158
46185
46187
46198
46216
46324
46415
46580
46584
46724
46820
46823
46841
46871
46889
46984
46995
47007
47088
47232
47252
47266
47290
47346
47384
47406
47443
47453
47524
47578
47667
47681
47698
47754
47822
47894
47965
48013
48023
48156
48181
48269
48474
48498
48508
48514
48548
48552
48581
48631
48685
48740
49046
49053
49278
99774
99662
99603
99550
99475
99448
99379
99360
99074
98899
98620
98592
97998
97895
97771
97725
97667
97565
97541
97451
97435
97406
97151
97142
97100
96833
96579
98157
96393
96354
96130
99560
95860
95765
95661
95634
95533
95514
95482
95444
95377
95253
95156
95004
94980
94905
94726
94145
94106
94031
93907
93735
93724
93695
93631
93587
93480
92936
92792
92480
92393
92343
98184
92234
92044
92042
91802
91550
91485
91368
91365
91286
91218
91081
91062
90843
90818
90742
90540
90298
90252
90156
90127
89998
89847
89741
89692
89674
98680
89889
89393
89348
89170
89098
89083
89044
88887
96317
88854
88763
88728
99538
88611
88529
88347
88299
88088
87941
87884
87762
97331
87593
87407
87401
87120
86709
86583
86477
86476
86460
86459
86396
86112
85934
85898
85880
85662
85588
85580
97380
85535
85410
93215
85357
85338
85326
92433
85323
85312
85149
85146
85066
84987
92183
84726
84521
84431
84420
90090
84411
84283
84222
84172
84155
84152
84136
84031
84022
83914
83902
83595
83408
94257
83171
82973
82922
83647
82891
88451
90391
86494
83307
82794
82772
82547
82389
82287
82228
96259
82068
82031
82018
81973
81659
81363
81177
81039
80981
80907
96756
80841
80570
80354
80315
80275
97297
80215
80025
79882
84459
79451
79213
78934
78856
83399
78710
78475
78381
78195
77963
77943
77931
77874
91941
77777
81758
85992
77766
77633
77276
76942
76842
76699
76690
76663
94562
76497
76410
76403
76152
76150
76150
76075
76033
76015
75985
79956
75977
75639
75524
75241
90077
74820
83794
74720
74647
96878
74554
83470
95943
74547
74438
74360
74163
74020
73604
73567
73387
73329
73111
87011
73003
72873
73823
72873
72656
72638
72538
72288
72199
78461
89557
78314
72181
72176
72156
72142
72029
71988
80717
71900
90385
75721
70795
99982
70706
91896
70487
70487
99974
98701
70200
98774
69994
77713
69993
69878
69813
98811
75549
69733
69664
83947
69536
69530
69343
69252
92163
69197
96084
69048
68796
91257
80212
68703
68582
95364
68540
78894
68520
79651
68372
68306
81183
86445
68281
79133
80369
68235
68196
68137
67943
73493
98849
69937
67771
67727
67719
67644
67587
67426
67330
67291
93840
67231
67221
83861
67213
80799
67144
67087
71216
66917
85954
66899
84403
95841
66898
66891
79300
66888
66718
66691
66677
76944
71306
66665
66603
87001
66512
66399
66392
66267
66258
66241
77371
66199
66096
66078
66040
65991
65961
71552
76645
77987
81118
65718
99132
65621
67341
80422
65594
72310
65556
65322
65117
64851
89880
64844
64838
64601
80345
64359
64304
64174
64166
91863
64157
80785
64067
63946
63894
63756
84572
63693
63586
65069
63564
63437
63390
63273
63152
63135
93926
63079
63077
90313
84182
63069
76995
76651
63037
62920
62758
62633
62620
62563
62520
62473
62196
72842
61506
92440
61504
61496
61490
61172
80864
67133
86334
68064
61149
60895
60892
89724
69321
60886
99428
69179
60832
89569
72597
70230
60653
60622
60498
60479
65281
60373
65972
60372
60368
60278
71564
60156
78637
60063
59974
59968
59897
59719
59578
59520
59441
67120
59416
62396
62782
87612
59356
59323
93047
59830
74899
67836
59315
73447
91045
59308
69811
59265
59180
58954
58893
58872
73599
58834
58814
75757
58671
92598
59488
58664
91445
77527
66819
58654
58651
60074
58524
58509
58411
61895
58399
99861
58262
58214
69408
87404
58100
59154
58062
95454
67974
82517
57920
57833
57761
57648
57638
93864
57609
82252
80642
72204
57443
57111
83635
56905
56656
56390
91887
73286
56356
56341
73872
56332
56273
61778
56208
56057
56019
55855
55792
55745
62646
55715
74278
87159
55656
93281
55650
62951
55606
89399
55523
77331
55418
93048
93273
55310
55251
59192
59955
81300
55243
82190
55188
55058
60887
55054
54917
54893
55822
97934
72205
54861
54780
84588
90742
74620
54773
54764
58488
54761
54670
54662
54653
54648
54588
54583
54575
70476
54532
54409
57989
54282
66051
54277
54185
54142
53832
90565
78959
93872
53793
53758
53738
53665
65065
85069
53572
69939
78480
53495
79388
53410
95039
53373
59976
71922
53302
53271
72689
53030
53003
66321
52917
52887
54979
52883
52851
54476
72808
98357
52845
58090
52818
79188
52753
60213
64317
52735
66097
97260
54347
52734
79331
52729
86838
52678
60806
62361
91065
67044
72852
52569
52564
52418
52359
85426
54108
52168
85635
53260
52045
52019
51948
68820
98267
67878
66288
62551
76226
51934
51866
51861
60155
51790
65899
51652
61881
51626
98567
51479
51477
51435
98768
83940
51335
51148
51105
58861
64245
51067
83047
83028
51021
90093
52394
51002
50944
83411
61516
50854
50681
50591
54739
50580
50533
50526
90549
50460
50182
50178
94445
50169
50106
50011
49897
83713
49787
73217
49607
49585
49466
81502
55095
49453
49378
