57
92
92
205
285
300
387
421
549
578
597
603
607
612
621
625
1026
1044
1225
1236
1407
1444
1531
1659
1709
1759
1893
1940
2037
2045
2115
2122
2167
2231
2336
2345
2412
2510
2749
2837
2862
2904
3012
3117
3342
3439
3515
3534
3654
3680
3703
3790
3816
3910
4001
4071
4142
4153
4195
4230
4311
4452
4464
4470
4899
4927
5312
5341
5376
5532
5717
5942
6226
6378
6453
6493
6592
6608
6652
6674
6812
6918
6989
7044
7175
7192
7294
7433
7452
7584
7673
7690
7735
7851
7853
7873
7913
8039
8099
8103
8112
8125
8287
8736
8852
9116
9177
9250
9261
9320
9326
9369
9466
9621
9688
9702
9940
9950
10018
10044
10224
10231
10329
10340
10365
10487
10507
10690
10753
10911
10918
10968
10969
10970
11043
11062
11122
11128
11165
11193
11214
11220
11402
11409
11484
11660
11673
11852
11968
11968
12034
12068
12253
12259
12285
12543
12746
12761
12800
12870
12967
13082
13134
13196
13280
13461
13524
13560
13613
13667
13724
13734
13773
13912
14104
14139
14184
14279
14312
14398
14416
14479
14530
14847
14859
15027
15071
15089
15137
15197
15279
15286
15332
15428
15457
15510
15703
15720
15788
15944
15950
15984
16131
16140
16171
16174
16189
16242
16296
16308
16324
16359
16364
16367
16502
16534
16555
16601
16658
16838
16840
16889
16909
16956
16964
17000
17249
17295
17456
17509
17570
17609
17654
17753
17975
18064
18100
18196
18444
18525
18692
18730
18797
18846
19121
19196
19236
19250
19293
19321
19392
19409
19623
19625
19735
19750
19775
19788
19810
19890
19907
19930
19931
19978
19992
20045
20379
20400
20547
20600
20741
20792
20866
21000
21200
21493
21626
21636
21733
21862
21889
21935
21986
22082
22168
22225
22232
22478
22750
22778
22890
23051
23125
23143
23234
23400
23676
23678
23789
23896
24037
24127
24241
24334
24437
24475
24494
24531
24621
24676
24791
24941
24963
25013
25245
25274
25286
25578
25601
25601
25626
25684
25695
25711
25726
25773
25912
26111
26162
26262
26457
26527
26598
26640
26654
26727
26794
26827
26889
26926
26962
26977
27010
27086
27220
27258
27294
27469
27500
27603
27635
27743
27785
27807
27810
27971
28128
28207
28215
28257
28367
28471
28495
28518
28544
28737
28847
28872
28902
28965
28965
28978
29088
29152
29252
29469
29616
29625
29691
29709
29719
29764
29777
29881
29927
30268
30372
30431
30511
30520
30537
30607
30634
30798
30826
30899
30930
31331
31534
31554
31574
31743
31745
31773
31872
32011
32052
32122
32218
32227
32244
32284
32463
32535
32563
32639
32906
33081
33093
33254
33264
33292
33375
33559
33631
33697
33749
33849
33860
34046
34099
34118
34167
34192
34493
34667
34700
34701
34777
34800
34976
35132
35398
35415
35427
35437
35440
35440
35472
35482
35574
35638
35693
35771
35882
35902
36172
36250
36252
36331
36454
36471
36511
36547
36576
36697
36704
36706
36737
36742
36890
36972
37210
37286
37315
37420
37541
37561
37593
37623
37644
37883
37928
37997
38049
38088
38254
38259
38282
38367
38369
38384
38386
38387
38446
38636
38667
38905
38905
38932
38957
38959
38991
39011
39037
39156
39182
39595
39693
39755
39800
40076
40197
40223
40277
40293
40301
40444
40479
40532
40613
40781
40971
41075
41185
41256
41278
41280
41343
41368
41386
41397
41398
41493
41529
41530
41588
41680
41817
42187
42249
42293
42375
42436
42454
42528
42804
42909
42910
42951
42979
43031
43136
43176
43241
43356
43375
43415
43421
43523
43680
43969
44011
44084
44097
44140
44217
44381
44406
44478
44556
44628
44743
44827
45076
45104
45174
45176
45338
45390
45452
45550
45644
45733
45806
46129
46260
46261
46424
46425
46475
46616
46660
46738
46766
46799
46998
47085
47242
47258
47279
47303
47401
47570
47604
47660
47750
47771
47933
47959
48066
48089
48184
48314
48347
48545
48626
49087
49098
49215
49470
49472
49686
49743
49800
99844
99795
99576
99495
99425
99413
99409
99367
99336
99176
98955
98878
98849
98798
98610
98519
98252
97943
97930
97746
97704
97330
96991
96839
96809
96758
96642
96493
99468
96316
96107
96092
95963
95604
95582
95518
95467
95350
94880
94809
94785
94460
94440
94320
94283
94045
94027
93934
93923
93773
93657
93643
93587
93247
93165
93162
93003
92942
92901
92823
92818
92779
92747
92737
92670
92311
92272
92169
92113
91893
91755
91403
91353
91314
91297
91057
90704
90586
90344
90080
89850
89840
89676
89675
89571
89373
96129
89207
89088
98533
88897
88865
88666
88421
87810
87771
87755
87568
87496
87327
87023
86977
86504
86503
95899
86454
86355
85953
85860
97628
85743
85497
85443
85301
85171
85018
84865
84697
84472
92653
84407
84107
84047
83997
83995
83952
83534
83470
83217
83045
82774
95160
82438
82405
82300
82078
81846
81269
81225
81059
81027
81024
80950
90744
80866
80865
80859
80795
80574
80391
80542
80330
80123
82648
80094
80043
79904
79845
79801
79597
79528
79440
79239
79194
79027
78848
78799
78603
97764
78519
78459
78396
78380
78286
91196
78200
78161
78103
78059
77969
77824
77729
77511
77387
77372
83040
90460
77368
77151
76556
76380
76022
76017
75758
75757
75734
96422
80805
75728
75685
75654
86677
75637
75426
75370
74868
74689
77265
74527
74462
95007
74305
78167
76690
74250
90412
74074
73774
95425
74828
73524
73396
73257
73070
99121
73065
74483
82689
73059
72814
72472
96203
94921
72395
72227
72202
72184
72183
72109
72094
91090
71939
71897
71882
71768
78594
71711
71663
80608
71549
88884
71369
71312
71209
70563
94403
70523
70103
69937
83682
69932
69916
69900
69866
69841
69643
69616
96494
69586
69436
69420
69411
69400
69296
69206
69062
68970
68900
68897
68869
68867
68847
92196
71634
68706
70985
68542
88919
68287
75023
68132
68058
68002
67920
67811
67756
97667
67582
67525
67476
78110
67436
67388
99582
67373
67356
92048
67343
78417
66985
66920
66839
66831
66534
84296
66526
66361
66215
85343
65980
94415
67361
65879
65800
65791
65785
65728
74898
65560
65552
65516
65466
83620
65379
65323
65300
78664
65274
65213
65141
74484
67354
89622
88230
65099
65068
64942
90428
89723
64577
64535
64489
64465
64311
64172
87208
63885
66610
63859
73662
63741
83357
72389
94214
63709
96461
65636
75243
63689
63530
63435
94667
63426
63359
63189
63128
63069
62951
75735
62921
62892
64895
98300
62753
62592
88706
67782
62589
62588
64495
97861
62553
75669
62504
62275
93768
62085
94075
98157
62044
61996
94838
61989
61915
65490
91664
61716
84080
73352
61675
61656
61546
61207
61192
61168
63130
74438
61099
84347
61010
60970
60907
64349
66470
76833
81304
73877
74165
60844
60762
60723
60565
60520
60509
60461
60268
60052
59960
86191
59915
65003
72092
59561
59481
59365
59202
59156
59096
59051
58849
58801
58451
58395
58199
58139
58088
58085
58010
57952
97035
57744
57730
97938
93096
57717
57617
57596
57577
57522
85025
57505
88591
69757
59585
57361
85457
60832
57070
79708
86304
57041
56943
56927
56866
56743
56730
56728
56665
97575
76321
75214
96948
96584
56504
79054
56401
56386
56383
56125
97653
56122
97824
56067
55785
55777
55708
55599
89009
55548
98886
55523
55442
95330
55408
60417
55272
55053
73606
55030
54920
54788
54687
54658
54571
54533
54517
61453
54412
83006
84443
54285
99756
81876
64061
54230
82929
54138
54086
70233
56719
53892
53787
53600
55428
86270
53354
53334
53321
53313
53281
73319
54215
53204
69743
70312
55837
93409
77430
53058
52936
99585
52728
52701
68935
80572
57463
52682
97942
90179
52606
62137
54240
52572
85681
52470
52306
72396
52166
98069
51918
51715
75118
51570
51543
51356
51196
51141
51106
83292
51052
50933
91618
80199
70561
50844
88564
75394
50688
50606
50530
50529
50508
50506
50449
86586
50421
50234
92338
59575
96503
59438
50185
72602
95859
62379
95936
49970
87410
69637
49963
49849
94480
55869
49820
91057
