138
822
1403
2018
2184
2230
2550
2783
3447
3561
3597
3764
3984
4042
4219
4256
4283
4964
5125
5345
5818
6077
6082
6429
6941
7393
8331
9009
9718
9747
10493
10574
11531
11982
12237
12239
12311
12741
13195
13242
13409
14228
14286
14575
14640
14660
14898
15446
15454
15588
15865
16523
16653
16725
16878
17493
17878
18026
18785
18941
19743
19846
20836
21634
22299
22542
22772
23073
24152
24270
24641
25686
25890
26574
27259
27434
27602
27831
27956
28089
28244
28383
28487
28534
29082
29098
29412
29498
29673
30422
30461
30489
30709
30977
31107
31136
31734
32472
33151
33597
34158
34223
34552
35366
35439
36349
36521
36719
37153
37546
37989
38094
38321
38636
39728
39933
40000
40151
40756
40871
41471
41475
42003
42336
42455
98668
96801
96569
95972
95415
95127
94208
93595
92808
92334
97305
91641
90508
90128
88989
88212
87557
86254
85314
85044
93787
93398
84306
83960
90642
83665
83509
93809
95520
83069
83061
82128
80209
80009
79986
87879
79672
79272
78144
76972
75620
87546
74826
90814
73379
70507
70323
72262
94959
69321
68892
68596
68510
67182
67079
66904
66777
66770
85654
66444
65927
65608
65266
92323
64637
74567
74194
64621
64359
63630
63488
63174
60338
60185
58092
92712
58064
57845
83644
57754
57302
57209
58907
56848
89629
93631
77462
58958
53980
59845
53951
53412
53280
57889
52318
92547
51980
51883
51834
51074
86611
60305
50632
50399
49830
98760
49148
61228
48837
48166
72091
48041
48003
55427
86594
47366
46298
45614
82305
45011
44283
42606
86602
83470
60540
