22
70
311
327
629
629
716
720
735
853
870
872
901
916
943
1052
1070
1080
1126
1186
1192
1212
1228
1246
1311
1320
1368
1413
1420
1424
1498
1525
1559
1574
1582
1623
1698
1715
1720
1740
1851
1857
1867
1869
1930
1957
1962
1977
2037
2045
2060
2218
2235
2267
2280
2317
2397
2502
2504
2572
2585
2601
2654
2666
2701
2781
2913
2997
3003
3079
3097
3101
3124
3192
3260
3261
3268
3289
3324
3363
3488
3497
3525
3544
3642
3656
3857
3937
3938
4017
4041
4072
4081
4088
4116
4128
4144
4157
4157
4158
4208
4353
4394
4412
4422
4428
4476
4514
4605
4661
4739
4785
4785
4910
5043
5056
5093
5122
5136
5177
5234
5305
5311
5316
5322
5327
5390
5410
5509
5568
5773
5779
5837
5845
5860
5863
5903
5922
5969
6207
6217
6242
6252
6261
6261
6314
6329
6345
6352
6384
6389
6429
6438
6439
6458
6493
6546
6589
6589
6621
6710
6844
6874
6930
7005
7080
7118
7223
7226
7238
7277
7312
7362
7425
7434
7462
7483
7504
7517
7563
7603
7689
7764
7767
7809
7823
7842
7974
8061
8070
8096
8102
8165
8173
8174
8193
8210
8292
8327
8359
8443
8471
8527
8609
8622
8641
8688
8699
8750
8753
8791
8795
8820
8931
8966
8966
8994
8996
9014
9182
9286
9294
9310
9328
9356
9360
9424
9434
9518
9544
9579
9616
9701
9731
9740
9801
9811
9843
9858
9860
9863
9870
9964
10019
10044
10229
10235
10245
10265
10295
10445
10450
10501
10553
10605
10607
10611
10621
10635
10719
10745
10745
10858
10894
10919
10932
10983
10989
11003
11141
11152
11162
11245
11292
11307
11329
11352
11353
11384
11497
11505
11521
11530
11619
11657
11675
11681
11717
11739
11781
11797
11801
11812
11866
11891
11898
11930
12032
12099
12102
12107
12109
12160
12183
12197
12557
12723
12754
12810
12851
12910
12954
12980
13043
13085
13179
13216
13229
13264
13356
13473
13486
13512
13560
13572
13590
13591
13646
13703
13709
13724
13731
13744
13757
13844
13862
13885
13979
13989
14087
14146
14209
14227
14292
14317
14345
14456
14474
14495
14508
14525
14530
14549
14554
14709
14831
14845
14859
14889
14892
14944
14987
14987
14991
15004
15192
15236
15238
15258
15290
15364
15367
15391
15401
15415
15444
15449
15452
15480
15492
15496
15582
15583
15585
15593
15628
15637
15668
15694
15732
15773
15805
15843
15905
15949
15959
15961
15979
15980
16041
16060
16075
16255
16255
16362
16370
16376
16502
16552
16577
16590
16647
16757
16776
16894
16924
16931
16960
16964
16988
17000
17005
17067
17074
17240
17283
17399
17560
17627
17668
17721
17757
17854
17933
18363
18370
18412
18418
18448
18518
18519
18542
18622
18638
18647
18658
18731
18785
18814
18883
18909
18989
19104
19126
19233
19244
19298
19356
19480
19493
19535
19566
19640
19705
19734
19745
19825
19888
20011
20037
20055
20117
20117
20144
20167
20210
20322
20344
20366
20431
20458
20462
20661
20727
20789
20837
20925
20947
20961
21039
21081
21089
21096
21185
21279
21354
21407
21446
21448
21467
21517
21718
21806
21818
21851
21923
21926
22003
22251
22300
22339
22421
22426
22481
22507
22550
22564
22568
22608
22627
22657
22667
22755
22763
22774
22862
22871
22900
22918
22959
22971
23016
23020
23044
23092
23116
23119
23145
23185
23259
23280
23284
23307
23530
23574
23602
23707
23746
23752
23790
23857
23897
24019
24039
24066
24071
24097
24136
24237
24346
24346
24372
24420
24458
24485
24499
24506
24573
24656
24968
25015
25015
25024
25048
25052
25162
25189
25192
25232
25338
25385
25422
25434
25471
25490
25540
25561
25586
25634
25654
25676
25718
25730
25734
25752
25802
25808
25855
25896
25931
25932
25988
25993
26006
26020
26024
26064
26111
26139
26165
26258
26304
26304
26360
26403
26488
26508
26522
26561
26580
26630
26662
26678
26739
26746
26780
26796
26817
26825
26837
26960
27048
27092
27116
27120
27164
27187
27262
27313
27364
27377
27394
27628
27664
27669
27670
27716
27774
27794
27834
27859
27859
27874
27992
28005
28029
28035
28140
28178
28236
28252
28254
28390
28399
28407
28478
28604
28639
28681
28690
28690
28696
28734
28851
28912
28914
28942
28975
29002
29013
29026
29045
29056
29065
29121
29124
29148
29227
29291
29299
29315
29323
29357
29391
29400
29418
29547
29577
29644
29678
29705
29728
29732
29754
29759
29769
29808
29838
29959
29970
29980
30012
30043
30062
30086
30227
30238
30289
30305
30312
30325
30354
30360
30426
30445
30603
30610
30676
30687
30763
30765
30787
30793
30871
30907
30921
30928
30938
31028
31035
31057
31085
31093
31100
31125
31132
31143
31146
31186
31194
31224
31270
31365
31475
31491
31518
31529
31560
31565
31704
31716
31765
31789
31825
31855
31892
31907
31977
31984
31989
31999
32093
32142
32144
32247
32262
32306
32313
32321
32389
32422
32463
32554
32583
32658
32683
32710
32764
32827
32839
32846
32923
32964
32981
33000
33075
33077
33112
33121
33241
33244
33250
33283
33312
33319
33348
33429
33561
33612
33756
33806
33834
33839
33861
33922
33926
33965
34006
34036
34102
34177
34236
34243
34289
34362
34461
34502
34579
34673
34726
34739
34775
34786
34857
34885
34893
34896
34958
34965
34982
35023
35052
35091
35142
35191
35232
35280
35288
35366
35395
35399
35415
35452
35516
35634
35662
35735
35767
35873
35902
36019
36071
36120
36146
36178
36242
36300
36310
36325
36456
36477
36543
36544
36652
36689
36690
36792
36897
36908
36986
37087
37200
37204
37258
37348
37374
37426
37427
37437
37481
37496
37508
37563
37578
37623
37636
37817
37882
37891
37911
37925
37930
38104
38175
38292
38303
38315
38383
38395
38419
38426
38482
38492
38551
38582
38631
38649
38681
38708
38726
38737
38787
38807
38825
38833
38912
38960
38988
39025
39032
39059
39062
39142
39142
39143
39168
39231
39318
39373
39423
39480
39497
39539
39608
39721
39774
39819
39856
39957
39993
40002
40094
40240
40260
40362
40412
40441
40473
40547
40550
40664
40737
40829
40837
40837
40846
41028
41057
41075
41091
41095
41127
41159
41242
41262
41328
41340
41341
41425
41430
41441
41469
41575
41598
41611
41635
41754
41757
41804
41805
41807
41822
41841
41863
41869
41927
41956
42036
42054
42242
42242
42248
42257
42265
42317
42433
42447
42509
42616
42685
42690
42691
42733
42757
42834
42912
43012
43018
43114
43157
43364
43402
43509
43522
43531
43557
43616
43625
43663
43725
43746
43761
43830
43864
43885
43915
43928
43946
43973
44042
44042
44112
44132
44278
44284
44356
44536
44555
44602
44612
44845
44910
45004
45006
45047
45110
45117
45163
45231
45287
45440
45468
45558
45559
45588
45624
45652
45683
45769
45789
45831
45848
45856
45952
46007
46010
46022
46088
46150
46318
46428
46435
46449
46455
46464
46557
46567
46644
46663
46780
46783
46803
46804
46828
46846
46976
46977
47047
47094
47114
47190
47256
47258
47334
47429
47456
47568
47569
47601
47640
47755
47789
47809
47853
47863
47869
47898
47956
47996
48080
48108
48166
48228
48262
48278
99978
99860
99692
99668
99585
99534
99419
99189
99130
99062
99032
98940
98857
98779
98567
98506
98495
98462
98431
98360
98356
98223
98202
98191
98168
98132
98066
98061
98022
97975
97913
97880
97861
97808
97639
97539
97490
97489
97448
97243
97176
97084
96961
96960
96798
96450
96431
96361
96331
96254
96232
96197
96165
96123
96064
96029
95953
95925
95835
95679
95676
95662
95636
95583
95563
95522
95483
95390
95191
95177
95132
95085
95050
94904
94891
94890
94783
94763
94727
94608
94496
98805
94476
94459
94429
94320
94305
94286
99835
94129
94117
94074
95223
94011
93844
93806
93670
93653
93449
93321
93283
93845
93809
93041
92983
93258
92871
92867
92518
92479
92423
92402
92379
92364
92348
92292
92272
92174
94350
91936
91779
91676
91564
91431
91236
91212
91078
91039
90930
90904
90896
90831
90804
90794
90785
90693
90639
90468
90433
90400
90338
90315
90150
90096
89805
89787
89787
89754
89463
89452
89393
89289
89276
93903
89146
89145
89041
89012
89008
88911
88804
88766
88603
88432
96436
88407
88275
87999
87860
87641
87612
87568
87495
87414
98358
86908
86846
86700
86680
86606
92156
86401
86337
86530
98033
86313
86266
86216
86127
86023
97438
85980
85926
85854
85823
85800
85786
85784
85730
85716
85141
85003
84979
84974
84804
84779
84764
84720
84597
84549
84468
84409
98559
84390
84361
84255
84197
84113
84048
83944
83928
95029
83762
83742
92860
83472
83341
83109
82982
82925
97594
82762
91994
82644
82533
89316
92485
82419
82370
82358
82333
82102
82090
94814
82012
81689
81683
91118
91525
81406
81405
81333
81276
81227
97420
81079
81056
80924
84650
80850
86798
81304
80831
93331
80825
90026
80820
80720
80717
99852
80609
80576
80245
80220
80213
80202
90470
80129
79974
79636
79613
79579
79531
79515
97077
79477
79418
92835
79414
79406
79324
79209
96464
79177
79053
79043
82852
79282
78975
78968
78902
78901
78887
78878
78767
90497
90700
78639
89519
78555
78521
78447
78442
78431
87849
92200
78401
78397
78256
88090
86232
78238
78182
78177
78175
78175
78158
78143
78070
77977
99993
77893
90122
77876
77860
87309
77820
77701
77689
98001
77655
77635
77510
77376
77341
77312
77195
77021
77017
76989
76970
76954
76932
76930
98787
76925
76879
76798
76779
80744
76704
76511
83972
76501
76486
76264
76258
80046
76203
76147
85427
75994
82607
75748
75707
88617
75659
75630
75551
75468
97800
88782
75399
75380
75338
94978
75294
75276
75197
75037
74928
74883
74849
98479
98261
80621
82236
74838
74824
74795
74461
74433
74425
74258
74221
74162
96462
74043
98399
73811
73618
95924
77138
73566
96124
73554
73539
73401
73345
73284
73272
73229
73086
73065
73055
73010
77411
80132
72952
72880
72780
88987
95462
72717
83620
72618
72562
72486
72471
72342
72274
72200
72139
71968
71817
95877
71799
71786
71782
71769
74149
71734
71727
71709
71699
71543
73067
71536
71518
71421
71419
71401
88481
71352
71229
71190
87007
75340
71164
71156
76860
71109
71077
71021
70956
70940
91909
70923
70919
87011
70719
70536
70535
70433
95569
70426
70260
70241
70205
81399
70102
70067
70048
98836
70009
73376
69984
86725
69855
69853
69832
69798
97985
69764
69745
69734
69584
84155
69534
69502
69425
69408
69378
69314
69258
69103
68927
68923
82936
68832
68808
99143
91965
96832
68720
84862
70857
80889
83839
68712
68613
91660
85401
68604
68567
68543
68527
90105
68510
68410
83213
68374
69134
68374
88291
68267
93521
68188
69878
67974
67952
67951
67815
67717
67664
67650
87402
67509
67425
68747
67351
67239
85229
67229
67211
67093
67051
66961
74762
89311
66905
82469
66905
90658
66878
66798
66789
66711
66699
66674
72900
77718
66624
91514
66605
66375
83495
98223
99507
66361
97854
66334
66272
66253
66241
66904
66179
66163
66162
66159
66132
66077
85824
65973
65921
65755
72436
65624
65578
65389
65353
67163
76075
65283
65217
65206
65187
65139
65126
91394
65118
65025
65005
64894
64816
64787
64782
74035
64747
70295
86427
64691
64675
64664
64636
64589
64397
64382
74799
87848
87269
64377
64342
64295
91269
64160
64116
75659
89606
64044
63960
78832
63942
63880
63798
78322
63793
63752
63631
63597
63596
63565
63482
63451
63339
63336
63156
63150
93538
63096
63090
82182
62922
62910
80603
97391
62881
62795
83925
62662
62652
62532
62503
62422
82193
71980
62323
62301
95986
98897
62279
62233
84855
62216
62084
61925
80205
61871
63213
61863
61835
67229
61754
82945
61651
61630
61616
61611
61500
61325
61287
61257
61142
61133
89822
61130
61125
61083
71844
61039
61002
68744
60946
91635
61437
60860
96278
64590
98979
86520
60735
60725
60705
60703
60693
94303
76242
94602
76083
91901
95449
60648
71825
83899
60607
60595
80172
84553
60529
66518
60506
73240
80207
60482
81255
60466
60291
60287
60261
60187
66373
69488
60179
60169
60035
60006
59926
59902
60613
86083
99130
59896
59804
70101
88104
71058
98027
72475
59593
59495
72670
82143
59466
59449
59344
59104
59036
58770
58677
58674
82149
58582
70925
75940
58548
58501
58475
62800
58454
58324
58324
63384
87717
58239
75394
58078
58020
93521
57932
84274
57884
73155
57863
57829
96863
57808
57791
81995
90884
57767
79757
57764
57726
57723
88966
57648
57501
57493
87189
78937
66909
57486
57432
57361
71267
57268
57197
62970
94761
57181
68492
57099
57064
57038
57007
94951
56960
98544
56908
56887
57110
79073
56842
56808
56794
74515
56711
56581
56449
56437
56410
56405
59671
75161
56348
56327
96446
56323
56279
56157
56107
56035
66672
85827
56016
56001
55986
55954
55859
55812
55811
58688
55746
55677
55640
70696
55625
55611
55574
55555
70184
55297
69506
55274
55199
55135
55059
54987
54966
54928
86456
54887
87005
54864
56731
54834
54736
56585
54554
90983
54416
54315
99219
91780
87082
74581
54282
54269
54234
54216
54072
98931
54039
86063
54011
53941
53858
53838
80213
53825
53762
53732
53654
53610
86167
53538
53470
53449
55436
86542
53339
95418
73069
53338
83394
53306
90221
99853
83486
53280
69318
53267
87929
53234
53136
53096
53087
53002
52956
52929
52816
74991
52810
52798
63283
52767
52760
52739
52703
54703
94763
87601
54917
52686
52675
52667
86262
78641
52648
52591
59143
60709
91831
66074
52436
76464
52341
72252
72410
52228
73649
52210
52128
72472
52126
87824
52063
88235
51947
51869
51825
51656
85789
61535
51637
83591
51594
51437
51436
51318
51301
75361
51283
51281
51184
51175
62903
69800
79867
51090
91803
62004
51067
51055
51047
50950
50875
50804
64212
50686
58424
78471
93025
50676
50674
50669
50621
50604
96284
50517
50437
50386
50370
73650
50354
81362
50342
50321
50288
50252
72241
50250
56429
99260
50236
67419
50203
50201
87670
50189
50011
87213
49960
75094
49846
78390
49806
78807
49780
49770
49722
49716
49699
49683
49682
49658
95655
82126
49595
49557
49546
86744
49544
77532
55691
49433
57614
49431
49408
49301
49281
49276
65060
49262
79582
49020
63988
60001
49018
48892
63913
48835
48788
48778
48728
64536
48713
48666
48599
99728
48568
48501
63708
98969
59347
88927
48440
48434
93934
48433
48391
48375
48306
57678
55812
