40
51
134
189
196
213
221
224
231
238
244
287
307
331
333
360
363
372
388
390
397
403
412
436
444
452
481
542
543
548
563
578
599
609
649
690
732
741
746
816
821
880
912
955
966
979
994
1000
1020
1021
1036
1053
1085
1093
1101
1106
1120
1158
1161
1181
1195
1273
1279
1333
1337
1415
1428
1451
1480
1546
1601
1619
1628
1750
1756
1773
1819
1886
1906
1910
1917
1926
1938
1948
1970
2000
2022
2024
2039
2062
2064
2127
2163
2186
2197
2200
2220
2254
2259
2269
2292
2327
2338
2365
2432
2435
2452
2465
2504
2510
2545
2581
2676
2676
2681
2691
2696
2709
2721
2794
2860
2865
2869
2880
2899
2899
2919
2935
2986
3006
3029
3053
3065
3090
3120
3141
3145
3168
3180
3260
3265
3267
3282
3289
3305
3326
3357
3368
3403
3420
3431
3443
3501
3512
3534
3550
3554
3579
3579
3585
3604
3608
3624
3678
3680
3709
3709
3719
3759
3819
3829
3855
3885
3931
3955
3975
4036
4046
4070
4093
4094
4103
4124
4131
4149
4156
4195
4232
4242
4253
4254
4269
4322
4324
4331
4348
4361
4366
4395
4397
4400
4434
4446
4459
4513
4540
4542
4591
4595
4602
4603
4615
4712
4742
4796
4810
4812
4864
4912
4961
4973
5044
5070
5115
5116
5194
5194
5204
5236
5281
5362
5374
5375
5421
5427
5437
5467
5480
5483
5532
5587
5687
5708
5750
5776
5800
5817
5824
5841
5863
5865
5883
5885
5970
6073
6094
6101
6115
6152
6221
6236
6244
6278
6281
6291
6295
6372
6413
6463
6471
6521
6550
6571
6576
6596
6607
6654
6674
6681
6714
6714
6823
6859
6864
6878
6887
6895
6911
6912
6920
6920
6980
7015
7044
7125
7134
7135
7151
7168
7209
7244
7264
7291
7317
7366
7403
7469
7503
7528
7530
7557
7576
7592
7592
7632
7634
7661
7685
7694
7704
7734
7754
7762
7771
7772
7783
7790
7814
7818
7825
7849
7850
7871
7877
7884
7935
7941
7966
8030
8068
8071
8088
8102
8134
8171
8175
8189
8216
8219
8300
8313
8368
8380
8411
8440
8452
8501
8515
8523
8542
8550
8626
8648
8711
8712
8786
8877
8935
8983
9026
9030
9078
9083
9112
9112
9115
9128
9131
9175
9209
9211
9218
9225
9249
9269
9302
9304
9318
9403
9405
9412
9415
9422
9422
9444
9493
9546
9562
9610
9637
9660
9715
9749
9759
9771
9781
9791
9794
9797
9814
9879
9892
9918
9950
9971
9988
9992
9997
10042
10063
10073
10109
10114
10119
10157
10164
10165
10190
10201
10222
10268
10322
10346
10413
10415
10430
10440
10466
10502
10509
10537
10590
10615
10625
10631
10646
10706
10775
10785
10790
10814
10823
10880
10888
10948
10960
10962
10970
10992
11029
11031
11043
11061
11065
11094
11122
11124
11141
11147
11190
11194
11208
11273
11293
11319
11367
11423
11426
11429
11449
11452
11488
11500
11523
11541
11562
11597
11606
11609
11611
11630
11643
11649
11709
11710
11739
11766
11782
11785
11796
11822
11823
11849
11851
11898
11922
11929
11953
11964
12011
12029
12091
12112
12126
12169
12177
12194
12216
12273
12364
12373
12376
12376
12422
12427
12490
12513
12555
12573
12619
12628
12664
12668
12670
12694
12753
12754
12774
12775
12821
12829
12884
12886
12887
12902
12915
12932
12960
12965
12970
13016
13050
13058
13077
13148
13181
13194
13196
13223
13254
13265
13275
13297
13331
13366
13391
13413
13445
13453
13454
13479
13490
13525
13543
13579
13586
13612
13624
13643
13650
13660
13686
13695
13722
13726
13787
13817
13831
13882
13889
13909
13929
13959
13979
13986
13987
14012
14013
14033
14036
14056
14072
14080
14092
14099
14111
14115
14153
14199
14219
14223
14238
14276
14317
14345
14369
14381
14396
14431
14463
14511
14522
14542
14567
14607
14609
14661
14664
14738
14744
14770
14782
14805
14836
14851
14857
14861
14877
14897
14907
14922
14963
14979
14988
14999
15043
15053
15085
15091
15096
15101
15108
15162
15165
15196
15268
15344
15428
15431
15474
15498
15535
15535
15536
15545
15571
15574
15584
15626
15656
15700
15705
15706
15761
15798
15821
15841
15844
15928
15946
16081
16085
16087
16125
16145
16178
16180
16192
16199
16258
16281
16301
16301
16312
16334
16362
16384
16391
16421
16446
16532
16539
16567
16591
16592
16601
16602
16602
16603
16606
16624
16643
16675
16685
16715
16755
16763
16772
16828
16863
16864
16870
16903
16907
16925
16927
16939
16989
16991
16999
17082
17095
17109
17127
17171
17239
17286
17305
17314
17367
17368
17397
17407
17409
17450
17496
17499
17541
17575
17583
17593
17603
17612
17617
17629
17653
17675
17675
17685
17737
17756
17767
17817
17820
17830
17840
17846
17856
17857
17934
17968
17972
17972
17977
18006
18024
18080
18115
18194
18195
18229
18240
18292
18326
18411
18479
18481
18519
18531
18536
18570
18574
18594
18623
18629
18678
18703
18715
18716
18733
18742
18783
18795
18802
18821
19014
19019
19041
19049
19091
19192
19213
19231
19239
19255
19280
19297
19299
19300
19318
19332
19368
19383
19389
19419
19429
19449
19480
19488
19542
19562
19626
19631
19638
19675
19701
19733
19737
19738
19753
19784
19785
19830
19874
19930
19950
19992
20012
20016
20045
20068
20072
20095
20105
20130
20150
20183
20205
20216
20376
20380
20388
20402
20446
20454
20461
20491
20505
20576
20594
20641
20645
20647
20666
20692
20701
20703
20706
20745
20746
20758
20786
20795
20797
20803
20859
20888
20896
20898
20958
20965
20986
21006
21043
21081
21091
21120
21157
21170
21183
21185
21189
21199
21216
21223
21244
21246
21254
21295
21303
21329
21341
21345
21374
21409
21446
21448
21486
21496
21498
21519
21579
21604
21617
21631
21671
21675
21681
21687
21762
21800
21807
21820
21822
21833
21850
21916
21949
21971
22025
22041
22095
22098
22104
22115
22118
22128
22163
22222
22253
22257
22263
22329
22376
22403
22439
22507
22519
22523
22562
22574
22581
22604
22626
22663
22664
22685
22691
22694
22711
22725
22733
22769
22770
22777
22781
22793
22796
22798
22811
22834
22843
22865
22900
22924
22966
22970
22972
22986
23016
23024
23025
23030
23037
23073
23088
23093
23103
23104
23119
23138
23143
23145
23150
23206
23235
23325
23331
23351
23360
23365
23372
23400
23418
23448
23466
23495
23550
23558
23563
23567
23611
23639
23645
23665
23690
23699
23729
23764
23783
23794
23856
23915
23922
23925
23942
23951
23975
23987
24007
24025
24083
24109
24133
24189
24218
24241
24246
24250
24301
24336
24342
24351
24376
24393
24398
24400
24440
24443
24445
24460
24472
24479
24480
24544
24554
24567
24629
24636
24657
24665
24732
24740
24742
24777
24782
24782
24831
24840
24847
24852
24912
24917
24972
24998
25019
25029
25044
25051
25057
25114
25137
25153
25201
25237
25291
25328
25329
25339
25417
25438
25470
25514
25530
25561
25606
25689
25693
25726
25731
25731
25775
25777
25807
25810
25810
25814
25820
25843
25845
25854
25857
25873
25877
25887
25901
25913
25927
25933
25933
25953
25964
25965
25975
25993
26025
26055
26058
26127
26129
26186
26211
26218
26219
26234
26243
26246
26295
26297
26322
26329
26333
26340
26357
26406
26426
26438
26478
26498
26519
26551
26573
26582
26654
26656
26728
26753
26790
26791
26816
26817
26857
26869
26893
26903
26971
27011
27019
27033
27046
27061
27125
27196
27223
27235
27247
27337
27453
27524
27542
27573
27581
27591
27613
27625
27640
27664
27689
27769
27774
27792
27794
27807
27818
27823
27833
27834
27846
27863
27895
27982
27985
28028
28076
28210
28235
28247
28251
28266
28275
28426
28447
28473
28474
28524
28528
28592
28631
28654
28667
28667
28668
28714
28721
28723
28736
28773
28774
28792
28849
28877
28884
28906
28919
28929
28965
29029
29034
29048
29079
29090
29100
29109
29135
29145
29158
29224
29225
29247
29266
29315
29334
29385
29423
29433
29466
29512
29575
29630
29630
29649
29665
29671
29673
29786
29810
29867
29877
29894
29929
29934
29940
29949
29989
30020
30024
30057
30059
30068
30074
30085
30088
30141
30163
30214
30251
30252
30260
30315
30358
30361
30361
30398
30413
30468
30473
30479
30484
30526
30533
30568
30597
30598
30624
30631
30702
30739
30753
30762
30783
30815
30860
30871
30888
30928
30935
30955
30959
30972
30993
31027
31041
31044
31049
31057
31067
31069
31085
31097
31127
31128
31129
31159
31190
31237
31273
31279
31293
31316
31338
31376
31470
31473
31496
31509
31541
31543
31604
31642
31660
31678
31698
31750
31756
31824
31836
31864
31917
31920
31944
31950
31953
31974
31986
31996
31999
32040
32081
32100
32111
32119
32139
32151
32178
32180
32243
32308
32316
32330
32370
32389
32408
32417
32432
32454
32470
32484
32527
32570
32618
32619
32631
32632
32677
32681
32814
32828
32870
32878
33012
33014
33019
33038
33059
33059
33068
33148
33148
33174
33212
33214
33238
33317
33320
33335
33355
33365
33400
33413
33416
33427
33434
33444
33468
33473
33498
33501
33504
33540
33625
33687
33718
33773
33797
33819
33848
33926
33956
33971
33991
34005
34058
34102
34103
34164
34208
34274
34297
34316
34357
34360
34383
34400
34448
34470
34498
34503
34538
34541
34582
34587
34609
34609
34610
34665
34765
34773
34776
34777
34826
34845
34855
34863
34871
34886
34888
34894
34968
34970
34990
35015
35019
35021
35055
35104
35128
35203
35204
35216
35232
35233
35245
35250
35254
35271
35271
35272
35282
35294
35341
35347
35361
35361
35372
35393
35406
35407
35431
35485
35489
35511
35551
35567
35589
35603
35605
35607
35638
35693
35762
35823
35873
35902
35913
35919
35967
35980
36055
36076
36117
36140
36170
36184
36219
36309
36315
36346
36346
36370
36379
36382
36391
36392
36415
36479
36481
36492
36521
36524
36526
36579
36625
36629
36635
36651
36657
36703
36708
36721
36742
36796
36820
36821
36860
36896
36931
36950
36957
36961
36977
37023
37048
37075
37081
37116
37117
37152
37184
37269
37304
37311
37406
37429
37432
37457
37478
37489
37503
37518
37535
37560
37594
37598
37625
37632
37635
37649
37711
37760
37776
37788
37792
37821
37833
37843
37851
37876
37939
38011
38029
38032
38078
38087
38088
38089
38105
38131
38159
38168
38182
38224
38259
38278
38297
38319
38350
38395
38397
38435
38440
38497
38501
38517
38528
38534
38592
38596
38610
38630
38687
38702
38706
38710
38713
38738
38757
38782
38811
38816
38834
38865
38880
38926
38950
38990
38998
39031
39033
39043
39084
39104
39152
39156
39178
39225
39225
39231
39233
39249
39298
39301
39351
39408
39412
39434
39445
39449
39459
39502
39513
39519
39545
39571
39578
39619
39621
39622
39665
39699
39704
39716
39727
39746
39748
39756
39758
39841
39847
39865
39905
39913
39922
39949
39957
39960
40005
40015
40030
40050
40055
40083
40116
40158
40183
40185
40191
40235
40238
40245
40245
40249
40250
40254
40258
40260
40269
40281
40290
40337
40338
40404
40423
40456
40476
40639
40643
40693
40698
40725
40746
40763
40785
40798
40802
40863
40906
40907
40938
40969
40974
40988
41013
41068
41071
41071
41074
41117
41118
41119
41171
41175
41203
41222
41256
41276
41301
41321
41335
41349
41351
41366
41389
41429
41469
41486
41489
41490
41518
41524
41566
41575
41591
41616
41621
41640
41664
41677
41711
41720
41800
41871
41886
41906
41939
41983
42001
42059
42083
42090
42107
42109
42130
42130
42142
42160
42166
42183
42202
42203
42244
42259
42274
42277
42282
42329
42337
42371
42387
42424
42432
42436
42451
42501
42543
42564
42580
42592
42593
42599
42661
42665
42697
42740
42744
42780
42797
42830
42878
42879
42934
43017
43036
43086
43112
43167
43169
43177
43188
43252
43264
43287
43301
43314
43325
43328
43330
43333
43339
43341
43388
43448
43525
43531
43544
43552
43568
43584
43696
43726
43727
43748
43754
43765
43767
43801
43831
43835
43838
43878
43882
44115
44127
44152
44179
44210
44210
44228
44228
44276
44338
44393
44436
44441
44468
44498
44528
44536
44632
44679
44699
44703
44705
44714
44738
44750
44765
44772
44780
44789
44808
44811
44813
44828
44849
44857
44884
44884
44947
45003
45039
45049
45052
45067
45103
45143
45148
45161
45187
45190
45195
45240
45242
45257
45260
45283
45309
45326
45349
45356
45366
45391
45486
45510
45595
45598
45604
45640
45645
45669
45702
45718
45721
45730
45731
45733
45754
45759
45803
45815
45828
45829
45886
45946
45983
46009
46078
46084
46125
46141
46187
46230
46236
46289
46290
46311
46315
46344
46348
46409
46420
46433
46485
46622
46680
46685
46693
46695
46704
46733
46763
46765
46806
46818
46821
46828
46833
46847
46852
46853
46887
46890
46903
46918
47015
47045
47082
47085
47125
47133
47192
47238
47263
47266
47272
47287
47303
47320
47370
47383
47409
47412
47462
47467
47478
47535
47543
47667
47671
47738
47744
47758
47774
47810
47817
47834
47848
47878
47890
47910
47914
47917
47930
47940
47978
48006
48022
48045
48085
48120
48135
48142
48161
48194
48208
48239
48242
48247
48305
48322
48324
48332
48347
48362
48366
48378
48392
48437
48443
48453
48456
48463
48519
48523
48523
48547
48563
48592
48606
48631
48649
48687
48724
48740
48787
48819
48820
48847
48865
48911
48913
48938
49003
49014
49029
49036
49041
49052
49067
49076
49086
49125
49147
49182
49183
49185
49251
49264
49274
49289
49295
49354
49365
49369
49371
49471
99975
99960
99949
99930
99901
99897
99854
99816
99687
99618
99482
99365
99362
99360
99263
99262
99259
98994
98971
98945
98854
98842
98810
98774
98763
98532
98510
98500
98498
98435
98383
98260
98259
98191
98148
98134
98108
98053
98014
97987
97961
97941
97915
97866
97737
97728
97701
97671
97671
97663
97621
97598
97568
97554
97500
97398
97338
97329
97246
97186
97179
97107
97046
97037
99242
97011
96969
96777
98610
96775
96730
96696
98863
96668
96658
96657
96627
96568
96561
98993
96535
96504
96499
96466
97536
96418
96390
96320
96180
96115
96102
96073
96029
96011
95944
95937
95924
95922
95879
95878
95814
95756
95706
95685
95674
95604
95501
96589
95496
95412
95393
95385
95374
95339
95283
95268
95223
95202
96676
95201
94951
94930
94905
94880
94837
94822
96987
94784
94775
94753
94701
94663
94649
94576
94512
94456
94424
94328
94310
94261
94240
94229
94160
94114
94112
94066
94024
93955
99503
93911
93893
93823
93793
93599
93539
93495
93479
93474
93466
95137
93448
93292
93100
93019
93014
92978
92921
92912
92793
92793
92776
92527
95305
92518
99564
92509
92485
92413
92346
92308
92281
98604
92268
92254
92246
92201
93348
92200
92132
92127
92121
92011
92000
91994
91966
91948
91897
98315
91869
91823
91765
94059
91757
91641
91628
91598
91538
91523
91448
91396
91822
91343
91298
91232
91343
91217
91211
91202
91163
90991
90954
90941
90926
90907
90887
90863
95617
90820
90815
90641
90584
90572
90418
90378
90247
98486
90246
90213
90155
99095
90118
93675
90083
89962
89927
89854
89821
89749
89721
89589
89564
89553
89520
89501
89471
89442
89677
89432
89358
89301
89283
89278
89258
89256
98418
89208
89185
89182
89145
89037
97461
89034
89017
88945
88891
88801
88728
88663
88536
88518
88506
97834
88490
88461
88449
88389
88161
88126
88108
88106
88083
88036
88012
87961
87961
94177
87889
87888
87855
87827
87826
94903
93359
87734
87712
87696
95031
87631
87628
87559
87524
87486
87449
98538
87430
98685
87394
87280
90603
87211
87207
87049
93323
87032
87032
86996
86991
86922
86918
86847
98166
86827
86796
86771
86728
98580
86724
86717
86662
93793
89065
86659
86619
86574
86422
86391
86377
86304
86271
86254
86196
86175
86107
86099
86097
86095
86018
85988
85888
85880
87737
85873
85869
85845
85800
85797
85792
85748
87145
85706
85678
85677
85645
93154
85639
85600
85449
90073
99484
85372
85178
85170
85142
85131
86222
85078
85015
85001
84905
84865
84788
84787
84776
84707
84661
91731
84658
98765
84638
84619
84584
84575
84488
84463
84456
84368
84365
84341
84337
84330
96126
84058
84028
84025
84022
84009
88974
83979
83962
83911
83904
83882
86479
83857
83832
83766
83734
83731
83665
83634
83628
83471
83416
83372
83357
83345
83321
83210
83165
83136
83095
83046
84824
83041
82904
82885
82873
82866
82816
82781
82737
82689
99746
82521
82512
82455
84223
82385
82371
82200
82147
82119
82090
81881
91052
81868
81856
81834
81787
81779
81749
81743
81699
81691
81652
81645
81584
81548
81538
81491
81462
81437
81325
89828
81217
81194
81193
87681
84238
81119
81115
81089
81087
81060
81012
81001
80967
80938
80915
80910
96307
80908
80908
99597
80712
95557
80709
80699
80609
99325
80607
80603
80590
80571
82765
80547
80460
80430
80385
80354
80247
80230
80191
80147
85185
80139
88636
80079
80045
80039
79980
79973
79959
79928
84106
79900
91572
84080
79895
79870
79867
79867
79844
79839
79810
79719
94739
79702
79699
79666
79648
79643
79639
79528
79506
80903
79499
79426
79422
79395
79285
79274
92732
80930
79247
79127
79066
79771
79027
78850
78798
78791
78777
78770
78727
78694
78673
78662
78496
78495
78485
78469
78440
78429
79636
78413
78347
78247
94477
78233
96623
78153
87364
78106
78093
83138
78028
78004
77965
77955
77866
77847
77785
77772
77767
77699
77698
86670
77690
77573
94709
77559
77555
77498
77398
77380
77268
77184
77126
78141
82436
77096
77086
77039
87226
81881
77029
94199
76915
96105
76911
76900
76825
76818
76816
76809
76683
76672
76659
76646
76610
76488
76455
76450
76416
76411
76350
76335
76263
76240
76234
76233
76146
76116
80289
76062
76016
76003
75997
75976
75919
75905
75905
75895
82300
75776
75766
75592
75555
75522
75496
83987
87401
75464
75394
96835
84058
75382
75367
75359
75345
75315
75289
75261
75249
75213
75135
75079
75068
75063
90839
75054
93219
74968
74897
78872
74870
74815
74683
74602
75191
74553
74529
74393
74326
74323
97156
77879
99892
93047
74298
74231
82343
74191
74111
74041
77337
77628
74024
74006
73974
73962
73944
75957
74629
73911
73889
99242
87858
81265
73867
89903
81005
85944
73823
94566
73786
73782
73712
73645
73557
73534
73508
73392
73388
82658
73375
73343
78390
73329
81833
73265
99384
74635
73212
73056
87310
73049
74944
87946
72974
83771
72972
72950
72869
81875
82762
72858
72796
72779
72751
72712
72676
72660
72562
75673
72462
72430
95503
72414
85216
82902
72410
72326
82397
72296
75370
83440
72252
72186
72119
94377
72058
97020
72010
95129
72185
94257
92609
79741
75866
71997
71977
71957
71922
95481
71879
71875
71866
74218
71854
71832
71822
71760
71728
71724
71719
71710
71687
94764
71680
71615
90024
71573
71480
75919
95364
83820
71903
71464
71395
71334
71328
85558
71294
71208
74598
85717
71191
88664
96781
71176
71112
71106
74229
71078
85708
88214
71055
71037
71309
94704
71035
71012
70929
70837
70793
70768
70762
70660
87551
91357
70654
90015
70466
88354
70448
71726
70379
83759
70361
70356
98349
77162
70335
70335
70271
76304
74363
74562
70270
70246
70227
70219
70170
70164
70122
79848
71899
70074
70039
72187
70002
70001
69948
69944
69918
69883
69875
69858
77170
69843
69775
69663
69597
84087
69585
78691
81775
69576
69473
69412
69400
69380
69313
75173
69306
69297
69255
69236
69227
69221
69179
91490
88886
69161
88724
69154
69140
74518
69118
69088
69057
69033
69004
68915
68864
68858
83292
68764
68764
68747
68736
69353
97195
88849
68726
68649
69139
68623
68622
68606
79896
68569
68522
68390
68382
68362
97861
86581
68354
68319
68256
68232
76116
68225
68181
68168
68063
68041
68040
67932
79038
67930
68041
67914
86323
95987
67892
79175
74018
67886
67883
67877
67865
68159
67855
67820
67818
96428
67790
67774
67759
67758
67726
67702
67700
67667
67652
67612
67599
87805
67576
67521
67425
67421
67383
72893
67312
67296
85414
67267
67248
67226
67226
93548
67158
67010
66893
66888
66790
71315
88382
76645
66758
66748
89215
66711
66693
75182
66675
81640
66645
66612
66595
73140
66512
66421
76136
66400
66394
66377
96329
66376
66260
66254
66232
66221
66183
66150
66102
79823
66059
97932
66057
79596
66045
66027
66015
66009
82909
68125
81963
65963
80447
81331
65948
65934
65873
65858
65855
65747
65718
65667
65646
65609
65565
96363
97440
65542
65499
65467
72834
65465
65454
65450
65440
94680
65327
65248
65236
65189
74744
70868
83929
87629
65165
65123
70215
80360
84705
97045
83874
65049
65007
86444
83032
64993
70986
64983
64951
66946
64903
64898
64881
90534
79272
64849
64845
64830
64782
64777
86832
64768
64757
82640
64712
64696
64686
64657
64646
84890
96197
96998
87136
64622
64605
86633
64594
64589
86601
64582
64547
64534
64495
64418
64416
64397
64363
64338
82121
64326
89264
84165
64308
64247
75998
80387
68745
84387
73034
64242
91074
86443
64240
78324
64240
64232
64184
64171
64164
64118
64115
71380
84870
97038
64110
64034
69711
88113
64032
70614
64023
63910
63864
78843
89699
68144
74917
85756
63815
63800
67310
92833
63800
69224
63789
63776
67521
63738
63785
63667
88413
70116
63634
63617
63614
63603
63601
63541
63541
63515
73705
63477
63421
96859
63393
78095
63369
66438
99880
63351
63219
63205
63154
63126
63108
79649
66294
95242
63067
65214
63046
63039
62982
70570
62931
77172
62881
94930
62879
62878
62837
62817
62783
79015
62761
99417
95784
62678
62656
62656
77465
72070
62650
81047
62617
98869
62615
62538
95359
62493
62491
62465
67699
62433
62275
62272
62218
62214
79219
62169
82185
62151
62131
62125
62109
65777
62103
62074
70864
62062
62036
61988
61954
85245
76087
83377
61949
82413
61941
61837
61768
61751
61737
82363
69201
61712
61676
61652
66712
61648
61639
61616
61613
61558
61466
61448
68957
61430
61373
61371
72866
61319
79298
68959
61296
61193
61166
77422
61135
61130
61019
60988
86518
60975
60962
88578
88548
60930
60854
60853
60849
80985
60726
60689
60665
60611
60579
60574
83348
91210
60551
72600
69142
60477
80854
60450
60439
88465
66106
89839
60366
60333
60323
60316
60190
69466
99519
60177
60148
60136
60074
82166
60033
78136
59970
64018
99268
59962
59962
59919
59871
96260
78577
59755
59637
59627
59756
59623
59566
59532
86397
59486
59480
92093
59445
70585
59441
59438
59403
87622
59380
99914
59344
59238
65340
90892
59210
59112
59110
59044
75866
99023
58957
85184
81754
58912
58899
58888
67470
92041
58877
58856
58805
58801
58789
68618
58780
58760
58749
58742
58716
77328
58652
58648
79678
58642
58641
58627
58605
58595
70325
58587
78747
58567
73266
58528
58475
59379
94735
58431
72363
58429
58406
58400
58389
58345
58329
58322
74082
58315
84350
79771
75507
80864
58302
58300
58299
87246
58271
58264
58228
65405
58209
98180
58177
93106
58158
75453
69150
58104
81584
84836
81826
58085
85463
95608
63535
58080
58010
94296
57984
57955
57947
88674
97984
57910
57821
99429
72122
76837
57753
70461
57732
57713
81318
93602
57705
57687
57675
60228
76205
57672
99526
57657
92008
57649
83982
85040
57598
83665
57595
76246
83109
72717
57549
79675
96398
57528
93655
57526
57512
57453
57435
59607
57411
57393
57372
57368
57272
57230
57218
57188
57144
57074
57062
57050
85046
97544
84391
81914
57043
57032
57010
56938
56921
56920
84997
62997
56908
64992
56908
85563
56869
56825
56798
56658
68934
94732
56647
56633
96435
56544
56540
59227
95994
56538
56506
56362
56340
67195
56332
56324
56318
56303
56293
56286
56225
77256
56211
65881
75356
65154
56210
76351
56190
56104
56059
56043
56121
56006
55964
55960
71471
55891
65440
85083
55882
55876
93860
95419
55860
55857
99715
57181
55826
56764
57598
72737
55797
55707
55655
55644
58030
99199
55625
55598
55586
66978
55552
63676
76515
97948
70318
87758
55535
55510
94988
55504
55474
55449
69765
55447
94947
70864
99908
55401
72073
89420
63900
91798
63622
55371
72437
69524
85964
55339
55300
55289
56841
55250
55246
79268
55209
55163
55130
55124
56624
59040
55116
55089
75063
55071
99774
79095
55065
55051
83209
55038
55027
66419
93284
54947
89685
54934
57581
61961
72174
54931
54859
64311
77386
54843
54796
54758
54750
54748
54719
54711
63651
83465
62217
54699
54640
54574
65039
54571
62047
54558
54554
68722
54546
92195
54497
70952
96745
56342
54452
54440
73460
54432
54413
55367
54364
54330
84801
54326
60885
54261
83165
63682
54248
55897
54212
83934
75313
54187
81546
83924
54139
54069
69594
54050
54034
54019
54012
58958
54000
53991
53976
92900
67519
53950
94281
71569
76605
53931
53916
66058
53879
87636
53825
88060
81926
53796
53779
73209
53716
66281
53694
94013
53686
94385
53668
54755
53654
53580
53579
53571
75166
53555
53551
94029
53533
60718
53509
57434
54419
89748
53460
53409
97807
53373
77715
53339
53331
53306
56764
53270
60145
53258
53256
53252
53251
64719
53216
75242
73966
63211
82846
53213
56180
91440
53208
53178
53177
53159
82297
53132
80147
53091
53085
73179
53046
53033
83642
53020
97518
71489
53015
83441
96522
52966
90380
52930
92407
52867
52857
52852
79862
52852
66905
96154
52781
98880
52735
66468
52734
90611
97215
52710
52695
52683
52636
92672
52588
76883
52563
72525
52552
52532
52502
87258
52424
52419
58068
89152
52341
76368
52337
52330
53211
91635
95938
58614
71615
61918
96363
52285
93715
67091
52276
81698
52271
52258
52244
52184
52172
91663
52093
56227
59464
52080
52048
51981
51924
53361
91882
85562
51908
84298
61097
51907
55053
51901
97748
61872
98089
94734
72657
71771
51890
51880
87298
51867
51834
51814
51812
83211
51810
51807
81486
51796
62533
71443
51772
51682
75146
96530
51680
51663
51655
51648
63264
78640
51622
97017
79168
51618
70485
51614
51587
73922
51571
51556
70055
51553
71383
51551
85873
80677
51519
51517
52666
53779
58338
51501
96508
77337
86670
59425
51491
92096
80840
52352
99410
51452
91573
81646
53065
51444
51440
92380
51301
92526
58215
61562
61020
51267
51236
51232
51229
77134
51206
90096
51184
66379
65653
56852
55418
59831
51165
64575
51161
97470
51158
95772
51151
51135
51116
61901
94570
51092
91604
54426
57121
51074
51070
51058
51046
51035
90191
50994
80273
69903
50975
99033
65306
50957
72756
50930
85855
50902
81981
71752
50863
68398
83440
50845
50834
51907
91280
50823
50821
50816
79400
74703
50798
50794
66443
90250
50766
50745
98342
56915
50673
50658
50649
50619
50618
50609
50586
70775
63534
50539
50523
50514
91545
50463
74328
50416
50334
70315
50288
88861
69221
70284
67949
50260
50257
62905
74678
86023
80603
69184
50251
93538
50237
50217
50160
50126
50116
89949
50064
50040
50023
74819
49983
87183
49978
49943
50777
49914
49877
49827
49820
86743
68964
49772
64817
90383
93375
49756
74194
49752
49743
67681
49723
49696
71683
49691
49680
70975
49669
82889
55161
49664
91588
49648
49625
49590
68855
49585
49557
52036
86268
49544
49515
49504
49499
68246
67912
49494
97373
