1
3
24
26
49
63
99
105
108
193
200
202
219
244
315
358
465
509
550
557
574
582
589
645
652
675
729
733
751
797
821
1043
1133
1159
1214
1273
1277
1298
1315
1348
1353
1368
1391
1412
1451
1458
1513
1514
1533
1536
1559
1597
1632
1662
1664
1679
1693
1734
1798
1799
1981
1996
2015
2034
2036
2042
2048
2086
2091
2120
2184
2185
2290
2294
2295
2318
2357
2497
2550
2607
2641
2644
2654
2680
2688
2741
2761
2763
2809
2812
2850
2854
2865
2944
3055
3072
3091
3102
3120
3250
3352
3382
3457
3467
3479
3481
3500
3514
3570
3614
3618
3624
3638
3651
3654
3730
3792
3898
3989
3993
4060
4069
4096
4114
4134
4196
4209
4216
4224
4236
4259
4259
4267
4280
4352
4369
4429
4446
4499
4509
4512
4518
4527
4567
4582
4613
4644
4666
4712
4719
4776
4779
4807
4841
4859
4869
4870
4885
4888
4893
4915
5005
5009
5015
5016
5023
5030
5037
5057
5067
5080
5084
5110
5132
5155
5189
5190
5202
5214
5246
5276
5333
5350
5364
5373
5464
5497
5504
5549
5552
5584
5587
5589
5646
5648
5670
5695
5750
5755
5774
5790
5934
6003
6010
6028
6071
6103
6121
6168
6217
6218
6244
6307
6338
6358
6415
6461
6469
6509
6550
6550
6581
6602
6689
6746
6756
6785
6829
6896
6966
6987
7039
7047
7069
7110
7149
7150
7172
7190
7211
7213
7248
7280
7289
7309
7349
7448
7454
7626
7640
7796
7810
7834
7835
7850
7859
7889
7895
7903
7967
7977
8001
8021
8047
8143
8146
8188
8236
8350
8372
8394
8397
8426
8539
8558
8564
8593
8653
8690
8735
8808
8816
8826
8836
8844
8979
8993
9032
9035
9062
9072
9072
9076
9093
9100
9107
9161
9194
9210
9223
9233
9244
9261
9296
9305
9326
9332
9349
9373
9406
9414
9414
9434
9626
9664
9682
9700
9722
9728
9745
9757
9799
9828
9853
9907
9993
10014
10014
10016
10096
10101
10102
10112
10147
10155
10166
10172
10207
10251
10280
10293
10303
10320
10326
10358
10402
10452
10461
10529
10604
10613
10620
10622
10628
10645
10655
10656
10670
10690
10728
10779
10782
10805
10810
10816
10818
10883
10970
10999
11001
11008
11034
11054
11063
11117
11143
11196
11203
11203
11210
11221
11263
11278
11307
11378
11416
11418
11447
11461
11484
11484
11484
11545
11552
11591
11629
11640
11650
11688
11695
11712
11734
11750
11763
11785
11790
11794
11813
11819
11830
11832
11833
11888
11921
11961
11968
11999
12034
12055
12063
12096
12135
12184
12188
12265
12284
12332
12436
12440
12442
12442
12478
12505
12513
12542
12572
12628
12689
12712
12719
12816
12816
12860
12866
12936
12965
12995
12996
13032
13087
13178
13214
13259
13295
13326
13366
13383
13435
13470
13503
13522
13538
13656
13677
13691
13713
13797
13819
13820
13918
13944
13968
13980
13986
14007
14072
14072
14074
14102
14149
14216
14265
14269
14274
14283
14339
14352
14489
14531
14551
14556
14566
14578
14607
14642
14647
14663
14672
14694
14697
14703
14765
14773
14792
14795
14818
14823
14829
14869
14902
14941
14953
14963
14985
14992
15105
15137
15157
15173
15186
15187
15196
15205
15208
15208
15268
15424
15441
15505
15530
15541
15576
15605
15618
15643
15649
15652
15667
15687
15692
15750
15752
15778
15858
15877
15896
15935
15947
16000
16014
16057
16058
16077
16098
16121
16132
16188
16206
16244
16267
16278
16301
16342
16350
16409
16454
16456
16460
16529
16535
16549
16603
16640
16696
16730
16737
16763
16783
16813
16817
16854
16918
16958
16982
16997
17011
17025
17027
17027
17041
17106
17130
17153
17182
17258
17313
17324
17335
17354
17480
17503
17541
17570
17575
17675
17687
17693
17730
17761
17761
17787
17802
17896
17900
17960
18020
18037
18127
18132
18138
18186
18202
18206
18220
18264
18268
18406
18464
18465
18497
18508
18599
18614
18623
18645
18669
18684
18736
18759
18777
18786
18814
18945
18979
19025
19144
19165
19188
19285
19328
19347
19369
19375
19383
19507
19517
19538
19542
19584
19592
19595
19598
19626
19632
19779
19781
19817
19856
19858
19863
19881
19942
19946
19986
20004
20019
20086
20092
20099
20109
20144
20179
20239
20263
20298
20402
20419
20425
20482
20489
20511
20586
20588
20604
20632
20653
20654
20666
20688
20784
20829
20854
20888
20892
20934
20942
20987
20991
21023
21080
21100
21156
21189
21203
21268
21304
21315
21348
21374
21393
21508
21539
21568
21729
21775
21799
21808
21816
21854
21878
21928
21965
22053
22085
22089
22129
22140
22147
22155
22217
22283
22285
22322
22334
22352
22383
22399
22430
22453
22455
22504
22553
22679
22679
22681
22699
22755
22835
22838
22862
22879
22898
22938
22966
23063
23068
23108
23135
23224
23229
23261
23303
23313
23386
23407
23427
23456
23501
23554
23580
23661
23673
23675
23676
23750
23775
23813
23844
23849
23857
23860
23930
23943
23961
24013
24032
24037
24055
24064
24072
24087
24098
24099
24099
24118
24196
24242
24248
24296
24383
24427
24448
24473
24482
24549
24553
24580
24644
24701
24703
24736
24755
24820
24822
24843
24859
24884
24892
24943
25013
25015
25029
25048
25055
25121
25140
25185
25232
25236
25288
25308
25339
25350
25352
25361
25375
25408
25419
25442
25478
25553
25582
25661
25680
25734
25753
25765
25787
25803
25951
25952
26006
26033
26083
26085
26088
26091
26104
26109
26113
26118
26124
26125
26208
26209
26238
26409
26419
26425
26426
26504
26523
26535
26540
26550
26599
26635
26691
26738
26824
26824
26840
26855
26903
26911
26913
26916
26951
26959
26990
27040
27047
27163
27286
27289
27291
27310
27330
27331
27363
27434
27468
27472
27529
27541
27555
27556
27592
27607
27676
27683
27752
27784
27786
27815
27841
27860
27863
27873
27913
27923
27934
27957
27984
28033
28042
28059
28166
28237
28237
28336
28349
28409
28421
28430
28433
28445
28472
28553
28559
28569
28585
28607
28614
28638
28658
28670
28735
28745
28796
28841
28846
28874
28894
28919
29022
29056
29062
29078
29091
29115
29123
29211
29295
29339
29350
29369
29376
29398
29404
29417
29468
29471
29491
29595
29724
29826
29829
29843
29865
30021
30044
30064
30110
30130
30137
30253
30271
30272
30272
30305
30400
30415
30503
30593
30616
30632
30663
30699
30837
30883
30926
30930
30932
30945
30954
31008
31009
31044
31065
31085
31129
31134
31204
31214
31240
31270
31293
31319
31390
31407
31475
31552
31675
31686
31724
31726
31777
31778
31832
31861
31905
31911
31912
31919
31940
31954
31957
31960
31968
32091
32108
32131
32159
32180
32229
32239
32257
32259
32262
32276
32427
32480
32513
32556
32572
32598
32603
32636
32641
32645
32660
32720
32730
32842
32853
32865
32893
32913
32919
33041
33083
33134
33143
33202
33215
33249
33259
33273
33280
33286
33297
33377
33409
33444
33445
33487
33543
33554
33573
33613
33645
33653
33741
33757
33811
33822
33851
33865
33867
33891
33922
33924
33930
33941
33955
33964
33976
34040
34041
34090
34188
34197
34277
34320
34382
34402
34419
34445
34455
34549
34596
34626
34654
34728
34752
34759
34842
34849
34865
34868
34888
34891
34897
34921
34930
34953
34990
35000
35010
35021
35030
35093
35099
35131
35176
35205
35212
35229
35264
35316
35322
35360
35464
35498
35502
35514
35514
35516
35559
35616
35618
35634
35647
35662
35717
35767
35771
35806
35843
35868
35874
35917
36010
36027
36038
36053
36121
36149
36161
36178
36192
36211
36268
36272
36287
36367
36370
36377
36460
36483
36519
36529
36585
36631
36647
36647
36667
36697
36754
36773
36782
36843
36891
36897
36962
36995
37059
37069
37092
37102
37144
37146
37176
37215
37219
37249
37275
37358
37375
37384
37389
37395
37397
37427
37438
37439
37485
37489
37533
37617
37645
37756
37772
37810
37835
37838
37887
37912
37933
37999
38053
38077
38084
38105
38116
38173
38185
38203
38203
38246
38257
38266
38296
38348
38374
38382
38398
38446
38456
38488
38500
38556
38575
38644
38648
38654
38676
38681
38773
38785
38792
38807
38854
38898
38939
38958
38986
38997
39062
39063
39071
39092
39115
39212
39215
39216
39253
39268
39344
39384
39387
39398
39441
39490
39518
39603
39618
39619
39647
39649
39692
39729
39793
39867
39894
39982
40048
40053
40056
40072
40110
40145
40147
40158
40229
40264
40271
40290
40301
40312
40313
40328
40447
40512
40582
40582
40583
40584
40602
40618
40659
40681
40696
40745
40749
40765
40781
40794
40803
40811
40871
40890
40926
40948
40950
40950
41001
41003
41041
41041
41070
41121
41137
41169
41174
41188
41192
41269
41280
41281
41331
41355
41371
41387
41403
41426
41431
41458
41472
41483
41507
41508
41530
41598
41603
41692
41696
41706
41736
41775
41813
41845
41857
41889
41899
41928
41943
41950
41974
41976
41984
41991
42001
42224
42245
42261
42281
42293
42309
42326
42359
42379
42395
42410
42428
42449
42454
42470
42485
42546
42603
42638
42657
42680
42746
42752
42767
42800
42848
42884
42999
43034
43076
43107
43122
43124
43135
43146
43204
43228
43256
43341
43349
43412
43429
43457
43466
43485
43492
43495
43496
43498
43590
43616
43680
43685
43741
43789
43794
43853
43860
43874
43887
43906
43908
44054
44070
44147
44165
44183
44238
44319
44412
44477
44633
44671
44676
44751
44753
44774
44794
44808
44813
44853
44876
44881
44932
44957
45086
45086
45120
45132
45145
45230
45244
45330
45347
45380
45446
45470
45482
45535
45632
45697
45702
45709
45762
45827
45846
45896
45909
45912
45951
45972
46027
46069
46071
46071
46076
46077
46085
46128
46131
46139
46193
46198
46231
46270
46292
46333
46339
46352
46371
46375
46385
46390
46438
46496
46510
46513
46542
46589
46626
46666
46722
46732
46776
46907
46965
46998
47011
47029
47035
47198
47286
47315
47367
47434
47462
47633
47656
47685
47716
47723
47730
47758
47784
47853
47941
48035
48113
48128
48146
48155
48167
48187
48200
48205
48222
48236
48293
48294
48323
48329
48350
48363
48367
48383
48403
48423
48424
48430
48458
48486
48510
48547
48573
48587
48607
48666
48725
48768
48785
48785
48802
48826
48933
48938
48939
48942
49034
49087
49094
49103
49103
49130
49156
49291
49294
49381
49406
49431
49440
49459
99954
99893
99814
99741
99699
99659
99632
99622
99432
99349
99280
99234
99180
99133
98989
98897
98847
98829
98820
98484
98418
98216
98188
98129
97927
97768
97761
97697
97621
97600
97569
97536
97523
97510
97439
97416
97402
97397
97360
97224
97166
97125
99945
96925
96702
96697
96688
96685
96671
96561
96518
96512
96478
96418
96338
96290
96280
96272
95986
95976
95802
95784
95653
95609
95566
95560
95471
95381
95369
95339
95107
94998
94858
94656
94654
94580
94529
94499
94496
94484
94406
94399
94362
94334
94311
94244
94124
94112
94110
94097
94084
94050
93953
93903
93839
93775
93752
93693
93683
98765
93657
98066
93452
93340
93263
93089
93015
93003
92977
92927
93649
92855
92813
92708
92678
92598
92543
92533
92531
98854
92326
92313
92297
92245
92145
92034
91958
91868
91802
91768
91762
91734
91715
91701
91701
91697
91663
91661
91654
91647
91646
91613
91428
96859
96476
91371
91298
91200
91041
91014
90872
90831
90810
90722
90663
90571
90564
90410
90353
90346
90315
90287
90276
90186
90060
90043
89977
89937
89903
89730
89717
89618
89566
89535
89475
89400
89273
95821
89164
88922
88896
88874
88838
88765
88710
88682
88681
88650
97699
99875
88628
88582
88518
88467
88448
88436
88414
88409
97031
88342
90237
88291
88233
88208
88165
88108
87997
87933
87923
87801
88198
99080
87746
87691
87664
87662
87649
87630
87620
87600
87563
87487
87479
87450
87429
87325
87246
87225
87070
86987
86901
86889
86851
86803
86678
86606
89601
86583
86533
99830
89450
86525
86388
86291
86250
86147
86129
86027
85893
85883
91324
85869
85822
85634
85531
85524
85446
85373
85254
85121
85117
84974
84941
84864
84749
84674
84538
84538
84525
84424
88953
84357
84294
84269
84200
84159
84110
84074
98964
84025
83862
83842
87312
95553
83839
83822
83796
99595
93232
83699
93108
83698
83601
83477
83457
83403
83361
83120
83086
82983
82938
82833
82805
82647
82568
82548
82493
82489
82466
82211
82143
82064
82017
81992
81975
81957
81933
81869
88328
81849
81845
81748
81742
81710
86621
81703
81661
81629
82377
81568
92827
81503
81490
81459
81457
81454
81389
81387
81374
99757
81357
81347
81281
81221
83771
81206
81173
81171
81163
81009
80947
80901
80882
80826
80805
81179
80802
80781
80691
80669
80650
80623
80538
80518
80478
80413
80378
94450
80285
80275
80268
80239
80233
88912
86774
80208
80202
97664
80184
80107
81147
80039
80037
80014
92024
80003
79981
79962
79953
79930
79851
79821
79655
82156
79480
79425
79354
99796
79280
79190
79119
82331
78979
78961
78874
78826
78781
78767
78711
78703
78650
78620
78577
78510
78446
78327
78322
78156
78132
84674
81426
77958
77942
77903
99489
77865
77850
77846
90690
77750
84019
77750
78043
77552
77546
91402
77403
77380
77291
77249
77236
77209
77207
77157
90356
77148
77131
77503
77101
77096
86443
77074
77072
77014
82353
76945
76929
76782
76692
83244
76634
76628
76626
76607
76541
76346
76332
76311
76270
76203
94195
89206
76172
76090
75937
75926
75911
75882
82918
75804
76902
75802
75741
75736
75722
75714
75679
94925
75598
75523
75426
75424
75416
75348
91271
75169
74985
74946
74898
78627
74875
95914
92208
84148
74767
74612
74381
88112
74372
74295
78396
90314
92069
74291
74136
74135
74108
74101
74049
74048
74008
73974
73949
73934
73883
81363
73879
73827
73790
82436
73778
73720
73662
73645
88922
73582
73523
73464
73447
84666
73395
73377
73344
73338
73319
86638
73296
73288
73277
73273
87490
73227
73180
98294
73139
73119
98872
94740
80381
73116
73055
96715
73034
72912
72883
72859
72688
72611
72556
72556
72524
91588
72505
72444
72388
88001
72339
72248
72221
72220
72185
99958
72169
72073
72061
72051
87524
72007
71804
91612
71753
71688
95939
71616
71599
99214
71584
71562
71546
71529
71528
99544
97129
96556
71503
89194
71472
71455
71358
94788
71334
71297
71205
71136
93165
71124
71114
71085
71052
71037
95378
71030
71029
70949
75113
80019
90704
97917
70872
93641
94409
70756
70701
70568
72432
70561
98509
70513
70498
70399
70293
85579
70083
70048
90763
70010
69879
69859
69791
69788
88486
69787
69779
69762
69740
69726
69663
69634
69626
90274
69449
89596
69417
69408
69379
97869
69366
92832
69352
71398
69319
69304
69853
69257
69233
71625
69230
69225
69183
69179
69155
74263
69139
69130
68982
74557
88780
83165
70121
68911
68884
99212
68794
91550
73700
68721
68697
68616
83600
68581
92753
68545
89869
76031
68521
75386
95175
83490
68514
83488
68504
68417
84745
91192
68374
68366
68320
68318
68190
68142
68135
87768
95333
89738
93936
86695
68125
68039
74125
67967
76964
67941
67898
67821
80929
97490
67762
93515
67753
81109
97731
76053
91519
67744
67731
67615
95372
67555
67508
67465
91674
85175
79375
67463
67447
67387
80148
67371
67323
67260
94583
67255
95839
98618
67243
67212
67172
67138
67085
67008
66953
66931
99405
66927
66922
71954
66904
66870
96931
66850
66779
94849
69967
66740
66727
66661
91224
66632
90135
66602
66594
96364
67851
90407
83983
66585
66583
66570
66768
76738
66537
66529
83350
66486
73351
66485
66424
66385
66211
73580
66164
66131
66118
97818
66106
65989
65940
65940
92681
65928
65919
85856
80629
65802
65614
65569
65568
82209
65558
65557
65519
76502
65511
69809
94448
65506
65445
71094
65287
65250
65222
89484
69512
65140
65136
90798
65066
65065
65039
65002
64996
64985
87862
64909
64900
95237
64899
64820
64784
70748
64719
64692
64657
81966
64637
64615
64568
64482
64455
64426
94421
84896
85294
64413
64310
64253
64433
71590
99903
64205
64105
69618
64084
64076
64061
64028
63992
93415
63948
63924
63895
63878
63807
63795
71005
63792
63745
63712
63667
63637
63635
63538
77454
63518
92760
63320
63312
63289
63269
63992
99479
63249
94314
63121
77416
63013
63003
62980
62979
62962
62889
62756
62718
94993
62694
82147
81631
81303
62672
62558
77712
89622
62549
62513
62508
62457
62403
62401
62359
62339
62293
92909
64683
63160
66399
93031
62277
63005
62261
95801
62119
62074
89466
88543
62015
62955
61992
86629
61987
61925
77718
61835
61720
81030
61698
87490
61622
61605
91698
61575
61541
62895
61533
77595
61493
61422
61406
61404
61391
61379
61352
61315
61289
61285
61200
61171
67533
61127
60999
60981
60938
60929
76746
73025
78938
60927
86415
71700
60915
60853
60792
60723
74216
86012
60687
60672
60671
60642
60617
60593
60588
60586
60511
60468
60428
89126
70540
60416
60372
88704
60362
92704
60361
60309
60296
98635
60288
60269
93334
62824
75701
77428
60236
60227
60187
77624
60184
89504
60067
60061
60050
85182
95305
89541
59924
59910
72816
59906
59902
64700
76688
59900
88254
98490
59787
97262
94284
59783
59703
59649
59642
78969
73263
59613
72107
95956
59596
59538
59551
99548
99156
83738
71491
62149
95905
59489
59408
59373
64026
59320
59316
81482
59309
93231
59272
59254
59251
69681
59215
59175
68498
59164
59107
59021
93106
59004
58989
58944
81340
58768
86221
77493
65217
70944
92778
95238
60243
85476
89495
58765
58736
58712
68800
58711
58633
58606
58606
73937
58572
90329
80640
58557
58553
67263
74853
58486
58453
58387
91256
58373
91317
62934
58369
82935
66672
58340
66058
81704
58339
58331
58241
68550
58126
58087
69353
70345
92520
60834
68913
58077
58025
58020
85339
93392
57974
57832
57821
90665
57793
57772
57770
57731
57727
57719
84041
57675
57655
57627
89235
60493
84569
57605
74998
57599
57596
57593
57592
57543
57440
57435
57397
57376
57355
88362
57326
68640
57302
72381
65812
57250
57249
76952
95516
57233
62221
75796
80242
65818
82952
57231
61829
57227
57182
73956
57178
79198
57078
66738
57075
57074
86023
78743
57058
63376
57030
56958
56887
56874
95384
98848
68440
56869
68942
56847
56840
56821
76404
56816
56790
56780
56778
87002
56761
56741
95052
56715
56707
56637
56627
64311
85896
83485
65927
56597
78458
63291
56550
89595
99559
56536
56489
77474
56452
56450
56427
56410
56400
84530
56374
56248
56225
94100
95899
56126
56106
56066
56060
58154
56048
55976
55962
55926
77777
55909
55895
84738
83231
71131
55890
55853
86843
55760
65583
75495
57230
55743
55735
55693
57401
55639
98694
55628
55602
55596
98986
55578
96744
55491
56522
55432
63088
63975
55428
81088
55362
55300
55237
72122
55231
55216
55182
55142
77948
78531
76870
81009
55126
94131
69838
55091
61088
67783
72707
88679
88612
64687
55080
59273
55070
95072
95097
55009
54954
54857
54768
86211
56122
54692
54670
63771
54994
63802
54650
54645
54550
97273
54496
54411
54331
94724
54318
54278
54189
54179
54088
84477
74233
62886
66815
79761
54082
54525
82490
53979
74569
53973
62192
53946
73394
76900
92148
53892
53829
58323
53751
53738
53673
78857
53655
93185
59403
53616
53566
53469
64777
70088
69635
53443
89100
53354
53277
53229
53227
60745
70127
53191
59993
73151
53171
81162
81717
98312
69561
60488
53125
53124
89949
53103
53075
59597
53042
52988
52972
52944
52937
52919
52891
52883
69821
88327
67338
63768
83941
62132
66933
58278
52865
95607
66563
52839
52805
52791
94595
72412
52782
86439
52759
52715
52709
52697
52657
74470
52651
80292
56785
52608
60378
61666
95974
96201
52580
76603
52524
53269
94770
52454
88416
88312
52423
52395
68272
79196
52373
52344
52294
90365
86075
52288
89978
57319
52281
52244
74007
74631
61050
97365
66541
52080
99441
52044
80446
52031
51988
91511
51944
51824
51802
51793
51767
51721
51638
59755
98454
78476
51531
51481
69391
60180
96487
51459
59672
51456
66532
51454
83995
86457
51361
51312
71981
51304
51283
66381
51219
91125
57493
51166
99896
78804
51160
51121
51117
51052
82396
51046
51022
52827
50995
92534
87284
54645
86373
61705
50973
50962
50957
77874
92201
50938
50897
50791
91818
96391
83732
56819
62048
75183
50787
56993
81409
50767
50753
66682
61570
50750
50738
50720
62092
50624
52666
52631
50586
85748
62071
62900
50556
88881
61615
66677
50548
64847
74966
74543
50421
67410
50380
50371
50355
50336
50327
50318
50221
58855
90509
73577
56150
70140
72023
53403
55333
50639
50213
50190
50137
50134
50133
50090
50050
62141
90714
96136
50017
94874
50008
49970
67118
49968
72308
49896
49857
49808
49745
49723
49699
49695
96299
49681
49663
65385
49577
49522
49490
88591
49477
64442
57792
