8
45
52
59
66
78
81
110
168
218
245
280
290
303
328
344
348
371
383
403
567
582
584
644
682
764
883
899
910
927
943
993
1022
1069
1074
1093
1100
1115
1189
1196
1211
1230
1237
1267
1273
1304
1347
1347
1358
1452
1462
1495
1516
1581
1582
1589
1598
1620
1635
1682
1732
1743
1788
1833
1847
1923
1945
2040
2044
2067
2075
2092
2106
2115
2160
2199
2206
2222
2253
2253
2295
2383
2394
2436
2461
2488
2511
2517
2529
2532
2564
2571
2588
2606
2618
2654
2659
2678
2717
2724
2872
2920
2927
2946
2994
3016
3017
3038
3046
3059
3086
3095
3105
3116
3144
3154
3190
3203
3228
3262
3262
3341
3368
3380
3419
3432
3437
3448
3467
3491
3492
3492
3495
3521
3523
3527
3528
3531
3548
3549
3565
3573
3610
3626
3692
3742
3772
3772
3792
3794
3887
3978
4020
4038
4043
4048
4048
4049
4070
4072
4126
4229
4270
4286
4287
4322
4329
4348
4350
4355
4364
4376
4447
4478
4489
4520
4647
4729
4790
4850
4873
4877
4923
4951
4955
4965
4998
5002
5026
5027
5040
5119
5121
5123
5132
5140
5144
5149
5228
5237
5245
5294
5306
5325
5325
5337
5344
5348
5352
5354
5369
5487
5495
5502
5523
5594
5602
5626
5630
5646
5653
5670
5718
5729
5729
5754
5780
5864
5889
5963
5965
5981
5992
6007
6021
6040
6141
6190
6203
6224
6227
6244
6246
6256
6259
6275
6307
6339
6345
6410
6418
6426
6427
6464
6467
6534
6599
6612
6614
6620
6653
6662
6684
6708
6719
6730
6744
6745
6771
6773
6787
6799
6824
6837
6839
6879
6928
6934
6961
6974
6999
7103
7103
7103
7108
7157
7204
7276
7288
7344
7355
7367
7427
7440
7457
7490
7491
7511
7536
7559
7596
7608
7611
7622
7687
7718
7746
7749
7819
7852
7852
7858
7919
8004
8005
8013
8020
8034
8043
8046
8106
8106
8245
8248
8338
8345
8354
8371
8374
8376
8381
8387
8388
8394
8426
8469
8471
8483
8486
8487
8510
8538
8571
8575
8580
8644
8656
8690
8695
8730
8859
8864
8867
8872
8920
8943
8949
8964
8971
9004
9027
9088
9089
9123
9136
9160
9160
9163
9166
9178
9228
9235
9240
9256
9292
9308
9338
9347
9421
9425
9431
9519
9524
9545
9545
9561
9565
9626
9645
9650
9711
9755
9822
9835
9837
9840
9844
9849
9852
9864
9939
9951
10065
10097
10238
10268
10280
10282
10286
10311
10319
10350
10351
10451
10452
10494
10500
10504
10539
10549
10578
10585
10592
10610
10612
10626
10632
10664
10679
10732
10746
10760
10760
10792
10822
10836
10891
10995
11015
11019
11034
11052
11073
11119
11145
11171
11181
11212
11237
11300
11322
11345
11361
11390
11430
11450
11451
11459
11508
11527
11569
11588
11597
11635
11652
11681
11735
11739
11752
11756
11767
11860
11937
11937
11945
11955
12013
12039
12063
12121
12123
12185
12254
12276
12309
12312
12361
12364
12378
12466
12551
12595
12659
12677
12688
12699
12705
12723
12739
12745
12747
12756
12767
12786
12835
12864
13024
13048
13060
13146
13162
13204
13218
13258
13284
13350
13430
13450
13461
13488
13492
13505
13535
13541
13573
13578
13613
13637
13668
13680
13693
13752
13792
13894
13912
13946
13969
13989
13999
14028
14037
14084
14087
14093
14109
14126
14210
14225
14266
14270
14277
14313
14339
14340
14341
14349
14363
14372
14384
14415
14416
14467
14467
14554
14563
14570
14597
14614
14621
14640
14696
14703
14765
14775
14792
14843
14899
14974
14988
15015
15080
15093
15100
15113
15119
15119
15179
15230
15237
15244
15279
15287
15420
15436
15451
15506
15533
15540
15552
15579
15582
15583
15618
15622
15628
15641
15675
15695
15697
15698
15710
15837
15906
15914
15929
15969
16066
16073
16116
16123
16124
16128
16161
16225
16266
16392
16392
16415
16474
16499
16508
16547
16553
16558
16593
16625
16717
16780
16840
16937
16942
16959
16974
17046
17068
17069
17123
17126
17187
17214
17222
17223
17230
17277
17343
17420
17467
17491
17491
17505
17534
17549
17556
17596
17647
17650
17688
17776
17795
17814
17818
17855
17879
17887
17904
17937
17941
17945
17960
18069
18093
18130
18181
18201
18207
18242
18249
18252
18302
18382
18414
18500
18522
18582
18624
18652
18658
18715
18731
18732
18733
18816
18825
18825
18914
18923
18926
18989
19095
19097
19100
19111
19147
19211
19261
19265
19265
19281
19287
19289
19296
19300
19329
19339
19388
19402
19413
19421
19430
19442
19493
19571
19588
19596
19622
19707
19785
19786
19800
19820
19839
19845
19874
19908
19943
19957
19986
19990
20054
20068
20082
20090
20092
20116
20152
20176
20177
20268
20325
20327
20345
20363
20405
20409
20428
20430
20430
20431
20438
20463
20501
20617
20698
20707
20790
20798
20873
20921
20931
20958
20990
21031
21055
21075
21084
21089
21089
21118
21164
21169
21272
21291
21321
21338
21343
21403
21421
21458
21458
21479
21494
21547
21598
21631
21670
21684
21696
21794
21861
21875
21903
21957
21968
21981
22013
22038
22055
22148
22198
22212
22272
22303
22315
22353
22362
22367
22436
22449
22462
22474
22537
22547
22579
22584
22589
22596
22607
22675
22680
22724
22730
22751
22755
22779
22803
22813
22814
22850
22854
22857
22884
22890
22910
22930
22999
23009
23024
23030
23047
23058
23083
23084
23086
23106
23176
23238
23240
23269
23289
23295
23404
23424
23438
23588
23623
23625
23710
23717
23768
23785
23788
23803
23822
23837
23842
23871
23910
23914
23917
23943
24031
24056
24130
24142
24167
24182
24206
24245
24379
24407
24429
24465
24492
24498
24507
24530
24550
24571
24587
24596
24599
24650
24710
24757
24764
24833
24879
24892
24914
24938
24958
25030
25103
25136
25151
25162
25200
25245
25266
25296
25328
25355
25360
25447
25506
25519
25657
25725
25728
25764
25786
25792
25837
25910
25933
25949
25956
25991
25999
26035
26047
26052
26074
26109
26114
26145
26153
26184
26220
26229
26235
26322
26437
26453
26479
26524
26551
26568
26656
26701
26732
26739
26753
26790
26820
26861
26907
27010
27058
27072
27075
27088
27097
27105
27111
27120
27127
27139
27156
27167
27181
27213
27245
27293
27310
27349
27371
27476
27499
27558
27594
27624
27637
27640
27652
27681
27691
27700
27724
27729
27739
27744
27761
27792
27815
27854
27865
27871
27921
27988
28091
28129
28159
28201
28230
28286
28286
28305
28317
28324
28359
28366
28366
28387
28400
28407
28416
28472
28493
28528
28532
28570
28576
28600
28608
28639
28639
28658
28668
28694
28699
28739
28740
28775
28778
28802
28955
29025
29037
29102
29119
29175
29273
29291
29370
29432
29439
29439
29466
29672
29713
29736
29836
29839
29894
29941
29955
29965
29973
29995
29997
30076
30221
30251
30253
30278
30321
30377
30419
30453
30468
30574
30589
30617
30625
30630
30641
30683
30684
30700
30757
30903
30931
30938
30943
30967
30970
30991
31100
31115
31191
31202
31209
31215
31216
31313
31340
31351
31352
31360
31368
31396
31410
31421
31424
31463
31488
31576
31637
31644
31675
31678
31705
31706
31706
31709
31710
31730
31737
31759
31783
31800
31804
31815
31847
31850
31861
31861
31930
31959
31988
32030
32032
32039
32041
32046
32053
32083
32114
32124
32137
32143
32147
32150
32155
32165
32203
32222
32269
32285
32312
32316
32327
32328
32372
32417
32429
32491
32530
32537
32610
32614
32618
32623
32625
32630
32636
32656
32676
32681
32697
32708
32792
32869
32899
32899
32918
32953
32977
32984
32984
32986
32986
32995
33032
33115
33130
33142
33157
33169
33171
33187
33190
33193
33245
33257
33259
33299
33315
33326
33363
33375
33392
33419
33462
33477
33487
33492
33502
33509
33512
33519
33535
33563
33570
33576
33592
33595
33595
33604
33635
33647
33711
33728
33808
33879
33881
33913
33927
33957
33973
34027
34040
34066
34085
34100
34143
34154
34164
34191
34210
34218
34231
34232
34274
34294
34303
34321
34356
34404
34420
34450
34465
34475
34493
34514
34574
34581
34613
34645
34648
34665
34667
34721
34729
34735
34737
34770
34794
34833
34852
34859
34875
34913
34926
34928
34930
34931
34931
34934
34950
34961
35034
35079
35098
35117
35166
35241
35330
35352
35388
35391
35394
35408
35425
35429
35460
35474
35520
35538
35583
35597
35632
35638
35647
35671
35686
35708
35717
35755
35768
35778
35792
35834
35867
35876
35884
35966
35967
36004
36048
36218
36236
36241
36260
36311
36314
36334
36338
36406
36429
36460
36489
36519
36555
36567
36621
36707
36711
36733
36757
36760
36766
36766
36811
36835
36846
36858
36874
36888
36968
36970
36985
37027
37089
37096
37105
37132
37192
37220
37299
37327
37341
37360
37426
37439
37512
37523
37579
37588
37611
37646
37664
37670
37699
37707
37707
37708
37748
37768
37775
37776
37788
37795
37832
37835
37866
37908
37930
38007
38009
38019
38065
38068
38100
38144
38156
38159
38194
38255
38263
38289
38301
38352
38355
38363
38373
38401
38407
38408
38516
38559
38578
38625
38627
38679
38681
38720
38755
38772
38792
38801
38804
38816
38920
38950
39006
39012
39013
39032
39034
39042
39046
39082
39105
39160
39170
39178
39189
39199
39223
39230
39251
39412
39412
39436
39436
39441
39443
39466
39477
39503
39540
39547
39554
39603
39638
39651
39679
39697
39763
39774
39805
39822
39858
39891
39901
39935
39956
39972
39981
39991
39998
40005
40008
40080
40082
40105
40112
40129
40142
40153
40154
40157
40167
40168
40189
40219
40314
40333
40346
40368
40372
40391
40400
40412
40509
40584
40608
40627
40673
40703
40725
40747
40780
40790
40848
40876
40885
40911
40946
40959
41046
41090
41101
41102
41102
41123
41142
41153
41161
41162
41165
41178
41178
41192
41219
41239
41241
41245
41254
41304
41312
41318
41321
41322
41356
41419
41453
41465
41478
41493
41560
41580
41585
41610
41673
41677
41688
41692
41701
41734
41760
41783
41845
41854
41862
41888
41908
41944
41957
41979
41982
41985
42000
42051
42078
42096
42134
42148
42172
42242
42246
42256
42266
42275
42359
42427
42509
42518
42530
42602
42624
42643
42678
42679
42701
42708
42739
42778
42792
42828
42836
42860
42899
42926
42974
42989
42997
43042
43044
43111
43117
43131
43151
43154
43154
43176
43214
43238
43248
43313
43384
43391
43463
43553
43581
43647
43671
43684
43714
43775
43781
43820
43823
43824
43843
43860
43888
43918
43929
43942
44020
44076
44084
44100
44130
44135
44209
44215
44241
44282
44287
44317
44363
44370
44411
44482
44523
44551
44710
44710
44764
44779
44820
44839
44882
45002
45014
45034
45076
45103
45133
45139
45171
45199
45226
45230
45245
45247
45256
45275
45296
45298
45304
45337
45359
45374
45411
45433
45440
45443
45457
45469
45483
45534
45537
45539
45624
45634
45659
45683
45685
45729
45765
45782
45825
45882
45947
45951
46103
46106
46110
46140
46147
46154
46199
46223
46258
46272
46284
46290
46314
46369
46416
46425
46432
46451
46477
46488
46546
46572
46609
46641
46711
46739
46741
46765
46803
46831
46835
46837
46852
46916
47092
47135
47171
47176
47216
47261
47266
47291
47344
47359
47360
47362
47399
47408
47410
47458
47485
47552
47557
47560
47608
47611
47612
47619
47628
47635
47748
47792
47796
47812
47816
47917
47922
47951
48000
48005
48009
48022
48042
48054
48096
48096
48123
48166
48199
48214
48218
48224
48246
48314
48401
48407
48421
48455
48472
48476
48505
48663
48698
48722
48730
48754
48760
48778
48804
48934
48948
48949
48983
48984
48988
48996
49020
49027
49035
49050
49095
49096
49141
49203
49204
49258
49287
49315
49316
49322
49328
49346
49400
49419
49462
49474
49491
49504
49510
49582
49716
49718
49744
49765
49774
49869
49871
49884
49903
49927
49928
49931
49984
49988
49993
49997
50026
50056
50062
50080
50155
50162
50167
50179
50222
99690
99671
99671
99660
99610
99517
99430
99347
99325
99481
99314
99304
99301
99286
99262
99227
99225
99200
99083
99032
99003
98960
98910
98826
98753
98719
98540
98531
98374
98369
98284
98059
98052
98051
97961
97940
97915
97894
97829
97829
97825
97794
97759
97754
97750
97719
97698
97633
97573
97555
97550
97428
97358
97273
97273
97151
97127
97023
97018
96972
96928
96818
96806
98447
96708
96701
96668
96598
96577
96553
96552
96550
96532
96402
96347
96249
96200
96140
96130
95995
95969
95917
95861
95845
95838
99298
95786
95716
95675
95602
95436
95311
95257
95250
95228
95203
96092
95183
95105
95067
95016
94969
94925
94875
94822
94817
94759
94671
94610
94552
94523
94503
94480
94464
94327
94289
94227
93978
93904
93867
93854
93838
93765
93721
93680
93593
93514
93471
93450
93340
93313
93238
93166
93091
93035
92928
98090
92805
92776
92769
92571
92562
92381
92360
92327
92316
92295
92173
92107
92042
91958
92647
91894
91893
91890
94503
91863
91852
91805
91779
91747
91717
91653
91645
91612
91533
91440
91412
91391
91391
91257
91243
96873
91203
91103
91019
91010
90972
90936
90928
90913
90902
90847
90829
90776
90774
90769
99240
90688
99250
90655
93933
90570
90518
90481
90263
90229
90161
90147
90136
90041
89964
96146
89741
89712
89659
89630
89494
89394
94296
89371
89314
89289
89279
89255
89235
89234
89232
94557
89224
89246
89198
89180
89141
96534
89069
89048
89003
88961
88951
88914
88895
88858
92749
90986
88732
88658
88634
88555
88520
88500
88487
88428
88424
88358
88338
88322
88281
97767
88258
88253
88222
94705
88198
97673
88194
88060
99348
88039
87976
87969
87956
87921
87853
99457
87810
87726
87664
87655
87650
87597
87554
87304
87283
87260
87212
87038
86990
86954
86932
86903
86849
86849
86838
90080
86736
86722
86568
86528
86508
93310
86498
99230
86398
86282
86149
86113
86058
86010
85984
85981
85922
85917
85890
95334
85887
85849
95078
85792
88217
85762
85760
85703
85680
85646
85622
85620
88923
85614
85580
85572
85545
85466
85340
99905
92962
85302
85299
93623
85269
94152
85246
85230
94839
85195
99358
85188
85166
95793
95187
85094
84965
84953
84949
84941
84927
84920
84903
84897
98979
89953
84882
84866
89713
84810
89372
84808
84766
84730
84631
84585
84538
84341
84230
84192
84136
84128
83921
83907
83738
83735
83695
83695
83624
83588
83560
83402
83315
83284
83271
91191
83256
83244
83209
83097
94431
83056
83021
82943
82890
82818
82804
82800
82772
82765
82755
82754
82729
82653
82570
82559
82559
82548
82516
82502
82489
82487
99252
82469
84187
82461
82389
82267
82235
82214
82208
97451
99879
82205
82181
87134
82178
82152
82147
82130
82017
82015
82014
81988
81948
81909
81873
81849
81841
83855
84758
99459
81794
81774
87276
81695
81685
91982
81589
81563
81467
81460
88129
81389
81376
81324
81294
81280
81234
81210
81200
90843
81163
81163
81120
81112
81105
81052
96717
81043
81008
80959
80840
80816
80804
80792
80762
80760
80731
80718
80706
80647
80622
80586
80473
80468
80460
80428
80426
91831
80381
80341
91763
80328
80292
80164
97274
80122
83367
80120
80083
80083
80053
80001
79972
79942
93018
79913
79860
79811
79796
79795
79771
79686
83449
79616
79555
79550
79522
79497
91673
79437
79428
79412
79410
91507
79380
79331
79284
80840
89580
79166
79111
79081
79055
79050
78934
78928
78922
78911
79543
85771
78849
78804
78796
88866
94129
99851
78699
78699
78655
85214
78634
78609
78540
95189
78523
78279
78232
78169
81300
78024
78012
77964
77935
77912
89636
77889
77780
77762
77704
77664
83711
77649
77577
87014
77546
77541
77535
77524
77522
77449
77370
77370
77343
77315
77298
77189
77187
77153
77108
77102
77098
77080
77045
77041
77007
76987
76953
76897
76880
76853
76846
76833
97842
81991
76806
76784
76760
76694
76677
76641
76623
88879
76606
94495
76603
76579
76545
76454
98433
76466
98099
90033
76404
76378
76373
77101
76333
76324
78363
76274
76254
76241
76164
76159
86204
93614
76155
76106
76016
75863
75859
75849
75807
75764
75737
90748
87652
75704
75702
75654
75555
75552
75533
75491
75464
75399
87206
86950
75344
75294
75196
87753
75159
84973
75095
75083
75073
78716
75052
75050
74991
74978
74930
74897
74872
74859
74854
74759
74746
88878
86828
74611
84714
74598
74594
74507
74427
74275
74224
87854
90911
93192
74159
74124
74103
99128
74100
73934
73933
73905
73855
73762
73715
77202
73715
73704
83448
81404
73700
84382
73675
73655
83687
89287
82393
73615
73596
73471
73397
73309
74860
73273
73232
73228
73222
73211
92093
90500
73187
81220
73181
73126
89762
73125
97694
73122
73072
73050
87290
73044
73022
72835
72756
72706
72631
76055
78293
72608
72569
72549
95357
72519
72505
72446
72434
72419
72307
72144
72102
88532
71968
71964
71936
78443
71931
71734
71659
88031
82325
71634
71611
79589
71607
78407
71595
71579
71566
71544
71494
71444
71404
80617
71368
71365
71334
71292
71267
71261
71222
71208
71160
97692
71129
71008
73680
70945
90083
70905
70843
98616
70832
81457
70805
70798
70547
70386
70304
70299
70251
70250
70248
70155
91008
70065
70004
85134
69994
69989
93525
69944
69919
69894
69865
69844
69823
97422
92026
69780
69742
69739
69690
69675
78407
69602
69581
90375
69578
69563
70547
69356
69301
81242
74803
69144
69133
85131
69102
69025
68966
68966
76273
68962
68921
68826
68813
68811
68687
68670
68646
68633
68590
68518
76976
68456
75758
68413
68352
87972
68331
68328
68308
68273
68250
79325
68235
68218
68186
81895
68129
68068
68031
68017
69537
67998
67955
67897
86025
67896
67819
67819
95571
67817
91113
67812
93545
67807
67806
67802
67717
67693
67649
67638
74253
67632
83429
67578
67573
67533
67444
67434
67429
67429
87301
67421
67402
67354
67315
67253
77650
67249
67238
67233
98040
67228
67194
67104
67043
67042
67031
67002
66856
66818
70444
66792
66727
94027
66687
66672
66626
66508
66508
66499
66454
66444
66404
67225
78954
86204
86201
66323
66259
76940
92940
66257
76361
66235
66231
68971
66180
66163
93819
66129
66118
66117
66099
66092
70690
88616
66072
71645
66067
66043
65993
65961
65948
65927
65822
73689
68785
65758
65723
65721
65702
65591
65588
65573
65539
65499
87066
65472
73925
65406
65380
65368
65365
65313
65295
65290
65264
65262
83467
80984
65217
65141
65137
65133
65108
65100
65073
82076
65058
93349
64968
64949
64844
73390
64838
64816
85999
64756
96115
76190
64742
64697
67443
98105
64650
64629
64614
90574
64593
83638
79169
64579
64551
96186
73778
64453
64403
92839
89825
64373
64365
64262
94122
64226
96737
72913
90624
64207
64089
83182
65344
63999
95397
63827
63817
63743
63683
63638
63625
66038
97385
84667
63624
83862
66006
78184
63599
72221
63592
63524
63434
63390
63349
63325
63297
72216
63293
63290
63243
92332
63094
63064
63062
63047
63003
62981
62948
62882
62867
84420
62844
81612
62818
76607
62777
62762
62757
96325
68942
62678
62676
90415
62652
62601
62599
62595
62555
62540
62497
71488
78533
87411
62447
62414
62407
62386
65360
76612
62382
62323
81777
62308
62294
87940
62249
62220
62199
66964
62133
69842
91795
62005
94835
99705
62001
99445
85974
96810
96068
61959
61945
63310
61936
61935
61909
92389
61791
61718
61681
61634
61616
61523
88861
85479
61419
61366
61299
61283
61239
61209
68969
69490
66008
87079
95348
61158
61151
82373
61106
61086
61064
84048
99327
96826
61052
61023
60967
94907
68990
70640
82715
60966
80436
66080
97259
82249
60946
85154
92211
60941
60930
70378
96895
60864
71335
60828
60768
60720
60718
60699
60699
65418
60679
80691
60633
85091
68952
67439
60632
60618
94827
60600
60561
60557
60469
82092
60467
60882
74089
68532
60466
60449
99712
60443
60345
68925
60325
70091
65787
64490
60762
60316
74658
80347
60316
62004
61969
72461
60305
60295
65285
63042
60104
60062
60035
60030
69304
86057
59989
59983
59970
59888
90166
59881
59877
59840
59826
98068
59816
65522
73443
59697
59690
59684
59660
64708
59602
59600
91015
59584
59536
96349
59523
59511
59505
59494
59473
59456
59453
66927
73538
84674
59393
76748
67304
66349
89458
87194
59381
59323
59307
59265
86671
77333
59229
89651
64738
59205
59094
93240
85817
84524
83740
93188
78208
59085
59073
59059
58983
58980
58977
58849
97114
58785
59145
58767
58722
88069
63612
96832
58695
58654
80510
99108
89884
89282
78853
78950
61021
69634
58630
58629
79781
58616
58569
97932
58496
58469
58427
58423
58379
58359
88989
58336
58294
58279
58240
58157
61863
58148
96477
58131
73509
58062
58046
82488
58037
58012
57998
90802
79907
57934
79117
57873
74389
61602
62148
63981
57815
57725
57682
57647
57635
57593
92384
57587
57571
90495
87194
73833
57534
78187
57508
57460
88796
57452
92708
90220
57399
70253
57367
60645
59088
57363
57361
57323
57311
83373
57238
57227
57151
57150
57143
57123
63105
64461
78681
57111
57090
97482
96514
84965
79973
57085
67147
57081
97763
56991
56766
73525
92372
96130
91856
56759
61891
56727
72456
81816
56705
58413
56691
56681
88013
56680
56558
56556
95254
56553
56522
56495
97966
96310
56469
78439
56416
56411
92196
56408
56402
56349
56328
56275
56272
56216
64595
85291
74937
59683
56193
90297
65951
57790
99761
86208
90307
56189
56156
56081
56066
56021
56018
68789
56013
55965
55962
55947
55943
55941
55798
55782
55729
66729
56510
87038
55729
98725
55718
55672
92416
55638
64673
55625
55576
55492
81122
83441
66796
55431
55428
57087
78386
55401
55398
55343
55327
55312
55305
55269
93457
55268
91338
55208
81396
55194
74103
55157
73195
63209
55156
55093
55081
73189
55017
58648
68235
55015
54977
54923
92898
54865
54804
54786
54746
88137
61473
54729
54714
54692
54674
81604
81524
54628
58287
54618
89288
54593
54580
54571
90551
54571
54538
54510
72662
54505
73289
54478
54460
65090
54441
54351
54342
54336
80753
99184
54314
69119
54301
79831
82093
99450
54299
54269
54264
60589
72425
92287
90798
54263
54252
99206
76136
54209
88365
54209
78865
64135
65926
54183
64514
71697
54144
76869
59002
54115
53976
74911
77495
65357
53972
97542
91635
56782
95954
53943
69691
53933
53919
79170
53902
72888
53878
84818
95591
53839
53828
53810
53746
76710
96299
63335
53726
53673
53654
53651
53649
53568
53562
53561
53555
53472
53472
53466
53466
53434
53411
53787
61312
92711
53377
77534
53314
53314
53313
53298
82609
79615
53261
75303
53206
66345
76238
53190
53163
53144
92287
53134
53026
83154
53006
52958
52885
52860
72098
52844
70440
52820
71622
52790
89406
72629
52762
84515
52651
91530
52607
52603
52566
52555
52529
52516
52507
52505
52503
52485
52479
70088
52475
63973
91002
52437
89243
64753
86336
52420
99486
67374
70421
52417
74247
56375
88454
52378
74631
52343
99223
69624
56044
52290
52190
52150
78422
52149
74090
52056
52029
68881
52013
52012
93601
52008
52007
81029
51997
51934
52081
63102
51872
51871
51857
97799
51828
51825
54731
51814
51796
74303
51746
83296
51703
51700
95369
89726
51692
51614
51532
74237
71823
61880
69103
51530
51524
71478
51523
82664
51461
81434
51412
75731
92438
51376
51360
51349
51346
62528
92573
65868
85901
51336
51319
51265
78703
51235
51222
69163
51210
51223
96500
51194
51184
59538
51804
51182
51169
51162
51137
51130
51081
98445
73674
88656
52171
99222
51065
68840
51057
51024
50991
67837
82775
85859
87951
54168
50951
50950
85572
54761
87433
50945
93200
68997
94064
94219
50922
50912
63168
50873
50850
90943
57432
50849
51983
91926
96064
73827
84053
87375
50839
50827
82609
63901
62102
60845
50792
50784
60421
76745
50710
50680
90290
50674
69351
50673
50664
94876
50617
85243
82947
50588
50573
50543
68614
50524
88937
50503
52652
50479
50471
50460
50459
50453
72200
50418
86568
50385
54091
61220
67800
50361
88581
50323
94749
67300
80531
84183
63355
50223
