11
112
120
164
180
181
181
195
206
212
224
229
237
267
323
334
350
370
382
511
638
661
671
672
724
727
737
751
778
786
789
791
887
903
955
982
988
1002
1015
1059
1063
1096
1100
1135
1183
1185
1191
1196
1202
1204
1278
1298
1388
1412
1424
1427
1446
1467
1542
1547
1563
1563
1567
1604
1674
1682
1715
1727
1748
1758
1824
1874
1882
1948
1953
1988
2015
2035
2157
2166
2221
2227
2238
2281
2283
2291
2334
2406
2409
2415
2419
2439
2479
2510
2513
2520
2521
2542
2581
2581
2610
2611
2630
2686
2688
2690
2697
2734
2755
2800
2824
2830
2844
2848
2880
2885
2921
2936
2947
2948
2957
2964
2966
2967
2978
2988
2993
3030
3087
3087
3094
3110
3115
3124
3139
3149
3154
3155
3159
3168
3198
3206
3212
3222
3240
3260
3261
3264
3288
3305
3341
3361
3364
3397
3398
3416
3427
3430
3449
3452
3458
3462
3472
3484
3494
3521
3528
3535
3582
3593
3612
3612
3622
3713
3716
3725
3732
3735
3791
3798
3807
3818
3823
3841
3856
3944
3959
4059
4079
4090
4094
4138
4169
4181
4205
4240
4248
4269
4278
4281
4299
4300
4324
4358
4361
4393
4398
4406
4432
4445
4456
4460
4537
4539
4548
4548
4555
4595
4625
4654
4678
4695
4697
4747
4799
4812
4818
4829
4833
4850
4853
4854
4904
4907
4913
4917
4943
4953
4966
4991
4998
5004
5021
5033
5044
5049
5061
5081
5122
5193
5209
5210
5266
5291
5317
5339
5341
5347
5403
5413
5458
5461
5477
5485
5494
5513
5537
5558
5567
5583
5604
5668
5671
5690
5721
5723
5810
5882
5887
5911
5967
6037
6078
6079
6100
6106
6107
6157
6170
6190
6205
6223
6225
6257
6259
6284
6305
6309
6315
6327
6340
6364
6368
6384
6397
6420
6445
6462
6484
6536
6582
6608
6615
6622
6625
6634
6650
6674
6689
6746
6751
6772
6777
6804
6881
6903
6926
6957
6958
6961
7013
7018
7045
7058
7059
7150
7182
7185
7185
7189
7226
7257
7277
7305
7312
7328
7330
7336
7344
7362
7381
7386
7398
7414
7414
7417
7454
7499
7550
7593
7624
7641
7652
7664
7675
7687
7694
7749
7751
7783
7804
7807
7842
7890
7898
7906
7911
7912
7979
7993
8010
8026
8081
8086
8092
8096
8102
8120
8145
8156
8219
8231
8276
8277
8307
8308
8316
8325
8388
8441
8444
8446
8476
8484
8484
8485
8536
8539
8543
8563
8573
8580
8609
8640
8642
8645
8647
8656
8656
8677
8786
8827
8845
8871
8894
8897
8900
8949
8950
8957
8960
8980
8981
8987
9014
9054
9081
9085
9103
9157
9236
9277
9277
9296
9315
9341
9347
9366
9375
9385
9406
9421
9438
9458
9486
9546
9569
9569
9589
9589
9601
9615
9624
9632
9646
9681
9686
9713
9718
9742
9770
9778
9788
9789
9804
9814
9832
9856
9858
9859
9877
9905
9958
10008
10029
10041
10043
10081
10111
10129
10140
10143
10172
10197
10207
10299
10327
10359
10368
10372
10439
10466
10476
10477
10495
10512
10550
10558
10577
10598
10598
10600
10605
10661
10680
10683
10701
10724
10725
10736
10738
10740
10757
10791
10803
10813
10816
10834
10840
10847
10852
10928
10985
10991
11115
11118
11137
11161
11166
11190
11211
11222
11239
11249
11287
11299
11300
11307
11321
11324
11326
11337
11346
11397
11419
11422
11441
11444
11468
11473
11481
11523
11536
11636
11646
11652
11658
11681
11746
11749
11788
11856
11861
11873
11894
11901
11942
12040
12054
12069
12078
12109
12117
12143
12147
12155
12160
12172
12176
12210
12224
12230
12239
12265
12280
12283
12327
12334
12363
12405
12406
12414
12424
12428
12438
12448
12448
12449
12487
12500
12504
12508
12532
12565
12586
12617
12630
12677
12693
12716
12716
12717
12729
12764
12779
12815
12823
12844
12891
12891
12924
12936
12990
13010
13024
13042
13094
13143
13149
13196
13218
13237
13251
13262
13281
13306
13320
13323
13340
13351
13354
13429
13509
13577
13600
13616
13623
13630
13682
13727
13737
13823
13835
13841
13870
13870
13887
13910
13920
13932
13934
13940
13948
13981
13984
13995
14024
14086
14087
14112
14113
14116
14142
14147
14149
14155
14163
14171
14221
14278
14340
14402
14411
14426
14441
14449
14488
14528
14660
14679
14682
14686
14723
14734
14737
14738
14744
14749
14760
14808
14822
14835
14845
14859
14874
14874
14898
14905
14917
14925
14941
14979
14984
15017
15032
15039
15040
15100
15131
15148
15150
15161
15165
15173
15205
15252
15395
15423
15429
15436
15437
15443
15453
15465
15481
15546
15569
15593
15627
15635
15640
15648
15728
15730
15741
15767
15794
15800
15845
15907
15911
15941
15946
15954
15955
15973
16021
16030
16057
16062
16062
16124
16144
16208
16232
16272
16281
16308
16345
16347
16365
16380
16400
16431
16487
16489
16529
16530
16570
16577
16588
16653
16678
16682
16687
16693
16724
16740
16741
16743
16751
16763
16771
16774
16816
16832
16858
16883
16890
16984
17018
17018
17059
17061
17105
17122
17135
17139
17168
17212
17213
17240
17294
17301
17301
17362
17424
17452
17461
17509
17513
17517
17527
17527
17528
17529
17535
17540
17551
17560
17576
17582
17590
17600
17619
17635
17667
17677
17696
17721
17752
17776
17781
17828
17837
17840
17842
17889
17901
17925
17925
17979
18001
18044
18048
18078
18088
18116
18116
18132
18136
18166
18170
18191
18200
18217
18217
18388
18390
18394
18399
18420
18428
18431
18436
18468
18471
18484
18547
18558
18560
18564
18584
18592
18650
18659
18700
18702
18752
18775
18814
18858
18865
18887
18897
18922
18964
18964
18972
19000
19002
19007
19048
19054
19125
19159
19170
19172
19181
19225
19274
19289
19294
19313
19364
19369
19379
19400
19423
19455
19487
19490
19494
19510
19525
19535
19557
19581
19610
19629
19634
19638
19649
19687
19696
19717
19725
19730
19732
19737
19764
19786
19812
19817
19818
19887
19891
20009
20059
20065
20115
20168
20201
20210
20224
20290
20301
20312
20333
20372
20378
20389
20398
20417
20418
20434
20528
20554
20566
20651
20657
20658
20729
20754
20759
20822
20829
20848
20865
20914
20920
20952
20961
20974
20975
20978
20991
21094
21143
21206
21207
21224
21230
21232
21233
21233
21238
21240
21243
21248
21257
21259
21266
21271
21307
21317
21321
21321
21366
21407
21422
21423
21482
21511
21573
21630
21636
21645
21669
21695
21722
21725
21767
21777
21792
21819
21826
21855
21874
21889
21895
21921
21960
21961
21970
21978
22007
22012
22036
22039
22057
22058
22078
22103
22111
22114
22144
22182
22187
22217
22241
22253
22279
22298
22305
22315
22358
22406
22425
22425
22453
22476
22505
22512
22513
22514
22518
22533
22559
22563
22568
22597
22599
22649
22663
22744
22758
22759
22772
22784
22790
22795
22816
22819
22856
22858
22936
22944
22948
22985
22994
23018
23020
23025
23085
23089
23125
23147
23149
23162
23188
23245
23266
23302
23309
23348
23384
23402
23420
23439
23448
23507
23526
23549
23579
23581
23587
23606
23619
23625
23679
23690
23693
23727
23746
23769
23771
23788
23805
23835
23845
23849
23891
23892
23894
23913
23936
23979
23989
24000
24034
24064
24108
24168
24238
24239
24256
24274
24313
24315
24336
24356
24362
24446
24466
24498
24504
24513
24526
24526
24533
24535
24551
24583
24590
24596
24597
24600
24619
24665
24669
24678
24684
24692
24714
24855
24860
24906
24965
24967
24991
24993
25005
25019
25024
25073
25080
25085
25096
25138
25175
25201
25205
25214
25219
25222
25244
25314
25339
25367
25372
25427
25459
25490
25499
25530
25562
25563
25641
25664
25700
25728
25783
25831
25836
25838
25838
25865
25871
25901
25914
25915
25919
25954
25968
25978
25979
25984
26033
26036
26038
26039
26042
26049
26084
26102
26120
26253
26315
26348
26354
26398
26429
26452
26521
26546
26582
26599
26612
26627
26632
26659
26676
26703
26717
26735
26782
26865
26884
26906
26919
26955
27023
27023
27052
27146
27170
27220
27268
27269
27283
27284
27285
27313
27363
27372
27388
27400
27412
27461
27519
27535
27543
27576
27613
27617
27640
27663
27666
27675
27676
27689
27691
27697
27698
27699
27699
27747
27789
27800
27900
27947
27957
27957
27960
27976
28044
28061
28083
28092
28131
28131
28157
28163
28184
28200
28224
28237
28255
28260
28298
28303
28346
28360
28373
28384
28401
28435
28512
28514
28533
28548
28551
28598
28600
28604
28652
28668
28668
28681
28696
28699
28704
28730
28751
28752
28757
28768
28773
28779
28800
28806
28821
28824
28859
28877
28911
28924
28939
28946
28954
28963
28967
28979
28996
29038
29073
29074
29097
29107
29140
29145
29163
29185
29190
29193
29205
29210
29241
29260
29296
29305
29307
29362
29405
29417
29421
29426
29465
29491
29500
29510
29533
29552
29617
29620
29632
29636
29640
29654
29667
29674
29688
29695
29695
29709
29753
29800
29801
29809
29822
29858
29878
29886
29921
29926
29933
29979
30036
30074
30078
30148
30155
30166
30246
30263
30299
30301
30303
30317
30330
30346
30364
30410
30426
30439
30448
30463
30501
30523
30649
30655
30670
30677
30753
30789
30790
30804
30804
30824
30824
30840
30901
30905
30912
30923
30930
30937
30989
31068
31072
31075
31097
31113
31135
31138
31165
31203
31212
31235
31260
31261
31283
31284
31301
31358
31364
31383
31384
31407
31413
31486
31510
31519
31585
31598
31632
31650
31660
31677
31688
31706
31708
31717
31745
31751
31755
31765
31798
31888
31900
31902
31938
31959
31963
31967
31994
31995
32052
32084
32115
32158
32163
32168
32187
32207
32207
32286
32325
32334
32342
32353
32372
32377
32379
32381
32383
32399
32475
32478
32479
32566
32585
32606
32625
32634
32647
32690
32691
32709
32755
32793
32802
32802
32804
32862
32891
32903
32904
32926
32929
32932
32937
32970
32990
32992
33012
33036
33060
33088
33088
33097
33101
33103
33121
33126
33148
33153
33177
33194
33197
33207
33218
33220
33228
33233
33249
33264
33284
33297
33388
33422
33427
33442
33469
33482
33494
33549
33558
33642
33672
33674
33676
33686
33698
33705
33718
33738
33776
33793
33820
33856
33863
33876
33876
33890
33890
33911
33935
33957
33960
33975
34021
34049
34055
34080
34106
34153
34187
34187
34194
34206
34259
34284
34290
34295
34305
34314
34331
34344
34360
34364
34452
34462
34483
34500
34515
34531
34547
34551
34558
34588
34660
34675
34686
34798
34821
34918
34925
34930
34936
34937
35013
35024
35028
35038
35103
35173
35191
35205
35222
35256
35282
35328
35340
35347
35369
35371
35382
35450
35454
35461
35462
35464
35470
35494
35520
35527
35536
35537
35562
35571
35573
35584
35586
35612
35640
35650
35663
35681
35693
35832
35835
35846
35846
35859
35867
35891
35907
35913
35928
35952
35966
35979
35985
35999
36006
36016
36039
36048
36053
36181
36218
36264
36284
36290
36304
36321
36343
36365
36376
36377
36391
36401
36402
36431
36433
36456
36466
36466
36469
36481
36492
36512
36515
36518
36562
36563
36574
36616
36668
36729
36738
36741
36743
36772
36777
36804
36895
36922
36927
36936
36937
36942
36947
36965
37017
37068
37073
37101
37119
37149
37160
37193
37308
37341
37358
37362
37373
37378
37380
37395
37414
37487
37495
37515
37545
37578
37598
37609
37641
37653
37682
37705
37744
37753
37798
37807
37807
37823
37826
37828
37869
37885
37909
37916
37919
37923
37928
37931
37933
37936
37952
38013
38030
38070
38074
38112
38132
38201
38213
38216
38217
38256
38256
38283
38387
38393
38401
38422
38423
38454
38459
38469
38488
38490
38506
38520
38525
38554
38562
38571
38627
38628
38670
38697
38706
38751
38754
38759
38814
38819
38870
38874
38887
38887
38889
38904
38918
38930
38936
38936
38970
38971
39037
39057
39062
39076
39086
39130
39131
39210
39213
39241
39264
39306
39324
39334
39338
39361
39372
39379
39427
39439
39452
39486
39499
39517
39519
39527
39532
39552
39594
39605
39637
39667
39684
39685
39685
39724
39741
39744
39776
39788
39817
39817
39829
39838
39857
39870
39877
39881
39892
39901
39909
39915
39931
39935
39940
39983
39987
40003
40033
40058
40093
40096
40108
40112
40128
40145
40168
40182
40183
40229
40232
40250
40266
40333
40351
40356
40368
40386
40388
40420
40460
40542
40554
40606
40648
40696
40713
40746
40812
40847
40879
40892
40900
40917
40937
40939
40957
40973
40996
41054
41094
41096
41100
41150
41170
41238
41242
41250
41274
41284
41320
41325
41333
41355
41409
41427
41454
41467
41518
41526
41527
41579
41608
41650
41740
41748
41847
41875
41889
41895
41903
41917
41921
41934
41949
41972
42014
42060
42093
42094
42117
42123
42126
42175
42230
42238
42276
42300
42302
42303
42344
42362
42395
42418
42445
42457
42461
42465
42466
42497
42519
42553
42648
42654
42656
42658
42680
42689
42699
42743
42746
42752
42765
42794
42839
42853
42864
42882
42889
42909
42919
42924
42929
42945
42948
42953
43001
43011
43074
43137
43147
43148
43164
43203
43223
43228
43231
43249
43273
43279
43291
43367
43385
43429
43445
43450
43458
43462
43468
43473
43486
43494
43564
43575
43644
43645
43653
43661
43677
43708
43789
43806
43809
43825
43840
43848
43893
43917
43918
43934
43936
43943
43978
43996
44015
44015
44031
44075
44109
44112
44132
44139
44217
44230
44256
44296
44302
44355
44364
44389
44394
44439
44485
44502
44530
44547
44563
44576
44601
44609
44613
44637
44667
44698
44705
44758
44776
44778
44797
44812
44819
44845
44864
44900
44902
44918
44970
44979
45057
45066
45084
45112
45119
45136
45174
45204
45222
45257
45286
45288
45288
45301
45311
45321
45337
45370
45375
45381
45406
45548
45586
45593
45618
45627
45635
45635
45646
45674
45801
45846
45856
45875
45898
45907
45915
45920
45932
45992
45998
46011
46022
46024
46041
46059
46068
46070
46082
46099
46126
46146
46152
46161
46176
46181
46189
46198
46242
46261
46267
46285
46345
46349
46358
46359
46386
46403
46463
46497
46501
46547
46583
46655
46665
46681
46707
46746
46779
46801
46833
46840
46863
46871
46897
46921
46929
46956
46971
47000
47007
47090
47094
47118
47135
47147
47154
47176
47202
47249
47281
47320
47322
47338
47346
47349
47370
47379
47422
47429
47432
47451
47478
47479
47511
47515
47537
47549
47556
47570
47597
47597
47632
47632
47639
47701
47721
47746
47776
47789
47797
47805
47841
47843
47875
47887
47903
47921
47944
47972
47997
48013
48092
48095
48141
48149
48150
48163
48208
48208
48211
48211
48223
48226
48229
48231
48238
48254
48256
48268
48271
48273
48346
48374
48381
48396
48403
48427
48441
48539
48540
48571
48582
48594
48599
48636
48696
48780
48781
48794
48805
48815
48823
48829
48831
48844
48858
48858
48890
48891
48898
48901
48944
48965
48983
48989
49070
49070
49077
49085
49143
49153
49173
49195
49197
49201
49207
49242
49308
49358
49380
49385
49427
49501
49538
49574
49587
49600
49709
49721
49732
49745
49750
49789
49835
49865
49867
49934
49942
49956
49963
49975
49984
99960
99935
99934
99912
99898
99841
99821
99809
99772
99732
99728
99702
99670
99647
99620
99600
99556
99545
99540
99515
99476
99475
99295
99277
99138
99136
99091
99084
99015
99005
98928
98869
98791
98728
98676
98668
98662
98581
98476
98448
98422
98339
98318
98305
98291
98240
98159
98091
98055
98009
97963
97927
97801
97581
97561
97469
97452
97431
97277
97216
97194
97095
97064
97054
97009
96930
96912
96852
96690
96686
96682
96679
96664
96651
96572
96554
96554
96424
96408
96398
96374
96278
96268
96259
96246
96220
96199
96080
95993
95986
95958
95932
95857
95827
95814
95798
95646
95543
95420
95347
95333
95274
95157
95147
95132
95065
95033
94896
94875
94860
94848
98486
94831
94815
94803
94803
94758
94689
94688
94656
94545
94525
94504
94498
94494
94386
94378
94373
94364
94337
94249
94246
94242
94181
94147
94119
94079
94048
94008
93967
93910
93889
93884
93794
93719
93681
93672
93629
93565
93417
93309
93242
93207
93092
93909
93017
92955
92951
92902
92828
92803
92764
92752
92739
92703
92679
92668
92650
92633
92595
92577
92567
92526
92271
92259
92255
92219
92210
92200
92165
92159
92134
92115
92099
92049
92047
92026
92022
92015
91969
91880
91865
91806
91771
91693
91693
91682
91639
91564
91533
91496
91446
91437
91376
91330
91277
91223
91187
91119
91114
96028
91058
91048
90923
97629
94216
90908
90868
90833
90824
90768
90752
90740
95532
90714
90681
90665
90663
90623
90581
90563
90484
90420
90404
90359
90330
90303
90289
90272
90267
90246
90213
90210
90180
90166
93253
90135
90105
90068
92750
90039
90000
89931
89929
89922
89899
89795
89746
89740
89712
89697
89650
89649
89547
89496
89462
89428
89384
89296
96086
89279
89270
89264
89248
89169
89133
89115
89531
96855
91445
89105
89089
88996
88952
88904
88875
88869
88868
88861
88817
88808
88688
88684
88677
88655
99431
88652
88629
88505
92625
96193
88502
88465
88453
88373
88330
88304
88262
88204
88069
88048
93659
88020
87982
87968
87892
87889
89051
87878
87794
90504
87761
87754
88334
87730
87708
87616
97534
87595
87543
87532
91203
87475
87457
87434
87425
87415
87396
87370
87238
87226
87158
87151
87071
87048
87047
86955
86945
86895
86892
86805
86737
86735
89498
86705
86673
86613
86605
86535
86476
94685
86445
86328
86328
86314
86276
86181
86141
86063
86053
86042
86026
86008
86006
92260
85999
85942
85835
85807
86867
85804
85788
93889
85768
85764
85707
85666
95926
85651
85648
85615
85533
85508
85493
85475
90580
85365
85363
85358
85341
94345
85337
85335
85334
86154
85299
85237
85207
85202
85173
86949
85166
85145
97767
85048
85044
94241
85006
85003
84993
84954
95794
84947
84837
84795
84766
84685
84677
84656
84641
84629
84584
84535
97065
84489
91486
84355
99797
84331
84311
84305
84243
96215
84239
84177
84148
84146
87876
84127
84078
84058
84050
84024
83956
83891
83872
83856
83843
84373
83818
83744
83619
83597
83516
83486
83479
83453
83418
83396
83344
83334
83263
83179
83092
83048
83015
96813
83014
83008
83007
82975
82967
82892
82823
90569
82748
82738
82738
82716
82709
96668
82707
98381
82693
93172
82655
82613
82604
82592
82512
85955
82510
82502
91045
82490
85401
82482
82448
82435
82423
82337
87140
96044
86600
82328
82193
82071
82069
82049
94330
82011
81987
81967
81962
81945
81943
81935
81994
81908
81876
81753
81744
81737
93201
81733
81726
98115
81682
81656
81553
81550
88013
81546
81496
81466
81403
81401
81285
81275
81268
81261
81222
81209
81145
81117
90642
80951
91108
80940
80904
80869
80863
80788
80743
83006
80706
80690
80674
80643
80590
80537
80527
80499
93566
80492
80454
80419
80408
80318
84125
80284
90738
80270
94273
94461
84200
80262
80145
80133
84436
84522
80101
80045
80034
80015
79993
79979
79977
79886
79878
79830
79824
83554
79799
79786
79722
79675
79673
79663
79656
80054
79618
79587
79556
79552
79508
91914
79502
82479
79480
79471
79439
79396
79347
79318
79251
79226
98317
79220
79209
79206
79204
79187
93551
79138
79067
79032
79006
78931
82545
78914
78899
87531
78896
78799
78794
79300
78770
78717
78690
83442
78580
78571
78545
84171
78523
78501
78485
92982
78441
78385
94987
93351
78370
78340
95226
78305
97470
78260
78228
78141
96152
78132
78127
97298
78028
78022
77983
77969
82390
77947
77842
90323
77838
77788
77730
78428
81805
93482
77726
77710
77705
77701
77670
99340
96688
77573
77556
77531
77494
77461
77449
77413
77412
77379
77318
90646
77278
77255
77228
95856
77218
77215
81240
77131
77086
77070
77000
90890
76952
76948
76933
92003
76897
76856
76754
76741
76731
76731
76726
76574
76558
77965
76552
76540
76522
76500
76451
76449
76445
76431
84125
96405
76420
76374
98760
76367
76314
82239
95582
76296
78808
88620
76137
85768
90807
76099
76022
79800
75848
75827
75808
75765
75759
75724
75716
75701
75657
75542
80955
75535
75517
87778
75496
75442
93603
82635
75426
75393
75392
99349
75386
75289
75239
83533
87266
75131
75104
75076
75053
75024
74975
74971
74873
93617
74866
74828
74822
99045
89907
74738
74681
74662
74587
74547
74477
74464
74451
76766
74420
74419
74390
74319
94227
74275
74186
74186
74152
74138
74123
74089
74020
96000
74000
73990
76725
80715
73909
73900
73896
73893
73860
73833
73828
73828
73815
86256
73808
73805
73778
73762
73734
73727
99075
73715
86228
73652
81670
73616
73604
78020
73566
73551
80247
94727
73527
73488
73480
73473
73468
73460
73456
73355
78893
73355
73343
73257
73251
73210
73200
73199
73184
95419
73166
73164
81400
73150
73145
73115
73101
94643
73087
73078
78689
73075
73056
73024
72993
72959
72933
86283
72927
72895
72869
72865
72840
72823
72803
95037
89774
72797
72780
72778
75246
72764
99033
72754
72693
72663
72663
76764
72632
72613
72552
72491
72490
72486
72442
87559
72431
72386
72349
77160
72215
72199
72179
72168
72161
72145
72122
72111
72085
72067
92842
81789
72049
72049
99669
71988
71972
96481
71950
71928
71904
85568
87393
71872
71804
71796
71771
81548
71762
71762
71759
71756
71727
71713
71702
71670
91279
71649
83467
71632
71619
71610
80437
71588
71553
90384
71525
71507
73361
71481
80218
71415
84595
71412
71397
71325
71317
71310
71291
71289
71264
71239
71197
71189
83124
71147
71130
71118
71104
71071
71002
70964
92378
83419
70943
70846
70842
72711
94857
70840
70812
70780
70717
95798
70714
70680
70669
76598
72569
70669
70658
76379
70582
80380
70580
80521
90822
70554
70530
70506
70505
70487
70467
70449
70438
96086
70426
87691
70350
70996
70337
70317
70308
70289
70241
70239
70169
70169
70166
75360
96753
70159
70096
69985
69935
69914
69867
69862
69858
69848
93052
69797
69780
91831
69773
69713
69696
69674
96863
69640
84934
69637
90297
69628
79971
69594
81015
69542
69522
88276
95008
69503
69502
94479
71027
69493
69335
69286
69255
69227
69218
69205
69192
69182
69158
69129
82661
81525
69174
69124
69120
69101
69074
69073
69068
72216
69938
69045
69028
79909
69011
69010
69008
69944
68985
68980
68943
68913
68858
79160
68829
68815
77191
68804
68764
68714
80648
68704
68702
91539
76678
68694
80623
68673
68649
68606
68581
68578
96161
68565
85058
71329
68541
68518
71701
68514
68507
84562
68497
68466
99275
68465
68453
93990
78636
68425
97449
68383
68358
68337
68321
68250
69711
73729
73879
68239
86889
69576
88517
68238
68204
82885
75496
68155
68151
68110
68100
68081
68059
68033
67981
67967
67966
67957
67946
89433
85423
67942
67934
82455
87241
67871
67857
85633
91547
67837
67820
67759
67729
67712
82219
76510
88064
67711
92149
67700
67699
67680
67607
82702
67601
67594
67589
70831
67578
67554
67539
67534
96121
94812
88329
67516
67471
92492
67410
67640
67353
67341
82819
69041
67328
67267
74319
67244
67218
67175
67144
73627
67130
69240
67096
67085
66951
66927
66872
66789
66640
72959
66613
96881
66528
66415
66402
66391
66383
66378
66355
66345
81346
66326
66269
72494
66242
72374
66191
66177
75042
66168
66152
66131
74696
66108
71983
66101
88738
66077
84916
92151
66024
99014
66006
66004
66001
65954
65868
94064
70338
69835
65867
65796
65771
65768
65759
65757
65753
65745
88770
92478
65732
65697
68397
97997
83689
90218
65679
65659
83871
65657
65632
69652
87551
73664
65625
65597
65545
65489
69302
65462
65458
65414
65404
65361
65325
65294
80225
65289
65252
65172
76857
92017
65211
69464
65128
65093
70905
65075
81755
65042
65033
66687
65024
85951
76383
65023
65006
64984
94606
64974
64811
64697
64692
98928
64626
80989
64610
64547
64544
64453
64447
64419
64418
64401
64388
69322
64369
64359
89121
64337
64278
70823
64272
64202
64186
66907
64173
64159
64132
89080
71240
64105
91287
64096
64082
91251
91475
64032
73580
63944
63884
75506
68712
72141
74402
63802
70473
63771
63759
86799
63758
76617
99662
63717
63711
63700
63656
68527
63931
63642
63629
63628
94082
63628
74614
63624
63619
80409
63524
63523
63517
63372
63358
63338
63275
63238
75428
91502
63200
63189
63095
92913
98951
97251
63084
63056
63031
62976
62921
88163
62919
85938
62877
62870
85346
78557
62868
75734
62864
62814
87111
62808
62796
62730
62663
62660
62646
62635
62577
62571
75637
96727
62548
62526
62498
62410
62316
62278
65068
68442
62264
62202
62167
62162
62146
62141
62063
69306
94462
62044
78210
62036
77482
62007
99928
78703
62000
84029
82572
61980
61978
61935
61909
61868
61864
61823
76079
62270
61822
71846
61803
82747
61795
61788
61747
75271
61696
61692
71697
61670
95359
61554
94003
61552
61523
97725
81397
61509
61428
61427
61419
61401
98733
61389
61366
61304
61286
61280
61240
61219
64573
61217
61216
61161
69467
61009
60997
60996
60994
60928
60886
60862
60857
60834
71887
60801
60798
69340
60796
60788
69884
61914
60781
60703
92917
60691
87813
60667
60648
92157
93214
60620
71216
60609
60598
98770
87593
60589
60586
93068
60573
60532
94166
60527
60439
66882
92552
60425
60409
60404
95972
60393
60360
87615
60336
60327
60316
90268
60298
80568
60268
60268
60232
60209
60189
60147
60137
60131
84146
85078
60105
87392
85526
61898
60093
76799
60066
60064
93030
69624
95147
78518
60016
59994
59992
59979
64037
59945
95480
69262
59925
59923
59917
59904
89258
59899
59846
59832
86537
59721
62319
59628
59588
71327
59561
59532
59531
94567
59516
59510
94663
59496
59446
67355
59338
59326
61139
77955
59310
59305
59270
59263
59225
72076
59216
59205
59198
85603
59175
84141
59142
59104
59103
59070
59057
97902
67602
58903
65817
59443
74247
58878
58875
79117
58816
58811
58762
58685
58672
58656
92749
58641
61069
63807
90323
85046
77774
58621
98032
58578
99230
89135
58577
58562
58522
96536
58493
58440
58417
58311
58254
58248
97953
85281
58219
97684
89390
58216
87916
58197
97351
58177
58166
92413
96664
58153
58139
58087
58044
75872
68154
57990
57914
57871
57787
72597
57773
57771
58436
57747
57738
57691
57683
63055
86123
57655
57639
57636
64080
57608
68663
79356
57564
72169
57513
57497
91765
60383
94892
57495
57474
57469
57450
74807
96805
57428
57370
57359
62506
57349
99835
57337
57329
75584
57256
57251
95529
91714
57246
57223
63188
62442
57211
57198
57184
57167
57156
81818
81600
69398
89829
77932
57148
57131
57098
57065
84925
76212
96486
87305
79325
90557
57026
57025
83911
58519
89984
56969
56916
79422
68708
86996
56892
56885
56877
83856
58155
81776
93222
56873
56846
56798
56786
56740
56713
56712
56710
84070
90842
69275
61190
56698
56683
56677
56661
96577
63360
56651
56564
95207
78500
97133
80005
92952
56548
56547
79652
80297
56463
56436
58339
56399
56391
56288
56272
56238
78725
56212
56160
80305
56150
56150
56077
72900
87436
56062
56035
99040
81061
56017
80266
70967
55984
55959
63860
55935
55922
55920
55919
55908
55894
88998
98456
55888
97751
55866
55827
90401
55815
55774
55764
55741
93059
84884
55726
58693
99567
55719
55699
55674
61190
55650
55606
89626
55594
55540
62773
55514
76194
55502
99057
55501
55487
55474
66839
82481
86313
55468
55457
89477
71218
98459
66827
55440
55419
81209
55413
79612
60782
64633
61213
55357
93007
79907
55357
60064
55338
55310
55303
55298
55263
81793
87793
97225
78164
93869
85554
55259
72941
79550
55255
55247
71537
55239
59279
78117
55234
91949
90066
92456
55231
85742
55221
97496
81067
88025
55198
92021
71109
55169
79344
55169
99204
55149
96326
55146
99939
81224
55134
55117
94137
60823
55115
83825
83518
77766
84574
70532
55095
81191
55005
95478
54956
54922
69603
54917
71575
66993
96057
54907
77893
54891
54867
93549
54854
54827
54799
89118
75504
54788
54776
54769
73333
54713
54709
95382
54696
91689
54681
62956
67742
81800
94041
68476
85634
77374
54677
54659
54609
54569
54527
54488
54479
75774
54477
68503
54469
54336
54922
86253
80745
88291
54313
71397
54308
87759
54302
71527
90834
54267
91359
54231
54219
88340
81031
54218
57832
54218
54212
70739
54170
60644
54137
60882
54128
54126
54120
93422
54119
94841
64238
86479
54089
54074
67484
79052
69746
88211
53973
80931
53969
53947
53883
74950
90789
53874
53857
53805
53768
87819
53759
53755
53738
84985
53719
53718
53706
93461
53704
56823
53690
53618
65506
53567
53557
53554
90861
53538
93874
93428
53508
53473
53471
94897
63329
53429
53336
99649
91761
93566
53302
53249
94914
53218
53153
88150
61715
53152
87765
53107
52999
52984
52983
52961
52926
52882
55478
69896
52800
52763
52756
52748
52734
79821
52730
54104
52697
52643
52613
52587
95136
84604
69686
63871
77148
63138
67148
52585
61767
52569
52555
98907
57681
70510
63038
52483
52473
85216
81172
52461
65818
52444
52427
52405
52380
52373
73263
62556
52304
61257
52294
91016
52292
52288
92891
52258
83835
53190
52228
52216
52205
70141
52178
60260
63626
52168
68248
59749
52132
88440
63260
68203
52124
52091
58342
80745
52072
52064
52035
98978
95683
52025
64463
75802
51973
86301
51972
74916
51964
51913
96975
72287
51897
51885
51856
72866
51850
51839
63205
51832
51815
51798
51760
69524
60106
51728
66289
70954
51718
56375
51714
51687
51661
73458
51587
51530
51501
51501
96350
63384
88418
57658
51419
51405
95640
67027
69815
54489
77788
99994
57343
51395
51374
51330
71353
91520
51328
51316
51308
55882
51284
51243
81308
51230
72228
98679
80283
51224
51219
51215
51172
51172
90050
51161
68435
76526
58423
82309
51155
51126
51111
51096
52015
76184
51053
56228
75724
51027
61369
50996
78288
50989
50979
73207
50917
50867
50863
50859
50855
87712
50852
50845
92343
50826
50821
50809
90436
86291
50794
50764
50755
61619
52670
53767
50736
50689
50648
82471
50621
71506
78355
77907
50613
64860
50578
50577
65997
50570
50554
57839
77197
50540
79875
50537
50511
65982
50481
50473
50471
50465
72585
92269
51376
50426
58424
50423
63620
50410
64903
50387
54190
51297
50386
59738
50334
50292
88043
50228
50228
72160
50174
50166
50151
50150
58229
50103
53271
50094
50093
65900
83912
69217
69835
77667
93948
50082
50075
63890
50068
50039
88472
63410
93036
74426
