10
77
88
113
130
156
192
199
201
216
264
304
327
350
369
370
371
391
398
399
401
431
444
445
467
468
469
528
529
544
548
590
605
648
652
656
662
685
739
745
777
782
785
792
808
818
831
834
884
922
931
956
968
1007
1034
1089
1097
1109
1115
1146
1155
1182
1229
1244
1251
1262
1303
1305
1328
1337
1346
1395
1400
1400
1419
1425
1431
1449
1457
1479
1502
1516
1522
1542
1544
1587
1600
1605
1617
1628
1655
1663
1666
1691
1702
1723
1736
1790
1796
1822
1833
1844
1851
1878
1888
1889
1909
1925
1937
1944
1949
1956
1969
1970
1994
2028
2071
2089
2107
2115
2130
2183
2201
2226
2237
2259
2307
2309
2315
2330
2345
2356
2372
2404
2421
2431
2434
2476
2490
2495
2552
2565
2588
2599
2642
2682
2707
2737
2766
2778
2825
2834
2875
2901
2901
2904
2913
2939
2956
2958
2968
2969
2973
2976
2989
3059
3059
3065
3092
3097
3153
3211
3251
3256
3260
3288
3290
3307
3340
3350
3368
3369
3375
3419
3438
3441
3444
3453
3453
3553
3605
3606
3628
3695
3714
3742
3743
3747
3783
3866
3877
3880
3904
3911
3956
3959
3984
3992
4003
4040
4094
4139
4161
4171
4176
4179
4189
4217
4255
4321
4326
4353
4356
4364
4369
4375
4389
4389
4402
4407
4412
4423
4442
4454
4470
4481
4481
4497
4501
4510
4538
4538
4635
4643
4685
4718
4720
4750
4775
4779
4784
4806
4880
4883
4889
4908
4919
4942
4952
5005
5013
5026
5035
5037
5117
5125
5128
5133
5167
5260
5308
5324
5336
5352
5356
5372
5379
5391
5413
5480
5523
5557
5616
5655
5657
5661
5665
5697
5699
5731
5765
5836
5844
5870
5886
5904
5911
5939
5960
5966
5984
5988
5992
6021
6029
6062
6070
6080
6083
6117
6146
6149
6154
6155
6174
6245
6277
6306
6309
6324
6331
6339
6376
6387
6397
6433
6434
6461
6484
6494
6500
6500
6503
6522
6538
6546
6546
6547
6551
6551
6597
6633
6641
6645
6727
6730
6764
6768
6776
6778
6784
6795
6805
6818
6833
6860
6877
6988
6996
7007
7016
7025
7032
7035
7081
7107
7174
7197
7208
7210
7333
7361
7387
7388
7395
7400
7408
7422
7452
7495
7498
7511
7520
7536
7563
7571
7609
7642
7700
7710
7719
7721
7734
7764
7788
7835
7835
7869
7874
7938
7940
7986
7987
8004
8010
8037
8047
8050
8052
8088
8161
8169
8186
8212
8255
8390
8392
8402
8406
8426
8435
8454
8465
8477
8477
8513
8532
8532
8542
8572
8635
8650
8653
8667
8667
8681
8691
8699
8704
8767
8769
8784
8798
8829
8843
8846
8913
9007
9032
9047
9047
9065
9089
9094
9097
9098
9120
9177
9196
9224
9235
9244
9254
9310
9317
9322
9374
9385
9427
9428
9457
9491
9505
9522
9563
9575
9609
9624
9633
9680
9685
9721
9737
9763
9767
9775
9801
9811
9812
9833
9843
9862
9870
9930
9994
9999
10021
10026
10049
10050
10073
10123
10126
10164
10177
10192
10194
10195
10203
10204
10210
10224
10284
10300
10317
10319
10321
10331
10363
10368
10431
10442
10520
10551
10557
10575
10602
10631
10641
10649
10664
10673
10778
10804
10812
10834
10849
10870
10895
10937
10968
10990
10999
11014
11046
11049
11102
11105
11106
11207
11255
11264
11273
11284
11303
11336
11353
11364
11386
11388
11485
11489
11569
11613
11654
11666
11670
11685
11700
11706
11723
11726
11729
11730
11736
11783
11790
11823
11844
11853
11870
11892
11902
11918
11952
12001
12011
12048
12085
12110
12111
12118
12124
12265
12269
12306
12311
12340
12348
12411
12418
12422
12437
12471
12475
12479
12505
12521
12523
12528
12537
12544
12563
12572
12574
12676
12716
12744
12779
12789
12797
12803
12863
12889
12903
12933
12944
12976
12982
12995
13009
13026
13029
13043
13063
13084
13101
13110
13112
13130
13139
13144
13189
13192
13197
13207
13210
13244
13245
13250
13285
13292
13310
13314
13331
13369
13405
13417
13421
13435
13454
13469
13500
13527
13533
13538
13541
13594
13622
13695
13702
13708
13716
13758
13784
13814
13823
13823
13851
13906
13911
13918
13941
13959
13965
13968
13968
13969
13995
14035
14041
14063
14070
14105
14109
14145
14174
14216
14246
14246
14253
14254
14257
14302
14323
14340
14363
14366
14424
14474
14489
14489
14508
14527
14527
14532
14565
14567
14569
14602
14606
14627
14665
14674
14689
14705
14723
14735
14745
14749
14766
14807
14845
14866
14892
14893
14907
14930
14940
14952
14953
14957
14962
14967
14972
15016
15022
15050
15057
15075
15085
15100
15109
15114
15153
15173
15205
15221
15236
15241
15289
15290
15290
15333
15351
15355
15405
15412
15429
15483
15497
15533
15555
15589
15658
15667
15688
15690
15692
15694
15703
15712
15716
15743
15754
15759
15760
15776
15803
15846
15865
15905
15930
15931
15932
15934
15967
15972
15993
16067
16077
16093
16095
16115
16135
16162
16193
16200
16233
16233
16246
16247
16253
16279
16320
16343
16356
16391
16402
16408
16436
16446
16469
16474
16499
16506
16509
16522
16522
16583
16583
16590
16590
16592
16607
16632
16639
16663
16663
16684
16689
16700
16714
16760
16764
16782
16807
16827
16838
16850
16956
16997
17047
17057
17070
17074
17074
17074
17101
17118
17129
17145
17146
17169
17188
17197
17221
17359
17379
17489
17503
17505
17511
17520
17520
17544
17554
17556
17560
17561
17628
17636
17664
17703
17708
17741
17743
17757
17803
17806
17872
17877
17889
17892
17947
17958
17978
17984
17997
18026
18051
18068
18075
18132
18150
18176
18178
18179
18246
18264
18278
18297
18316
18326
18329
18340
18356
18363
18396
18409
18416
18463
18494
18531
18531
18536
18556
18561
18564
18583
18625
18648
18702
18711
18726
18779
18789
18794
18807
18840
18841
18910
18929
18934
18950
18983
19005
19030
19034
19039
19077
19094
19103
19143
19163
19165
19168
19178
19219
19222
19241
19255
19267
19278
19303
19307
19390
19402
19465
19485
19499
19509
19510
19533
19534
19558
19587
19605
19610
19618
19636
19642
19661
19712
19713
19736
19736
19749
19774
19774
19800
19817
19869
19872
19895
19902
19907
19941
19975
20008
20016
20032
20068
20080
20101
20116
20140
20202
20225
20262
20265
20323
20336
20342
20347
20366
20366
20392
20437
20445
20468
20477
20503
20507
20518
20526
20534
20537
20543
20552
20557
20588
20590
20611
20613
20618
20662
20673
20680
20704
20725
20771
20805
20812
20848
20854
20861
20862
20894
20902
20924
20951
20952
20968
20999
21103
21104
21121
21144
21144
21150
21165
21194
21236
21287
21292
21354
21384
21399
21408
21412
21433
21446
21474
21475
21478
21480
21487
21492
21509
21510
21517
21523
21539
21562
21574
21587
21592
21603
21646
21682
21703
21728
21768
21851
21893
21893
21908
21940
21948
21970
22038
22047
22074
22084
22092
22103
22164
22194
22208
22228
22230
22269
22277
22282
22301
22305
22319
22339
22340
22345
22355
22366
22377
22379
22387
22403
22423
22477
22547
22557
22582
22638
22656
22658
22660
22696
22711
22716
22748
22756
22792
22806
22818
22821
22857
22863
22917
22940
22972
22981
22985
23001
23004
23014
23026
23029
23055
23062
23098
23098
23137
23163
23165
23171
23174
23195
23196
23200
23212
23214
23221
23222
23261
23300
23312
23315
23324
23332
23342
23346
23355
23396
23398
23478
23492
23509
23532
23600
23603
23635
23659
23661
23690
23696
23698
23738
23740
23755
23788
23834
23836
23840
23841
23845
23868
23876
23907
23915
23926
23932
23954
23964
24008
24015
24017
24041
24048
24054
24076
24103
24103
24107
24130
24138
24165
24203
24233
24252
24255
24314
24333
24378
24382
24395
24401
24407
24425
24475
24481
24484
24502
24508
24531
24579
24582
24612
24625
24639
24658
24687
24727
24761
24767
24786
24792
24794
24810
24890
24908
24921
24926
24952
25002
25012
25015
25022
25087
25092
25096
25112
25118
25125
25126
25158
25185
25186
25198
25213
25224
25251
25268
25269
25272
25286
25304
25306
25340
25349
25354
25374
25390
25406
25407
25417
25431
25438
25451
25458
25495
25495
25510
25521
25531
25532
25545
25556
25560
25564
25569
25586
25588
25607
25607
25640
25655
25663
25705
25729
25745
25751
25755
25770
25777
25782
25835
25895
25914
25927
25928
25943
25964
25983
26018
26069
26073
26107
26107
26122
26131
26144
26145
26167
26175
26178
26179
26189
26224
26269
26279
26311
26328
26329
26338
26343
26365
26369
26434
26451
26478
26483
26502
26520
26596
26597
26653
26675
26681
26682
26704
26714
26719
26748
26758
26815
26830
26831
26861
26875
26885
26888
26895
26911
26946
26981
27014
27020
27028
27030
27037
27041
27066
27122
27157
27183
27222
27227
27229
27277
27282
27285
27308
27318
27348
27364
27374
27401
27428
27438
27485
27485
27522
27542
27590
27596
27608
27616
27635
27665
27675
27684
27699
27783
27791
27791
27804
27808
27829
27842
27849
27856
27881
27902
27904
27982
27985
27991
27997
28014
28073
28107
28148
28172
28183
28187
28198
28202
28233
28238
28266
28276
28283
28294
28311
28318
28359
28370
28379
28394
28399
28433
28448
28464
28489
28499
28507
28539
28540
28557
28578
28581
28605
28635
28653
28663
28699
28707
28727
28734
28764
28794
28805
28816
28822
28847
28895
28904
28911
28930
28938
28956
28968
28975
29029
29080
29141
29170
29175
29194
29199
29216
29223
29258
29283
29365
29368
29369
29390
29428
29496
29509
29543
29645
29649
29654
29674
29710
29718
29723
29771
29838
29868
29967
29989
30034
30044
30065
30100
30112
30116
30151
30167
30174
30202
30296
30304
30307
30310
30312
30353
30353
30355
30387
30395
30399
30412
30429
30443
30465
30468
30495
30511
30609
30663
30700
30730
30745
30770
30804
30816
30869
30879
30885
30889
30895
30908
30924
30980
31002
31038
31045
31055
31073
31075
31113
31120
31136
31163
31168
31195
31218
31240
31241
31301
31317
31330
31358
31363
31380
31403
31439
31538
31553
31566
31588
31611
31627
31651
31686
31707
31786
31813
31815
31879
31890
31891
31901
31923
31965
31984
31997
32023
32029
32032
32058
32104
32111
32121
32126
32126
32150
32167
32196
32201
32207
32213
32241
32244
32247
32306
32371
32397
32401
32408
32507
32509
32571
32577
32607
32628
32675
32699
32720
32747
32751
32756
32790
32820
32901
32908
32912
32916
32918
32976
32982
32991
32992
33022
33036
33064
33068
33072
33084
33108
33179
33207
33219
33222
33222
33223
33244
33276
33284
33347
33366
33375
33380
33396
33417
33419
33431
33443
33461
33482
33506
33522
33531
33535
33555
33603
33622
33626
33666
33668
33695
33721
33723
33729
33750
33753
33759
33769
33783
33788
33808
33822
33840
33862
33872
33875
33897
33929
33962
33977
34008
34011
34033
34060
34068
34070
34075
34091
34108
34114
34140
34198
34232
34255
34267
34303
34337
34371
34453
34482
34510
34588
34636
34643
34698
34714
34736
34736
34748
34765
34811
34815
34831
34856
34863
34872
34874
34889
34898
34908
34928
34961
34976
34981
35003
35005
35028
35029
35053
35058
35092
35110
35118
35128
35135
35139
35206
35228
35257
35262
35290
35296
35310
35344
35349
35383
35401
35410
35428
35428
35447
35458
35468
35472
35495
35513
35580
35583
35613
35641
35671
35696
35709
35717
35766
35791
35797
35818
35839
35886
35894
35932
35937
35959
35967
35973
35983
36006
36026
36030
36087
36118
36118
36121
36125
36125
36134
36161
36168
36169
36253
36280
36299
36311
36323
36325
36346
36373
36385
36417
36441
36483
36487
36502
36539
36581
36588
36609
36620
36651
36653
36695
36724
36726
36782
36808
36829
36865
36885
36889
36900
36904
36947
36960
36968
36974
37037
37053
37058
37061
37098
37111
37135
37145
37161
37162
37172
37183
37207
37215
37234
37240
37251
37257
37260
37291
37313
37319
37321
37325
37329
37356
37399
37458
37473
37504
37535
37555
37581
37581
37585
37600
37625
37639
37660
37688
37690
37693
37709
37728
37758
37767
37780
37783
37784
37829
37844
37859
37915
37927
37996
38001
38017
38022
38027
38028
38040
38043
38048
38050
38059
38060
38159
38177
38216
38224
38353
38364
38433
38460
38507
38521
38551
38559
38629
38642
38673
38680
38684
38707
38724
38768
38795
38826
38827
38843
38845
38915
38916
38940
38949
38953
38958
38971
38981
38984
38991
38996
39013
39031
39035
39039
39057
39074
39102
39126
39129
39130
39137
39177
39178
39206
39225
39230
39251
39263
39264
39317
39368
39411
39450
39455
39464
39470
39507
39514
39522
39524
39534
39570
39597
39618
39683
39732
39774
39787
39790
39802
39835
39840
39841
39844
39862
39866
39916
39925
39989
39993
40015
40022
40165
40174
40192
40193
40194
40195
40218
40248
40272
40297
40314
40343
40411
40433
40467
40478
40505
40506
40516
40520
40522
40524
40547
40596
40603
40603
40604
40606
40607
40645
40666
40672
40703
40725
40731
40749
40795
40800
40806
40840
40962
40974
40983
41012
41015
41016
41018
41025
41025
41038
41049
41053
41060
41066
41073
41119
41125
41133
41136
41138
41158
41164
41172
41210
41235
41266
41300
41308
41313
41344
41413
41428
41433
41476
41479
41548
41556
41617
41629
41639
41674
41705
41752
41817
41852
41871
41881
41883
41889
41895
41898
41906
41937
41943
41978
42001
42012
42014
42025
42041
42047
42076
42092
42127
42144
42155
42165
42240
42292
42314
42346
42347
42383
42401
42425
42439
42472
42485
42524
42617
42619
42629
42652
42666
42674
42698
42718
42735
42740
42761
42761
42779
42790
42801
42803
42823
42824
42826
42829
42831
42853
42874
42897
42910
42927
42944
42946
42969
42978
42996
43088
43113
43167
43199
43248
43295
43320
43331
43344
43346
43354
43367
43370
43370
43376
43379
43409
43420
43424
43425
43431
43433
43467
43470
43484
43487
43506
43543
43545
43610
43613
43675
43751
43785
43791
43798
43806
43823
43830
43847
43871
43889
43929
43932
43973
44010
44017
44024
44030
44036
44051
44088
44101
44120
44147
44150
44151
44228
44251
44254
44282
44294
44296
44313
44336
44340
44346
44361
44375
44396
44404
44431
44491
44516
44528
44604
44669
44682
44683
44686
44695
44703
44722
44730
44751
44811
44839
44858
44885
44910
44928
44932
44993
45006
45007
45017
45043
45044
45079
45090
45135
45198
45243
45244
45254
45282
45282
45293
45307
45316
45319
45320
45322
45364
45372
45374
45389
45403
45413
45503
45539
45555
45614
45618
45631
45647
45651
45651
45668
45682
45689
45713
45781
45830
45847
45871
45876
45885
45897
45940
45970
45973
45995
45998
46040
46051
46062
46062
46065
46077
46108
46121
46122
46165
46193
46198
46200
46224
46243
46247
46247
46253
46348
46361
46383
46391
46439
46460
46478
46487
46487
46489
46489
46500
46514
46543
46561
46628
46638
46638
46642
46652
46653
46676
46714
46736
46755
46764
46788
46811
46813
46815
46818
46826
46834
46888
46896
46907
46936
46975
47000
47007
47033
47039
47054
47082
47085
47085
47087
47089
47099
47129
47139
47161
47188
47216
47221
47232
47233
47245
47290
47305
47321
47328
47335
47338
47354
47375
47390
47425
47432
47540
47562
47618
47630
47631
47690
47712
47717
47729
47767
47772
47772
47825
47841
47892
47894
47902
47934
47988
48035
48097
48111
48117
48144
48145
48155
48198
48216
48244
48300
48301
48309
48318
48337
48359
48361
48367
48402
48413
48466
48466
48529
48536
48549
48595
48600
48615
48623
48626
48637
48638
48642
48643
48680
48682
48692
48743
48797
48806
48822
48833
48861
48892
48898
48937
49046
49118
49136
49142
49179
49202
49214
49254
49277
49335
49352
49360
49413
49431
49442
49444
49459
49470
49473
49479
49520
49549
49558
49596
49605
49607
49649
49672
49674
49675
49683
49734
49780
49851
49868
49885
49893
49911
49922
49930
99950
99919
99915
99890
99809
99732
99688
99677
99666
99633
99471
99380
99285
99284
99280
99271
99208
99140
98922
98911
98861
98846
98834
98823
98821
98815
98801
98796
98795
98739
98683
98483
98465
98368
98288
98220
98181
98139
98078
98066
98012
98004
97979
97916
97911
97908
97895
97875
97817
97742
97731
97717
97637
97559
97528
97514
97514
97508
97468
97452
97450
97393
97357
97317
97316
97310
97304
97251
97216
97210
97172
97160
97112
97001
96989
96960
96887
96882
96870
96846
96844
96826
96565
96516
96484
96473
96470
96452
96447
96443
96412
96332
96314
96239
96227
96221
96191
96190
96165
96154
96151
96121
96055
96042
95998
95997
95985
95915
95909
95901
95855
95847
95782
95766
95764
95712
95704
95684
95643
95595
95503
95313
95311
95277
95196
95129
95087
95016
94970
94894
94879
94854
94778
94767
94741
94638
94629
97476
94626
94612
99473
94584
94523
95200
94489
94483
94483
94386
94379
94374
94344
94343
94299
94116
94098
94071
94062
94057
93959
93953
93910
93893
93885
93853
93827
93807
93759
93709
93702
96140
99114
93640
93619
93567
93562
93537
93532
93511
93510
93423
93294
93253
93246
93237
93187
93164
93159
93143
93112
93096
93073
92971
92935
97903
92854
92848
92822
92749
92710
92687
92685
92640
92589
92516
92470
92411
99311
93603
92377
92353
92345
92338
92285
98253
92228
92183
92097
92040
91990
91910
91856
95786
91805
91796
91785
91762
91744
91729
91705
91696
92712
91683
91678
98336
91662
91661
91623
91599
91553
91520
91517
91448
91131
91109
94435
91081
91003
90950
90928
90819
90799
90787
90775
90742
90727
90707
90670
90557
90524
93751
90520
90414
90370
91370
90354
90327
90316
90160
90153
90134
90131
90102
90043
90004
89908
89899
89884
89837
89702
89681
89674
89663
89624
89598
89567
89532
89439
89435
89434
89432
89411
89409
89343
89299
89298
89278
89236
89230
89222
89210
89117
89002
88960
88921
88911
88859
88828
88818
88806
88759
88725
88661
88654
88648
88586
88544
88398
88390
99907
95018
88361
88352
91396
88352
88278
88274
88231
88222
88219
88217
88209
88163
88127
97357
88123
88119
88094
88030
88025
87981
87944
87924
87906
87883
87873
87853
87838
87831
87749
87743
87729
87671
87600
87495
87482
98344
98216
87467
87397
87370
87370
87262
87242
87207
87151
88053
87133
87128
87106
87021
86936
86872
86770
89480
86712
86655
86615
86586
86578
86564
86480
86428
86423
86389
86365
86318
86306
86291
86272
86247
86133
86111
86084
86078
92973
86068
86034
86023
86022
85960
85959
85950
85914
85881
85826
85805
85786
85784
85726
85672
85636
85633
85601
85569
85554
85532
85504
85503
85501
85477
96089
85474
85463
99284
97726
85445
85418
85410
85381
88360
91940
93203
85372
85358
85252
85248
85238
85204
85193
85193
92805
85192
89440
85118
98484
85108
85081
85075
85068
85050
85044
85036
84885
84855
84735
84733
84716
84662
84605
84598
97158
84511
84477
84407
84384
84369
84610
84360
88631
84335
84330
84305
84281
84250
84248
84224
84221
84187
84186
84114
97918
84096
84076
84347
96944
84061
84055
91239
84048
83967
83918
98236
83894
83890
83864
83857
83853
83840
83830
83828
83770
83751
95682
83716
83692
83680
97918
83651
83647
98874
83646
83640
83634
83569
83558
83495
83492
83484
83396
83381
83355
83314
95232
92392
83179
89073
83155
83146
83138
95817
83051
83042
83036
83023
98791
88181
82958
82884
98452
86689
82749
82746
82725
82706
82665
82618
82561
82500
82491
82437
82422
82374
82356
82353
82316
87559
82300
82279
82270
82248
82244
91170
82240
82184
82165
82099
82046
82031
96598
82007
81986
81955
81938
81867
81741
81693
81668
84567
81663
91122
94666
81618
99932
81604
82726
81495
81388
81360
81317
81271
81271
81240
81219
81203
81186
81185
87448
81089
81076
81074
81073
81057
81001
80987
80969
80958
80908
80906
80885
80801
80781
89284
80778
84289
83118
80688
80684
80668
80664
80646
80644
80635
80606
80598
80581
80540
80503
80462
80412
80395
80356
80323
80272
80264
80225
93565
80209
80203
80161
80129
86084
80120
91786
80108
98735
80092
79996
79995
79944
79859
79824
79812
79798
79791
79711
79690
86504
79674
79660
79608
79543
91611
79488
79478
79450
79438
79382
79378
79338
79314
79227
79206
90277
79172
79165
79153
79130
79076
99667
79041
79036
79026
78997
78996
78851
78833
78830
78772
78757
78737
78722
78685
96057
82977
78672
84177
78487
84761
78437
78427
78299
78281
78270
78261
78231
93522
78105
78089
78045
78036
77976
77944
77919
97376
77919
77897
82822
77877
85475
77837
77829
77750
77734
77727
77717
77668
77659
77658
77597
77571
77534
77502
77439
77410
77364
77314
80705
77243
95717
77230
77208
77133
77114
77060
82183
77027
77000
94052
76997
76911
76910
76724
76714
76706
80721
76698
76695
76685
92430
76682
76660
94039
76624
76597
76581
76502
87786
76501
76478
76425
76392
80473
99881
76308
76248
76215
84594
76213
76176
76154
90660
76154
81364
76127
76116
76115
76108
94020
81572
76088
96833
76041
76010
75978
99455
75940
75936
77827
75933
75923
83229
87329
80801
75855
82856
94699
75806
75806
75788
75777
87775
90812
93182
75693
75666
81198
75662
75660
82211
75659
75642
75579
78641
75562
79907
75554
75549
75351
75296
75283
81678
75277
75271
75269
75266
75239
75133
75045
75044
75030
74948
74918
91255
79071
74907
74845
74841
74762
74731
74725
74721
74681
74630
74599
98568
74573
74566
74537
74531
74529
92713
74497
74493
74486
87013
74446
74426
90728
74397
86461
74396
74891
74392
74376
74352
74313
74209
74177
74059
74052
74042
74018
73991
73984
78084
73953
73950
73909
73900
73877
94888
73877
73791
73685
73603
92226
73560
73555
73555
74899
73525
83622
73510
99581
78804
73497
73470
73431
83010
73421
82322
73421
73396
90898
73366
73313
99575
73307
73304
73294
86316
73292
73290
73290
73281
83386
81783
73249
77404
73205
73201
73171
73165
94348
73144
73125
73094
73084
73081
73066
73060
73032
72976
93427
72943
72920
86411
72918
87694
72905
93945
84692
79544
72899
72891
72869
72847
72830
72818
73547
72759
72728
72703
72687
82063
72668
72651
72618
72575
72554
72552
94592
72551
72537
87031
72498
72366
77696
72360
72268
72464
72239
88412
72236
72234
72196
72169
72099
72070
72018
72004
71994
97141
71979
71970
71966
71944
71935
71929
71885
75376
93549
71743
71702
71683
71666
71607
71589
71589
71535
71525
71520
71519
71487
71468
98023
94359
71461
71445
98456
71433
71300
71273
71239
71214
71183
79733
71156
71043
70996
75828
86976
70986
70960
70945
70889
88989
70873
90298
70870
70864
70828
70823
70803
70791
70714
89237
84222
74553
70660
70644
70630
70613
86408
83297
81512
81090
70605
70420
81296
70396
87261
70394
91591
70384
70324
77302
70322
70302
70286
70275
76549
70249
96029
70226
70223
70210
70197
92981
70115
72700
70039
94997
70021
70004
77577
69987
69971
69927
69914
69913
69909
69871
95963
69865
69848
69825
96564
69794
69701
69691
69630
98496
69615
69485
69479
69458
69436
69410
69369
83927
84516
69358
70875
75827
69307
75384
69300
69289
85361
69171
69147
83852
92472
95979
69115
69097
69037
80396
71273
68985
88794
68978
68968
68906
68904
68898
74251
68889
68883
68876
68842
68807
75247
93244
68791
71609
68744
68724
68693
68672
86995
87246
68663
91828
68626
68582
68567
71243
68533
92935
68579
68506
68462
68457
77304
68400
68300
68277
68186
68186
68184
87153
68180
99359
74929
88341
68172
68143
68105
68065
68035
68020
67978
67948
67941
77363
89991
67932
67918
67906
67906
84736
81540
67886
98842
67869
92023
67869
67849
67841
99825
67840
99801
67783
80694
67775
73622
67771
67748
67705
67603
76702
67558
84412
67539
67489
67457
67413
67408
67405
67365
67312
67280
67273
67248
67215
67194
67164
67133
67114
67112
67011
67004
66989
82900
66977
94609
94568
66971
66942
66919
96539
66825
66739
66652
81393
66649
66646
66610
84410
66609
67089
66609
66604
66601
66542
66507
66501
66481
66451
73116
66410
77411
66376
66369
66361
66329
66315
66299
66298
66295
66285
66254
66234
96301
90616
66203
66186
71779
66179
67103
66132
66129
91789
66112
66085
90349
66063
66058
66024
80125
65913
65852
65829
65733
65691
65683
65656
65645
94041
65640
65632
65613
65606
97800
65603
65595
66809
65576
65569
65492
87477
70660
65440
65437
65417
79981
65373
95333
65367
65332
70581
65263
86896
65242
65232
65197
65185
65168
98743
66592
65139
65118
65106
65075
65070
65068
65019
65009
65445
65912
64975
64956
64938
64933
90643
64912
64870
64838
64833
64831
64767
64762
64735
66329
64722
64719
64711
64678
98310
64649
64642
64587
81273
64548
92827
99171
64535
64528
64522
91406
64519
65977
64495
94526
64453
64433
64423
69527
64391
64386
64386
83878
64319
73752
64251
64241
64846
64224
64173
64167
64160
95064
64155
64147
64114
64096
79927
64090
64081
65719
64046
64041
75028
64012
63934
63930
63910
63893
73682
84429
63881
63869
87694
84213
63785
93384
65994
92059
63775
96327
79907
63726
90645
96658
63643
85905
63611
63599
63594
63569
92567
89248
76656
63560
86284
63535
95151
63526
83802
63520
63507
63497
77102
87045
63490
63477
63427
63378
63365
94621
63348
63333
63329
87796
63253
68338
63246
63228
63203
63150
63128
93244
74979
63128
63080
77731
63076
85085
93609
76535
81500
62975
98843
82000
62951
62944
62913
62893
62888
62799
62791
62781
92040
80875
62768
62764
62733
62718
62667
86863
62652
62645
62636
75063
62635
62606
62548
99586
73796
62546
62490
62457
62456
62452
62442
86576
62434
62400
62395
98167
62391
62366
81763
62358
62308
66786
83603
62271
62260
62258
62227
62225
99783
62160
70446
90745
62147
62125
71608
62095
65832
62037
62005
81028
61952
61947
61873
74614
82953
99699
81543
72694
97111
61852
63784
76448
61812
61799
61778
61743
61721
61714
78591
61697
98185
61676
61662
61641
61622
63020
61595
96348
61582
61558
61537
76204
80074
78357
71846
75539
61532
76752
61486
61446
61433
61426
61353
61335
61274
61271
69358
96613
61267
61245
61206
76905
61204
88726
78948
61192
61146
65060
61103
69468
61096
61088
61069
73841
61023
60995
78681
60889
77024
60879
60874
77574
68604
60862
95469
60846
98573
60804
85235
60786
71894
60761
60710
60685
60677
69452
90935
60656
79460
96951
89296
60611
96661
60585
60571
60568
60544
60500
83578
79884
60498
60492
60476
60461
64882
60439
60431
97986
60388
60377
60332
90595
85511
95534
96114
60304
60236
82246
97022
97486
60207
96817
60174
60006
59990
59988
82182
59963
59953
59907
59899
59893
59892
59889
59880
59771
59759
64175
66842
62403
59753
59747
59740
91726
59732
59732
59729
59694
91667
59639
85676
74820
59628
59627
77169
85686
59558
59547
59525
59466
82572
59444
59444
66625
59424
59422
87221
59376
97143
59369
67343
59366
85019
81299
59363
65961
59339
91988
59327
59317
59256
59255
92018
59239
59181
65623
59123
79829
59048
59043
59030
58953
58943
58921
69883
58906
79835
91326
58899
58895
94125
58853
71095
58830
58733
58704
58680
66088
58669
58596
58570
58560
58549
58510
58465
58456
58422
61220
72419
60941
58273
58267
58239
58221
58213
85454
58190
58189
58152
58146
82619
90315
58113
58096
57986
94234
72262
85133
75032
64667
69393
67731
89161
57907
57885
57872
73541
57837
73275
57783
57755
99879
57737
57715
57688
57669
69197
58740
81792
57639
57634
57609
60820
87298
57601
57598
91306
80279
57556
57535
57527
57511
57510
57502
57499
73033
74086
57460
57456
57438
57401
57344
57338
57323
61391
92698
57288
93283
62113
57283
57257
57247
57216
73424
57199
99205
57194
57704
87797
57144
57113
82705
92952
57110
57093
57057
63141
57053
57024
56928
78442
56894
56883
87453
68335
56838
78589
56771
56663
72379
95028
65538
69070
56630
56614
64586
56565
56554
56527
84942
56517
56497
56469
56460
56411
56366
56361
56356
94651
71977
56328
94650
56311
56302
93053
94582
56302
56277
56169
56168
56148
56126
73727
56122
59508
56116
97320
56021
92059
56002
57845
55966
55950
55945
68746
55938
68437
55928
81935
68070
55884
55854
55850
83637
63611
86583
72466
55822
72180
55806
81835
55773
55766
55735
71268
55732
55712
82462
73081
75758
55678
55672
75856
55649
79643
92145
55644
86342
55631
95414
55631
85251
55565
55535
64451
85848
70952
55524
97812
81993
55498
81000
93908
55487
55467
68547
55436
55429
55396
55351
55292
73466
64448
66673
59893
62089
55255
80628
55123
59268
55082
55074
63273
55037
55026
78981
81873
61882
55022
90484
84304
54982
54971
99152
80599
54965
83835
92307
91921
54955
54870
74431
54860
54837
54809
54795
80339
55452
54775
72280
64201
93279
63412
62528
54766
54718
74120
67826
54660
64760
77649
54655
72917
54600
62214
54595
54488
86690
54456
54437
80577
79278
54432
54420
78519
54417
54341
54335
54326
81162
54300
82075
71521
95669
96985
70065
63305
54298
54288
54232
54218
69303
54215
54186
92249
54162
70655
78550
54146
82961
54116
54106
54080
85874
55480
61972
58908
76020
90750
54077
60055
54028
54009
54007
53993
53941
53915
95047
67090
88664
53911
73923
87896
53911
53883
53848
53848
53838
68531
53826
53805
53731
53694
53684
90608
99677
68177
60195
53674
79235
81982
64799
66259
56878
62917
53671
53665
53630
69321
91038
53588
53569
53503
53501
56184
53479
53450
76355
53444
53442
53436
53432
63493
53403
61651
94253
88743
53376
61533
80276
94222
53342
53258
53253
80357
53245
53232
53163
72174
53152
53120
69825
75285
94395
80097
53930
53110
54580
53102
53079
53074
53061
72585
82669
57495
53043
53023
53010
90237
65016
52997
52981
52968
52951
57090
62003
64660
52928
57495
52923
52921
52885
60004
52873
91629
65524
52870
52860
52808
64398
52789
85904
52761
52757
52733
52724
52718
62004
86690
60828
95909
78057
52679
56755
52653
52631
89206
78650
87991
53998
86975
52626
85114
70998
63636
87836
52591
71199
52591
52574
85733
80181
99436
52546
84631
64763
58447
60169
58121
52514
89806
52488
52484
73312
52483
52464
52455
52447
52431
52409
52393
52365
52298
52295
52260
59068
69595
52258
71796
83587
52207
54808
76671
52199
56525
52124
90158
52111
89864
85124
76156
81946
85459
87175
71026
52108
52051
51991
96564
93995
51988
89425
74293
87563
51955
91520
51953
51884
74874
72852
58586
71753
51868
99683
66047
51865
99202
51857
51839
51781
57047
95888
99668
91006
51754
51743
51740
51738
96371
51717
82925
51693
51657
51652
83557
61323
58302
98390
65378
51558
51547
58477
68924
51514
51497
51497
74139
85557
51475
65641
86965
89688
64377
51431
54746
51407
51396
51394
51388
51373
51369
51348
51338
92262
51330
51319
53194
51313
51308
51287
51284
98001
51262
56276
93378
81827
51246
86454
93367
72863
59348
89611
98887
51222
91219
51195
58208
87910
51189
88968
80092
79914
80255
86197
84624
59115
51183
70340
51141
58318
51105
51102
91285
51084
57119
51079
51073
51062
94809
51055
51023
56968
51022
51011
86195
51000
92379
81057
50992
74567
50961
50961
50942
52007
98681
50921
59187
50912
83236
91367
50884
50859
50857
51335
85132
53059
50831
50802
87891
77317
53476
50768
52736
50756
63095
82332
50753
50744
83672
50674
52152
60625
50665
72108
50654
50604
50558
50541
50535
52049
50530
56396
89426
50515
62029
98568
61445
69059
65803
50505
68253
50495
75796
69366
92145
50488
50444
76702
50379
50341
50331
90449
61669
92809
50301
86350
50299
83239
50265
74269
82457
50252
89066
55915
50240
68910
50225
50198
50187
50176
96609
72085
65263
92271
50168
78540
76458
50148
77691
50134
50118
50107
92240
50084
69214
57586
50068
76919
70084
76459
99365
50054
50050
64193
59502
49985
92063
71162
97354
49978
99258
49966
49965
57150
93337
94336
49962
54266
49962
89177
88651
49955
98858
55774
63035
97814
66425
79867
78994
49950
61654
60946
49946
49942
