4165
4563
4605
3971
9775
2657
3803
169
6486
9455
2961
7419
3997
5162
6600
4273
6371
2247
4986
1631
74
3461
4712
7581
2270
900
1166
6732
8227
3279
6064
1074
1548
3631
9352
8704
8958
5822
3062
1030
6712
1853
2687
3244
6733
8768
2581
3883
9812
4443
9127
9062
8864
2840
7069
6428
1201
8524
3490
7776
6201
3987
2186
4125
7568
4233
6684
2617
1067
635
5942
2826
1626
9339
2186
4147
2181
4415
5315
4782
6147
4970
3935
1632
8992
1383
5725
2862
3656
1953
3111
40
4049
2821
98
8437
1978
5079
9510
1824
3933
6279
2178
4816
1595
3380
8878
8573
6797
1072
8944
9196
9071
4856
7069
6819
915
3286
8082
2971
6118
5271
4793
5715
4467
9956
520
9168
2819
4611
9462
3317
7063
5518
7128
9281
3559
3042
3399
2251
9365
8114
1698
7358
5692
9184
5494
4321
9921
3041
5649
5163
5402
731
4244
8794
4738
3465
5717
7164
9096
145
9660
5623
2288
5314
7765
3116
3519
1553
1226
1537
7346
5710
8982
5321
6813
1283
8676
5971
2658
4064
8178
5638
9582
5062
5880
4994
1637
5157
1314
6568
2263
3959
2076
9601
4697
3741
7130
9555
4339
6264
7362
2841
4482
9151
3896
5917
1705
4142
6383
9377
2834
366
8233
7300
3677
2747
5551
9584
1911
3138
6067
452
7376
7682
7467
7207
6737
4779
7094
1275
3002
329
2615
8669
7500
8017
1855
3072
9548
400
5307
64
5171
2677
4460
3098
9969
1233
7316
2911
8050
4713
5622
5462
139
7408
7022
3586
3725
1666
5805
4910
3302
9622
3246
5483
2733
6080
2168
9076
1734
7677
6407
4734
3453
7228
6044
3090
5829
5020
7730
1434
6994
2206
7920
268
352
1490
4752
6495
7835
1438
752
5605
4424
4302
9428
1055
3287
9518
35
7647
2872
945
2593
3068
2564
4593
8953
7677
3973
6477
4939
8802
4169
2192
8044
6
7774
6202
2860
2899
8512
9248
8239
8479
4694
6740
4091
7574
2836
1204
9004
5552
3247
4464
7374
8820
7409
7437
5891
8673
1779
8528
1125
4940
5179
9997
6962
8237
4401
1991
7768
4064
4658
2899
5671
3555
9813
9333
1591
9355
212
6527
6948
3000
7269
8091
9686
1982
1842
12
383
252
9777
5484
5032
8004
4838
5870
9112
5167
7111
9566
1665
3014
2852
8133
4619
1041
2036
2264
1941
4097
2976
6172
6166
1694
9158
8256
4825
6152
5736
4929
9876
499
2658
6249
6019
1175
8109
3962
4807
4143
9992
8169
2871
3362
6882
784
4349
6046
7969
7838
2505
6906
1935
8682
350
9096
5153
5210
2816
6976
1407
6277
82
1874
109
840
8295
7438
3930
4759
9470
8389
617
2091
7882
486
7372
1954
2648
1736
2073
9785
9974
7494
6330
7794
9237
3628
3450
5635
9226
5918
5498
8038
6850
5042
5239
3626
2757
5562
7575
7634
9386
4492
9000
4626
6803
5714
6947
8738
6506
2023
6876
7087
1450
5699
6521
3413
2579
7931
3764
6272
2808
4659
4139
1672
3337
818
6080
6734
3211
663
9594
1734
6219
7927
4459
2644
8377
9853
9365
6110
4635
3415
3551
8353
3059
9588
2738
2003
2977
4362
4307
9340
1271
8645
3621
8083
4334
4989
8451
3864
8357
4668
2538
4620
6072
5293
7462
976
6498
2171
3784
8768
5212
759
185
769
9332
6994
9020
2086
9850
907
7693
4357
6367
6090
2453
4175
9923
6237
2435
9466
1425
1365
2257
5392
7707
2654
9861
5406
2207
2993
501
7368
8532
5293
362
8730
3135
7294
3888
5296
5905
1363
5200
9534
460
5714
7352
3318
7335
4518
2529
5716
4222
3560
8418
1280
1272
1798
5959
8297
7513
418
1708
9929
5217
4007
8502
4528
3517
9832
149
78
9712
9768
1410
5548
7852
1160
4518
7303
5398
446
4352
9413
8296
5401
336
3324
9854
4583
5115
809
3964
9336
5370
1032
8532
62
8945
6752
8759
6570
1728
5738
2452
3521
551
1361
5372
202
6115
7236
1997
7325
7792
3814
5281
2345
3559
373
9327
8552
29
1677
7215
9829
1035
9096
8812
3633
9318
5774
547
4472
75
4097
1058
3887
7402
5623
2052
8941
6771
3171
5207
9497
1988
2884
9400
4644
883
8426
2864
5540
5437
8773
6790
4087
9338
2626
2151
2424
6619
4550
5046
2816
2979
4544
2979
7836
7991
4131
4423
7165
8077
2024
5524
3089
5807
2724
9099
6743
1843
2177
7971
3913
7856
1079
5510
7794
3686
8814
8400
2837
4749
2481
6250
9144
7830
4380
989
8890
7207
1806
3193
631
5249
8141
479
2168
6433
6101
6516
7983
6392
3370
1669
6104
4926
7973
7573
8647
3977
7836
4033
4798
1005
8190
8990
676
6465
2015
5628
2405
4485
9481
1710
4254
566
3737
8006
6810
5716
6200
148
564
4947
9943
8332
2236
8804
6499
5287
6308
227
1033
863
4356
5235
2233
9458
5834
2515
9500
9492
34
4455
2844
9625
4631
8076
8932
2850
629
6638
4168
5275
4879
5097
7518
9948
5784
4485
9759
9555
2023
6468
3989
3541
2483
1431
6574
5257
7920
1184
7245
7179
3062
6522
9616
2181
781
4320
1153
3
1188
7183
8514
1599
5926
9713
5289
8748
2947
3209
5473
1208
8510
7229
9423
2921
3140
5272
848
9787
465
8881
4926
480
7285
6877
874
2591
7811
9384
4058
1100
1525
8245
9853
2909
2166
5042
8100
5779
6600
7933
1138
6686
941
4138
2176
1118
2885
5649
1700
4021
4455
4288
930
4169
1659
1823
3542
4527
9554
7262
4857
2032
6462
7641
1327
1284
1051
5496
3688
9000
5374
3718
2605
7582
5910
6651
8038
8796
321
2901
1513
9654
4465
7920
4764
6108
2386
1207
5863
6698
8560
5503
3624
1367
8089
1248
5752
734
6946
6191
7137
1832
9381
2111
6229
1840
9368
1646
7268
5157
8192
8220
4676
9199
5325
3774
1914
7876
7788
3246
3753
9530
2366
2141
2421
3858
5032
2277
668
8596
9470
6390
8765
4744
5011
5525
8485
88
5748
4536
2675
9764
1989
2558
3150
1463
189
8107
4691
104
8071
5684
7113
9863
5196
1750
3043
9721
8794
8854
807
9656
3500
4630
8163
9618
3076
3320
2718
6963
2468
6911
6466
3515
6075
2461
4015
1241
8104
4944
2459
3116
5942
487
3890
5325
1191
3006
9342
8120
5943
7225
8210
4528
6004
6918
9593
2630
6522
5302
9017
5048
5705
7784
6400
6437
7738
2659
2318
1694
630
6984
6791
8375
7172
92
5854
6203
4583
9956
2285
1420
2048
5190
3867
3750
489
5943
5357
6140
2254
6605
3844
2269
743
8727
1834
8706
6629
785
1896
2770
5405
496
4969
8859
5299
5243
9420
6596
4224
1685
4905
5326
4915
3482
2737
7026
5809
9336
6102
173
5436
5896
4619
2793
2663
7417
6339
9775
685
7263
7182
1158
7883
2812
4286
8340
3159
3567
4945
2673
6239
6950
3818
1335
4722
5300
1067
423
8221
7666
3360
6717
4465
8936
4433
2309
974
8501
5426
6730
3121
2595
1859
2664
5197
5099
4477
5516
5468
7816
1350
123
8478
4210
9026
1414
919
6843
1500
6211
7125
4949
8601
5019
1008
9068
9638
904
8172
2405
3068
6565
6627
9821
8176
2431
6717
7453
133
3197
9990
5069
4480
8153
3128
9843
4650
4413
778
9083
4880
9714
4
5348
5364
4899
9664
6259
804
8555
8635
9046
8464
8054
8565
2820
7411
7690
5760
4607
9145
859
1007
6834
2780
6606
4968
2569
7653
5351
1096
7691
9951
8748
5125
3616
8349
9425
1512
7408
5172
5302
7181
3064
2494
5178
4387
717
2437
4934
369
3120
6379
3657
2184
2614
2328
6286
8106
9673
5229
8345
6120
5435
4661
2435
7240
6286
6361
5086
1757
3798
3368
6295
8936
2051
5684
8276
9845
7874
5458
8328
9292
2788
516
503
1320
2096
2995
4382
1472
6090
2062
3713
9808
1927
8398
9376
7304
6541
3312
2777
9682
4631
1495
7583
7667
5639
3654
2199
5515
4665
7021
9346
4344
6613
2644
9700
5961
1771
5119
9359
4962
3930
4000
4444
2359
5229
8978
2057
1
3851
7736
9003
4233
7602
8725
5124
8842
7458
1435
204
7927
6407
5610
6265
4684
3049
8364
9479
7710
4569
2243
1338
1122
9369
910
1285
3251
5654
7451
4174
4879
9626
864
2739
5943
6224
3699
8426
588
461
1457
7593
8113
7729
4043
4618
2134
6690
1377
1799
7993
6470
2026
5373
3048
6516
2867
6578
4530
9444
3180
8004
2740
4073
5127
1009
3144
9628
1005
6888
8092
5179
90
8730
9270
5498
8730
1213
968
3901
9612
8895
7939
4610
6114
6943
370
4267
5451
3491
1339
5830
7561
2340
5631
3392
3616
6127
2465
6235
378
6709
4219
158
2167
2697
8
1234
9578
4111
5772
5901
4130
1540
4997
138
691
5244
1945
6191
6889
1982
9202
2174
5844
2024
5775
3347
3896
5687
7456
324
8329
4390
7791
6330
4583
3707
7363
3364
4590
706
8720
6023
5913
1824
6161
4910
9227
1066
5058
5802
6580
87
122
1383
8549
7549
5700
9020
9408
7870
2283
3871
6979
2497
4971
4855
9994
2415
6200
9540
9504
7546
2671
3010
8617
7839
309
2597
1301
5685
2454
1235
1764
215
2266
3812
2968
6822
8919
1312
2688
263
5041
5156
5327
1683
3152
7158
599
3416
4183
5617
2289
5278
2955
1567
344
7438
2973
4411
1866
4377
5219
4409
8022
241
5063
8211
2164
8688
4838
1166
3927
8890
4048
983
2837
2931
3874
3190
1793
4283
7672
6345
8115
9665
7230
9983
8934
6008
4455
8617
4082
8386
4914
8619
1361
4881
4151
2706
470
624
1171
2754
6616
8450
1211
2780
6951
4091
7395
4126
3632
5910
9867
776
7730
37
9494
9927
407
1695
3967
1369
1070
6818
5688
1951
8477
7859
7116
1329
462
17
7736
9160
3938
9091
1972
3540
3410
5125
9668
1296
171
2304
8574
7164
4401
9677
5718
2537
3893
4060
1906
7661
861
7940
7476
6606
3140
6680
3269
7650
4529
3151
2859
3114
7046
3802
8004
2606
8320
1965
2629
831
4793
8649
3826
6433
3948
7226
534
5736
9228
9687
4635
5815
9910
9161
1081
2007
1679
4263
6540
7760
1143
578
2803
6149
8408
9880
3029
6123
2932
4487
5594
318
1762
2169
2094
6384
8721
2740
9971
4767
9141
6909
2943
6486
4593
8389
3918
6415
1590
9136
6229
5895
8624
8435
1027
3430
1907
8518
7842
9704
6414
9633
9230
6763
2369
4818
2789
9191
3336
2174
1807
741
3595
4822
1134
2667
6380
3908
3803
2101
8141
3157
8075
2112
7146
7949
1012
5155
7944
8555
7134
5336
1493
1956
9823
9135
7927
1674
1693
9444
7036
8838
3540
7469
3195
5568
899
5617
8209
1721
4050
5006
7897
2174
6716
5232
1014
4351
2117
7427
7264
6791
6260
3159
81
1548
7733
755
9596
8492
7998
756
4645
2456
5356
5059
5213
2541
364
5422
6468
2914
4702
933
3181
2759
496
7043
4734
8107
3786
43
9546
5003
2151
7045
481
2004
909
4113
5980
9219
3093
279
8084
3589
6806
4851
358
1745
7387
9668
6273
5410
1701
1011
6819
9961
4206
3520
9123
8991
1641
5666
5100
1842
9848
5936
7916
8160
3411
2818
7555
3345
4681
939
4101
1532
4300
756
4680
8867
3965
7587
8445
2541
2605
6338
207
3477
5690
7787
8928
2246
117
286
3014
6939
8495
3545
2985
7535
1870
5537
7304
7188
1679
8575
3964
2194
3349
145
3043
2338
6264
6481
2794
2880
6981
7867
9819
7295
8638
2074
4647
6153
3989
2047
2001
5390
1674
9532
521
3071
1
3061
976
7
7569
8669
8493
3804
7250
9410
3134
3966
6834
7984
1351
537
5308
7020
4261
8855
9415
6319
7234
8709
6763
7459
3321
5924
4270
9466
7510
8808
6574
693
6286
5120
2942
4835
9659
4666
7457
2715
3987
5509
7903
7317
9066
6873
3594
9884
1019
731
4620
6177
9522
3833
1860
1463
4542
2208
2623
5277
4239
5096
6526
7583
3461
5492
6536
9960
123
4047
6217
9457
4116
9416
2569
