7224
4533
2346
8863
7364
9887
1787
3946
868
3705
4048
9574
3609
923
9469
5171
5361
8713
5182
8407
7252
1196
1948
7016
8121
4069
8688
2887
2552
1896
822
821
4773
4000
9514
47
3720
1322
6286
917
6080
4202
7081
9595
7441
8495
5952
8241
3793
5166
2795
2711
4874
6667
7647
2565
1422
9544
8643
4848
8546
6439
8952
5000
5693
4876
3897
4321
7481
652
997
4424
5595
5975
6685
8704
9852
2796
563
8329
5128
9297
823
4260
287
8646
7570
9756
1425
7220
1379
9243
2965
1152
5933
2051
7261
9103
4240
5642
9584
2571
9185
4823
9569
2579
8077
7610
3935
3013
5264
9742
7584
451
9533
3083
5288
5971
2181
3446
7791
771
7499
2629
7110
504
3732
7548
4090
3875
2711
3450
4400
8650
5766
7329
4670
6801
2074
3795
1144
4014
6995
8459
4126
3061
9964
472
7619
3348
7748
1726
5286
5780
4360
8624
5453
8273
2939
4612
8259
5202
7493
184
7764
4289
7193
4223
4292
3390
5340
2485
7233
9771
3902
8527
9431
5890
8213
1610
7362
5424
3780
497
3241
9238
829
3530
4402
2135
9163
3401
8787
636
5610
338
379
9403
6412
9198
5009
405
2856
1259
2097
1342
7920
3398
9360
9419
4148
1070
6590
2873
6605
9691
6273
7102
4120
6255
9145
5967
8835
3013
933
364
5886
5265
8753
4977
8696
10
110
6554
7581
7358
7535
9538
4766
1272
5449
1569
8139
5663
680
2688
9580
8758
9861
709
441
259
8925
3207
2220
3802
2415
6902
9838
1162
9703
6908
5451
8155
223
5215
1699
3567
1242
8352
7060
4446
3616
5831
9184
8834
9335
7390
6245
2473
8741
1679
7938
7303
7779
9726
7943
4505
2939
8449
2343
8921
1824
2001
548
918
1641
6604
2255
881
2737
7011
150
7713
2769
1991
7482
3438
1115
5771
7603
1408
5515
7107
5357
7946
8192
2252
5229
3746
5977
9637
102
6331
8027
6858
6537
5309
1237
4260
4006
4984
7772
1148
8258
4965
5350
6815
3380
3365
6316
1232
2763
2073
2856
8156
8584
1114
568
1790
8827
8686
9083
3582
8708
1662
8216
855
9431
3766
8038
5532
4203
5048
2257
6607
7782
1305
1308
918
7880
6773
2752
4388
8929
7584
72
1056
7856
5892
3306
307
3190
981
4102
9636
4686
1472
4992
1177
9933
6074
5834
2058
1913
5938
876
7056
3023
1669
2847
8831
22
2280
3046
4009
6043
7361
578
6238
3723
1123
6497
4934
1646
2848
805
2679
172
8770
9688
7543
6940
987
8421
5086
8191
3318
2330
4966
2310
1101
8742
7663
7988
437
4267
7277
7429
58
6390
1962
9593
3964
1381
4015
3578
8636
8465
2076
811
8787
3314
4365
8220
9741
6061
1011
8251
5906
5032
9860
3864
779
9706
6011
8359
158
4279
2678
7193
6239
9298
2210
1156
8011
7151
9915
6146
5340
9725
8229
4821
6105
7809
7221
246
5373
1707
8388
7688
7889
5888
5185
2634
131
342
4325
1812
9582
220
2429
6979
8617
3748
4720
653
7710
9726
1696
4744
8642
8682
1100
5221
8969
727
5752
6477
6753
4519
3558
1699
3192
9589
152
3385
8439
9298
5629
9708
2233
1233
2462
9257
6377
3772
1916
8176
9392
7224
5197
5462
8788
8266
2447
8316
6355
6252
7770
459
2589
9908
6315
6819
5541
6768
8322
1403
5139
7683
678
620
5459
6695
5625
5992
6969
7037
7453
7983
624
5117
1471
4181
3421
1905
6802
6998
2070
8772
2210
8662
7484
1276
5236
9612
7757
5690
5872
1385
7925
4786
7923
125
9432
6235
4857
2783
2745
895
4564
7347
9452
3479
8716
7828
8071
4814
8857
2122
1317
8062
7067
9758
1089
9636
1406
7888
9957
4428
3464
9547
1266
6364
7768
6507
5864
9136
4678
8776
4199
1128
999
8694
4413
8136
1513
9107
696
5928
7279
6385
7352
2117
2301
2783
3007
8401
1836
4857
7750
47
2215
4340
6956
5667
9883
4036
9404
5377
5569
4261
3489
1476
6742
9897
4250
1576
9301
5512
4669
6985
5227
2649
5209
4275
340
356
8693
7792
4150
3498
8787
5311
8229
2497
6924
7404
4277
2744
7545
9477
3003
2593
9739
2602
2741
234
1794
2371
2692
4740
2917
4292
7633
8347
4844
640
1186
6923
8156
2107
9049
3710
3244
7598
4790
4577
4401
5902
9199
7512
4640
3805
8022
9974
1593
3412
8930
4342
5441
7818
3025
480
4663
3764
2898
2983
1725
518
9237
6550
7845
4120
747
1290
2378
452
6365
5795
5066
64
7025
7164
9916
9130
6008
2390
343
4926
746
7436
2730
8774
3154
8783
7048
4695
2244
6823
694
8246
9068
720
2849
4375
3636
3866
2187
4925
8925
2146
6663
6245
9993
8436
1237
6805
3378
6325
3085
8770
1143
4226
9387
768
1828
8162
8950
5164
18
7694
4127
9791
2295
6225
8092
2874
6684
8027
4258
439
8375
7572
2909
3737
6940
3940
6474
472
7340
8636
1309
8035
2458
2840
5231
8414
2639
5858
4520
7616
3219
377
1474
2419
7315
4292
1871
1606
3541
6450
4718
7161
7897
6664
9717
565
1484
5798
1820
8869
3861
1836
3530
6278
6487
2982
6401
3257
3703
2537
3543
1836
1840
8954
4503
8486
3544
6837
4747
9906
410
2891
9733
1634
9901
2011
6368
1367
5365
8955
3702
67
8659
8671
207
2992
1603
3505
4745
7284
5818
2197
4417
557
6805
4845
2286
7070
3305
8527
4011
5531
884
1922
3455
9963
1889
1498
6624
4198
1809
1265
2576
7906
9009
1719
5628
736
1866
8590
9421
5367
7199
3319
119
7038
4057
370
8644
7649
2863
6928
763
5706
8247
633
3737
51
3059
9862
4354
3202
4222
2163
1106
9634
4762
6024
5432
7634
4227
7271
4226
7305
9837
4905
7767
1227
4566
4298
7066
9625
5266
409
9134
403
5463
7964
3228
8573
7
5242
4044
2458
8608
1090
3874
8880
3231
6860
549
4116
344
1399
6101
2484
5947
7408
8996
9337
1673
5940
5557
1298
5586
2057
6464
9388
5703
6653
9304
1421
9042
6869
9203
427
1090
8145
7468
4485
3386
3659
5675
3751
629
7385
8472
4770
5632
1459
4923
7742
152
678
6766
2070
3804
8673
8042
833
7675
6727
9053
4590
1192
5880
2583
5736
3284
2411
4181
4962
2314
3152
9375
6123
4296
3473
239
9238
9386
2443
7768
2895
3598
4732
1735
5162
2642
6924
373
821
1422
4811
9440
3140
8477
2141
6780
118
9187
1164
4703
1776
1773
2751
9305
6170
7962
2330
9310
2749
8961
1346
9487
8121
1650
1469
3213
1743
3181
3986
4684
935
3212
5502
2153
3012
3585
6392
9506
867
441
1165
8697
5315
1517
6637
5217
6393
512
9049
9587
5260
964
6078
7726
2520
4164
564
7194
3608
8467
5721
8977
4192
3469
8992
1244
8180
1573
4303
5291
1427
200
3334
731
1344
7509
5188
657
3224
2695
7461
1159
4809
1029
5321
300
2963
792
8543
8311
7830
7638
6056
8740
7043
57
6130
9051
2027
8083
2418
8719
8219
3840
6381
2277
6369
9201
4000
2907
7284
4842
6156
6723
3474
7278
5595
5296
3649
2048
6365
2788
8181
3491
8562
9414
8032
2698
7156
5941
4018
7616
3298
734
9252
8995
4807
7817
5243
4441
9281
9584
2511
6465
7848
8243
4240
5157
2872
7931
7925
3337
5465
9398
8852
7193
5365
3563
2573
9873
1052
7596
5866
8667
9064
6428
2679
4867
5647
551
1856
1267
2307
6348
8175
8475
132
707
7004
1344
6719
5350
419
5713
703
8204
7760
4355
3190
1578
6402
4675
5578
7410
4604
697
160
7246
4383
5611
8108
4374
2270
6136
1863
5569
6450
1715
5518
7266
4203
6538
443
9184
7259
3854
9102
1047
8885
4914
943
4743
5788
5735
4238
221
413
302
6474
9329
4318
8660
1198
2171
2968
3328
8335
3680
2817
6872
4750
8026
5101
8038
3159
6924
1705
4583
1636
4122
4105
5194
9469
7546
2618
4479
131
7615
9793
5580
4863
853
3234
1277
671
7313
3489
4496
8613
3221
8744
8677
8133
1653
8750
4739
1002
4029
107
2450
7472
9989
4520
4435
9885
9341
6159
5539
5684
4822
5146
1338
1645
3043
4882
429
257
7065
498
3367
2789
3882
7963
3462
6197
6075
7445
689
8941
2172
9801
7759
3562
6716
3760
6180
1269
2571
5403
4764
2615
2500
7614
4509
9759
7242
1051
3473
7437
9225
8409
5315
3300
1865
696
6036
1986
945
6630
346
4681
9886
2093
1551
7467
7912
7949
356
5405
5354
7297
6333
9703
4938
8468
1421
2644
9611
1073
4273
3887
6756
7219
2988
7291
5330
7562
8210
9148
8859
1956
1313
1004
6051
4839
8959
8991
4662
9415
1377
8822
1064
7669
5645
3216
7513
154
2773
2361
6210
3492
3813
9620
111
8699
772
9751
9965
5469
356
111
295
3516
5037
61
9251
7054
876
9500
9992
8737
199
2491
7595
613
9560
6780
6810
6586
7137
5764
3223
2333
8165
3998
1538
5804
4508
336
305
4499
2031
8199
6767
