2949
2026
2701
701
2899
5362
5323
6854
207
3263
7493
4576
2620
1818
9182
5166
3118
1848
5962
461
2515
3905
125
1110
6085
1946
1060
4645
7601
692
3630
8966
3935
394
2650
9424
7676
3018
7620
1095
517
6247
4642
8058
9027
5182
787
4499
1942
5121
7332
6644
7830
9338
494
8874
2489
9976
1149
2600
6944
770
2205
7065
5533
2592
8937
5483
2775
9849
8999
1014
4063
4478
3979
8422
9622
3942
9362
3422
2012
291
5680
8062
3270
9803
2133
8737
9912
4939
2703
4827
3029
5010
2363
5782
6104
6344
3126
7020
2012
997
3515
6008
7753
1306
1710
1829
9245
4501
3007
6625
734
325
1247
6752
8626
491
2758
2965
8911
2821
3775
8502
3542
9160
9342
7139
4439
9856
7228
5135
4788
9618
3190
3789
7642
9221
5415
1637
2678
9287
8253
1428
3089
5651
3843
7652
9377
6995
743
703
6021
5595
6658
3531
6414
1863
2259
3735
3224
408
4405
2129
108
1592
7621
9981
7941
9434
1552
4717
5027
8106
8066
5852
8445
2453
4276
736
585
8054
9284
1319
3865
8796
3214
329
8703
6672
4112
7406
3057
7055
9818
2012
6194
6421
1452
8758
694
8506
7920
6520
790
2472
5964
8850
4501
1402
6871
688
1905
963
2645
216
9513
7381
7521
6440
4800
6469
1049
2309
6315
1174
6592
7344
4606
119
9102
9830
3842
8958
4363
866
7658
749
1493
3581
5856
1917
2885
4322
5512
1987
9405
1135
4433
9068
1826
349
5467
7663
5247
7406
7241
8356
2254
3196
9127
4023
6279
7170
3754
4441
4798
1187
8108
1926
3121
6131
7580
932
202
9221
9662
5922
3839
5977
6038
5525
6884
507
2112
1267
1425
7824
4238
435
9080
9817
9801
1164
850
9202
5492
9802
7687
9045
436
491
1764
2444
7114
8210
8166
1212
6355
1502
7751
5646
2318
2582
8272
4727
8019
4507
9556
5534
1765
6812
5921
3866
7147
1927
9437
6929
6908
1283
7434
5896
5024
5964
2443
1984
2336
826
9892
5812
3695
2039
6325
2048
3237
6999
9675
9434
648
5752
3589
7105
8576
7671
4801
9890
5235
6003
262
5634
3341
2442
810
9665
8593
8515
1199
339
5555
9167
4842
4074
2518
8776
9099
9661
6820
1604
8179
1350
7763
1387
1463
8413
6030
935
2139
6865
6803
1564
2041
6350
6702
9230
2814
2285
2162
8904
9978
98
1014
4717
5989
2528
3407
1905
4827
4499
9445
3711
2296
4870
3046
6600
8944
9076
2654
2161
4547
8076
2552
3910
4175
4074
7426
9219
8157
7234
9795
4127
8910
4159
4400
745
1725
7620
7512
7105
8728
6843
8202
8836
5417
5576
9385
6750
9007
6471
7988
6412
4691
5987
3938
4079
2305
7636
5513
34
4193
7672
3792
1585
8682
4663
148
144
8199
5812
9766
880
1948
8070
2911
9150
8391
8417
1957
2665
3928
5046
8761
9027
8493
5735
1070
7194
6133
1513
8507
649
3911
3877
6603
4548
8064
7668
1384
1473
5372
4638
289
4303
4840
5735
3363
1505
3955
3149
46
311
9366
4567
6536
6298
9661
2419
5984
1044
1266
5707
4675
3120
9112
5446
7006
7574
3951
5419
2225
6226
8131
1329
7824
7687
2318
8283
6656
4623
1418
4346
7759
7719
9741
1246
2394
2754
2416
2404
3679
6196
3196
9255
2501
6388
140
3267
3444
1160
1795
1594
1675
3291
715
329
5281
2921
4455
1919
7848
1728
3039
4761
1697
9950
7501
7308
6656
7828
2556
9554
8403
647
9708
4904
1216
3823
772
916
5126
8243
2931
884
843
9136
2295
7090
2137
6853
6861
1086
8429
3815
6973
4915
4935
464
2763
3263
1831
4974
9264
1032
475
5417
1517
1250
5094
6666
9142
519
174
2253
4673
1496
3212
3917
4757
9957
8906
8010
7349
4922
3435
3135
7153
7605
3179
5435
6598
6910
8462
4941
1201
4794
1244
5459
7982
8566
980
1593
9102
5836
8166
7273
6989
4511
8870
4480
1652
8799
8057
2462
889
7513
8246
1465
8928
783
7180
3504
6452
3765
2697
832
3593
1734
2508
3735
5553
6420
5017
7001
7265
4955
4522
2118
351
3460
910
1623
2240
2475
827
1954
4984
1371
8028
2441
9595
437
4944
4411
1478
3121
3080
8073
4695
6677
5105
2104
7467
4260
3035
9521
3797
5002
4192
2777
7839
9758
8615
9048
2875
6974
5100
8808
8768
6812
9012
324
3839
1155
8293
5891
9215
5647
7965
8862
4823
9714
6605
9959
5260
4065
6211
2718
6451
9227
1023
2559
4282
1051
8097
5109
102
7431
4721
5629
6669
6367
2799
8089
6656
3938
1382
9204
2423
3407
4580
8490
7391
7393
3510
7902
8910
5772
7545
6940
3289
7520
1232
1647
3386
1887
6935
16
8417
514
2500
8835
2029
3521
1916
5550
7629
7252
2922
1749
8039
4498
3970
3894
8546
9727
6351
8487
630
2834
3608
8720
4871
120
5700
8289
3418
5761
6279
8225
1110
8503
3698
551
8817
9307
4519
517
4008
4828
3821
5646
2063
3200
583
5312
4217
6348
2578
4584
7593
9936
7826
5695
4806
2770
9199
9419
2514
3084
735
3555
6957
7125
9718
8157
2641
3208
5165
5832
6568
2583
5553
5002
2108
2609
2400
9823
5995
3823
860
5566
816
2019
2338
7622
9273
6882
7893
2115
2949
4242
5172
2369
998
2338
8122
6247
3266
1939
4707
565
2648
3260
1077
3575
3540
5338
4376
3192
7464
8010
5484
9572
3213
5019
7689
5733
4451
2891
8152
6999
1917
5467
4314
9975
4836
6385
1927
7573
9964
8288
3869
7736
8928
2809
518
8723
8089
6195
6793
1266
8050
2320
3969
528
2637
2487
2136
588
7809
1379
7549
7694
1190
6067
4092
6883
179
3501
2717
4435
3933
1548
4474
8675
7386
7340
6078
7797
9389
3594
9207
4822
356
9044
610
6630
1561
4359
5247
7141
2902
3451
4806
8922
4689
6880
9813
8183
9790
9933
7648
8183
3255
6940
3204
5587
5621
9785
1736
5662
2978
6158
6779
1000
956
3410
2632
6452
8580
7173
3123
4924
9722
3277
4429
7006
721
234
892
2844
8276
9377
4915
1045
7280
1978
2932
7782
352
8786
8539
7145
7121
1088
28
8986
3277
3673
6566
4179
7595
9152
9083
786
1611
615
5010
180
8603
3450
8286
8843
9716
5499
5616
1928
3639
5689
9517
5710
4820
4443
7926
4720
9574
3117
7237
7574
5139
2048
6148
7328
1760
7671
9446
1905
1128
4160
6497
3815
3501
1186
2118
2842
4034
6241
4060
8470
6700
734
5548
7011
2739
793
6633
7249
5719
2451
8598
5603
414
9308
7488
3677
330
1077
4811
1503
1612
3574
1560
9511
5578
4519
1859
1225
904
8995
4123
2362
9156
3461
6571
696
8109
3530
7693
2659
2802
2684
4009
4878
4922
5484
7495
620
3326
3636
1163
4764
4314
5797
270
8183
3626
9817
6569
1421
9407
666
6293
1679
8585
164
9000
1034
2993
543
8163
1336
3591
4246
34
3098
7366
7020
1214
3303
9422
4930
4141
9760
1060
4036
3005
8514
2827
1353
2351
5316
4981
8246
7117
4999
1377
9886
3696
3773
2764
1583
9004
3078
9732
1061
96
3059
1752
2550
7740
3773
1651
147
8793
7792
6454
4506
3551
4116
8712
1322
1634
8319
2206
6216
7537
5130
1556
8877
4213
5389
2175
6402
1408
8345
3900
2544
350
7658
8246
1601
3510
9450
6966
886
2779
5242
6945
5560
365
3234
3167
5008
1549
5971
9373
1555
9681
7587
4241
3792
8783
4421
3248
1780
8329
8858
671
9733
9989
9205
2000
1184
7444
5843
8443
1244
3100
7988
5644
4302
1453
5068
5168
6278
6855
4956
4532
4320
5039
5697
3726
6026
9073
8824
9566
5099
1992
8577
1072
641
6082
999
4838
308
8545
4842
4329
8111
8465
6594
961
3679
8416
766
6232
7196
9465
819
3308
1495
4491
8969
4462
9607
5358
1961
1161
701
9006
5541
7351
5197
4759
7393
2408
8543
5851
4882
8729
8764
74
8392
5199
589
6728
4692
1219
3974
6827
4955
5441
4172
8509
7317
254
3936
6208
1430
1775
8707
8191
4144
4339
2877
9297
6276
410
3528
3027
1385
5336
4810
8081
7051
2997
7807
2177
1045
7252
8655
6084
4965
2855
5176
1223
3796
1476
6524
6510
806
677
7382
1299
8532
9235
3857
8728
9449
8882
3125
945
7946
2622
9899
8136
3313
1745
6648
8828
8530
1417
4472
607
1732
6440
2831
3836
9506
7215
7110
3872
9755
2405
5170
2302
1091
9839
2683
2127
2630
5369
7532
7070
8760
4200
4082
5634
2888
8996
2175
1168
2516
5267
127
2958
5513
1730
1256
9435
5580
4903
5138
9365
2616
2019
7973
6038
9491
5304
9873
7885
573
5777
4792
7074
2018
8275
9224
5957
9501
4000
7256
7268
3719
3633
880
5141
8887
3995
1666
1240
8684
6644
1417
8813
6370
5836
2034
8617
2205
2013
3009
2989
5476
612
8913
9065
9362
95
2715
103
7385
8892
9901
1342
4003
4327
1251
4431
7612
7204
6245
7976
4333
4636
571
8660
161
5835
3789
465
3926
2474
2135
160
635
2195
5092
8572
8081
2460
7907
2022
5802
9747
4855
4783
9429
6452
7251
2022
914
535
3191
9928
861
2205
1112
425
5174
4104
8658
3938
7880
971
6060
4702
3138
7958
1446
9258
7268
7225
4617
3744
9756
5560
6424
8547
22
3653
9447
627
25
1839
9907
5116
7737
1614
5399
6586
623
663
5277
281
5051
6523
3138
5017
7085
6336
7260
3199
7115
3800
9604
6284
9765
3643
498
9399
979
4656
7131
8968
5919
1865
478
7658
1959
5613
4685
8753
7303
2902
546
7420
8877
5478
3079
7496
8160
1632
1348
2859
7617
5194
6732
9768
8952
4735
4139
1207
7740
9840
6899
6328
2591
8211
44
3985
8224
5069
923
1429
269
2298
91
4359
211
5310
8818
7256
684
6286
2431
9883
9548
2004
5331
1732
2656
6668
7973
2729
3725
6966
2949
8144
7640
514
2497
816
3744
7109
5630
7408
3871
8573
3176
7250
6157
7164
9249
1287
430
7225
759
6611
3214
6331
5043
9554
4064
6573
9801
9447
112
1352
2023
1092
585
5986
4850
4792
9362
7160
2829
5135
7397
3387
3299
207
822
3232
7374
3597
169
3165
880
4323
7224
5895
7015
3215
8728
9509
2634
4541
4500
2764
6186
353
9721
9841
5776
3565
9667
8289
1504
7328
4297
5961
8502
6316
3974
1098
5529
1639
3631
9564
9695
3823
8054
809
3717
2892
1780
3959
9481
4811
8704
9215
3003
7376
7264
5328
9887
1060
5706
9086
4346
8005
6387
4880
9353
5748
6838
5055
4403
6213
8340
8125
2092
2207
2615
5398
8655
2261
4531
349
5424
6391
2932
1524
1333
567
9406
5576
2837
8042
9422
9586
3473
1020
304
7568
6835
9721
8395
2288
8063
4917
2081
1717
6780
1211
9567
561
4236
2795
9599
7856
6125
7759
2469
7030
7352
3864
9613
9230
6157
2454
6356
9237
7351
6044
1813
8990
9314
5754
3575
5038
9076
7699
6492
1927
6898
9071
8534
2889
1736
5548
8923
4157
9177
2813
6007
3045
6429
8809
5172
4951
1247
9689
9826
6894
5081
3918
1934
8159
662
2822
5484
231
7297
4183
2749
4201
8154
7016
6339
746
7497
2979
7536
987
4125
6065
9949
9718
5054
7176
8158
3933
5550
6108
4300
1801
1472
823
2653
2914
7255
260
2640
3809
5132
2851
5694
9731
1880
6979
4586
2541
5018
7527
6017
2649
6565
508
5359
9744
5704
7606
2111
2912
3640
5134
4883
5087
2018
7970
403
6880
6599
24
7244
8532
7854
8889
216
8480
7118
8130
5952
5437
5624
1625
5247
2294
952
3105
7070
9743
211
2975
1574
4816
8143
400
2935
3337
4463
448
9301
910
1438
3915
3126
4341
5926
2930
6999
663
4620
3998
9143
3871
3501
4385
9064
4963
793
9616
4100
1803
7109
5936
1132
7793
9425
3925
5572
4754
338
9480
9163
5461
4813
3573
9790
3515
3032
4287
8855
8541
9185
115
2870
144
4734
4361
6298
9015
2297
7173
2116
9130
144
541
4438
9386
4416
2187
9725
4251
5503
6640
6541
1446
4934
9754
1286
7591
5223
1339
5540
8420
5226
6216
8403
2910
6394
6885
5502
2171
5751
337
133
3681
4229
1699
7290
5032
2299
7829
1477
9328
3545
5241
9962
6098
1808
7244
6269
7339
4711
4811
8552
4461
9963
8598
4573
1537
1136
1295
6235
8541
1795
142
3816
5114
5134
9837
6607
494
9665
8860
1375
1358
4737
5449
2002
3132
3772
2611
1100
741
6875
3989
591
410
48
6550
2836
7756
9522
2452
4102
3009
7951
4857
3451
3553
9251
7313
7360
6571
4930
9249
2880
4229
4239
4479
4147
2923
2702
2808
534
7874
894
8592
9924
813
6826
183
9769
3332
4587
4074
8567
8105
1759
9138
788
9265
5911
2547
7386
1947
4918
4438
401
9596
7536
7584
7996
7395
9939
3744
1208
2207
822
5031
605
3013
1627
5367
1231
6128
2590
6880
2969
3527
599
1862
1109
3035
1509
3547
9507
4075
7773
389
8447
4932
7304
2289
3964
8900
4472
3686
7419
5324
1583
479
980
4255
1484
5652
1859
9999
9029
1547
7161
2908
6322
3389
3231
4345
3177
2659
8984
8251
1064
3893
6120
5282
9645
3893
1996
6549
8706
5319
2150
4121
8024
5413
1020
1753
6375
2050
5488
1238
4702
5149
6902
9012
1888
6107
715
3394
6532
3067
6207
4885
8504
2111
3599
4991
9756
9863
4782
504
3053
3052
2970
1958
6113
7888
9533
6073
5781
5921
3026
5386
2930
9314
6772
6899
9022
8100
1119
512
4585
7861
459
1019
3392
3400
2168
995
4991
616
5160
9548
5754
8542
3731
5822
5789
5355
9231
9861
8814
1434
2803
5915
4967
759
9229
2871
6446
3659
9865
8703
9842
9675
9952
4708
5735
7560
2340
7108
7451
4515
9685
767
2541
6344
4647
3764
2773
3935
7974
7928
1869
6080
2854
6861
8554
4598
2091
872
3575
5384
848
2919
754
8191
8406
1296
8454
3136
1683
4817
5836
6950
7038
5372
2103
3206
7188
9297
7569
8941
835
3531
5131
7654
4183
2725
2846
9657
9018
9399
9944
1211
7017
2665
1953
7814
1024
1588
270
9266
4238
341
7285
6421
4923
2686
650
7829
3031
5871
5672
3504
2098
5725
6478
9103
9895
7265
9185
1411
6701
9010
6393
8891
5155
9974
1882
8365
5721
1253
4818
7487
3612
3396
2025
8015
7623
7881
6132
3996
5933
4096
8336
5072
5167
2497
395
5429
6525
281
2188
4748
1754
9599
9075
2612
7317
9751
3503
5822
3928
9714
6338
6470
7009
8958
9648
2834
5447
7165
607
3962
5913
9656
6316
227
4154
4251
364
1096
2401
912
4995
3947
9359
666
4343
6605
2480
5275
868
4649
1278
3876
4966
6597
4511
9461
6754
2652
5780
4712
9510
1259
5309
2485
6691
2993
8084
7667
9521
6790
7342
8361
8519
8394
7130
8749
8984
1975
8434
5704
4867
4176
6907
1027
6282
2892
5053
4748
7199
9140
8494
1038
8728
2684
2597
6853
8735
9915
4068
4784
6003
1560
9135
7337
5268
3170
5384
4323
2948
6953
4978
1502
7916
4600
8830
2239
1841
2102
5040
433
2214
8593
1636
6934
3065
247
1689
1355
4780
3028
5473
5897
2771
4369
6059
4836
2204
4596
6734
4234
797
5430
2408
2184
3844
3163
1074
5634
6357
1803
4508
5690
501
9320
3726
6540
6738
8539
1759
4812
7535
179
8205
6861
2014
5322
4880
5109
593
9430
508
3644
4245
8850
698
4951
2310
6471
1211
3965
7622
3382
9497
4648
2214
1882
9718
1149
5512
6711
5910
1013
2225
7989
4294
5631
4199
8815
1453
4296
9023
1836
5908
8888
2134
1661
9721
2326
5746
5515
4650
6666
8632
3898
6194
1428
4510
2706
1024
3299
3447
1072
6818
3647
3441
9838
8011
1482
7931
1599
6576
9917
4680
1864
9296
8053
9746
2844
4767
1922
830
7206
3035
4813
4887
5771
5131
8701
5143
2600
8757
9520
8837
1906
9489
6328
5388
7580
4950
4857
6853
1609
1127
5795
6807
8678
3586
1483
6973
1814
5
5026
5749
1619
4539
9810
69
2490
5955
2046
974
8090
5325
2803
2733
425
3256
2175
6995
9546
4135
3764
9059
6517
8841
1997
5460
3929
7161
572
2342
4499
8851
4870
8055
5207
836
6772
274
2762
4823
5825
7725
5625
9622
5415
3056
4419
248
4996
311
2939
5944
8090
9296
4425
6109
4464
4499
5370
6450
4582
4026
9768
1466
5830
932
3431
6660
7613
5453
2625
1328
1629
5369
8101
3838
1000
20
1326
8674
1087
4984
405
4134
7722
6407
1763
8640
6917
1766
3097
1021
3283
7634
5784
7176
2614
9693
1326
1062
5187
5993
8286
5540
2048
2289
716
1561
6139
3056
5440
5719
5269
1408
62
4351
5525
3500
9683
9831
5384
4853
4202
4292
3787
5356
8038
8187
6232
713
1409
1128
8420
4825
5571
7616
9959
2546
2295
9232
6941
4163
7872
3899
5592
9106
1464
2758
1440
1599
4191
1754
3107
7623
1585
3106
5926
2553
7868
3062
6321
9900
1903
5371
1402
7325
3272
9127
719
8872
8585
1595
5124
8378
8239
6909
4823
375
2232
9190
2078
3910
6791
9269
3750
3962
807
7787
4960
4291
6344
8806
5384
9151
2375
9876
4475
5105
1319
8035
7488
8294
9716
7883
189
2545
9092
3907
7555
747
2597
4794
9703
7386
6207
94
708
1926
859
9274
7049
7649
4551
5833
2412
8105
1202
5542
8410
9030
4123
1503
2781
9160
8309
7435
5295
2950
4641
1113
2561
5185
5392
6582
4086
3430
1884
9555
2386
9147
5229
8884
6313
7509
81
4713
4123
8308
2890
2996
3413
8305
2448
5103
8939
8925
6790
8023
3570
2715
2533
1157
2649
1813
4768
2593
8869
3288
6890
5151
7946
3541
3408
4032
3212
1232
4516
6444
8196
4323
9483
5507
7606
8190
9235
6670
6263
1193
5490
6611
5490
5307
2930
3714
311
4396
2250
5741
1419
9151
1684
4602
6139
5008
2091
5582
4492
9227
8775
2893
8013
8912
6118
7612
2905
3078
7859
3463
1226
9544
193
3898
282
6908
841
6302
2730
6364
6869
8301
2257
7798
5379
2596
1142
8763
2881
7629
1856
5466
2051
1801
7875
3591
7423
2525
7211
9906
7031
213
846
4493
8178
8849
8423
5441
5661
8900
9471
1039
9050
5718
4462
8968
6115
2306
2719
5467
632
4233
2613
1300
2370
7406
4803
2126
1217
4428
4922
2342
4800
3735
5616
5171
8865
9442
4577
8201
8264
1442
2088
3985
4244
9733
3195
6858
1286
4502
4592
5723
4419
5242
9944
1496
1979
6885
5824
7879
3042
5980
6999
6968
3316
5679
5688
9192
1751
887
3513
6759
7989
5761
4118
7382
6670
6971
3536
6622
1707
6472
6887
2643
9263
1364
9807
2149
8579
6256
4711
243
3884
4085
1376
2477
6834
4473
2136
2535
7694
6538
4085
5278
1680
6270
1505
6193
7621
3908
5246
3312
1043
3311
7458
384
9210
9532
4571
9663
2517
2340
1908
1055
4205
3806
594
8902
5888
8327
4877
7170
5978
7293
4283
1608
6424
4811
3130
4025
6035
7478
3920
2579
9074
4762
8468
4112
3378
8622
6807
4495
1002
1719
8839
6792
5382
2703
4240
2851
6927
4335
2237
7665
8914
4647
834
4260
4908
8160
2177
9829
1267
3483
7310
965
2896
9790
9971
3846
5954
2103
4981
1835
2254
1867
2046
4753
8224
9452
2064
8369
1543
9615
3494
758
591
4092
6575
6981
9120
5876
9207
6059
2839
7533
44
1185
7981
6148
5589
6564
8657
569
6874
9902
7960
6034
4423
8891
1918
2036
8735
3268
5468
9624
7523
5391
6032
2436
4127
9115
4698
8958
5821
5720
3730
5365
7709
8036
9318
4614
1457
4275
9720
1229
8204
2811
2487
5233
5287
2485
689
6549
7642
194
2342
7563
9850
3924
8778
8412
3038
9838
1223
8181
637
2688
8753
2305
1626
7756
5612
8985
7845
383
8425
1122
5660
9622
6688
2256
3417
2265
4503
8153
6575
2739
4318
2274
4903
6742
6477
5084
7207
1214
4762
161
1110
203
9729
5946
4375
930
4207
9790
8351
27
4241
5261
7298
787
8020
4327
7751
9995
676
6647
7208
1830
5521
723
8683
5622
6965
8681
7819
451
4513
3042
9733
3813
6815
9702
399
480
6225
2713
2037
41
7579
2950
9315
3113
7112
5348
893
8422
5317
7560
6368
8246
3052
2240
9203
4504
604
3081
7218
7707
9779
5303
8078
2737
5451
2850
3998
9519
7672
3045
227
7533
8558
3370
6379
7868
8087
410
736
3297
8238
2579
122
7839
1812
1447
209
5209
4465
5098
8116
8934
6779
5971
4982
8699
9873
4622
8139
52
560
63
4338
3018
4244
5472
3780
4150
2245
9304
8705
1082
5782
7328
9113
9094
4511
2738
4176
327
6735
9004
8464
3725
9257
450
8007
1501
4834
6291
776
7908
7997
5491
3730
7671
6132
9907
8713
1946
6915
1433
9014
9345
5065
1426
4061
6490
8702
60
4901
4041
3980
7460
2379
1555
7177
9292
1564
6872
9465
7660
4075
224
2621
2935
1661
8519
8065
3080
52
6754
1212
1421
1714
4025
5410
6995
6627
3040
4004
1968
7811
7483
8958
3783
7672
3652
8417
8255
8318
5094
6808
9465
6677
8396
8410
6786
9083
5317
2664
2149
5995
5340
6025
5982
1142
9996
5857
7416
8745
3928
7442
5130
1091
554
6979
7589
8024
9111
2076
9770
6788
3419
6134
5167
8739
804
8346
3752
7493
6083
1317
4923
2878
9839
5487
2569
8322
3967
3801
6716
2324
4689
2194
8841
3794
3083
3116
9873
4264
4640
2244
951
9460
8926
1157
1715
8710
3587
9701
6416
1541
1744
4767
3282
6097
6491
7024
2276
7867
7937
198
2198
8708
4979
9771
3127
7891
4079
4659
624
1134
4692
8535
5841
6508
628
7646
8323
5445
2511
212
4274
7419
4815
8623
1399
6659
4747
5547
3313
8378
2490
3832
7934
79
1742
1109
7675
5574
5320
4007
1630
7135
3515
8381
6939
9502
6513
682
8083
2312
8366
1135
5679
8571
2771
566
1685
6331
18
5906
3867
6716
3781
9941
1259
7983
4349
1412
5497
2585
509
2018
2539
9153
5250
7141
8813
2101
6575
7451
1677
9886
8649
8854
878
7245
6496
7288
1666
7284
3903
5511
6834
6082
8328
6632
8765
923
7680
1539
1009
1313
5639
5233
6082
805
3242
8255
8740
3728
7459
3828
141
2739
4057
4149
8859
9204
1459
7738
8929
1413
4404
2634
9843
9216
4499
7788
4110
3862
1773
8623
4147
2444
6876
1745
7239
4972
7093
2740
268
3016
900
3469
7299
3480
2497
8697
133
3057
7870
1766
7677
7726
6382
6421
7518
533
6983
200
4870
4939
8451
674
6385
4636
6463
1226
5659
3149
2704
9378
4874
2751
7054
4558
8675
5628
6213
3972
4081
5120
4181
1852
5423
4082
9289
3650
5007
6827
2337
1520
4753
7446
6118
4111
1940
654
6608
9725
7442
6051
2532
4405
2723
2692
5646
9396
6582
2445
8833
288
9934
8286
4339
7506
5827
220
2769
5712
9535
4063
8759
7224
4521
1684
9877
6810
2264
8697
7991
6048
4083
4299
1689
6724
4109
8943
4084
4866
964
8408
5811
8559
5811
8655
6044
1921
8261
6861
7039
6134
43
414
2966
5049
9560
3613
7876
4450
293
8070
8506
3369
2907
9107
932
712
4447
762
1326
7832
7763
3765
8926
6268
7325
6579
4285
1459
6270
1644
6262
9406
2890
3657
4249
219
7863
7286
5476
5250
61
7330
4526
5404
2872
8336
1655
6526
5178
6943
7872
2952
499
4231
8823
496
2797
8648
2789
9334
6753
5795
3964
5246
3972
2631
3785
3204
6586
4368
4193
1222
7294
8223
9423
5129
1471
3300
2982
7549
9408
2941
640
9135
825
9641
8218
5942
3803
4490
6539
7019
6219
1915
2438
1161
489
2836
2536
7823
1798
1060
6282
4488
1506
3414
1440
9782
8963
1835
3799
1160
5611
3644
5466
6921
106
3180
9796
7390
1241
9408
1317
8734
6705
368
6734
3882
8873
5017
8774
7179
6077
9488
3415
6290
917
4985
5427
5187
8869
5959
5967
3842
376
2347
3212
