238
9749
2947
1031
6746
3407
1398
1010
1343
6862
6903
9692
5078
7844
6820
7919
9892
7417
1954
2900
417
2467
520
9753
468
2996
6145
8510
5641
6401
4175
2285
2028
6983
2191
3726
8623
9974
3917
6910
7512
7605
927
9137
9971
2744
1307
228
6396
4225
8439
7886
2080
5337
9423
2068
85
6102
1294
7002
4550
569
7370
714
7166
1400
6138
1573
4481
7438
4192
6819
8261
3411
2615
6253
9260
1256
5412
295
9107
4134
5004
6443
4068
4036
4147
4621
4155
2243
631
7187
7126
639
6196
600
3384
7932
8047
2121
7546
7882
8479
9880
4915
1588
8606
2636
1119
6865
893
8872
7931
8067
9079
9607
5357
1241
1913
2175
5160
9032
9505
119
432
2116
7117
2158
1526
3956
413
6345
6685
2030
2499
7156
3012
2454
6352
3523
8438
8900
3305
6344
3395
5029
4543
1871
2299
3758
7389
7021
177
7816
1203
221
3640
4087
5371
9265
4987
6870
107
4862
5502
6287
27
8496
7680
8321
7760
4528
2791
7268
8881
5274
5891
8667
1287
2864
8916
6287
9232
3642
8567
89
7407
8632
2803
4653
5799
1124
3302
3778
643
8453
3729
1223
7200
9103
9032
4958
6348
7378
8859
6588
6354
4084
6826
7901
3061
5461
1257
6649
4085
4861
5401
3917
3967
498
6418
9141
4471
5287
6078
1707
4931
564
1641
7942
4189
7106
9802
4821
3614
2639
7677
9693
134
9726
1361
1411
2813
9149
385
8296
4505
783
5387
3291
9066
6190
532
6588
612
6610
632
3103
4046
6976
8605
4095
9002
6121
6693
8186
680
2833
2386
259
3622
2895
8335
5557
3142
9224
407
483
7861
532
3938
5786
1567
2040
9494
4121
8193
7177
6902
4881
6860
4581
9314
5356
6455
5161
8718
6799
9356
995
188
6359
3506
5504
7152
5878
6153
4656
2035
7857
6208
5213
4353
3020
5143
5929
1915
8127
3416
6570
396
5294
905
7011
5795
742
8589
5582
4648
219
9259
2914
4310
8384
3139
9403
5781
1041
3145
9115
8193
337
8495
6444
1636
538
2248
4536
8206
4229
9592
7323
2482
3919
2840
508
9074
3236
4529
181
7391
8757
5141
5713
9761
9393
7016
5119
9913
3048
7935
1390
7286
4798
9223
5095
3141
1642
4276
3801
2509
6459
2755
6968
5887
5354
1426
4768
7056
4568
6692
1391
5868
574
5607
2877
5214
6635
9890
8640
9490
6711
277
4120
6496
801
2704
1033
9262
3675
381
680
194
4809
5922
1965
7248
9001
9947
7206
6938
5370
8398
3334
6704
1844
5681
6853
789
4518
6158
6475
9121
6736
1443
9243
8090
525
1444
128
946
306
1855
3557
8273
3480
7591
7589
4826
9834
5801
9051
6584
2625
9781
1135
2198
5254
7194
3742
2637
1191
9762
4526
8795
1747
913
8572
1352
7762
3859
5893
6415
6435
1335
2042
3544
6119
3862
1433
8257
4347
6606
2432
8989
9365
4756
3780
7361
5436
6081
7742
6289
6724
2208
272
8208
7483
4841
5892
2104
2644
2441
7799
5697
5844
3071
2601
1401
2016
5434
2802
658
5126
3335
5784
6760
6790
7980
7399
818
8126
4196
4691
8405
7172
1451
2907
2540
4552
72
8036
6386
5751
4459
4081
9115
3401
8503
1893
8979
7358
8812
4785
6310
1204
6764
1224
3410
6959
6486
3601
6353
7593
5991
1023
1135
6257
272
653
7771
4956
1194
3973
469
1593
7648
2966
7580
3147
7451
9310
2271
2551
5383
7066
5226
7286
9817
1599
7967
640
1391
6407
7148
5442
1227
8705
5301
9317
6608
9740
4926
3052
1805
8821
6424
8408
7014
5660
5652
6457
8525
7515
7652
8911
8516
7335
1703
5678
8331
7396
7335
5048
6317
293
6228
3607
1817
8156
8313
978
634
7991
3909
3693
945
3783
898
2256
3780
1332
6682
1816
2689
7724
8085
2998
5547
2305
2649
6422
7464
3912
7915
5923
2401
2413
8514
8244
7360
6141
280
2279
6424
1348
8438
4325
6417
3220
5861
8770
5336
4047
2547
8837
4614
6996
1606
5699
8486
6586
4910
2264
318
8066
2042
3437
4924
8261
2939
418
9659
5992
9988
6232
1587
3451
8134
5043
4819
8756
212
4572
711
920
2182
2755
5317
1459
2637
2306
3654
8211
1001
3282
8698
9430
3152
1746
2259
6802
1970
1761
7921
9936
9623
5270
7177
3787
7908
2233
9074
821
4842
4633
6663
8193
8533
9670
6820
1088
9947
9529
391
4058
447
2006
8080
5339
1765
2021
7565
7399
6866
6592
6288
6170
7430
8996
4920
4120
9582
1157
9522
3412
5910
1840
900
27
8504
9634
7918
1108
3425
5963
5791
9106
8658
495
1396
7300
5103
9590
2560
5023
3879
2013
901
8697
1505
6545
1121
1135
9316
835
8846
4822
8346
7540
9526
6526
1884
8909
4116
6244
1722
9349
3696
3413
6174
352
5669
6973
1150
1988
6798
4378
5348
3898
8999
1527
9438
9745
168
516
3372
4867
6221
3298
6326
8524
3198
6230
134
6511
1347
1355
3252
4223
1478
494
8810
86
6508
1912
6427
4218
5617
4836
9075
3381
5243
5854
4430
2854
8193
3434
9459
8325
7894
7631
5186
6616
8583
9320
6803
2419
8236
4746
6876
5970
879
2055
1973
7354
7475
130
9636
2751
7640
5478
4797
6448
8991
5251
7393
2096
1549
7218
3297
7618
9461
1358
7061
7900
5803
7082
9179
171
1883
2205
7439
2228
507
884
5905
1007
913
8467
6873
8444
5867
8184
1843
1804
441
5858
124
2921
521
444
2565
3467
3218
5757
630
5702
3502
2043
9520
2319
2105
9365
6013
4371
6493
7295
2527
4216
713
4032
2491
3997
7855
2893
3873
4382
4559
1052
6837
7041
7459
7962
4449
7331
7863
9264
5217
6164
9019
3930
5704
9382
4087
4555
7176
2596
7815
2715
4795
261
8330
2889
3516
1850
8484
4788
1021
506
2153
4011
121
7317
4143
6991
9213
7221
2100
1956
3644
4658
9725
1149
7792
7408
4702
9557
5825
2244
4554
3831
2237
5017
790
8571
5946
271
9482
6162
4830
6542
2808
8832
7974
4444
1282
7418
3952
93
5450
7409
4338
9632
5277
9299
8892
9111
4474
4593
8905
3991
2241
9477
6507
8841
4772
8663
1902
7896
7738
8030
839
7853
7878
6298
9688
4630
85
8308
505
7490
8637
1041
8704
5197
7846
7910
3414
5414
9114
6090
8449
2250
4224
2202
5019
6791
238
9340
8959
9377
4700
7219
6396
3497
6175
2413
380
9793
6500
9282
7681
6807
9500
4871
4538
6979
4596
717
6617
1626
7173
2060
3785
3712
9593
2150
1719
9095
9795
7263
1893
7520
5910
3423
6296
6231
3466
556
8484
512
9508
6961
6620
7967
8995
2544
8932
8540
2789
6910
555
8286
7352
4999
489
3894
4698
3487
7823
7111
1943
5369
6488
8388
4687
9283
9893
1839
1007
6825
4678
2647
8663
4860
4856
2940
7314
1719
3074
1457
8729
7710
2493
5427
399
2011
8544
7338
5248
8823
1005
5054
2940
3106
7941
5181
2277
219
7532
7539
6132
2929
1641
5018
7769
3974
1700
7210
8631
5890
4522
8636
8715
2736
5791
5882
1711
8371
1329
7049
8961
3421
9575
3471
7865
1458
972
168
465
7196
9438
7775
9383
7551
4568
1306
6540
7642
7557
9498
345
1540
690
3871
8795
875
3514
4017
97
603
1171
9401
6053
2776
337
4691
3156
544
6542
3141
1787
5366
1269
4799
1979
6928
7360
5219
6072
8648
3064
3513
2204
3321
9976
5614
6655
114
3865
4493
232
2907
3266
111
3450
4227
8928
7112
9132
7579
7601
8645
7997
3102
7609
126
8451
5266
847
1795
4749
8019
5769
5608
6929
7477
5669
435
8203
3680
9115
9378
2393
5872
6316
3432
1263
3398
5718
7532
2820
8778
9090
1292
7944
588
7523
9988
2690
4539
7547
7166
5400
2622
5916
7772
6470
7065
1998
7762
1291
3073
5672
1815
3881
6334
9549
4980
8992
7495
1254
5437
7376
2138
546
1038
7104
4025
7211
1944
9463
7568
9618
5021
5212
8129
9785
7637
5231
2187
9088
3682
6557
8858
9712
901
344
367
8317
3504
3293
7316
4841
5490
799
9090
7476
6432
4007
9105
6912
9387
811
6805
7421
2684
9404
874
309
4198
9514
8885
7418
7389
60
5249
8428
3484
4244
5188
8435
6298
8579
6676
2515
7213
2520
1382
7780
8950
7441
3341
5981
5653
2257
7915
8224
9155
6695
5448
8337
9912
3414
6515
1960
5350
1629
7951
3841
315
2120
8661
2746
6693
6823
117
8972
9364
1617
4441
2342
8392
7112
1817
4103
2788
2014
7385
2072
4116
9215
1267
3528
4208
7166
2935
1261
8453
193
8263
5267
6518
8043
1349
3356
9743
4074
4263
2745
60
9299
191
4110
4188
2140
501
3623
7264
9515
8973
1915
7592
3849
9038
9885
9860
8805
3987
7867
4522
8114
1845
5147
3010
8179
343
5566
6158
1180
4176
6657
7985
4102
9046
1903
5012
1533
261
760
4152
7445
9002
9186
6675
5089
2527
5809
8647
3914
3593
3683
754
5926
9901
8832
5834
517
9327
8267
4749
5599
2333
5335
3534
9963
7843
9888
7023
7764
8269
9061
4755
1334
6762
9851
8448
3527
5963
4248
5768
8224
6612
7850
4611
1436
394
4933
5370
8153
3817
5420
6762
2619
698
1552
2054
6179
9036
3527
8199
3274
6464
1135
7666
5604
7166
3845
7548
6769
3036
7191
4448
5486
3263
5924
164
2571
4254
904
7839
213
605
1500
8317
2746
7825
5075
329
1728
2707
9644
6961
4091
3701
1841
1218
6481
2060
6678
6937
7168
30
6096
3969
7513
7553
8821
9164
9219
7776
2208
3793
4051
2509
7881
1112
6195
3017
946
5683
7291
3991
6840
7612
7321
9261
4511
9862
536
7985
632
2462
8687
1838
6511
8354
7664
3956
1149
4909
7847
1927
9556
6666
6475
2690
6486
2016
7243
7844
4539
7505
8345
5355
4211
1792
6114
7466
833
733
4172
205
1645
9136
2367
2139
2144
8271
8733
94
4886
4778
3826
1175
1970
6040
4537
9073
2600
7430
2605
9375
2620
9411
5818
8824
4223
2991
9260
9171
9756
9273
4939
5923
7805
2538
3660
6676
8760
1118
1434
2646
2977
5427
1730
9477
2460
2054
8484
2842
8471
9252
8496
9262
2107
6930
2959
5481
6812
4330
6243
5576
177
9548
3173
4423
4899
7054
5392
1704
7048
6636
2656
2666
233
7447
1696
3274
203
1905
1877
4713
4873
853
7957
4269
91
4116
2917
9716
8545
6196
3353
9641
1973
2227
8458
9526
9840
8418
2219
5816
5310
7600
1789
5402
2704
3093
8011
6283
2379
4103
4052
4229
9827
6614
1508
1373
243
3874
6185
9318
3665
8827
4677
574
5050
6501
148
510
2973
1310
6132
3343
6302
7950
5442
4528
1028
3136
4270
4535
2131
7442
5537
688
9843
9907
2597
993
1272
5326
6673
8882
6653
6188
7251
6372
1293
1548
15
4236
4802
6763
5888
57
8983
5059
5632
5730
5907
7123
7485
1851
6057
3282
4082
6401
5527
177
4910
7495
9464
6847
4626
8242
4089
9219
7904
2404
3781
3726
355
90
5828
9172
5776
9408
1457
1253
1038
4217
6258
7140
2072
2778
5371
7017
3147
2160
1659
7905
2367
786
6049
3503
3979
4252
6146
4260
3189
6689
4828
1797
8585
302
3239
1437
2727
9250
4252
7294
9370
5799
7648
5746
8093
1264
3627
7877
4120
8097
2271
7911
8343
3869
5686
8886
3549
3193
9121
8744
4635
7323
4253
3825
1601
6890
7801
5152
8735
7873
7810
5263
3243
5837
3898
9804
6595
8348
7515
8020
218
7373
492
8885
8157
4635
3791
8135
374
5484
3387
5844
9948
2006
6042
8873
3524
8670
5744
9149
9603
4053
3383
7374
3560
377
4798
4582
700
1234
422
7941
8988
577
6706
115
4525
4457
4578
2895
7231
5501
5347
8758
7676
687
9894
5986
9574
2720
8831
6274
2902
8053
3517
2007
9115
9863
9741
5945
8467
5258
1227
7321
6062
5712
1711
3842
1198
6309
5362
2238
5145
6106
3777
1521
7630
6541
9665
6268
1470
7247
6833
7377
5827
3532
3741
4503
9435
1072
8039
7884
8836
5813
9039
8312
9369
5690
9476
3057
9351
858
8739
3275
8131
3001
3720
3732
959
7939
1571
7265
2237
2703
3308
4592
7365
9481
8658
5280
7941
8773
6436
525
2856
50
6214
5746
2746
1401
9479
9307
1867
4724
3016
5788
2602
9967
7381
9163
3589
6074
7623
3809
1692
8311
7147
9921
2942
4682
4049
8074
6867
1159
5112
1647
3612
4740
9836
3968
6346
4557
6940
285
581
2773
9161
9212
6309
4721
4338
4223
8910
1372
2770
8475
8544
3191
8595
1602
2941
5198
6085
335
9809
5854
5744
7278
5498
7479
554
6963
5282
8158
6768
4357
2434
8101
1804
7702
7376
2596
4790
1635
3712
5340
4363
3978
8257
484
3676
2372
9011
8750
1917
454
4729
3281
6949
2745
9222
9351
8726
386
6919
8850
6594
7030
6834
522
8644
6260
3605
2260
5572
79
4672
416
5526
1212
7860
3347
9683
5595
9504
1812
5687
2301
5225
7938
4192
2601
9022
9300
2987
2507
3660
4661
454
6041
5100
4526
4456
2427
1353
9499
9519
7503
2906
2728
5764
6514
8838
4934
1359
3206
935
9247
2691
9237
5557
8440
5811
8162
1694
7666
5798
2677
3860
7872
1149
9047
5571
7340
7118
133
4597
5191
1410
5411
387
920
1548
586
512
8786
7547
5169
7617
742
5747
1335
1394
4752
5393
9962
5047
1491
8852
9260
6705
7686
5852
3961
7743
5882
3593
5388
3815
5118
3825
1111
8445
649
2747
1365
9903
3312
3513
7928
5052
9379
7127
332
3909
814
9860
3735
1935
7179
319
5713
3380
2461
1646
2991
9087
5116
5863
689
8417
7440
5086
9396
4925
1710
8176
9659
2475
7553
4155
9662
1438
2182
2586
4867
5628
8998
2190
6217
6582
3454
7298
7735
9441
9424
8907
6226
264
3473
6490
3709
6377
4648
2137
3558
640
2581
6499
6919
3118
5536
5904
2655
6743
8284
5042
6985
9732
5127
8527
8856
3698
8683
3581
6839
5593
1822
3026
6559
7586
1921
9259
9237
4352
2637
8604
3253
9075
5679
2175
1956
401
5527
6183
5258
5874
9597
4609
7656
8647
5530
5640
5982
5129
9250
7918
3043
3524
88
7206
17
6246
7620
5708
1216
5456
6303
9748
8654
5034
172
343
1635
7028
5416
5868
2266
6930
1432
417
2415
7860
6376
3363
6546
3757
6563
5044
3353
7643
1923
9576
8078
7354
5770
6563
6804
4206
9282
9489
7738
9760
1127
3175
124
6438
6061
993
7977
2618
1603
6991
1001
7328
6513
6918
7793
9089
9400
1202
5567
1633
6668
6997
509
7088
2430
8199
1014
7675
603
4200
9407
6316
554
6990
4463
5030
6395
608
2518
1368
8991
7861
8922
6397
7267
4753
6667
6279
4973
7372
79
9830
5093
8109
2920
1660
6522
3878
6717
3421
1840
4718
9265
4644
7756
2133
3814
2404
1082
6077
9219
9163
2480
4903
2743
3388
9253
3061
4614
4050
6790
1947
5387
1595
2921
6651
9954
3309
7884
4337
8252
2721
2872
5239
982
4730
6988
1529
345
7828
8316
2611
7237
5188
7602
330
5359
8580
1087
4191
2906
682
8534
1378
3073
6791
7258
1894
6723
6232
6907
3331
1129
587
6243
4573
1390
2083
3590
2830
5659
7346
6070
179
8402
1792
4896
8620
6570
7087
4956
5744
417
1609
7663
6387
5271
111
1065
4385
9506
9883
2703
3229
4824
9327
7916
3859
3316
8365
1488
5909
8413
2956
2436
5004
8154
9333
5021
7626
4149
1731
4620
3753
525
4255
1122
4502
6351
4725
2289
715
460
9418
6870
6356
8187
5517
7072
7559
772
2295
5894
7754
7671
3418
6973
4664
1819
2106
1098
1967
3255
7929
7955
4019
6956
7965
3797
2288
4789
8286
5720
898
652
6516
4234
8754
1484
3687
8406
9781
9219
2304
9356
4597
8456
7871
1311
6478
6731
3715
6949
320
7502
5945
2559
3610
2086
3757
3181
4712
5994
2688
9549
2209
4157
3242
8784
8754
4400
1698
6637
2139
8749
7087
3051
7578
8817
4054
2585
6951
7291
5142
3984
5727
2774
7189
9925
5999
5772
7675
2306
8633
66
116
1505
4990
8993
3330
8797
9528
3497
7834
5562
8909
1763
227
4901
7454
2819
2762
1260
1911
3152
7617
731
7205
5121
5998
9507
5685
1970
7062
8279
8007
3901
8954
3077
7280
9923
3588
2380
1401
7123
3370
3732
4704
9614
2873
8554
6158
5307
3180
3778
9745
1464
754
6320
4388
6094
7086
3223
8696
9040
6497
1859
9718
3312
1228
2800
513
1064
9976
8966
1371
8455
7484
7404
6487
6095
2763
8489
8190
8946
8978
271
9404
6082
8598
2272
8414
4772
3915
3322
354
8688
3674
8801
7932
8660
4280
5399
9856
838
1882
5706
7252
8636
1517
2205
7913
2907
5479
6684
8542
4868
3356
5109
5502
3635
6336
3312
2226
6285
5747
8078
1288
4191
706
5456
9030
7842
5364
3864
7701
1474
8369
7701
5787
5776
5034
9442
4170
6301
1118
3326
1286
1050
2111
5743
7416
1089
4520
6027
9282
6508
3696
6199
7759
6549
3748
5579
3014
6198
6095
5608
8757
358
7046
9386
5253
365
4079
8433
3913
3706
7599
4959
3025
3267
6063
2479
7474
5374
3979
9195
9217
6792
9390
928
3166
8952
2600
8188
6794
4836
4539
4984
1162
3456
3932
2480
9860
2216
8899
7130
4174
2062
1484
4853
1070
302
1262
4594
2405
113
9928
5252
3581
5903
788
4665
3557
1456
4433
5021
9193
152
5978
148
2635
4316
9716
4288
5486
5266
4749
5326
7482
8553
9002
8670
9929
3800
4968
1852
5421
3649
1249
1103
9674
5386
6071
3996
5225
6231
4368
7825
3437
8582
7886
8597
7110
9354
2018
222
9741
5644
3528
4049
5033
5187
8325
71
6301
3003
5143
2579
818
8260
9431
2373
7631
2160
5028
6197
3493
8847
2376
2712
303
1465
7752
1842
8025
2627
880
965
203
3264
2754
8797
3508
6595
4016
9365
659
118
4991
506
2924
4825
5603
3906
789
830
7100
2646
5045
9919
4956
9354
7340
4792
378
3997
3608
1095
4171
4176
5959
6949
6307
7314
6479
8508
9159
7006
3128
5506
9266
6017
5986
9565
1783
6843
2142
6666
6613
287
5225
2478
6718
2133
2637
3141
342
357
5587
1374
5365
8846
6085
7559
1751
5313
5120
1184
2835
9381
2659
6692
2762
2396
7151
9070
8278
2074
3974
7663
7599
783
1978
824
1043
9895
5755
4426
6215
6384
9045
2667
2031
383
5022
5323
8309
7729
6373
1034
6290
3436
3763
994
5912
5216
9359
6356
1100
7065
846
3416
9650
3410
2223
6866
6711
4583
4889
5199
251
2274
3314
3254
7884
1589
7118
6554
5672
7247
3503
8150
3990
8595
5626
2758
6478
7297
4621
7084
3254
8456
8123
4988
2984
8817
7877
2598
6682
252
284
8514
2373
3645
1995
295
375
8566
3814
4965
200
7172
4523
865
9958
5260
546
1408
1481
21
981
9076
6080
3624
5112
894
3513
1450
6805
161
2717
5068
1279
581
8273
9536
2275
8847
1475
540
3542
5345
3441
8426
9442
9490
1401
6326
696
569
3155
3361
7102
4996
8569
3509
9639
2345
2172
7678
4281
9544
1661
6561
5667
4963
6460
3196
4510
8418
8447
7978
7889
8362
9902
5989
1640
7628
3510
8455
6750
5809
6371
7146
6263
5265
5758
146
904
6233
3868
2483
2796
9934
7466
5322
5470
6348
7293
4863
5550
6062
8920
519
2336
5472
9504
3853
813
8429
5056
5431
1749
5125
636
5773
8014
2474
9968
8121
5912
9207
3878
742
8106
9000
2772
3801
187
5659
6102
4948
9001
5727
4824
1539
3378
6472
3970
1537
9018
6111
1402
5236
1156
4443
2899
519
1517
4884
1133
1138
7933
1671
6440
5516
19
4148
2619
6861
8839
9892
1408
4805
29
8692
519
19
4589
8957
2173
2851
2884
8932
3023
5540
8854
5805
6077
5437
4994
1396
6567
3080
8615
628
705
1146
7666
7379
7229
8379
4651
9170
5950
1123
8676
5819
6175
8781
1666
2301
8227
8906
6405
3426
3359
919
2377
7512
1526
6813
6824
1835
211
662
6450
6273
3398
6242
5776
3776
8324
7957
308
631
1707
3159
26
8214
5650
1152
2954
8075
537
2960
8921
3473
3151
568
4356
4150
4157
8768
4385
7671
2899
9582
3210
7748
327
2095
3134
1038
7377
8139
1800
8398
7371
241
5482
8573
9695
3950
2910
6862
4373
2294
5534
8452
7018
8974
268
4005
5532
4387
2012
7923
8125
6326
4243
3342
9093
7006
9270
6313
7327
9189
6003
3435
7686
6174
6749
2591
6460
8937
7534
5493
2984
2513
6368
1079
8288
7405
8136
1793
6911
5779
8355
6258
6932
4462
7985
402
7794
6279
4635
4511
8738
4466
3225
7345
9791
2972
3623
7563
8216
9559
6675
2496
6629
3726
319
2457
7736
4716
6690
723
3117
879
4971
3422
492
6776
5302
9283
2027
7232
9409
1910
5850
5294
5813
9608
7842
9749
7869
2893
4526
8985
6721
9144
9297
1432
4135
2549
8548
9711
9382
4687
452
3822
4131
5102
234
2621
8255
3066
272
5874
3383
3176
491
972
5701
3130
5595
7032
4219
3823
2243
2672
3109
6908
379
9649
2357
459
4989
9959
689
2858
3222
1789
3988
4238
6887
5518
3241
8024
9409
3629
2876
8532
9132
2359
1663
6939
3651
5874
4378
1278
7279
7158
8929
6512
5905
8724
3883
2034
9344
3222
2148
7359
6270
9896
3944
528
8126
2008
4674
9643
8574
3672
1521
1664
9462
1431
3067
365
1337
3668
5368
4263
8832
4869
2563
6278
4791
5768
6612
4515
1330
1558
8640
3082
3981
8420
5442
4422
4715
7850
3228
4642
6746
6776
102
6325
9195
7355
3920
8383
7971
7961
2149
1978
5470
6520
6787
3467
9649
2573
6213
1086
3479
5344
1283
7903
9661
2773
9261
2913
6065
9208
7976
8853
2669
2442
6247
5960
729
1542
9476
2015
6551
8646
2731
7346
1453
2880
1592
1259
7330
1798
378
3229
3
866
5467
7427
8060
2226
8332
6688
2688
5348
2063
6672
3200
8362
3319
3589
6066
6037
1638
6974
6908
8716
9689
9647
4672
8932
3794
5836
2958
2366
2067
1322
5610
4023
7480
8960
1931
7077
7209
1413
8321
6927
6071
8838
3018
5068
8858
2004
4204
347
1386
6259
6280
1741
6355
9579
4338
3631
6737
4805
8459
9248
7337
7516
3691
5770
9458
5189
2239
3753
14
1116
1233
4515
1432
947
6691
7431
7601
3537
9974
6412
3652
3258
2969
7958
7382
9084
548
6595
7298
9288
9973
6016
6301
3647
1732
9417
9104
8460
1818
3648
3635
4571
5729
8630
6507
6407
4483
8184
8331
6285
6806
8429
7548
1288
833
8151
7684
4656
4524
5995
5736
9588
9090
7518
3154
3500
8315
6041
623
8741
8934
264
3259
4671
3724
1395
7912
8524
6834
2745
2471
7863
7309
2267
8329
7636
8875
736
9956
9790
8394
1027
8059
4289
8023
7958
1958
6136
9725
894
5162
6595
1536
5593
150
426
7893
6557
4793
5531
5898
8837
1218
9950
9962
140
4403
8977
9424
5573
984
1112
524
2497
3868
1512
5701
2856
4927
4525
6717
9290
8435
8411
8332
9112
7753
1833
3633
6550
7447
7973
9123
7291
9218
3139
9298
721
6319
5825
7690
7080
725
53
173
630
4461
1997
3687
2914
6413
6561
5541
1816
3150
2928
1944
5307
3400
5138
8603
7587
9387
2718
701
7826
7993
1226
9995
3498
4888
5178
3880
2416
576
530
5393
1625
2365
5165
4905
9124
877
9658
2210
1018
6874
7823
8820
9036
265
3698
3324
5741
778
2915
2285
5116
6068
8097
3655
3730
1402
4997
7305
7787
7949
2927
9536
4934
6675
6521
146
8734
5373
3950
6423
1980
1058
4768
9166
9987
8813
7203
9138
4629
3499
4548
3787
2841
5666
4476
6099
5958
3410
3537
1336
175
767
9564
4136
3299
4386
1823
3683
8719
2627
1146
2781
1017
8559
3482
932
7787
9692
3977
9819
633
342
6720
6396
121
9534
895
9740
1184
5111
2694
3515
693
1870
8254
8643
6004
9363
2536
6074
1499
665
2172
5757
8936
2535
9214
4559
4433
6887
9825
669
259
4306
2465
829
2468
1185
8489
1670
824
8402
4961
9629
7304
4649
5969
9187
7334
6442
7324
5912
5731
5707
8220
4643
8152
5199
5586
8412
2504
4205
5706
8244
9666
7596
5784
79
2106
2007
5709
4934
3782
40
9230
4667
4638
4560
7843
4724
5765
4704
9209
3087
5685
6446
5404
239
2702
1350
7273
3293
8663
827
2138
4828
6901
9622
7138
6629
1936
3657
4901
927
3793
2170
4246
4237
2586
8484
1340
5944
2350
2541
1679
6371
2676
4500
8993
2779
6824
3140
1291
6463
1797
2194
8256
3744
6224
1304
5406
7485
3853
2401
7413
2844
2580
8492
7065
5525
5866
4180
6787
8322
4837
3055
6539
9049
3185
5541
3678
1068
2051
4046
1724
431
6032
4910
2823
5153
1478
2115
577
2975
3891
1079
5187
5827
9191
3997
2956
8805
7065
5092
2606
6851
8068
8670
787
4317
5142
2771
5326
6149
6104
1777
7156
2713
7024
1029
8295
2431
2404
7214
520
922
9294
4887
8616
1214
7425
9471
8986
870
5226
661
9540
7065
5671
6916
9714
4282
5481
4042
5081
9937
1061
2114
3483
6965
9363
859
9148
4
2645
1662
4481
7825
7169
7143
9845
8755
7900
1607
1290
871
4774
3235
8045
8547
28
6276
3793
617
5548
1962
407
4437
9649
6029
1510
7778
49
2253
8791
8814
3807
871
5174
8519
493
9471
9571
109
8483
9733
4782
5067
6628
7913
8302
195
9350
4452
71
8547
7362
2808
5542
7016
9516
4542
1965
4013
3191
9693
9949
6856
3267
6905
1293
8861
61
7920
942
9927
967
6691
3707
9337
9967
4182
8862
2117
9175
2325
6499
5190
8486
8054
8729
1980
8943
2832
7467
3305
9314
599
1560
1524
8655
4783
7070
3221
9104
6655
4549
7711
9486
5145
8560
7259
5940
5016
3591
5945
1139
597
7646
6914
1676
6104
8673
5946
8398
5175
3588
218
8981
935
4482
4966
3442
7179
481
386
7642
2754
5487
7598
5168
1078
2413
915
343
9716
4824
9643
7350
6574
4865
275
9902
7256
2988
7503
7849
5623
6118
4364
8549
5680
2515
3250
4995
2290
7007
8690
3599
1555
3683
5837
4847
9564
5684
3472
9771
1327
508
5747
5257
8565
5778
281
674
3550
9352
8982
618
630
7184
1575
6462
8918
2537
4529
7632
6148
9415
521
6850
2488
2783
6347
2663
4370
7980
8732
8962
774
7513
3076
593
523
6842
3756
3119
3243
7061
3724
3399
4192
2663
5041
8493
3089
5691
2005
1293
2943
8741
3920
6268
254
9387
4469
5580
8244
7059
7299
6535
3230
9757
2593
1522
8900
2965
1075
4588
6675
7819
9912
3269
2365
1344
8694
3817
9477
3099
6308
3094
6960
5074
9120
7414
8425
8412
1158
5587
8362
3085
6334
5558
8877
1324
710
4183
3161
1779
7575
6828
7410
462
4447
1060
9162
6008
7961
5296
2387
8602
2617
723
7968
4078
3901
9237
8052
382
7634
1651
7299
2630
6097
9627
2683
2317
4336
4912
2338
7659
8582
9004
8839
7375
3374
3902
9138
3875
6050
6270
7305
9238
468
4994
4432
2272
317
6790
7092
4762
6472
619
7757
3454
7609
4435
7952
3777
455
8189
4028
7864
1380
8533
6087
9822
6174
7332
7864
1218
593
2097
716
4284
4288
7197
5340
5090
447
9995
1938
5941
3110
9580
9354
9103
986
2833
1376
5854
976
1142
238
4216
9458
4016
8801
7830
6111
3506
6612
4801
3033
7712
7004
5910
6625
8420
2936
7819
8988
8529
6437
4506
8756
397
5163
4211
8027
6713
8082
1637
8491
2743
2952
4783
2101
8507
8159
3117
8730
1087
2202
7432
9851
7998
5421
3132
5729
3561
7065
2418
1034
810
8108
141
16
2612
3594
785
2584
6494
3634
1362
8742
8199
1894
5562
7293
8707
7642
8291
2718
9901
1521
715
2870
2776
2833
7760
8880
3363
2930
7754
2701
9434
1616
1398
6184
6824
7715
5507
1703
9836
6382
1739
8509
7007
4341
6480
1617
6211
8769
5871
4076
5753
9350
8301
3499
6979
8462
7704
4232
5604
8460
2081
4508
4836
7765
4086
3051
1650
3788
9651
7626
8613
1107
9164
8194
5308
9679
8314
3658
1197
4
2898
7372
4712
9919
2053
8631
8442
3250
5236
7701
7990
2446
5902
3455
4780
9973
3453
3746
6006
9629
2228
9556
5604
1209
1135
3333
6660
8626
7039
2958
9088
4123
3516
7414
2747
8693
939
5690
6921
8883
2972
605
9749
3552
6256
4591
420
2903
1328
691
4895
3612
4124
9686
4597
7124
92
9023
3283
9948
2707
9815
6799
4286
1068
529
2408
4488
1153
5196
1428
1513
3640
3014
8001
9121
3760
4410
2152
6857
9943
5707
2541
8108
5083
6978
1976
9498
1232
8586
6916
5331
9132
3183
4048
2638
2525
4692
124
9983
2492
1900
5885
2965
2742
1843
6847
8990
6824
3684
5115
5277
6067
4607
1918
8173
171
5040
6235
979
8784
8048
6684
3372
6574
3782
319
8725
9323
3050
8667
1442
9973
5070
5085
7849
2907
5493
6804
5699
8487
4941
3538
4724
2193
8687
4081
8887
8253
9475
3456
6429
2233
6763
2103
1728
4390
2038
2147
7450
4511
5140
5110
9119
4450
9127
6293
6536
8007
7813
9816
4655
1530
7816
2981
7610
25
6648
9273
1490
509
3906
3330
1260
1263
8909
1466
9806
4771
4425
6294
8242
7108
3528
1319
4845
5440
4912
3593
1325
2426
425
2418
5170
1493
3503
1016
3784
7388
6464
2041
54
1832
2630
9374
8019
2072
8280
7217
8099
5331
507
6762
2756
2700
893
6680
767
3912
2566
5657
3723
7819
8783
9441
5264
1254
9598
1194
458
5068
1352
7692
3670
4404
7863
7015
3737
9097
3107
5241
3230
4555
843
1783
3776
8406
820
291
4456
9566
3643
6352
8635
152
4139
6102
6352
575
8237
3021
2503
5349
9173
9910
9665
9110
3177
601
352
525
6141
5680
1618
7322
3819
1464
2940
6258
2899
6613
