9066
927
9787
495
43
2012
3349
9089
9825
3676
5327
7769
5634
5853
469
3476
1515
1637
9675
6117
5048
8007
7583
6295
2647
2383
8391
5929
4662
5457
4019
2901
4598
3665
2171
5076
4843
3574
343
4664
7542
7451
8941
8827
103
5121
4510
5415
6005
5166
5117
3936
379
9280
8246
1151
1071
1268
8783
1525
2784
1417
3691
7766
4102
5657
925
8144
1631
6360
4465
2802
3581
9662
1625
9886
3042
6938
1377
214
5498
8858
7963
341
6823
6203
2180
3989
986
3355
2342
6053
2124
715
214
3668
9780
9914
1619
1819
83
8821
4150
2209
4737
6219
1193
9941
6885
4948
6044
4028
8663
9413
4900
1369
9795
1449
4212
6385
5453
3216
5989
7016
8186
6273
2483
76
7435
9057
1587
4797
6971
7912
4795
7252
9515
2360
2080
4404
9060
2464
9908
8181
7417
7346
8504
1089
5283
1029
2194
4912
953
7644
2624
1254
1709
2995
9841
1770
9654
3545
1024
2309
1455
7800
6544
6929
6135
8343
4375
5890
6946
74
3030
7913
8082
659
2474
952
3726
651
5540
2309
2920
2434
7975
4762
8920
460
5249
9423
6666
2984
5554
1688
1485
9611
8135
9516
6268
4909
1495
6277
973
9384
4681
9205
9319
8289
954
1346
8700
3758
4692
313
8864
2511
628
7093
5288
1279
7670
3127
9528
2088
8542
5660
5054
3707
8259
9108
7491
6020
3790
8026
9107
2000
9602
3341
4379
6746
5446
5490
9658
4459
2532
6633
3935
9436
5257
2149
6436
1084
5335
6658
5797
706
5948
7919
3452
3123
1764
921
8570
8540
731
7464
7504
1097
3583
8929
8975
2160
3360
3480
5584
9485
2513
2532
3829
3826
241
5013
1139
876
8788
5992
2821
1862
1622
5204
2100
6877
2865
7970
9822
2376
9663
2267
6273
6683
1424
2407
7960
131
1608
9606
4035
1753
8858
1007
6714
27
5930
6440
1344
4054
9335
2153
912
7522
4564
31
3049
5131
367
769
5799
5655
6783
7216
5813
4073
8479
2804
9227
4350
9325
2271
3630
4728
4971
525
5724
442
7045
1033
3070
6904
6620
4098
9172
1732
8879
1834
3026
4311
9205
204
5313
8314
1232
8052
5754
5240
465
5983
5103
5844
1701
9381
171
8165
731
1981
6067
3406
8449
4564
7211
5717
1844
3373
1380
3721
9613
4244
1584
7338
3107
9043
7215
1106
602
8405
8075
3029
3076
6316
2994
820
8389
5376
3891
3851
1525
6599
9159
713
9029
7118
4921
4160
8540
8033
7736
3137
3634
2038
2755
7035
9264
6020
5863
8901
9151
1055
9911
8874
8898
5740
8898
6727
9880
3370
2700
4216
6415
8435
7051
1783
8754
3185
7051
4934
4036
764
9098
6092
4539
9060
8804
7957
4706
4813
4003
2779
3112
8365
3212
4724
3275
1480
516
1516
5896
6961
7667
9823
651
3235
4127
5155
5716
1920
3690
3820
7707
8043
6993
3776
4862
1020
8016
6014
2777
4823
2265
4166
7697
6391
3796
7590
9555
4822
6415
2686
7479
6341
