6769
5533
2256
7894
818
7964
623
8742
1382
7052
8860
9889
5744
4863
4746
9140
9224
2864
839
5779
8529
6309
8268
1304
9186
5734
7794
8035
1914
1012
6921
6570
7804
2123
8163
709
1683
6325
5801
2116
2353
5229
8134
1604
9316
1613
1176
5945
9186
8220
4532
8042
3584
3530
8882
8408
6468
3669
6617
7898
7613
1746
2879
3773
3669
6253
8391
4425
936
6080
867
2689
5569
8701
7074
3742
8235
604
7182
2736
1880
6454
4956
360
5852
6742
7407
6534
310
1161
538
6240
5728
1852
2241
9924
1517
7667
6113
5250
454
1176
1568
9471
7882
8776
5168
4394
9201
9852
9072
5350
1422
6081
9820
2507
4951
6184
3541
1817
681
3699
8671
846
573
1047
1041
4163
3736
874
2821
5996
7679
5261
9601
7536
8177
4006
9609
9573
8923
9880
3235
9973
4331
5215
41
4514
201
1209
3017
454
2570
3208
4033
7175
1265
1133
30
7236
9424
9378
4593
2657
3000
4849
3783
4266
7159
3228
4891
8709
9876
453
2459
7077
4127
5655
3403
6633
4701
5684
1137
501
9745
6893
4566
1550
9006
6093
5206
6814
4800
9715
6156
4771
8207
8304
6238
286
9365
8089
9483
8156
7451
2833
6058
9676
973
1449
5857
2938
5573
9351
9932
2156
110
3070
4624
1706
8143
4077
3299
1772
2524
2546
8476
6831
3542
5417
2456
6220
8515
818
5602
4138
5929
6970
3046
9524
7525
1272
9497
6428
2775
6949
9392
1846
2648
8947
4395
9763
5956
8359
131
597
4934
3648
1808
7784
9384
9784
8138
1595
8313
5860
1683
9449
8295
4123
5731
8531
1872
4156
392
9616
7878
7219
2686
3765
7487
5111
9847
7230
1828
8660
6711
8766
2937
4535
4841
2912
3084
8689
9334
7901
9727
5117
9623
6941
3171
1068
3502
6354
7341
5385
4021
105
287
7638
3127
2174
739
778
1606
7401
3375
8016
9358
4384
2879
7976
7364
4320
5697
3915
5091
9982
2050
9767
2768
1458
7272
7720
2456
875
605
7704
6091
4810
9950
8876
9304
6009
627
3644
1643
8511
6314
6366
649
5504
5096
3271
4709
3765
8595
6946
2393
932
3502
4916
887
9367
5206
4322
4710
7683
7564
1952
6938
8146
3487
549
8254
8125
1109
7479
5818
2295
6469
9905
3345
6465
627
9482
9064
6668
3887
424
8425
9286
6873
2657
2352
2635
2434
7503
6871
5026
9753
9822
5325
878
2178
4877
6470
6743
5839
6227
4769
9872
255
2254
2863
9824
1156
7409
3186
7740
4846
1083
5746
5672
7068
2776
4963
3792
5962
3236
8434
2822
5764
1130
6518
7926
1857
3688
514
5840
8097
8787
5556
4367
4828
8651
8088
8251
9301
5808
6130
4215
1973
5722
4436
7279
2217
4664
2188
5462
2912
4823
7988
432
8245
3791
9913
7164
9016
3910
8315
3409
997
6569
772
8901
6415
3149
2642
8215
1298
4390
8923
9194
5024
6763
6348
8466
9618
3733
6730
9428
5587
4190
5347
6807
9673
8360
7018
7138
8860
4848
9192
4024
858
2593
7259
7476
8197
1330
7880
418
5165
197
8056
1532
1353
5779
7880
1546
8096
4972
4612
7281
1673
766
1791
701
8230
5002
7469
2735
7535
1342
1396
6274
7925
3433
4838
9963
4765
1239
2449
570
4455
4670
7238
4189
3688
7836
7048
630
6200
5116
5498
3268
9004
6708
4282
1450
9938
6019
4308
3839
5126
9505
4869
9449
6131
6811
408
9660
8202
2463
6530
2714
5306
3796
6360
9440
6474
7660
2988
9508
7786
7073
3856
8357
7667
5314
9557
397
4095
3920
381
8567
6584
9251
6539
917
9099
73
6497
1513
1661
7484
6701
3810
9642
2929
7560
5278
5776
2546
1009
1379
7817
8786
511
9147
7570
7441
5572
2797
3541
5209
2373
5305
5197
3308
8211
2522
249
7898
3557
4109
1751
8721
461
7547
3751
9441
7148
5004
3613
9519
6065
6469
4516
2261
9405
4057
3821
6242
815
3892
5308
1673
9743
6640
7208
5937
488
7331
5593
815
9400
8580
2251
6676
3398
6109
5572
7725
4502
7516
635
6856
187
3267
2323
8651
7845
4694
8854
8735
6794
5189
2914
8713
2407
1300
5565
2741
3670
3337
8267
5995
4592
6452
2281
6638
8168
4556
74
2272
784
2304
99
5881
9388
1265
7804
1052
692
8397
1047
9397
6996
4211
6669
3492
6156
2193
7164
823
4869
7599
1167
8122
9031
5420
9503
2806
1205
6746
1817
3485
1797
9366
5275
2246
581
9544
9509
7541
5981
7188
6613
658
4324
2631
5218
6095
1546
2524
1932
9416
3567
885
3294
8581
1643
5292
5622
2817
1457
4437
7195
336
280
1229
7843
3495
3820
8906
2987
6989
675
7268
9256
5551
4484
2813
561
69
3073
8395
8356
2097
2644
6166
1337
608
6540
2122
7669
8699
8846
7206
1079
5537
6845
8865
4975
31
6312
9144
7152
4431
5957
4829
8758
1595
1573
1708
1165
1103
4168
8794
2501
208
58
5900
9886
1164
2397
4393
5988
5763
4860
1528
9719
910
6329
4453
9357
991
1328
1356
1392
7274
5092
5082
102
8157
1724
4011
79
6056
5544
9647
8399
8652
5622
4598
6638
9164
6770
5399
2656
1735
4327
498
2566
1122
9637
2366
7400
2220
5853
8261
1001
9524
6233
8314
5939
117
2996
3960
9528
6543
5633
6104
9305
8197
2631
181
9183
3103
5725
994
831
979
8912
1381
2757
7534
8935
8937
9703
7176
7675
3301
7465
5754
1302
8303
6158
1944
8333
9322
7292
5454
3424
4570
9096
2215
5839
3255
5908
7147
4183
4042
977
5546
8263
2051
8318
422
6619
929
4433
2549
2216
248
2204
8576
3888
3973
2175
1880
8303
3113
526
8943
7381
784
5779
4224
8179
5760
881
7794
615
5261
5021
8903
9317
8672
9936
5594
4830
2829
6880
4144
131
5084
6313
9437
7845
8784
6458
4366
3365
7468
6859
3226
6121
4316
3980
8546
7262
7376
5912
8664
954
4752
3945
4439
3424
8825
7462
4418
2530
445
5885
8925
4872
302
2800
6655
1593
661
4512
1405
691
5769
1898
5773
3342
1180
1589
3194
8718
1861
3588
7563
21
1897
1479
4043
3444
6333
35
1072
9975
4815
3610
2911
6010
8878
7618
7299
4
322
6743
1556
5972
2677
8245
9729
3383
5395
9136
1225
9178
8265
5873
809
2022
4426
9677
4631
8204
8703
9923
1311
761
337
9778
5341
1739
9866
5316
4644
4229
6760
6811
9224
3613
9070
1975
337
9074
6612
6703
2681
6662
406
6916
7550
1549
5553
7735
2569
9648
7814
7275
7132
8929
8490
6047
6724
4605
8122
8124
1524
9852
6615
3003
8262
887
9112
3171
6542
9775
827
5418
6118
1507
4990
1656
2151
6158
6177
8406
7830
9151
2331
5370
6428
851
4225
150
2024
318
8652
5536
6772
9235
5615
7810
8644
2490
7318
1183
7181
1618
4816
7265
9982
6360
2279
1524
2824
9936
8601
2936
9532
411
4027
5651
9989
2049
2342
5684
900
5444
6086
2668
2745
2096
7129
6338
7137
4503
2830
6405
4588
6188
1653
1791
8424
1970
5315
292
8598
5183
2809
6507
1479
8970
9623
3916
3013
6499
4655
6436
6677
1018
8341
4722
1530
4553
1785
4230
9841
1270
6372
8966
5572
5932
3665
2803
2653
7814
6406
1714
4643
469
5588
4482
5043
7214
350
1092
9541
3543
8461
8087
4222
7455
2990
7161
9839
9261
6763
9863
9731
403
9561
951
835
2926
3344
4357
3937
1145
7249
6196
7621
7678
2750
7373
9350
9183
7660
824
9625
12
647
2618
1757
1706
1348
2158
7249
3401
175
1559
7369
8169
9060
3239
2856
6512
5433
2956
9463
4663
6515
8978
7420
1363
1602
3568
7675
7630
6580
2818
1740
2628
5548
7705
1505
8637
7604
9341
9898
1171
440
4273
9521
3652
5685
2251
9997
1695
2481
5830
3608
5868
1484
590
2523
792
3245
274
6674
3309
2492
2244
9532
751
7661
9738
6224
8084
4102
9554
8204
8426
7536
4504
796
6187
8428
360
954
408
9656
28
4809
8086
7399
7961
7697
1795
8386
9995
2367
8203
4147
6234
2901
8062
6352
6456
8075
6778
3706
6692
776
2230
2207
1127
5866
3746
420
397
7265
537
934
4690
9966
1894
5341
1758
7481
6811
2206
5073
37
7548
5136
7560
2194
1061
6286
7224
8148
6118
211
8886
5857
1201
5744
5851
7678
1346
5019
163
2889
6224
2282
9155
5889
3990
2516
2035
7306
6449
547
9061
8050
2439
343
6552
9382
5463
6740
2736
2660
1803
3316
4311
494
8815
6940
3185
1390
7190
638
9257
6329
4322
2812
5555
2777
334
7471
7691
7504
7871
5471
7873
8985
7304
5866
3703
9863
9309
6637
6054
3701
8756
2734
5823
6126
6111
2210
1262
8734
8840
6527
4429
1855
3284
4395
6399
5155
4008
8050
5233
6289
9792
2505
1027
2148
7549
5087
134
5867
7637
2587
1291
1633
5060
4959
3101
3957
3858
7271
3627
4841
2264
7257
8987
6203
9040
4445
830
9362
3100
9070
6471
7310
8581
6605
9252
9532
6221
3198
8498
7221
8757
4137
7199
1515
8890
3667
7265
2065
8537
1764
1213
2500
2616
3074
6738
6394
4780
2965
2441
424
5960
1240
9665
8259
8925
5432
9242
1752
8259
301
1086
8294
4486
8481
8406
6316
1973
564
610
7408
8551
8501
8357
1211
5063
6738
2059
2126
7046
6319
3954
1826
6083
6996
8330
5248
7246
2305
6603
4517
3507
730
3729
1767
9433
6453
6319
4071
4659
6165
2908
5366
1665
7100
3112
7845
7531
4253
9648
7298
7238
5971
859
3575
3483
6289
9253
8818
5136
5222
7826
910
1985
2956
7558
5537
9290
3358
1437
3193
5183
782
3592
7161
4467
3857
4100
5116
1476
6751
9805
4486
9544
7625
3224
2731
9447
1788
1789
3380
8784
9653
6428
1713
8528
8707
4274
1105
6616
5043
8954
3854
2547
4572
7494
2895
8043
5343
633
1964
9240
7138
3550
6551
5808
6566
5023
4925
8909
3759
2131
8757
6573
215
998
2920
2865
4102
7096
5913
9849
8862
5422
6915
7814
7266
1650
9708
3162
9111
9566
1949
8733
224
5912
1807
4472
7982
2626
2099
3511
6910
9891
8307
2654
8456
8143
9903
6474
3886
8520
6953
4148
6659
7868
405
4746
185
702
1315
6461
630
8044
8168
4517
5826
3523
3376
533
507
2260
2841
4349
597
4540
9409
8367
4062
1232
6545
3322
9227
8739
4174
4769
6054
9966
7276
4879
5898
9260
2284
1037
1275
4356
1390
9870
2909
4920
3494
2890
7480
4812
5034
1446
6604
6678
3034
1228
8939
8494
3010
8627
8780
1276
2126
4223
2930
4327
147
1400
2446
9878
604
7220
6984
9063
2446
6388
5676
8190
1635
1960
9513
8497
813
2254
9057
5750
2316
3662
992
6800
5097
9509
6778
5332
5743
9224
4040
4295
9505
3599
7283
575
6419
5561
1415
1581
9734
3938
1579
639
3507
2624
5745
9960
5804
8412
7635
5065
8428
2342
4763
9907
4292
6665
5016
922
3611
4159
4031
4738
767
9080
2018
1044
7490
5963
7625
7661
4368
335
3263
9370
2169
567
7301
1033
3862
7152
4186
1183
2556
4551
8743
5776
9860
7300
9123
726
4386
4593
5670
5848
2245
6259
2670
6378
7507
531
5127
9429
2516
8356
4672
9003
5511
8360
8522
5081
1919
1417
2211
4851
6491
1651
2181
3984
3475
3832
1655
7478
4361
7443
4917
6814
2532
3594
1675
7741
2166
5440
5581
3410
1576
215
3442
8716
3268
2176
5823
9538
9044
9762
3786
1706
9374
67
483
2549
8781
7439
2103
5604
9604
5311
8245
5961
5215
8321
3482
5524
4950
1556
9215
6898
8518
6403
3379
1087
7692
2781
9686
1329
9409
8943
9143
2699
2085
5380
1171
447
9309
1363
5605
379
5907
8264
4067
5613
250
5848
4086
8710
4419
6837
4525
1960
2360
5955
594
1556
4862
3834
2081
1365
3278
4635
1403
4594
5703
5653
9527
6609
8675
9686
8067
7230
8695
3255
7902
5409
879
9207
1208
1715
4390
2095
2970
3744
7084
3574
6952
6575
9750
1594
713
9048
6979
6382
35
2227
9695
2059
2466
9352
4995
5120
5214
2740
609
6513
1104
5851
9900
7045
240
3296
6428
4125
872
3269
5638
3863
9761
3411
6196
9792
780
9573
6606
3569
6504
8312
4564
2360
1319
1559
9675
6713
2743
4567
8206
7243
1559
5737
9387
1180
4511
3774
9761
1160
1882
3541
1436
6007
5320
1811
1699
4763
5425
3771
8000
7545
3754
1296
4582
3997
910
1190
735
7826
154
6925
6881
7210
7299
255
5627
4257
3051
7299
7715
5033
7150
1022
9250
2068
2285
9245
5275
1601
9149
9014
2461
6524
7396
2951
9790
5077
2492
5308
1419
9833
7387
6714
714
838
3335
1236
2498
6877
9441
4597
7137
4104
6326
1671
9834
6842
2446
8483
5836
7720
303
5219
5130
4552
5024
1907
2197
1303
9977
8092
2897
7350
2284
4117
3963
6471
4389
9742
7503
564
2798
5220
2865
1057
6750
3744
2757
1859
5725
9620
1811
8047
5213
3768
8002
2277
687
7130
3498
8956
7382
5833
9759
422
2792
7481
9127
1714
6674
2002
5503
893
1481
175
7386
327
7636
2364
9652
5562
1589
5986
4308
2427
3710
4831
2063
1061
3496
4344
6363
1367
4736
1455
447
3587
5679
1021
6076
3662
4179
1245
9037
3856
8997
5472
7156
9391
4476
6067
9653
8407
507
7225
3444
1907
164
664
897
2479
3899
4756
7931
1928
3605
9941
2683
9051
970
1758
2742
7171
1472
7486
5530
9950
7232
7012
3376
3817
3089
2929
888
9934
9608
1354
9639
7519
922
1678
2522
8379
668
7086
6481
254
9571
8416
4243
9263
5160
6753
2836
4402
4950
9185
184
3975
3161
8941
1016
4529
5742
3800
8414
4641
2193
2454
8640
4798
4627
1047
474
1373
3592
4470
2285
5168
6370
3306
2208
9922
8019
6613
5589
5318
5441
1832
3583
282
5750
3021
1396
3622
1289
4033
2943
2514
6506
3252
5505
6225
5709
5484
8561
5532
1974
3103
1150
7061
732
3329
1558
4726
5311
5518
3178
8723
4782
710
8200
9075
8056
3267
3362
6826
8116
3283
181
8424
9303
6422
860
7984
5240
895
6751
5579
8374
1238
647
8341
8104
3751
3227
2084
6095
5825
2208
4648
8812
9231
8789
2215
3040
7755
7784
5414
1651
8337
5684
2931
4797
3656
2012
535
4222
5629
1715
6458
1521
6647
3083
3816
2721
6486
699
6042
3405
643
2738
7586
825
9169
4369
8639
3116
2844
2671
2574
4412
9819
6157
1400
773
18
9025
6435
2336
8472
7558
1178
6781
310
6767
7862
732
1188
6533
2929
4638
816
3097
6476
5203
6844
831
7996
1498
8053
7785
6523
617
6377
5385
4105
9497
770
9114
2973
9346
9779
7522
8024
1333
2127
4333
4193
6191
2648
9539
8276
966
6671
2850
8182
2320
3536
2496
9492
3998
2140
100
3238
6424
6082
6767
2685
8568
1620
7796
9163
1586
4450
9058
7542
2507
4122
2007
2249
973
2133
8813
1324
365
7788
6030
2003
1454
2428
3583
9598
3632
1690
8884
4675
4681
3992
3057
9346
8175
1950
8626
2888
3102
2362
8386
2622
7154
1758
8467
8970
1823
5662
3922
6055
2838
9522
8240
2840
5858
5203
6383
8591
4919
4084
9986
3831
2749
4809
60
5358
2526
8583
9052
422
7767
8411
7544
6008
9470
5025
8909
9163
9777
1260
2473
5176
9526
7553
765
9125
3748
9307
7188
612
6727
9499
4443
3198
2796
4110
7948
9712
6032
9973
9918
5622
9447
1579
2952
7769
9405
7033
6908
867
242
8146
5179
1528
5094
5587
1025
9818
8459
8597
1
4505
5368
6677
3628
597
8438
2034
6569
9425
2335
4303
8964
474
6376
2210
197
1468
4437
4605
3789
7525
8210
4944
1848
9479
8725
8035
5958
2990
365
1848
3862
8642
9185
3676
5503
607
5491
7915
9664
314
7109
9026
5054
1102
9580
1990
9201
3023
1708
9797
6592
2751
9498
1763
2978
8581
2623
9918
9963
6430
494
2698
8838
3344
3925
3887
8257
9585
7608
4402
9113
1968
1859
6789
6042
7835
3846
9747
3905
1398
6227
8632
798
6460
1305
3159
3337
788
2013
5695
8461
9261
704
5223
5182
6240
2303
308
5311
3696
7607
8266
5220
4959
5658
4728
883
4500
4948
8257
8731
2594
1388
8951
8498
7575
708
819
8522
7240
9833
5020
1824
3753
2666
3907
3687
231
6046
4158
1552
6334
1325
9208
9840
3512
8357
5179
5758
1831
1095
6083
2343
5871
9858
9649
4908
6422
2132
4917
5704
9780
9972
1681
5505
5956
2822
4609
2931
961
7754
8785
567
648
2268
5082
4923
7209
6306
1045
5097
9319
4940
2515
6915
7551
4481
6372
3410
627
6722
1768
4901
3206
878
135
5826
1598
4687
4688
5772
5793
7535
9221
7389
5882
6615
1543
4142
5864
3943
8482
9804
3679
7497
5309
6869
5332
8114
9383
23
3916
9641
1919
5049
1893
1623
4734
5324
1449
447
7638
5728
9342
1141
8824
1641
7749
9647
1507
644
5020
314
1898
2381
3515
443
5787
2241
3133
3473
8410
8076
4098
7849
6157
6934
3978
7803
7985
360
3383
2027
8316
5628
9710
6471
9452
7077
1754
4311
2978
2353
7353
9016
4477
8973
2237
4019
3430
9816
8491
5745
3013
3036
1628
1270
460
3400
8983
6650
6806
1158
4640
4715
9606
1336
1138
3532
7547
8229
7587
2699
7959
6539
2828
7740
1824
2805
7699
2715
1135
1054
275
7740
4727
2637
22
9341
323
3966
6005
3748
8508
3068
906
8551
6228
844
5487
3630
5780
4218
1663
3627
470
8965
2446
9658
4592
2249
6274
9259
8605
1720
135
1602
6508
9964
4034
250
2132
7588
868
7599
1660
9740
9249
601
3610
4277
1141
8343
1425
4924
1126
5316
2180
8524
8339
6902
4375
6813
7631
1152
4001
4009
1121
4138
7227
9717
7407
9986
4496
163
3929
6656
5534
733
6788
3565
6159
2901
2752
263
2590
9645
7611
8636
6931
5982
8715
6219
5780
1423
4084
5064
6107
6647
1632
3727
732
8066
3293
8291
4974
7568
893
7685
8660
6284
4819
3237
3708
4095
7774
1828
140
1161
2782
8391
5045
8938
3770
8863
4489
8353
2130
2320
7538
9902
1937
2746
5528
5112
1611
8304
3714
1218
4248
2926
9432
6977
2340
7223
4157
1386
2728
1420
586
895
8808
3789
9314
8961
528
6782
481
8572
5759
3926
7003
2272
717
7497
2501
4461
281
1357
6339
1889
2317
8718
8130
9662
7354
2238
3112
9584
772
6088
1643
5113
2369
3801
301
4037
901
1677
2477
253
971
6638
2309
647
4542
8918
4986
9471
9952
3273
641
431
6263
3320
6337
6869
4646
6813
735
7173
4878
3822
2897
3998
8635
2345
5679
6172
4060
1189
6969
9993
5303
4921
8206
1843
9586
6591
2885
5380
1167
292
5435
1911
6367
9069
2327
9279
5845
2865
4993
4428
4527
4486
3278
115
9232
3935
2860
2856
2186
7812
7947
4128
6050
2421
6564
2231
3972
3509
7310
8851
4248
8848
8221
4788
8844
8961
5852
3054
1623
2492
3770
9036
6450
4603
7525
1883
7788
4031
2679
8507
8871
367
2512
1702
3882
2022
1998
1391
8135
1827
1664
6509
3608
2404
3345
4815
3283
7908
5385
8318
8524
952
9829
5197
3183
3627
3348
5402
2837
6496
9356
4763
2980
4065
2501
5478
2479
4870
6559
5756
4592
8748
7953
8547
4010
2879
4885
7497
2628
4116
3224
8079
2279
6995
4087
9458
8776
3510
4026
7282
2840
8666
132
9949
1896
212
2642
3735
5720
9121
713
2063
4670
1537
5050
6073
2787
9827
6354
3225
1751
8718
4300
452
2457
7876
976
5824
4448
4430
7018
7987
1108
1242
3740
5523
7160
483
8255
9166
649
8786
4807
5448
5008
5310
9493
7148
1384
7640
6000
3975
223
7176
8219
5961
2102
4974
5933
5012
1719
4845
6189
5048
4442
3101
727
415
9067
4196
1049
365
4361
4097
609
4486
9858
1762
6900
812
487
4891
4683
8279
3373
855
7000
1337
9230
4981
2073
6182
181
4033
6995
9423
4262
1837
8749
6650
219
110
6995
4237
7094
2218
8041
1004
1858
4098
5215
2696
9220
7911
1386
6390
2546
4268
2314
9916
9302
3954
644
9995
4946
1466
1991
1891
3692
896
6308
1592
9270
3873
6979
2260
539
948
3822
8363
5466
9294
47
2455
4167
2162
4518
9622
2246
8159
5471
5112
2712
5597
4036
7455
3697
9374
872
3790
2645
5050
5060
5308
1742
8326
6070
7691
4525
4524
3565
323
5073
136
5203
4908
8116
9977
3794
9412
2731
6552
3117
2347
7034
8181
15
285
2282
3347
913
8659
3475
2943
4732
266
9263
5312
84
9175
833
5744
1157
6999
6629
819
5526
460
7828
5277
9157
3867
5864
3351
5798
2943
7129
4155
6960
4498
9789
1505
5564
4393
1066
3963
2388
8413
9945
3191
1792
9420
4867
9853
2994
8959
3015
4385
8074
9717
2033
2974
8965
9251
8293
5486
7439
4523
4964
7227
348
8715
4611
5025
9770
9230
4963
279
6291
2465
1292
9682
3178
8009
6870
45
3866
6700
7953
1591
4935
1263
6626
5035
291
950
1924
1886
3968
1902
2218
2463
4937
142
3958
3187
6327
8518
1861
2640
5997
4737
9189
2221
3415
4703
2430
9491
8357
6700
3525
9842
9790
8031
1871
8030
509
1984
7132
2167
2484
6291
8643
9313
1065
3345
7508
2419
3966
2944
3978
3187
9828
3404
7346
6003
6032
7477
3035
9054
3775
1660
1349
7227
9757
4056
7949
8352
2665
8869
7727
4823
6553
1591
475
5905
3706
5170
7325
4148
5101
8899
3878
2375
2614
1906
3663
5433
4410
5524
6142
5954
220
8532
4776
9275
1835
2318
2402
2836
4854
2540
24
8579
7824
8261
2516
9902
7738
7304
4287
8759
9332
3133
1870
1635
9781
2441
8088
8924
8537
6436
1963
4878
3084
626
9933
8591
9800
7090
9812
9418
5545
6193
8743
8881
9533
3689
8095
839
4804
3975
4872
1117
6172
1278
7340
7096
778
6378
3698
2353
457
6487
4430
5014
854
211
4727
2650
1526
8592
4912
1763
6365
2337
3181
1052
9502
6261
640
4608
1719
6227
2063
719
5534
4622
24
393
413
5506
2799
2410
4894
3532
6710
5913
2895
8458
5628
5854
1928
7522
4209
6527
1683
8001
8325
537
5889
7120
4755
4288
9056
1693
1328
8127
3438
8827
6132
8563
6478
526
3494
9480
5794
7781
2428
5127
2131
4906
3311
6531
2245
9141
3136
7268
6753
8224
48
3600
3251
4185
8616
5239
6353
899
1493
1164
2054
8089
8680
6620
5745
2793
8176
1322
7233
3887
1187
212
8937
5987
6952
5531
798
2486
4044
264
8013
4788
2876
9810
9669
9220
4543
3149
6409
4980
5315
2827
7992
502
3624
8584
9541
5230
3380
6891
3995
9181
8719
6495
659
8581
1311
5601
6034
6900
4424
2414
6553
8670
8862
8119
3461
3590
2664
5934
2047
3602
5334
1595
8407
8615
701
276
2691
536
656
3202
4189
9483
351
4091
4180
3294
883
2029
38
4058
9977
7335
9189
7657
4596
759
1636
1198
921
8089
3145
8950
6191
1726
4518
4319
6876
2430
7030
3058
7372
5969
8684
612
7108
2985
325
2838
3317
6662
9124
3672
5577
7462
7264
3979
4011
7878
980
5713
434
6595
9335
4149
2754
5434
7165
7589
3621
7720
3629
3241
1244
7017
6905
5446
37
3493
9508
9528
7738
3171
4108
6269
7777
104
5255
2819
1134
1617
7517
6552
1381
4553
5122
88
1386
8932
2256
9224
7931
2626
7568
3663
3751
6644
3872
7659
9865
7401
7447
7445
2313
1907
2510
3809
412
6090
2783
6955
6686
174
3349
6339
3031
1024
3056
589
121
9725
1144
4836
1943
5507
1091
5678
2253
5242
4650
8796
4334
1570
2844
2727
8607
1888
6655
2506
872
2105
2946
3507
2800
9622
8431
434
1124
7793
2282
8013
9327
9633
5965
4698
816
1316
1124
249
6676
8949
9668
6091
486
1252
5304
1779
3029
4420
7839
3051
3798
9545
2970
4275
907
8882
4319
185
2601
4617
2160
8202
4698
522
9826
7499
7172
9321
3262
8889
7077
9995
536
560
30
9191
2824
6521
6320
3261
7468
7409
2527
2386
841
3797
1391
2460
3098
9757
2998
8706
9960
4597
8020
7326
6715
5787
2514
5406
5996
5517
2774
6217
2160
4435
8190
7199
208
6820
3270
2947
1991
8912
700
179
4082
9770
1488
6054
622
4077
2370
3860
2579
2314
7295
162
8302
4346
327
305
4029
663
5929
8591
7421
3455
3182
3911
8965
9348
7133
1914
472
3882
435
1755
2392
8272
8215
2574
4977
8350
9033
6309
6795
951
8509
395
8773
9680
8564
7972
8373
8173
4163
7373
1758
2864
7101
5883
2602
522
9319
6837
8216
5905
5384
7502
983
4562
3296
8682
5514
1725
9855
3443
9160
7523
3348
3631
2294
1862
6844
261
1397
9494
542
6146
363
587
1454
9
3835
1146
4774
2405
5042
6301
1946
1477
5109
1725
9729
4887
3622
2759
9581
9395
392
9455
9571
1409
3541
2224
7827
8733
4356
6563
7479
4961
2142
150
8440
7999
5278
2592
9813
7720
2044
5450
3582
6782
1158
9081
1594
7158
4952
7778
6108
6254
7710
9034
7071
1297
9585
1008
8281
6616
3251
9340
7474
7188
6673
2639
5265
2121
4974
483
2398
792
1929
7147
4023
3423
4440
520
9645
1332
4241
51
5129
1502
6709
410
6860
290
1137
7593
220
327
2228
1050
2048
198
2319
7023
1867
2672
6686
5604
4760
313
7406
3471
7574
4579
531
1222
642
3817
1944
320
2105
4132
7719
9841
3419
1604
9212
1378
1325
5293
4590
4703
1266
218
593
6867
2913
3382
4580
8798
931
8413
3807
1049
8872
1837
542
3548
2530
3165
9054
6669
3221
6354
2708
7167
803
6453
9327
6175
1505
1339
4504
8859
5680
5229
3632
6092
6305
9639
3142
2701
2468
4341
2583
153
8391
1781
5525
1933
810
1951
4684
3919
158
3201
9396
1212
1681
6367
844
363
1821
6062
4074
1227
2158
7265
506
5357
2784
4056
5150
4459
5264
8840
8129
9885
6684
3795
842
7958
2210
4105
6728
2597
5640
9026
6939
4012
9917
8853
4245
4579
267
180
2003
8511
2253
1788
2763
4478
6770
4307
4521
2742
2976
5730
1750
5109
6401
1707
8148
1213
5159
9179
9181
1299
1869
136
5572
9417
8169
9475
6041
6337
5479
9848
9984
567
3586
2237
8040
9241
7915
4891
4645
9492
3872
44
7463
4653
3615
668
6701
1220
8752
2909
8913
7830
7483
3366
5200
9306
9698
5963
4545
5409
6479
2184
9895
4880
4881
2477
9232
4526
2756
3410
2626
4263
9243
8611
8958
4561
1916
1820
3077
2600
5786
1151
8360
2257
5409
7429
6051
614
5792
4078
7115
2710
1233
2081
3005
3179
2907
4465
7600
3877
8944
3126
578
1456
8568
2018
9855
4623
5626
3571
2876
4007
3178
7129
7221
3462
2424
5010
3051
555
3420
8351
8996
627
2789
9913
3850
8266
9046
9328
3591
1368
915
8398
