5860
3371
5060
7244
2802
702
2456
7079
6527
9196
8019
9432
1243
6577
7917
2013
2053
6600
6072
7026
9672
4747
2860
2925
8326
8643
9662
390
1771
8464
5595
6246
7153
3399
9529
5638
4992
9483
5775
4795
1671
1932
522
9776
1838
8671
8090
8498
796
5986
3997
6585
3017
7341
6807
1227
9966
3289
1362
9112
2374
8368
1540
7235
4703
2173
5168
253
7643
3576
9234
7221
8673
2928
1875
2533
992
8907
865
7885
2716
1759
8714
9745
3314
1769
8935
1363
7149
6991
7924
4722
1064
6230
6664
7109
7851
9946
1856
1942
4617
1422
1176
4224
4085
4506
3452
5574
8950
643
3277
398
2271
2627
5646
3044
6817
7814
4378
8499
9105
666
5526
8172
6975
3116
6339
6115
4370
3003
3951
7092
6416
3897
2831
381
5175
8526
865
5590
5387
4555
4301
6211
2062
5669
4196
9560
9096
2115
9133
7296
7661
1861
3080
1386
1254
6007
1063
523
6138
5742
9490
9334
9260
8020
3880
3795
6717
5102
6853
9914
1624
8022
2569
83
6435
7083
5220
6146
9556
2308
5506
9059
3330
2886
4004
1881
9267
224
1092
2534
1334
4920
6430
4
3162
8687
5579
9475
6562
2698
3219
7086
7927
1814
7466
8761
7463
1649
4095
8021
5653
1887
730
4807
8529
9184
7117
2789
6718
5298
2458
7499
5764
2748
2463
8954
6202
1234
1980
6192
1162
4544
7046
2872
9928
9787
3648
4453
962
8973
9941
277
737
7782
6994
1198
7252
9388
7451
2234
3732
9741
6048
9030
3348
9645
6556
8996
8674
6053
3905
4298
4632
8190
7901
7592
191
7672
5585
9747
1681
7161
3229
9900
5372
877
1903
6583
9866
2242
438
3462
3168
8653
5371
1789
3506
6355
953
5686
7056
6024
2852
6222
9993
9947
9946
4678
8556
8475
3713
9319
1086
1946
2089
4546
1880
108
4632
7308
5046
912
4573
5146
9508
6454
3659
8026
4122
2460
5928
6171
1093
9533
1785
661
1691
2369
7432
7351
4538
9139
5079
3487
1819
5144
3082
5270
4769
9937
7244
8332
6041
2332
2554
6525
5097
746
5457
6544
3753
9224
3664
3329
624
6825
4416
9944
6690
8729
8948
2382
5841
3340
6786
9445
4411
8815
7197
7605
5989
9215
66
7394
3125
2501
3488
3904
5849
7471
3549
6416
4342
479
1559
5108
9555
2530
5768
4904
107
3886
3433
1093
1877
4947
7894
707
5676
3825
9610
9353
7894
2411
8643
1329
3977
6098
1956
5416
7112
6192
7765
1490
9592
3142
5558
4154
7544
9134
472
5956
4804
3545
5450
3858
8218
4321
2421
6086
1612
5114
4835
4202
9911
4102
9083
7114
7602
5264
4156
8249
1475
9192
4079
5116
6089
3488
8248
7941
4292
5171
270
1793
332
5958
1589
3981
2005
4607
7219
9664
4963
6153
9111
8479
8872
9634
8796
8567
3704
2326
1144
4583
9600
5633
691
939
2992
579
4336
6327
3742
9363
4723
1837
8951
9235
6613
532
5341
4926
8636
2826
5534
7368
7108
4686
9507
5197
1535
6572
3915
7828
5149
7611
7984
7519
5859
7331
6682
1957
7648
7206
817
1322
7976
4300
5303
6735
7283
7286
6452
9646
6841
6012
9336
5819
63
5189
6097
7765
1780
7541
8548
3979
7395
6767
7532
4566
7413
4438
4982
1076
8128
8961
2132
8515
7425
6194
3407
2686
4021
1110
9098
6660
1288
7712
8052
4671
3352
5031
3227
2109
7907
1816
5269
834
8521
7984
2561
676
5943
4238
8639
6503
2822
2727
3638
8336
785
5833
8640
9271
1427
3368
8423
1402
1979
1519
108
2740
4248
8559
466
6452
8916
3319
1391
659
9457
2470
6541
9773
6025
5890
485
9660
185
1052
5426
3858
3649
5878
1249
2630
896
9401
2178
1682
483
9432
5241
4364
3299
2375
3375
7454
7259
2968
7836
594
7396
7519
2481
2193
1381
1012
6643
747
5923
77
6163
4097
6036
7634
8840
9867
5172
3963
3258
1471
3511
1877
143
90
3978
6711
9505
9429
1002
4925
4655
3629
2064
6982
9715
4480
7919
4324
191
577
8190
8718
2903
4738
4775
8706
2180
190
3420
6551
3622
5994
5675
1518
9405
2002
5525
7356
7993
5956
4723
6775
483
4552
9815
9517
3180
2127
6214
7336
6290
6477
2204
7554
7148
3854
5828
5418
5752
7297
2231
8047
2723
294
4444
3510
337
7199
5238
7875
7604
2874
7675
718
9455
8030
3458
2767
2690
9099
7391
4529
8149
3431
3815
2008
2700
3639
1795
5163
1199
425
4560
449
793
9615
1963
1109
2686
6812
5429
2089
9572
1924
7536
5098
6849
1845
4421
2579
1474
9457
5890
4223
5525
5211
1854
8872
6986
1177
1939
9830
9870
9107
1410
5734
2303
7535
6761
3130
2798
8859
8623
425
8018
9469
6663
7755
9850
4070
2390
8614
8076
9113
2653
8304
8039
887
6255
4687
6251
1971
9551
2346
4874
9925
5701
1899
4418
6858
9481
3090
7281
3811
1475
340
5104
8633
3767
2166
4705
5757
7679
8906
217
3199
5442
5926
9679
1799
5923
5046
2716
5853
8352
3305
9196
3995
3481
9182
2247
6581
7084
5715
6724
6111
2574
1968
6411
7019
7252
4278
1658
4229
4612
9082
9042
6483
1546
8242
8861
7740
8429
6509
4597
9153
6237
4461
8881
6757
8667
6613
4829
3017
6201
6030
4382
3681
9930
151
7369
5137
573
7187
8940
9490
854
8330
1491
7334
8282
1376
3843
6222
8321
3148
3977
5587
1951
8644
4374
4159
6506
6006
175
5237
6054
5355
1543
971
9495
6747
4388
9924
7658
2991
1888
9885
8100
4899
9823
9124
9826
7832
7966
7635
5594
2890
972
3376
9219
6568
9171
3383
4225
5094
2413
421
1664
3202
417
6951
3214
4433
2032
8695
1598
5160
3860
9410
9716
5423
2826
9231
9967
6646
9870
6344
2777
9235
3719
2525
2799
2189
4622
4232
7039
3629
2244
1981
7615
7282
2399
7632
8917
3122
173
6265
39
9373
2896
1616
749
7445
2561
8480
2663
157
6384
4211
2049
3702
1959
7760
7301
8426
1182
4744
7413
5964
6881
6846
7263
8845
7642
5636
524
1549
791
5484
2679
7671
4635
4247
9248
4947
2348
9110
3773
8573
1454
8698
4125
3240
559
7793
9734
346
5091
8275
5601
312
2008
6966
458
1500
5249
8996
2928
3992
3918
6015
9413
832
9786
4044
3437
6271
1834
3891
808
5859
1818
572
6762
5686
1073
3600
6213
4695
7849
8962
4946
7127
1541
6429
9806
4493
2824
5495
1810
7798
7170
8045
4495
3572
426
8020
822
545
21
7373
8211
2451
6941
6539
981
7315
1426
6044
5069
2139
5230
8723
7317
6602
1262
7222
446
2047
5041
9735
987
7138
5573
9888
4476
6223
8359
8957
4418
8690
3940
1374
5839
4977
9535
3133
7538
8535
1558
1645
6023
1696
2334
1866
3871
4095
2182
966
4205
7122
8672
9237
6714
5920
8937
578
3666
5229
6118
1296
8811
3438
7949
2160
611
83
3393
9187
2610
3922
7552
3795
1095
6579
5094
994
564
3748
6029
8472
1246
9545
9653
413
904
9549
8519
7180
8108
9145
3616
8808
4561
2258
5051
6849
8930
5791
4291
4888
5405
1940
8364
5464
4527
4781
2241
2725
5491
9095
5341
1778
913
316
2709
3764
1456
5953
9850
6240
3330
3793
715
9240
1336
3560
4365
433
3185
1385
4391
5631
8819
8736
7713
5442
6923
2135
1127
5933
2237
5460
8419
9128
4720
2919
5234
8816
625
7215
1146
8598
7895
748
6698
5543
1382
7693
4285
5783
8999
7549
2645
9066
7087
3732
4860
6821
1783
351
553
6897
6040
7379
9086
2485
148
9363
1261
9106
4036
7348
5142
1393
5311
8746
968
1395
3611
6308
3496
48
8684
9074
4818
3513
3148
8526
4869
8904
4668
2212
1298
7113
5343
3538
216
1052
5848
4258
7277
4085
9997
5042
8967
7283
4655
5503
1597
2357
5295
3758
3343
5331
828
2496
3401
2388
9929
3872
1069
2290
2293
4887
9143
227
9696
9780
9714
1133
4933
1731
4561
4866
1020
3837
9393
2276
1012
5199
2427
9272
1051
7194
3451
2393
235
3862
7687
3908
3644
4713
4636
1526
4006
2531
7220
3674
9895
9171
960
2834
5535
101
4838
5196
6216
8690
8053
5610
619
2027
773
2860
900
5965
224
6391
8089
1917
1405
1404
3508
2357
1613
8810
9953
9575
7275
7505
6434
4220
4118
5297
4124
643
3976
6706
3341
8690
8833
2886
3926
7214
3346
3578
1696
1446
9094
7242
9556
6845
3536
9728
7046
9428
2789
5700
5001
797
5567
8529
4856
335
779
3187
7587
999
4637
8489
8395
1049
2630
4376
4333
6022
8084
637
2384
1348
412
7775
1043
6533
8833
4009
381
394
6476
9129
1794
6653
1441
6703
7130
635
8553
5375
9318
3600
3844
4555
1728
2513
7744
8063
8638
3799
17
9135
2169
6022
575
6615
3844
2881
8245
178
1964
6092
4813
6999
8675
2259
1258
1208
3485
948
3695
8789
2177
9539
4227
5505
924
3833
6322
5284
1015
3921
5982
9052
2535
39
9122
4373
6939
7237
8685
7303
7903
83
3572
1039
7125
7791
6870
8316
3735
9506
145
907
7206
7754
8525
6691
9193
8832
163
307
8124
961
1431
1425
5226
4001
9475
326
9608
5929
4725
7596
1478
5905
8263
3002
2685
2728
2803
6476
9601
4237
2570
8912
9549
4970
6908
6932
5795
5040
9533
451
8889
6320
6740
24
2875
689
2036
4378
6261
5432
7035
3907
9231
9861
414
3479
3889
8420
2668
446
2152
7239
4618
9521
3853
7942
2533
4571
4469
3538
7402
6678
8648
9939
851
7286
9411
2504
9969
1978
958
5411
2785
7442
2102
1778
8923
7731
8932
49
1745
3369
1741
5906
7826
6738
4662
6665
1605
5838
2491
4284
4439
2526
1538
955
2991
952
5130
830
2970
4127
160
9033
4862
6119
1143
778
1953
2348
2279
6407
1195
2952
8080
2819
9426
4462
4771
739
3943
5293
5813
2057
9478
2646
4021
554
9008
649
705
7958
9825
681
683
5307
5357
4654
7963
2490
8264
5157
1857
6214
7335
1098
6172
6930
8307
1901
4981
6608
7947
4300
5436
6296
6033
4859
8954
8706
1617
8317
2859
8368
8004
3176
7009
2980
3846
9298
4948
59
2439
9484
4064
4490
253
5130
7614
3300
6233
6120
2097
5336
6739
2234
6299
2573
5413
9378
2667
1071
9546
992
8414
2082
4973
2512
5368
2002
2381
3913
3461
459
7786
9935
3934
9006
7146
1256
8708
2436
131
4401
7468
5842
8351
953
9177
5520
2461
3591
2981
7594
3909
1532
2659
9320
9359
7052
5601
8242
1005
9018
6180
2015
3457
1151
7290
4673
3317
2014
9506
8880
9435
9163
9180
9325
755
1790
8576
9862
5420
7032
1546
1160
5684
665
6189
4898
8434
188
5539
3903
8737
2920
8900
2180
1423
8930
9754
4026
705
9647
2168
5750
6856
2261
4286
7761
6599
4840
4511
6994
238
5743
759
9199
3191
5464
8722
3362
8323
4933
435
9458
3293
2084
9056
7325
9528
2931
6968
9161
541
6180
9545
6135
9272
3952
2151
991
4205
3640
6822
2639
9996
6653
4541
906
4825
2849
9420
8537
2823
5293
8592
1236
1598
6723
7588
7516
3416
6704
5054
7725
4704
8933
8851
4290
6287
3654
8506
7650
3747
121
6835
5793
627
6658
4987
6386
8227
4175
2737
1223
3089
1730
9660
8524
7420
5801
9293
3407
5147
8087
3457
2645
882
9270
4252
1876
4453
8709
7396
1703
6573
3338
3789
6736
7187
2987
2734
5554
1130
7547
6383
7571
3142
2459
8182
8105
8966
1824
2460
8140
2143
1097
6373
3869
2556
7306
8913
6330
1277
107
6097
7076
6326
2505
1108
1293
9454
8645
8978
6432
2650
517
7157
8881
9434
1825
9020
4769
8281
8742
7638
5871
7767
4402
7668
9494
1132
8541
7374
6403
3732
8522
1404
5072
1197
6367
102
9637
6723
5579
8567
9595
139
1274
2206
1082
4830
3768
5263
228
1338
7868
5729
4431
2435
4387
1196
9210
896
5841
5356
2156
5557
9753
8102
926
7879
4744
6863
6086
4606
2909
9876
7415
1404
2610
5499
5666
7741
7355
6478
5396
1314
2682
8991
1066
7317
7197
8095
258
4301
262
2820
623
7098
1229
9233
477
9859
2224
3978
2817
1108
7340
9716
4080
7807
5176
884
7288
2200
6546
1856
4319
5529
9271
9947
8871
1267
7584
592
75
6492
9858
8591
4332
5564
668
6050
8259
1435
4155
6257
6689
1907
6938
2952
1609
9140
4727
8674
6048
4720
9755
7350
2783
6476
7129
2268
4658
4351
4285
2187
4862
5131
8621
4194
7355
7109
3976
5987
3017
7608
3322
4967
2925
6909
3842
6243
8509
5525
7906
9716
8056
8708
1400
1201
2815
6353
5244
1374
5273
3029
7954
5617
3232
4529
6687
4078
826
5210
4407
5090
6974
8058
3795
5263
2889
3640
31
5184
7080
4982
5483
1915
4705
9398
9240
6873
6717
9453
6062
7304
8327
3581
9240
680
2009
5604
9542
6470
9387
698
330
8361
7280
3492
8376
4193
2388
8938
2550
8907
4450
6174
6907
9547
5260
3437
8343
1586
5596
5399
4160
6943
4073
6330
3392
3711
7721
8063
2983
8064
5428
8011
7019
842
577
6533
5873
2570
8826
2019
9789
6085
9183
2943
2788
2464
3633
8463
1493
8394
9921
1210
9689
6946
5835
9141
5551
1149
5767
4053
3208
7071
4964
5129
4341
3764
5040
4091
2544
7474
2819
9490
240
1078
1081
2123
8438
5501
9399
7256
205
7623
9526
3147
2841
252
8614
2530
7451
9221
1603
9204
1916
6562
2964
1338
7728
6225
4477
4137
2765
712
4490
1103
5522
2369
3331
3636
106
7682
290
4676
8686
8348
4169
596
5942
7495
8697
4197
7567
6267
1838
5298
9734
5098
4198
7064
395
5162
1101
4998
7722
8153
2827
7882
1014
9322
9034
7128
4573
2977
971
9207
5014
7784
8832
5684
7128
7361
1604
8229
5423
1899
1755
2847
7005
3483
3738
4813
5341
7167
8646
9227
8620
6735
1479
2611
7956
1397
2608
8716
4985
8762
2107
1893
5812
861
3924
2148
2101
3604
7797
8604
949
6633
5869
1334
7256
5727
1271
3671
3771
9640
9770
7131
1556
9308
8939
3774
7781
2572
2858
1280
1314
2406
3698
2637
1388
3081
9756
4478
9655
2945
8103
3313
2562
1391
5057
6671
2134
2493
2770
1843
2030
9774
5955
1246
7876
6582
2980
7657
3914
7717
2914
6837
4709
3017
4785
5592
5236
1473
3058
3427
596
4601
4442
467
7782
7906
4977
2480
434
1275
6056
5187
2249
7616
3368
7744
4384
6823
5357
26
8313
4282
2013
3336
409
3972
5886
7860
1894
2172
3780
7644
1666
3783
979
5718
290
1472
1036
3884
1642
7915
3674
8589
7228
2017
7190
4313
8044
3188
9477
1564
6875
7161
5685
6924
5655
5931
2154
8345
4490
6502
3801
2982
999
9951
8403
5484
5580
3926
1850
5461
2744
2313
4424
3969
2703
5433
1069
5008
2876
1416
5516
5279
2610
31
2630
7096
5832
8780
8130
8483
3169
499
2441
2898
4473
4873
3027
