7794
6950
2894
3633
1751
9400
1170
7960
8111
5285
8735
8628
5765
9942
9209
1930
5467
6701
7273
7395
5143
5513
7765
9196
5631
8461
910
9659
6696
9220
5688
1236
6309
9489
6280
1864
5183
7181
2210
9109
3511
7814
7607
2048
317
6744
3241
1340
694
1131
7657
3937
6213
4837
8722
9651
9733
7691
956
3113
8810
3142
1159
6092
3940
3539
7208
3648
6020
2285
5754
2593
2861
9572
9208
5249
2414
8783
1573
4859
6154
7469
6647
5154
1681
7624
2324
2197
8523
1424
4887
1422
9425
2341
4690
7952
8471
9222
1967
3745
7944
639
2364
6508
5326
3943
9308
6238
4478
6197
6169
9234
3245
6823
7343
5606
583
1356
5750
9370
5802
8631
9497
61
3089
6917
5954
1472
3697
2357
7296
7003
3387
6346
3038
8008
9692
7280
3760
2758
1243
5962
7184
2120
7869
4362
117
3518
8851
3168
802
3406
7598
9407
2737
5631
5534
6574
6408
73
3129
5519
4879
8086
2603
1882
583
3173
1343
8415
9314
7680
3870
777
7760
2259
5057
1919
6563
4436
9652
5837
2552
3420
3892
6824
2490
6185
4147
5004
4244
3690
6021
4046
849
7747
2552
8123
8688
7978
1827
320
1648
1893
1885
6185
9681
1150
7097
5515
2764
5770
1785
900
9911
8521
9727
1634
6090
3658
4928
7736
7662
4580
6988
7577
9821
8933
4673
689
5655
1710
9971
6179
2626
4688
8302
8211
5252
1239
9127
9027
4527
2367
9437
2409
8870
4032
7446
4938
9634
4106
7063
3563
7379
4880
1557
6709
7103
64
5497
7883
1383
8861
5169
9471
7668
4169
8186
3682
7689
9500
3710
1714
4471
8595
5091
6872
2708
5426
8154
8916
7334
7985
9448
6138
5002
2491
4017
9029
7892
3826
1640
7350
157
5787
1894
1207
8098
5744
6464
3655
6048
5360
1555
2973
3644
2753
6338
9716
6264
1950
5514
1524
492
334
7434
6293
7423
2238
553
7794
6521
8883
1371
2154
8522
3912
5032
6503
987
2017
4258
5294
3590
4435
2014
7869
3904
9949
1045
8142
656
5559
3585
6453
6679
2033
262
1900
9332
119
619
8979
8924
8838
5043
7469
993
7376
4632
2628
7892
7809
5296
37
5961
7963
6812
5430
9861
1318
6346
6830
2143
2884
1534
6516
4707
2396
2603
3524
4024
5802
9236
527
6207
3445
2854
2528
1393
70
767
4621
625
844
7452
5105
4769
5380
7004
2718
8140
155
71
6020
1081
1822
5349
3894
537
2373
722
5351
6206
8047
9346
5252
7722
6453
5100
7939
2780
9930
6798
4564
6782
770
7973
6606
5592
546
1984
1379
3149
8580
1540
610
4216
4986
6609
4116
3151
1926
2318
7979
7901
5727
1783
2378
1973
3766
8087
169
3819
1628
9202
9026
7674
8630
5036
7376
6162
6677
9259
5930
9822
5247
6239
9451
1913
8305
8511
1027
3694
4530
1942
2317
9680
5339
3122
3934
4507
1736
1171
9808
8799
378
7549
7878
7483
6146
8589
1080
8954
8578
3111
8302
1682
5361
6200
4611
1062
1754
8558
6534
93
8339
3369
7652
172
6426
5654
4960
7216
5086
8630
649
6276
7409
1702
7736
1036
2184
7194
9362
437
7507
1141
3127
8758
3730
4944
6380
8645
6607
3905
5843
8248
9701
4981
933
3009
6016
3826
9045
1233
6479
7980
423
7743
5297
7980
4561
6298
7126
4741
517
6515
2169
5533
819
1097
7522
6093
3659
7807
9489
8387
2639
4423
7968
4627
9181
1939
200
9470
2197
2408
9029
4201
6307
1065
1937
8185
3712
3801
4052
1454
4526
4682
4257
865
2382
4523
1094
4874
897
4986
9269
3976
6712
1221
6108
2085
4841
9071
1453
843
9949
7995
8909
3203
9678
7531
8890
4751
6113
8957
975
8820
3547
2292
3476
2739
6608
3404
1003
5858
4998
2395
5337
8378
198
6136
8321
6601
6309
9379
6427
6756
3510
1612
5256
5284
4607
5457
4372
4066
9966
22
5236
5064
6333
9523
4134
2867
5228
7619
2278
6460
6172
1294
4128
7411
1963
4840
6751
253
2437
686
3011
8263
2384
3999
4932
7518
2558
2961
4737
4327
8592
7611
3310
9453
1232
5859
7282
7888
2408
5998
4191
1312
7485
531
8555
7887
7366
7826
5397
6769
8850
294
4784
3645
592
4424
3505
3211
3033
5904
9882
4387
9645
1677
1917
9886
2026
501
5177
6436
8295
9228
5510
4554
8767
5276
4286
6876
295
7771
830
8960
6894
359
1792
2177
7882
4890
9862
2460
7629
5042
9512
1108
3149
6069
615
207
1942
380
3988
9969
3653
7003
7739
8165
2758
8550
8064
6347
7132
2377
1942
8029
620
3641
4084
7598
458
5956
3196
7714
9387
2836
1040
1465
5946
3927
3092
9476
4866
6569
6756
6974
7509
2636
5500
5166
458
8284
9767
5722
471
1627
9514
7688
7602
9687
9023
935
5800
5778
4803
5707
3870
9788
3407
8344
8834
2262
961
1219
4793
4403
3685
6502
4008
9572
4538
6849
6130
9211
6312
7823
4701
2617
9451
8940
6239
4575
4177
2522
3545
8358
4190
9958
8776
6524
683
4026
4734
7943
7927
8372
5690
200
1197
5146
8574
8661
4089
8772
9532
7545
3478
2769
6363
1341
3200
68
8895
9591
67
9146
9508
1009
7844
4735
1983
9619
9924
5918
5453
7988
3118
1968
1727
6001
4350
7058
7154
8060
6047
759
9895
4022
8186
6556
4722
2850
3599
3022
5907
9284
7701
6212
8348
7225
6848
5528
7863
8179
5992
9889
7102
9013
9399
5379
3776
102
7955
5074
1888
3753
1260
2952
7228
8594
6607
8306
7297
611
2676
7085
3861
6558
6929
9037
7237
6177
4086
6212
1503
6254
8471
6223
9863
4340
5443
9406
8300
3494
3644
1766
3857
6101
6731
6646
5461
500
4059
9856
7227
5396
5305
9746
6447
6131
1947
7140
3627
7048
6931
6774
6448
3557
7107
4769
1938
3804
4338
7371
7321
5066
1253
2972
8292
5864
5593
2549
6349
8725
4869
1165
877
7436
8119
4517
6083
4989
8172
5368
7437
4922
8836
8322
9355
3799
3280
6430
2867
1742
7416
1339
7169
1248
7986
6516
6208
7094
3950
6502
7959
3072
4056
3721
8428
8400
7638
1481
6848
5266
9819
6598
1311
1688
8383
8910
2031
1485
2864
1852
1209
5594
1072
8836
5885
9690
2449
7036
615
208
1371
5037
7220
755
8327
5949
6087
3425
8092
6883
5940
9822
1637
411
4873
7747
3221
8484
3762
7412
1070
8035
1505
9382
6051
9044
5983
244
1555
1184
7975
1962
4949
4810
6436
3339
5338
6430
5941
9860
9012
6606
3283
2314
3702
4452
1275
2382
7365
7939
4888
4993
4811
7083
8814
4394
274
3722
470
6926
3612
8422
5425
7851
3535
6214
6511
6061
929
2664
3777
4029
8964
6099
3861
4772
4551
816
7891
7125
8865
4157
8634
4271
4954
3046
2122
5366
2690
9635
9416
7465
4464
8520
5902
1541
8561
1149
5813
1533
7455
1894
4095
550
9626
195
1575
5186
9078
4213
7066
6644
2318
2281
3662
6922
3421
681
6568
9707
6646
3628
7305
5419
6069
8296
8316
1030
5127
2741
1110
2103
6158
8832
2452
6133
6785
5856
4104
3443
5681
2183
5758
7748
8498
871
7067
6286
6586
1969
4788
4595
4747
1486
484
6448
7962
1563
4667
4597
5821
5698
1755
5315
4314
6149
8098
1331
376
8216
4453
1488
9397
4497
3936
7201
945
7518
4997
2339
6454
9261
2900
4136
8152
8892
4709
7600
6152
7099
989
9364
3326
2802
2502
2247
9924
5277
8199
7160
6792
6481
8435
7320
4906
4737
7121
8804
1506
7690
9787
6000
7980
3362
574
519
9241
7570
304
658
5544
183
7524
4897
4097
5323
4885
3519
4566
5827
7271
6115
798
2158
8089
784
9119
2083
2910
5263
4363
4566
4671
8446
9615
5165
7383
9788
7611
8416
9130
9336
3504
5027
1734
6295
7134
6628
7385
1339
9000
7682
1116
6469
4661
1939
3339
2517
9796
6958
3559
4220
6111
5360
6248
9871
7631
2926
9934
2453
5853
5535
9306
8088
5431
7592
9863
9851
5347
4944
6716
641
7289
3958
2623
7680
5517
4805
7038
888
877
5030
3870
5473
5780
3583
5684
8929
6117
5924
6411
9277
6943
7139
8565
2986
525
4591
3319
7751
8707
5233
8966
9953
6067
7065
4192
3407
2805
371
3021
6292
8322
7183
1447
432
5144
4064
8706
3230
5618
7293
8538
2497
1130
5245
3625
1425
3197
8032
9488
6978
9569
156
4003
5925
2430
723
462
4205
595
4436
4979
7438
766
8936
3308
6969
2385
3059
9457
4442
4276
3640
8200
6597
8059
7916
1691
4684
98
6582
2149
1437
1937
2201
3229
4363
6707
3090
9018
8041
9857
9507
9851
6365
5860
2964
6147
758
605
8524
432
8210
1688
258
816
5529
857
7566
6219
486
7511
9961
6123
6558
1487
7180
5479
4151
7609
2204
7893
7794
7609
5156
757
3951
5889
5184
6774
4080
4971
7260
4754
390
7943
6727
8912
4856
4836
1389
1573
7009
3345
1135
2324
1371
5039
8770
5749
3332
5752
4199
1873
1728
7033
9202
849
3253
3143
6130
9051
2305
8439
4113
5832
4057
2504
4950
8259
2490
8082
2406
9321
2405
1548
7468
1154
7401
8409
8484
671
3454
5831
4563
9295
538
5562
7488
1733
1655
1170
3025
4143
412
7719
4592
1595
9950
6830
9045
3511
6671
3075
2205
752
3147
4675
1532
4968
6252
5538
6996
3182
7907
4008
9955
8685
4205
3836
532
6062
5113
3655
4203
2511
4546
184
6736
8913
2924
2083
3114
3381
1104
3940
5614
6150
9245
5685
5432
6177
4716
5279
5323
7790
5641
8381
7059
7166
4152
4929
3355
5002
3784
5031
973
6303
982
9873
4030
3665
7888
94
7260
5744
5548
7618
1085
7810
963
3900
8626
1852
4880
4018
3484
6615
895
7835
2315
7382
9209
3561
985
4098
1979
6397
3155
8970
5051
6580
846
9691
9308
4728
5403
5997
5412
6448
1455
3971
622
9049
7190
8824
4421
4323
7499
7499
3436
9632
4055
8971
8723
8653
1543
5593
2688
1735
1931
830
8069
1268
1547
1439
3106
5294
1839
7551
2464
7149
9797
9855
4300
7645
7479
1049
1175
8784
1179
8542
4214
1690
6960
1085
2776
7929
6149
785
637
3787
6057
4250
6902
7707
438
4261
8016
9004
3668
1887
4288
3864
4336
5266
8025
4079
7033
563
2500
4032
2874
3458
4751
8173
6185
7991
6141
1
3625
166
5294
9469
3190
9399
6818
4402
4947
3605
8249
3090
4770
6910
4267
4605
1198
8894
1327
2125
1211
8497
9078
7588
203
7595
5957
2204
3962
654
5654
6873
6078
2487
1355
4214
8486
1935
9135
5013
253
4901
8501
5498
8693
3404
8068
2841
7919
1274
3014
6002
1859
8083
4561
9399
8128
5585
5227
5996
4604
8748
8977
9138
3196
5547
2115
2204
495
2326
5413
9430
4718
928
4093
5879
3271
3023
209
3092
975
9202
4410
702
2673
5733
9672
3887
2257
2790
2327
1382
978
4571
9449
9963
3936
5979
70
7111
5327
7548
9070
7360
3197
1604
2571
8623
9204
5374
9717
5122
9383
5386
6872
4428
5733
4308
9864
6150
9799
3296
57
4792
1241
6139
8485
2411
8857
6770
287
298
2047
6818
7929
1711
2114
1073
4596
6973
2714
7273
3839
3644
5589
5541
1632
8511
4661
4699
4338
5045
9239
9595
1295
9144
6359
3097
2543
8909
9970
7736
3813
5579
1013
415
2291
4984
9611
5097
8935
1788
5666
5710
8671
3162
7559
9850
9192
6340
5069
598
6894
8939
2798
282
6602
8758
6040
6494
4178
8181
659
80
1075
1549
1217
1464
8566
8441
7793
8917
9141
5879
9018
258
4234
4633
139
9264
4903
9890
6007
7774
3276
6271
1437
2895
4186
7581
3417
3742
932
3384
4164
6850
4717
3534
3029
9998
1265
1309
4091
6514
375
6132
3126
1783
134
7617
2276
263
4128
3176
382
6205
8252
4177
9353
5821
2766
426
3936
1033
1267
2679
816
7040
2312
6313
7102
9154
3559
7682
8889
7377
3527
4109
2143
8954
7681
5474
1020
8985
7627
4830
2696
3521
4747
8606
3248
570
716
9484
7478
3924
5689
8044
7247
7531
7987
1292
4815
8693
8365
7591
1766
4691
8398
5095
6311
1432
5231
6192
1499
583
3871
3341
9243
2933
1998
8139
7208
2306
5963
4891
6724
668
9645
351
383
6962
4870
3225
8901
8898
1006
1009
7766
8961
688
4799
9959
4494
5071
6819
2502
5060
7699
4643
7918
3508
7166
3819
8766
8918
7874
1345
4733
976
8161
5614
3862
7322
2448
3288
857
7352
5780
9927
7671
8582
243
7828
1744
8716
1437
9197
6848
5679
6671
6643
86
1337
4376
1809
1395
3070
5622
4682
987
3033
962
3640
8917
5467
8237
2650
7834
1341
9205
1773
1741
2352
7765
1952
8227
7213
420
1262
735
2734
8572
4143
7596
618
4187
4770
9268
2099
869
6197
7830
2041
8082
2233
9034
1884
7831
9899
6972
1159
2802
8605
8631
3114
7619
8627
3088
3944
8405
4500
6256
3483
6164
2438
2642
4638
3263
8994
4384
3106
4995
5070
6350
7991
8721
4135
3078
4213
2258
1764
3220
7449
2719
9858
5824
9146
990
6717
8076
2348
3050
8684
8255
7110
6440
5036
2460
6647
6868
8007
7361
8890
9468
8724
5413
27
3905
3847
3172
9761
9634
988
6955
6180
91
6573
9040
1258
3945
8177
7311
2285
8691
6913
2755
7607
9993
391
1255
9499
4213
6206
8552
6654
9732
6101
7102
3674
930
6596
9803
7373
3537
9417
1056
9396
3109
9353
4350
3920
2469
2932
3570
7814
9759
1063
1692
1036
6258
8912
5699
7096
436
9245
7692
8986
8176
4554
7261
754
633
1696
2029
8007
3696
5875
9070
3107
9399
5619
1527
8655
6319
5402
8807
2689
5931
4124
950
668
8975
3355
626
7432
1484
2661
7244
5005
2373
7069
7012
2233
4909
970
5280
6156
1390
3375
5123
8700
8683
4183
9770
6113
414
2515
4698
9495
6437
7571
1078
5215
7403
7199
543
9843
9797
4069
5963
5988
2813
5658
1973
9491
1874
6340
6246
226
5273
7574
7988
3021
459
3789
5758
1630
3336
4737
981
5980
1524
3108
5330
5292
1432
8404
3863
9479
9424
9781
5731
8456
7167
980
7649
8225
831
85
3323
9173
5054
6135
2178
6928
9091
8550
386
5462
5761
4513
480
9868
11
6294
4254
7484
3712
7798
9106
1163
1074
7026
6214
3543
183
6435
8226
2509
5152
6203
9671
6558
370
5065
7827
3880
4328
4355
1711
3156
704
185
2495
2347
8850
9460
1239
4680
585
9756
8850
9061
5654
8360
725
1722
5503
973
4512
6877
1460
1222
4156
7320
5008
3377
2662
516
3678
4500
6743
1990
4497
5009
4338
5737
9566
9871
7590
6618
7015
350
6101
4872
5140
9247
8504
9016
3140
8696
6606
7040
5376
1696
325
4608
6050
9800
7047
5417
8793
3659
7684
9811
9116
2704
8198
8814
2796
5252
1637
6457
5613
27
5313
5622
2127
4383
1712
8643
9436
63
5737
865
7426
2302
4124
9918
8297
1364
2026
1298
1155
2164
4061
7730
4618
7846
9315
9548
9292
7991
6179
6739
5428
7609
6299
9785
6792
9516
8344
7731
8976
134
1975
5036
8373
533
8078
2700
4036
149
7992
1377
1510
8205
2041
8773
8456
7553
3565
1335
4928
2624
9263
1267
4195
5148
7458
5908
4774
8519
6713
226
664
9447
9889
2490
9922
4077
7748
9295
6786
8624
9408
1328
1995
1688
3875
4633
1037
31
5840
3243
9022
4881
9262
5063
3872
2796
9181
7779
7788
3682
1271
4571
2023
182
741
468
690
2623
8836
7852
9542
8816
6016
126
9865
7303
1583
7535
1169
9936
3540
8549
7510
2422
1733
8076
1451
7225
1940
5154
8219
7580
6403
5151
6302
2416
2168
3970
3437
5424
2162
9637
4367
8027
7103
8066
5453
675
8679
2355
7808
4265
2196
6417
1561
2982
799
1797
7929
4146
2182
9092
816
4964
2593
9366
2891
1475
1356
4508
9702
8961
6659
4415
9168
4327
8017
4660
4381
8692
8840
4533
7909
1886
5347
9936
2298
4945
5375
1391
7319
1214
859
6019
8330
9047
8146
5205
6449
6498
9076
5535
1256
938
7767
9482
8504
8717
2495
6196
6283
865
6027
2005
9583
7516
1801
4683
4170
8025
4425
5320
5454
122
755
9875
685
4177
1333
6965
2498
7072
9269
1357
6714
8870
1598
7346
1308
2123
1642
3786
6731
558
2180
3313
7174
6644
2822
4928
6413
629
7988
5406
8177
3558
9258
2134
5813
8643
3941
1498
9667
4657
8752
1
5753
7862
8543
4472
3653
3298
1151
7298
6809
2067
2169
3101
3503
3331
4395
8205
5702
6883
2384
5800
8322
8575
8024
7091
1320
5889
7878
8523
8592
3118
2205
2016
5061
8941
430
215
7511
7503
2024
275
6206
5672
2822
9618
4298
905
112
4216
1890
3839
2314
618
3836
4148
4525
209
6032
4574
3922
4957
8650
6921
9863
4268
748
3190
5623
8457
839
6707
561
286
1603
7544
8011
7063
9226
8144
356
6125
8745
7051
9130
947
1710
2329
1380
964
2355
5627
1538
9832
5848
7525
8311
9557
1405
467
4047
3989
1858
6195
9990
1438
9610
6901
632
2566
2345
3568
3167
5753
455
7857
4438
5035
3361
441
2946
9608
1786
4502
1897
1896
2647
88
5767
8527
1635
8910
8148
3607
3503
6439
6617
8186
6114
6777
5336
1878
2170
4083
2523
9846
8621
543
4986
8353
8220
259
6143
8994
5815
5133
9046
8946
8922
2868
7511
1925
1039
2657
7702
4264
254
4048
5304
3259
6757
9480
7220
8161
940
339
5162
1305
5193
904
5879
4846
4966
6688
544
9374
1228
9639
6485
8309
7332
1109
4816
5338
6142
6857
1306
9331
8736
4973
9713
2472
9165
9401
2889
4786
577
2260
942
214
9665
7692
868
5702
7558
5255
9924
7227
5639
9272
137
9848
3423
9425
9277
7936
922
7284
318
6569
2402
2666
1926
7686
6
3439
2925
6463
1319
4330
6237
569
969
4166
8570
8651
3700
3786
909
5326
6355
5896
9979
6895
1093
3779
