9607
4208
4013
3839
222
6518
8114
4759
6244
3210
9685
6110
7226
5544
8714
3957
4809
7981
8694
9036
1014
993
4118
9138
9246
4813
355
3362
9974
338
4069
5187
4253
7643
9918
6157
8212
1456
8852
9658
3939
7330
9446
8466
5727
4337
2829
1146
6723
9074
3280
5594
5300
6393
8946
991
1526
4667
5440
9808
1342
649
2883
9202
1772
9760
1755
1093
2893
1176
4547
6640
1683
7729
14
3071
92
4580
2186
5576
9662
6399
8879
3017
7687
4447
9122
7493
7702
4382
5865
2714
4743
1836
3794
8152
3506
4146
5124
7065
1191
20
9320
3014
2225
4885
4249
6666
1923
433
7954
8671
1775
7387
1073
739
7304
1561
6505
7474
6616
6722
246
5713
7795
7954
6705
5425
1554
7620
4323
3947
7038
7282
688
2436
11
481
2998
1462
4479
2320
4692
2858
6978
6651
2070
5440
1717
4683
4019
8879
4043
5397
5602
5276
6541
3730
1579
6577
6233
1130
1023
2743
2888
1313
1098
2958
1950
2096
597
5366
5254
3319
3945
3449
8370
7576
1804
7982
4844
4326
1411
2643
2037
6726
6666
744
7222
341
5270
8508
1986
902
5788
312
6170
6894
5148
1935
791
7912
8948
2486
439
5498
2103
333
9682
1760
4275
8371
8941
863
5266
7775
8267
2447
9434
3598
3653
4345
8271
4081
7652
3993
5193
2528
3868
2173
629
1148
7676
9267
1263
5581
152
943
7200
939
1267
2983
1970
6380
2183
2518
5556
3665
1329
5191
9074
7753
8613
7696
1695
5202
2908
6739
2607
4182
5557
7810
9342
1775
2642
9073
7221
5077
7785
8731
8835
2693
9740
252
5430
2754
8492
2779
6747
6421
3513
4434
7575
2136
1946
3291
3940
4955
7191
2521
2377
9011
9229
7688
721
4343
755
2480
7673
2470
7136
9770
2372
2326
528
1914
5283
6198
117
2664
9281
9218
4394
5629
5133
7088
9243
5776
7194
4914
2665
8851
8493
4113
55
8677
8156
8063
2758
186
8484
9199
610
677
7580
4450
2405
5860
2305
1832
3749
7504
2443
7113
4194
9697
7075
6169
6282
2261
3193
306
8049
7403
8170
8272
9903
524
3220
5611
6364
2665
9439
349
8647
2018
8205
7513
4993
5440
3028
4439
7521
1584
1065
5703
4134
4832
7632
6491
1783
2021
835
5926
4042
2086
8451
574
9962
6302
9233
4259
4397
8999
5934
6629
7600
350
53
2553
9864
370
2146
8899
3968
9610
8218
8317
9905
3137
7043
3866
342
9582
8316
7187
8171
5676
1104
806
1668
2149
4148
1102
3141
2721
5898
7481
4551
5208
4143
6870
3111
894
7705
8925
9697
8779
2992
7603
7051
9494
2330
9279
4866
952
8330
3212
6022
9655
2117
8872
6351
9901
9147
3429
9411
2752
2673
9260
8488
2699
5501
528
6367
1895
2283
232
3269
3446
8804
4603
4282
559
4173
7936
4422
3897
559
8514
3214
2571
8576
8173
7050
2448
2296
4592
5618
4405
1927
4907
5951
4272
3494
409
6367
2139
4419
7393
738
9392
5537
8834
8073
9252
709
8545
1979
9341
6162
4460
5001
7200
5651
5670
7244
7964
9263
912
1738
5402
2864
1684
6300
7099
4910
4631
1969
5831
3241
8572
3854
3039
263
3686
2635
1254
568
7267
9691
8997
5511
2402
3921
3425
8934
6476
3390
9601
1748
652
7073
868
6631
4972
5557
6314
937
4255
4998
148
5788
3343
7203
928
7756
8252
966
915
6510
8240
3448
7967
4913
374
4921
9872
9906
1090
5201
5241
4236
1906
9628
9913
5368
1096
5782
9682
5960
5910
7018
3863
2744
4097
7439
5521
7559
8828
5760
7840
8386
3830
3447
9388
1312
7932
5561
9703
7951
131
9694
1209
3160
9309
8490
1824
846
1390
9991
5849
6733
3293
3641
7338
3384
5829
5133
6832
2679
5046
6562
9454
1957
8864
8148
480
6057
6571
7542
5987
642
7313
7594
55
8016
6171
549
521
5189
1786
2053
8947
9709
8079
7965
3586
2516
4801
4351
588
934
1527
4084
1685
6198
4567
7001
759
2448
5575
4820
4826
203
1464
4231
3500
4803
6792
8037
3026
2741
3193
7195
2582
561
75
3157
7159
6675
6925
8183
7069
9707
2919
4258
4344
5768
3223
2476
8202
7276
4175
711
2335
1905
4036
2598
6130
633
3132
4457
8701
8046
1097
1853
1146
8893
3710
8933
8783
2822
5794
6127
6651
993
1444
281
3363
4662
7696
4156
1487
9228
4872
9990
1904
1418
2998
2952
5419
5802
4774
7952
1006
8257
4784
4047
780
2136
1526
7590
9776
3014
1981
2026
1567
7495
7387
1479
2125
831
5813
8581
3647
4948
8795
4875
5055
8534
3524
1682
8255
6486
1823
2070
5514
9080
5424
1200
4480
4684
5993
1967
7175
321
4836
1262
6499
8383
5283
1913
7749
7803
7822
7650
3489
7683
185
5175
6251
8633
141
6429
3145
1769
9768
2909
4032
2032
1498
1009
7850
8651
7455
1494
2329
7667
7048
4023
203
7920
7839
2407
3013
91
2116
7756
4094
7563
5504
4097
4374
5345
6041
4830
4571
9489
2676
6886
5510
846
6397
4143
1794
5187
1805
4975
7567
6258
5704
4273
9655
5954
365
2222
7388
18
940
2644
6636
9859
4541
5678
2459
6975
9086
9334
7705
2200
8983
4530
3583
7775
6362
6042
9625
7972
6428
4157
4151
2598
6743
5392
3651
7446
1492
8296
8208
7124
2317
8287
30
798
8426
63
3334
5437
4504
1822
981
8138
1097
2218
6012
1478
9358
3032
5549
7984
7288
4355
3920
713
1164
134
8096
4758
6875
6885
5778
5833
373
3810
9843
6551
9445
4729
4812
257
6444
6471
9171
5334
6791
5459
9661
1628
6661
3623
7436
8593
7234
9869
1680
4211
53
3208
4855
4506
8340
5593
2907
451
7281
2457
609
1109
9034
9427
2650
4850
9318
3127
8624
3439
9036
8441
7662
5698
7616
5704
3432
6215
2252
7738
8113
8599
2059
8000
2591
5614
7750
3063
9457
8540
24
2529
5627
9413
3415
9400
88
2692
6540
4275
9465
9770
2379
1476
4209
6755
7823
6407
8808
627
3712
8346
7071
751
1738
7085
2016
3344
8535
827
1070
5887
8044
8340
1611
9532
3176
4146
6882
3871
1842
9136
5502
4407
6287
286
2944
5443
7275
6518
6811
1465
799
79
8750
5470
3983
331
5472
4709
6428
586
2426
3261
2943
8584
4230
5788
1103
3173
2786
1941
2462
3455
3165
2639
9925
5257
4442
7406
6821
7298
1171
6146
8219
2366
3003
7843
7069
5850
2066
9834
9132
835
3882
5476
1207
9218
3325
5477
2174
6652
6075
1129
523
9547
7474
6731
5382
3737
8145
4645
9672
9695
7979
3869
6000
2282
3330
3299
5361
3967
8918
9111
7339
8785
9924
1696
4976
1216
9003
4063
154
9419
2197
90
7870
1828
4552
8303
1217
1526
7565
1090
3712
906
9781
5986
8275
8788
2397
7152
3306
5172
4835
5508
6954
7429
2120
1474
1736
3134
7405
5146
1925
1558
6769
1140
2829
9715
7054
8137
6487
1886
1940
6623
1247
5551
9715
6199
2065
9154
9965
2451
8947
4473
8206
6964
3140
4363
6979
6010
6974
8249
7552
419
4803
5248
6522
389
4274
7388
9388
7747
8012
9544
4669
5077
23
3451
2217
6187
2934
4293
389
9247
3238
6360
8908
6985
9646
8481
4551
3872
3342
7392
2060
6480
7659
7328
2996
6552
6853
6106
1073
1921
4846
660
294
13
1734
9206
4381
9461
1403
208
2216
8013
1829
9987
1489
6850
3312
5950
7121
5819
6590
854
6813
8936
7591
4310
3553
7627
1728
9002
4091
8665
240
8108
1274
7625
5549
2573
9485
8605
2459
1162
7725
3840
6631
7596
8575
3218
7645
2745
4126
2506
6933
6493
6948
5552
1016
4591
158
3814
8070
8931
9120
7110
7143
4999
3939
1900
7543
2449
3955
9099
4140
375
5713
5219
6905
1308
5249
9273
4435
3295
2581
4811
1103
6760
4458
9573
8043
5905
6578
7175
3909
9388
5374
3370
9423
1206
4906
8159
7111
981
5185
1536
1223
2147
3645
1779
6904
5132
3164
4883
5261
4301
207
7692
8837
2586
644
7410
4974
1279
7515
1330
7260
645
4882
4635
2732
5675
6391
2507
8312
6647
2755
6311
5390
948
727
5145
9960
2706
9415
7447
7072
88
9176
6876
637
9745
9330
8763
9130
4722
2594
2966
5775
6407
2853
4717
1657
7110
274
1336
946
2741
5696
5795
5194
8597
9667
4885
54
186
4594
5882
3733
587
5622
2874
8935
7957
5660
6844
8689
2806
2598
7203
5484
4164
4537
3133
660
5009
5504
3243
4512
4528
6962
3362
536
6869
8838
4996
4650
5593
195
8169
8326
7609
7064
109
3780
8304
2127
833
6168
7570
8398
6842
3378
6624
8348
9006
8272
353
7252
5968
9735
9423
1489
5766
6217
1615
4052
2974
8417
2274
9914
6077
3486
1373
9370
2777
1267
3314
4578
5579
4103
5590
7301
8953
3746
2290
8797
982
9777
4519
9182
9349
6905
7356
2364
4093
1757
7588
1943
2512
6162
6155
2446
6673
2624
4691
3571
8160
2305
6791
2415
2826
9250
422
160
8130
3542
9186
5362
2608
5139
8082
2670
1748
3480
932
3878
4168
6381
3525
1846
686
7982
1460
6687
2273
3799
3728
2599
6702
4985
8586
8216
2466
7186
778
1015
8626
8901
7290
2935
7360
5342
2345
9662
1853
4279
4883
5326
6061
625
7169
6255
78
7651
3168
1062
3873
6512
6970
8551
9766
6660
9293
707
2260
7111
7838
7188
9868
499
2239
8244
8784
3677
4110
4229
1657
7298
6519
3181
1748
6505
4258
5738
5838
9967
6533
7290
9234
6853
3317
3280
5757
5148
3746
2382
6518
9468
3369
7302
7928
4981
2950
6182
971
5010
5098
9378
1653
5420
2904
1119
2344
906
3925
5197
41
2420
8859
6927
3094
215
4049
1222
9607
4147
8167
7572
7028
5048
6501
5425
5554
2845
5406
7627
5847
7300
9537
6815
2029
4122
8018
7014
2927
3239
2698
3091
4438
8108
1601
1920
7604
8146
9604
5559
6083
6473
7810
906
9849
1469
3103
7625
4590
4149
4936
3537
1571
3629
7935
198
4072
1006
9098
9631
1792
6407
7123
6368
1861
2399
5494
4421
7568
5142
3133
790
8360
3983
799
4000
6963
179
8365
2482
256
550
6238
7716
97
5126
8103
1687
6181
1261
5452
2816
4960
1825
9628
1414
1154
8652
7310
1864
2572
4999
7617
9405
9692
9951
4785
5314
6955
3701
5656
3852
2720
341
9459
551
75
8255
750
4036
5342
4108
7056
2115
7171
9499
2765
7081
8476
3321
5097
2588
9391
5439
2153
5508
8303
4016
8507
4477
9690
4873
8328
6114
7826
4722
1466
687
9753
9393
6407
7921
4526
166
1405
7647
1583
7889
7655
2667
3780
9497
9591
8502
3625
3017
7787
8570
647
1690
377
363
298
5270
7950
1205
6607
4853
2179
9282
5423
557
8368
6952
8320
519
5482
2128
9811
5387
2594
8007
6752
7469
6428
7066
7492
9512
2348
7285
6146
7136
2928
1815
2953
1383
4138
4475
4649
3486
7953
728
7951
696
6624
8093
7370
5517
6599
6217
4901
9124
7515
1057
9294
9917
5176
841
4044
6188
7360
7629
8433
8031
3023
3300
273
1157
5556
5315
3226
9513
3455
3072
4561
624
3823
656
5004
2910
7252
4721
3403
2938
2053
3852
266
2000
754
6792
181
118
5546
3182
9598
4220
627
333
2571
6242
8375
5120
8515
6472
4106
5319
5823
1647
3387
7634
6708
3841
6719
499
3580
426
1194
9559
8127
1125
5313
3951
8925
2821
4586
9680
7419
9148
751
8375
3504
9285
3517
7691
1708
9689
8222
8766
7464
877
778
7887
9709
2804
3736
7143
4205
2242
3837
790
4033
1912
3835
8667
158
847
8863
2776
4161
452
8224
825
924
5738
4136
5489
453
5513
8376
3678
6402
4249
8092
722
6688
7661
5916
3864
8186
5130
8160
6414
8019
4432
1437
7343
4985
7339
5407
4193
2057
7745
8022
3269
5341
3212
7474
3530
3118
4504
6356
5551
8814
3161
7195
9054
3890
5762
696
4438
1027
369
2773
9873
3861
743
5270
4810
233
2402
8049
8368
8673
9831
150
4779
2263
9053
7641
3037
1964
3542
5136
5897
2790
887
1416
476
3044
687
7475
6148
8780
5610
3576
5922
1013
6376
4203
8323
3886
7688
4617
5722
8212
3962
5371
8173
5361
7349
9038
1053
7747
7751
1723
656
3483
9036
9403
8
6519
8126
8578
2062
9486
8481
9509
2503
2956
1713
4042
914
7541
5104
477
5808
4431
6577
3897
2878
578
1306
3820
7449
8571
8346
2459
7486
8708
4946
8674
2189
1787
8657
2696
2671
6199
3345
8606
9343
4545
3103
2158
4198
938
2025
6013
8742
881
8702
8383
4565
599
7450
7296
3780
4462
3925
1478
7589
7600
5537
6469
220
4055
3184
6141
9035
6114
5097
3127
4585
3694
2319
2496
7733
1729
8961
1463
5680
3437
1930
7665
958
5578
5741
4645
1820
785
3070
6178
7224
3208
1666
3994
2089
9148
8864
5077
9670
4360
7920
6802
3515
1779
1555
6613
2745
7904
6918
8817
609
8941
6803
5433
713
9561
1932
6505
379
780
567
1466
9348
7909
9610
6380
6420
2150
9847
1031
9670
3056
2047
4924
9535
3970
6320
2663
8214
5226
1825
3175
3097
1214
9250
9838
7108
4411
3860
5401
1331
3871
3103
1962
2586
7486
1811
1132
4117
8434
6827
1087
8036
9746
8422
1638
1094
3713
5100
4318
8375
6033
8718
2232
4520
9951
2710
1998
2993
9267
4756
600
2529
4683
4774
3805
3939
9789
1410
9202
4582
8009
5082
2117
2717
1002
1473
2167
8085
5669
8685
7267
39
3903
4469
2502
5308
4359
3935
4202
9176
3018
7051
683
2267
8836
3834
4549
9372
6454
3745
2480
6037
3049
4717
1830
2656
2647
697
1934
4047
6982
3483
538
4631
1042
304
4910
9229
9978
3798
8008
3000
2966
5576
2363
8502
8892
1953
7782
2467
5852
8914
5632
2200
479
6104
9861
4755
9809
4071
485
190
1012
9817
6521
6548
8386
843
8805
5051
968
6306
514
7554
8973
1284
5077
708
4914
5729
2468
5592
6678
571
8779
1873
368
1338
1790
9704
5580
6591
4937
8420
8293
4189
5113
3293
3461
9769
7248
2712
7224
7926
6417
9749
1284
9061
6273
8940
9377
4231
3407
3494
1355
6184
2486
2458
8807
5648
5361
2021
2587
1277
941
7254
4240
2571
274
5848
1625
8730
4493
7549
6083
4163
6539
2457
4977
6913
7093
6733
7680
9989
8540
8010
2752
2570
6375
7630
2502
280
246
8465
232
217
4023
774
9409
551
7911
2196
9255
2621
7278
4592
6014
6500
3235
9097
1018
339
9680
9438
127
889
9436
3000
88
4908
9505
4271
2303
7055
4783
6926
5671
3608
482
2204
9472
5440
2116
7942
6769
4797
5808
6715
3999
100
6453
178
9237
736
2564
9126
5635
2940
467
1931
3527
8814
218
6325
8177
5831
2893
5970
3193
2241
5923
7037
6485
1701
6151
9717
6232
3481
8959
8371
2845
1759
7984
651
3384
4463
5504
9300
4448
2914
8545
7554
923
8373
216
7530
8767
3722
1287
283
1992
3308
6606
396
3531
9834
6077
9911
7343
1586
4407
1976
5512
1208
7850
2746
72
449
4269
7535
9887
8745
2
1919
4361
172
8336
4721
7136
1995
4765
2985
1217
3310
142
7701
3098
3445
3119
469
3383
7214
1920
3108
7629
8281
7179
7514
5009
706
3368
2256
9036
244
4357
3774
3266
3885
8289
4195
878
5478
8831
3781
232
1893
2147
5826
9504
6458
9298
7234
8601
5024
1002
7229
9007
7801
5241
1774
1257
2760
5286
7649
5169
362
6215
1338
7949
6269
1197
9405
8142
3827
4283
4776
6111
2815
6304
5161
9433
3319
5230
6347
5220
4856
6034
3060
4307
384
8708
5857
9451
1482
736
8423
5333
4668
2229
9415
4698
1119
1482
1860
4750
6003
2736
1733
679
3254
5819
9439
61
2844
5885
7973
4517
8454
2635
1475
1094
5749
7922
6214
6476
9289
307
4893
3227
2766
1093
4678
3084
7374
6745
871
8540
3816
7399
4170
5427
9207
9417
6855
6265
1994
896
4939
8314
5884
6822
3445
1682
2820
1775
7477
6121
1828
1569
7267
8285
2644
8848
1239
7003
2415
8017
3561
5205
7308
7816
2857
6203
9346
8063
2301
3946
8479
4041
9612
6515
4161
3340
6341
6366
860
6825
800
2614
6564
7927
8507
7652
2701
7596
5590
6549
2264
8608
859
246
1776
2320
7932
4886
7659
2806
6161
5881
8127
5547
1809
4174
7649
9385
7440
507
7405
6138
1155
5776
9951
6424
3665
2533
9108
9408
1142
3462
8891
4655
7182
4588
7196
4235
6633
5579
6403
8240
6707
9852
9638
2847
7700
2911
3979
1138
5035
3790
1755
368
7839
2319
6267
141
8522
428
6789
2860
742
59
6597
6905
9835
4951
6236
6063
5714
2392
9684
6527
8464
5736
4176
4870
7247
194
8455
6164
2119
4574
1186
1366
3970
8818
8688
3796
7090
1488
8462
8466
3478
1641
304
6376
6683
614
3057
3213
5574
7007
786
648
4735
9722
7541
5280
2252
6816
4000
3793
2159
2648
1428
3479
5233
2876
8156
9422
6924
9312
4417
4506
2779
487
5889
4775
1472
8907
8552
2419
3180
2169
1467
4441
2769
3369
8073
9636
8933
9897
5566
2520
8585
1318
7630
2560
5165
3434
7987
9198
4765
3972
1424
7193
655
6425
9951
1397
4256
3899
2230
5015
8587
8015
8249
3421
7463
6759
8339
4951
2054
8005
6231
7122
3014
3840
7818
8770
2747
3840
1744
7600
7163
4344
1295
412
9772
8442
4583
2610
2100
4797
3413
1935
6809
1038
2229
5196
5795
7965
378
8403
120
2802
9745
5039
1994
6482
5491
3724
5956
1474
9598
1438
2307
1374
7179
7168
6720
7448
5502
8703
7419
2663
4984
4150
3146
3902
6863
6364
7020
9296
1727
461
2208
3511
513
3374
6366
8554
2494
9886
3787
5272
3909
6748
7341
112
2470
2409
1505
2743
3768
9766
9720
4186
7068
6860
5893
2427
5111
2357
8429
2652
320
8530
9343
6144
3153
5489
5006
8724
1457
2363
7692
399
2768
8757
610
9313
1336
5154
6807
1492
8303
4905
4443
8278
1802
2332
960
1808
3336
1597
4304
2166
2726
7368
8139
5092
1111
4112
8891
1067
4744
4652
7957
3678
8285
394
1457
786
3670
183
8007
5419
3753
5263
5789
4964
3510
5029
8098
9584
7018
8233
250
5116
4539
3781
7625
8278
3652
3541
9136
8789
4522
4212
1476
5523
7497
766
2421
9259
3946
2264
2403
9566
1758
6946
7449
8666
5070
7884
4547
8446
5595
2209
802
3623
5762
1620
6029
8257
6928
2489
1929
4529
3770
5208
587
3402
7158
4120
5126
4264
9587
6158
4056
2556
7153
9153
3214
3775
9763
2204
5417
2545
9062
3806
1866
5974
7728
1273
5265
6593
9780
8313
6126
2456
988
9255
9280
1807
8113
7808
1571
1660
1497
8107
4774
7777
2806
6311
1593
7728
4635
6825
326
7935
3544
8881
5965
3090
4396
7657
1031
4532
7034
4769
4956
7142
5017
3545
240
1298
450
9630
2457
2871
1241
6563
3388
9353
5504
541
7184
6509
3087
6890
3882
5170
2537
5958
3072
1071
96
95
1034
7170
6070
1798
8386
8171
4968
4650
1991
5153
8858
5458
7350
3058
3252
11
4481
3306
8323
7432
2188
92
6909
9994
8562
16
2982
1026
629
9301
2184
3470
3058
1546
9476
9874
8999
4220
2593
654
9245
6958
4671
4799
1901
6931
8768
688
2924
1950
2166
9070
9448
8530
2968
9217
2842
2948
3666
3635
5940
5651
2050
2260
1967
7182
151
5868
1393
5398
4907
9547
7439
3764
6548
7879
3980
6686
5683
3905
8015
6614
4226
3542
9566
6308
3059
4
3258
2059
7028
4631
9035
9479
4534
8316
3236
9571
4778
5215
6731
4931
1041
3982
4482
7086
223
3687
300
6495
7719
4994
4704
2066
4199
4143
3173
1828
4750
7777
4034
1148
1108
9416
1305
2202
5245
3331
7139
2909
2306
7501
365
7186
8052
4577
9454
7085
8992
6706
375
1104
3670
8155
5091
5522
4307
4399
9147
8121
6829
4678
5827
4280
7893
5833
7620
3529
8371
1672
3290
2284
4928
1710
6617
7555
4274
1802
6326
3559
7413
9515
3661
9516
4035
8125
9205
2744
2671
7993
976
2374
7078
6014
3775
3752
5786
8746
4227
3822
8924
7871
2835
9015
1922
4298
2426
1904
9261
8770
5012
9086
9269
9141
5156
2332
9152
6594
2770
9791
2860
8963
476
3655
1368
7776
6831
5516
8867
5151
5194
7088
7634
6580
7825
6764
4467
9673
4413
9583
6997
4083
6942
9214
1173
2569
3686
891
9366
8789
452
4856
4573
5227
1121
3408
3664
7504
7353
4733
2278
9854
4171
555
4363
4735
6950
8262
449
9809
3947
7129
7643
8874
9174
5471
2316
1862
9720
874
4611
698
5037
9906
4806
5967
3317
4931
3943
441
9459
2211
608
2136
579
6292
3325
7661
3278
4143
1887
4104
3017
9394
8101
5571
5001
47
9695
4847
5428
7460
5400
2221
758
4273
1227
6552
1702
8178
9325
