6087
6972
4247
3416
8016
4894
9463
7384
8181
9292
5874
2864
3809
6437
4023
8307
7525
4903
9441
6418
8586
5006
7376
2768
6387
3745
3184
57
2630
2820
3294
1002
2031
4408
7040
8491
6611
4004
6837
5191
4556
5748
9902
6504
1126
8273
4161
3252
17
5868
8866
1594
3463
2369
1948
1370
5565
9559
3673
3730
7387
1572
3197
1017
9765
9105
342
8448
2772
8008
6096
2431
7073
9677
1586
3551
9394
6411
2145
8413
6711
7788
7650
1008
6125
6953
1999
2669
8998
6818
5840
2368
2802
5743
3396
2077
4096
1564
1972
8196
6349
2077
5054
3866
4598
2023
5705
2026
5376
7724
5269
4487
1357
540
3373
7985
3827
7087
8269
217
7294
9723
8730
2022
7390
6838
7642
7945
3398
5914
8088
4076
9825
5581
5108
6629
2467
5451
6285
3638
5200
9942
4787
3179
8308
4577
7208
7907
4424
2278
396
5909
8596
7067
1693
7184
1337
8289
8705
804
9582
7006
2672
8111
8424
9215
8229
7940
25
533
7076
476
9545
9392
3850
126
5547
8593
6435
5858
3401
5112
910
5037
1313
145
6654
6610
8896
2250
7311
8782
6330
6172
7135
4265
8484
7478
9976
5065
3010
5571
1702
6990
8655
4775
9802
4445
6560
76
847
8140
5815
9701
9959
397
8057
3979
6678
1535
5112
7420
4064
4805
8061
6914
2215
756
5626
7595
6175
4228
4737
2871
1862
4689
7303
687
5482
7839
3126
1761
5982
3924
3787
8772
3664
1557
8247
1274
9841
3711
9736
2129
4283
4420
7389
5140
720
6499
8170
1167
5886
6793
4557
7406
6326
6405
6516
9686
3598
6838
2269
1455
3977
1910
3388
1469
5086
3631
47
9167
4676
4515
8778
6276
7435
8338
5443
4560
6143
691
6882
6282
7042
1850
4929
1673
5459
7872
9418
7937
9073
8621
7187
8771
8595
5136
373
4724
9578
5160
6657
60
684
3359
8175
2034
1841
2398
2691
8326
1582
3704
1149
4641
7886
4801
9817
7224
1381
7793
3587
2111
5624
6735
9568
6914
3261
6319
1743
1910
1016
472
1550
2284
6900
6331
7121
6518
4371
1212
4669
5151
2988
5354
1247
3802
8965
2945
9139
9083
4913
3432
6153
1004
1111
968
6228
3895
1898
7867
5120
6120
4800
1392
6724
9102
9454
7851
1388
8655
8753
7957
4368
6330
1485
4042
7397
1460
7436
4801
305
5844
7970
8547
1057
9772
9168
882
7372
8808
3607
154
5648
5208
926
9487
9100
9394
6745
1849
5554
7226
1253
6181
3364
3759
4840
6133
2801
1616
7281
4489
430
8334
352
1235
4172
8417
9221
5517
222
5287
8476
8788
468
1489
8497
5927
2159
4366
2670
7065
1830
3709
5887
3527
3737
5853
9770
4002
9107
8833
7853
9014
2100
2467
4443
1324
3196
5845
9664
3595
1752
7207
1196
5879
1991
8751
873
3067
4418
2216
1252
6015
7909
7162
1391
4351
6115
370
4959
5397
3218
5566
6961
2231
5509
197
1978
2964
4993
3949
294
1041
9547
9853
4099
6388
3491
3839
5383
8201
5268
9792
9496
3995
4561
6523
6517
6360
3198
7302
5695
4921
5261
6884
1123
235
7089
1355
940
2086
7481
6698
3468
5772
4704
1014
4244
8193
2157
5653
5641
6997
9269
8902
7403
9176
3276
8359
1454
4884
9125
6341
7501
1505
8535
3087
6431
6580
8612
1215
9918
8539
4252
8868
2297
7126
1046
3760
6097
4721
4516
9128
4475
6965
5689
7131
7626
7973
7264
1028
3829
2357
6064
1146
2010
4727
9676
8861
4557
2982
2390
450
8018
553
8638
2694
2910
2716
2249
289
9490
1157
990
6816
8697
9371
7898
8117
6355
4470
452
5250
5378
8508
1753
4742
7891
8052
5182
927
7712
6313
8649
8186
531
4235
3727
6929
8641
6516
3294
5385
4254
6837
9363
8210
4301
9501
6025
4029
5520
9225
7799
279
8986
9480
9444
1936
875
1655
4096
8004
1856
2231
3317
4599
2250
4139
8590
6554
9169
1347
8555
9674
633
9777
2076
8242
5635
8627
9604
500
3306
8730
4350
6475
885
9709
6946
9483
3400
2158
1595
4529
2820
20
5084
2075
85
3310
6162
4902
7991
9911
370
7262
1498
2142
4227
5638
6991
4761
6281
475
5132
9231
6321
4728
7239
4466
3965
752
7266
9178
8308
3631
5384
1070
7584
3739
1474
3689
9230
3937
7946
7868
7342
3605
1630
2095
8484
998
3072
3918
7863
8088
3776
1923
7961
2721
3312
5435
8624
9677
2919
8881
7742
1273
4372
6462
3006
5218
5729
7469
3061
5408
9464
8405
5862
1655
8984
5916
7594
5144
2328
4601
4192
6846
6933
944
8228
6339
8222
8115
4863
5255
5332
7888
716
2578
5638
2553
4290
9233
2261
7368
5539
6816
6172
523
5770
9597
8627
9382
5130
7651
6320
5472
2571
4374
188
7065
7692
7196
1757
921
6623
6906
658
3051
6215
2885
766
3200
3167
8141
3370
1110
2894
903
1847
1923
9682
8297
6301
8708
5414
5489
3646
6909
6644
9860
4164
6418
7771
784
2179
8451
8366
7686
1976
4850
5568
5121
1091
6167
3997
2743
5601
8777
5285
7727
9462
8138
3807
7520
7484
2296
2502
732
2749
1704
5327
823
3607
4649
5283
1446
4146
2956
1180
2091
2079
2444
2523
2590
6463
8682
1690
5268
2535
2713
5335
3963
1636
1448
1249
6248
914
946
7864
685
1922
4586
966
9080
9368
8370
4132
1010
2937
3768
9582
8779
1092
2547
5071
14
3507
3599
9833
773
3501
3298
3232
2433
3722
8993
7459
3518
3641
6207
1266
9113
9059
7787
4139
679
6483
3405
7338
3225
3707
2724
721
8071
9994
855
9584
7180
9765
3993
322
7669
1798
1640
8947
3555
2555
7084
4992
8406
6217
1835
8729
9909
3971
9415
2210
6556
3991
7913
6882
9431
1793
4490
683
3590
9262
5918
2567
7830
9008
3119
6829
8439
412
890
3729
8918
1408
1591
4855
2642
6949
237
7366
9652
8935
5843
7636
4266
3257
8838
1784
4819
6236
889
4044
91
7553
7137
1644
8094
2351
5066
